           Test time,     Standard travel,     Tool separation,      Standard force
                 0.0,                 0.0,  1.633569471695e+01, -8.268787525594e-03
                 0.0,                 0.0,  1.633569830813e+01, -8.173420093954e-03
                 0.0,                 0.0,  1.633569906809e+01, -7.221414707601e-03
                 0.0,                 0.0,  1.633569060423e+01, -7.556005381048e-03
                 0.0,                 0.0,  1.633568972506e+01, -7.627054117620e-03
                 0.0,                 0.0,  1.618492199910e+01, -7.625216152519e-03
  0.000000000000e+00,  0.000000000000e+00,  1.618492193672e+01, -7.662141229957e-03
  8.000001311302e-03, -2.242950722575e-05,  1.618494436623e+01, -7.441618945450e-03
  1.100000739098e-02, -1.282570883632e-05,  1.618493476243e+01, -7.281759288162e-03
  1.299999654293e-02, -6.831716746092e-06,  1.618492876844e+01, -7.279732730240e-03
  1.399999856949e-02, -5.462672561407e-06,  1.618492739940e+01, -7.317641284317e-03
  1.140000075102e-01, -3.016754590135e-06,  1.618492495348e+01, -9.231271222234e-03
  2.145000100136e-01, -1.678589251242e-05,  1.618493872262e+01, -8.714986965060e-03
  3.149999976158e-01, -2.334970486118e-05,  1.618494528643e+01, -8.391636423767e-03
  4.150000065565e-01,  2.830368175637e-04,  1.618463889991e+01, -6.218724418432e-03
  4.820000082254e-01,  1.041284576058e-02,  1.617450909096e+01, -6.207667756826e-03
  5.040000081062e-01,  2.058568969369e-02,  1.616433624703e+01,  1.276282127947e-02
  5.155000090599e-01,  3.100362792611e-02,  1.615391830880e+01,  2.554634958506e-02
  5.235000103712e-01,  4.153982177377e-02,  1.614338211495e+01,  1.692871004343e-02
  5.305000096560e-01,  5.221715942025e-02,  1.613270477730e+01,  1.111511047930e-02
  5.370000004768e-01,  6.280294805765e-02,  1.612211898867e+01,  8.305585943162e-03
  5.429999977350e-01,  7.289282232523e-02,  1.611202911440e+01,  6.277121137828e-03
  5.490000098944e-01,  8.308950811625e-02,  1.610183242861e+01,  5.157805513591e-03
  5.550000071526e-01,  9.312979131937e-02,  1.609179214540e+01,  1.608646824025e-03
  5.614999979734e-01,  1.035324707627e-01,  1.608138946596e+01,  2.463231212460e-04
  5.684999972582e-01,  1.137100830674e-01,  1.607121185366e+01, -1.272880122997e-03
  5.764999985695e-01,  1.241394653916e-01,  1.606078247133e+01,  1.265457924455e-02
  5.844999998808e-01,  1.343323290348e-01,  1.605058960769e+01,  2.200631052256e-02
  5.925000011921e-01,  1.447998583317e-01,  1.604012207839e+01,  2.652672678232e-02
  6.000000089407e-01,  1.549853831530e-01,  1.602993655357e+01,  3.356394544244e-02
  6.070000082254e-01,  1.650790721178e-01,  1.601984286461e+01,  3.517696633935e-02
  6.140000075102e-01,  1.755542308092e-01,  1.600936770592e+01,  2.918788976967e-02
  6.210000067949e-01,  1.857928782701e-01,  1.599912905845e+01,  2.723175473511e-02
  6.284999996424e-01,  1.961612254381e-01,  1.598876071129e+01,  2.775830216706e-02
  6.365000009537e-01,  2.063045054674e-01,  1.597861743126e+01,  2.774961106479e-02
  6.455000042915e-01,  2.164248973131e-01,  1.596849703941e+01,  3.101368062198e-02
  6.564999967813e-01,  2.267322093248e-01,  1.595818972740e+01,  3.286840021610e-02
  6.700000017881e-01,  2.370509654284e-01,  1.594787097130e+01,  5.485250055790e-02
  6.825000047684e-01,  2.474269419909e-01,  1.593749499473e+01,  6.325246393681e-02
  6.930000036955e-01,  2.575111091137e-01,  1.592741082761e+01,  6.244526803493e-02
  7.030000090599e-01,  2.678527534008e-01,  1.591706918332e+01,  6.239872425795e-02
  7.125000059605e-01,  2.779082953930e-01,  1.590701364133e+01,  6.175392121077e-02
  7.224999964237e-01,  2.882957160473e-01,  1.589662622068e+01,  6.084387749434e-02
  7.330000102520e-01,  2.986030280590e-01,  1.588631890867e+01,  6.367342919111e-02
  7.440000027418e-01,  3.087520301342e-01,  1.587616990659e+01,  7.107871025801e-02
  7.555000036955e-01,  3.191222846508e-01,  1.586579965207e+01,  7.759135216475e-02
  7.664999961853e-01,  3.293475806713e-01,  1.585557435605e+01,  8.363097161055e-02
  7.770000100136e-01,  3.397731482983e-01,  1.584514878843e+01,  8.766024559736e-02
  7.865000069141e-01,  3.497829139233e-01,  1.583513902280e+01,  9.140532463789e-02
  7.955000102520e-01,  3.598155677319e-01,  1.582510636899e+01,  9.317033737898e-02
  8.044999986887e-01,  3.701419532299e-01,  1.581477998349e+01,  9.381427615881e-02
  8.135000020266e-01,  3.803157508373e-01,  1.580460618589e+01,  9.400609880686e-02
  8.229999989271e-01,  3.904933631420e-01,  1.579442857358e+01,  9.736350923777e-02
  8.330000042915e-01,  4.005908668041e-01,  1.578433106992e+01,  1.016912832856e-01
  8.435000032187e-01,  4.106464087963e-01,  1.577427552793e+01,  1.068354025483e-01
  8.544999957085e-01,  4.209368526936e-01,  1.576398508403e+01,  1.135584041476e-01
  8.650000095367e-01,  4.310705959797e-01,  1.575385134074e+01,  1.190467998385e-01
  8.750000000000e-01,  4.411528408527e-01,  1.574376909587e+01,  1.213814541698e-01
  8.850000053644e-01,  4.514334499836e-01,  1.573348848674e+01,  1.243869587779e-01
  8.949999958277e-01,  4.616720974445e-01,  1.572324983928e+01,  1.276742815971e-01
  9.050000011921e-01,  4.717009365559e-01,  1.571322100017e+01,  1.313135027885e-01
  9.155000001192e-01,  4.819968044758e-01,  1.570292513225e+01,  1.354495882988e-01
  9.259999990463e-01,  4.922259151936e-01,  1.569269602153e+01,  1.413595080376e-01
  9.364999979734e-01,  5.026628971100e-01,  1.568225903961e+01,  1.446928381920e-01
  9.465000033379e-01,  5.127413272858e-01,  1.567218060944e+01,  1.473166346550e-01
  9.565000087023e-01,  5.228502750397e-01,  1.566207166168e+01,  1.512276530266e-01
  9.664999991655e-01,  5.329134464264e-01,  1.565200849030e+01,  1.562687754631e-01
  9.765000045300e-01,  5.429613590240e-01,  1.564196057770e+01,  1.594340205193e-01
  9.870000034571e-01,  5.534594058990e-01,  1.563146253083e+01,  1.641270518303e-01
  9.970000088215e-01,  5.634806156158e-01,  1.562144132111e+01,  1.684700846672e-01
  1.007500007749e+00,  5.739786624908e-01,  1.561094327423e+01,  1.720370650291e-01
  1.017499998212e+00,  5.839846134186e-01,  1.560093732331e+01,  1.771554350853e-01
  1.027500003576e+00,  5.939943790436e-01,  1.559092755768e+01,  1.819695830345e-01
  1.038000002503e+00,  6.044886112213e-01,  1.558043332550e+01,  1.872109770775e-01
  1.048500001431e+00,  6.149103641510e-01,  1.557001157257e+01,  1.933068633080e-01
  1.059000000358e+00,  6.253817081451e-01,  1.555954022858e+01,  1.982840895653e-01
  1.069499999285e+00,  6.358606815338e-01,  1.554906125519e+01,  2.024278044701e-01
  1.079999998212e+00,  6.463282108307e-01,  1.553859372589e+01,  2.070178389549e-01
  1.090499997139e+00,  6.567881107330e-01,  1.552813382599e+01,  2.134656310081e-01
  1.100500002503e+00,  6.669038534164e-01,  1.551801808331e+01,  2.180699110031e-01
  1.110500007868e+00,  6.771425008774e-01,  1.550777943585e+01,  2.231634855270e-01
  1.120499998331e+00,  6.874574422836e-01,  1.549746449444e+01,  2.267082929611e-01
  1.130500003695e+00,  6.976770162582e-01,  1.548724492047e+01,  2.307418584824e-01
  1.141000002623e+00,  7.081369161606e-01,  1.547678502056e+01,  2.347806692123e-01
  1.151500001550e+00,  7.183336019516e-01,  1.546658833477e+01,  2.405246496201e-01
  1.162000000477e+00,  7.284158468246e-01,  1.545650608990e+01,  2.453721761703e-01
  1.172499999404e+00,  7.386144399643e-01,  1.544630749676e+01,  2.523607015610e-01
  1.182500004768e+00,  7.487119436264e-01,  1.543620999310e+01,  2.575992345810e-01
  1.192500010133e+00,  7.590802907944e-01,  1.542584164593e+01,  2.595123052597e-01
  1.202500000596e+00,  7.693837881088e-01,  1.541553814862e+01,  2.630313634872e-01
  1.212500005960e+00,  7.794584035873e-01,  1.540546353314e+01,  2.670787572861e-01
  1.223000004888e+00,  7.896493673325e-01,  1.539527256939e+01,  2.717212438583e-01
  1.233999997377e+00,  8.001054525375e-01,  1.538481648419e+01,  2.790960073471e-01
  1.244499996305e+00,  8.102773427963e-01,  1.537464459393e+01,  2.858985662460e-01
  1.254500001669e+00,  8.203061819077e-01,  1.536461575482e+01,  2.907823324203e-01
  1.264500007033e+00,  8.305791616440e-01,  1.535434277508e+01,  2.947973012924e-01
  1.274499997497e+00,  8.409131765366e-01,  1.534400876019e+01,  2.989248037338e-01
  1.284500002861e+00,  8.510030508041e-01,  1.533391888592e+01,  3.036226034164e-01
  1.295000001788e+00,  8.613218069077e-01,  1.532360012982e+01,  3.109296560287e-01
  1.305500000715e+00,  8.715165853500e-01,  1.531340535137e+01,  3.178914785385e-01
  1.315999999642e+00,  8.818658590317e-01,  1.530305607769e+01,  3.242257833481e-01
  1.326000005007e+00,  8.918756246567e-01,  1.529304631207e+01,  3.287395238876e-01
  1.336000010371e+00,  9.020417928696e-01,  1.528288014385e+01,  3.323792219162e-01
  1.346000000834e+00,  9.122270345688e-01,  1.527269490216e+01,  3.363255262375e-01
  1.356000006199e+00,  9.224076271057e-01,  1.526251430962e+01,  3.406664729118e-01
  1.365999996662e+00,  9.324707984924e-01,  1.525245113823e+01,  3.460327982903e-01
  1.376499995589e+00,  9.429574012756e-01,  1.524196453545e+01,  3.525330424309e-01
  1.387000009418e+00,  9.533791542053e-01,  1.523154278252e+01,  3.573786616325e-01
  1.397500008345e+00,  9.635682106018e-01,  1.522135372612e+01,  3.608881831169e-01
  1.409000009298e+00,  9.739136695862e-01,  1.521100826714e+01,  3.635603785515e-01
  1.422000005841e+00,  9.839615821838e-01,  1.520096035454e+01,  3.655605316162e-01
  1.440500006080e+00,  9.940333366394e-01,  1.519088860008e+01,  3.701258301735e-01
  1.450000002980e+00,  9.972462654114e-01,  1.518767567131e+01,  3.730793595314e-01
  1.550500005484e+00,  1.003649592400e+00,  1.518127234432e+01,  3.742834627628e-01
  1.651000007987e+00,  1.002963542938e+00,  1.518195839379e+01,  3.690648376942e-01
  1.751499995589e+00,  1.002101182938e+00,  1.518282075379e+01,  3.660010695457e-01
  1.851500004530e+00,  1.001360893250e+00,  1.518356104347e+01,  3.608123660088e-01
  1.952000007033e+00,  1.000923275948e+00,  1.518399866078e+01,  3.587357401848e-01
  2.052500009537e+00,  1.000546932220e+00,  1.518437500450e+01,  3.570154905319e-01
  2.152999997139e+00,  1.000324130058e+00,  1.518459780667e+01,  3.556335568428e-01
  2.253000006080e+00,  1.000169634819e+00,  1.518475230191e+01,  3.531822562218e-01
  2.353500008583e+00,  1.000117182732e+00,  1.518480475399e+01,  3.510596454144e-01
  2.453999996185e+00,  1.000068187714e+00,  1.518485374901e+01,  3.519541025162e-01
  2.554000005126e+00,  1.000019788742e+00,  1.518490214798e+01,  3.490569591522e-01
  2.654500007629e+00,  1.000019550323e+00,  1.518490238640e+01,  3.497215807438e-01
  2.755000010133e+00,  9.999984502792e-01,  1.518492348645e+01,  3.455615043640e-01
  2.855499997735e+00,  1.000000476837e+00,  1.518492145989e+01,  3.451668322086e-01
  2.955500006676e+00,  9.999880194664e-01,  1.518493391726e+01,  3.436767756939e-01
  3.056000009179e+00,  1.000005006790e+00,  1.518491692993e+01,  3.414879739285e-01
  3.156499996781e+00,  9.999892711639e-01,  1.518493266556e+01,  3.421849906445e-01
  3.256500005722e+00,  1.000024914742e+00,  1.518489702198e+01,  3.418462872505e-01
  3.357000008225e+00,  9.999915957451e-01,  1.518493034098e+01,  3.424706459045e-01
  3.457499995828e+00,  1.000007629395e+00,  1.518491430733e+01,  3.395432531834e-01
  3.557500004768e+00,  1.000024080276e+00,  1.518489785645e+01,  3.386378586292e-01
  3.658000007272e+00,  1.000021696091e+00,  1.518490024063e+01,  3.382664322853e-01
  3.758500009775e+00,  9.999929070473e-01,  1.518492902968e+01,  3.393552899361e-01
  3.858999997377e+00,  1.000020861626e+00,  1.518490107510e+01,  3.377115130424e-01
  3.959000006318e+00,  1.000036120415e+00,  1.518488581631e+01,  3.344078660011e-01
  4.059500008821e+00,  1.000021815300e+00,  1.518490012142e+01,  3.378619849682e-01
  4.159999996424e+00,  1.000042319298e+00,  1.518487961743e+01,  3.352628350258e-01
  4.260000005364e+00,  1.000008463860e+00,  1.518491347286e+01,  3.352857530117e-01
  4.360500007868e+00,  9.999889135361e-01,  1.518493302319e+01,  3.324972391129e-01
  4.461000010371e+00,  1.000033378601e+00,  1.518488855812e+01,  3.317956924438e-01
  4.561499997973e+00,  9.999839663506e-01,  1.518493797037e+01,  3.343598842621e-01
  4.661500006914e+00,  1.000012516975e+00,  1.518490941975e+01,  3.321556746960e-01
  4.762000009418e+00,  9.999721646309e-01,  1.518494977209e+01,  3.327594101429e-01
  4.862499997020e+00,  1.000021338463e+00,  1.518490059826e+01,  3.301948308945e-01
  4.962500005960e+00,  1.000035166740e+00,  1.518488676998e+01,  3.328211009502e-01
  5.063000008464e+00,  9.999989867210e-01,  1.518492295000e+01,  3.293190598488e-01
  5.163499996066e+00,  1.000010251999e+00,  1.518491168473e+01,  3.317636251450e-01
  5.263500005007e+00,  1.000040173531e+00,  1.518488176319e+01,  3.296375572681e-01
  5.364000007510e+00,  1.000003337860e+00,  1.518491859886e+01,  3.299845457077e-01
  5.464500010014e+00,  1.000022649765e+00,  1.518489928696e+01,  3.270498514175e-01
  5.564999997616e+00,  1.000015497208e+00,  1.518490643952e+01,  3.305344581604e-01
  5.665000006557e+00,  9.999918937683e-01,  1.518493004296e+01,  3.284459710121e-01
  5.765500009060e+00,  1.000010490417e+00,  1.518491144631e+01,  3.266333043575e-01
  5.865999996662e+00,  1.000040531158e+00,  1.518488140557e+01,  3.256785869598e-01
  5.966000005603e+00,  1.000009298325e+00,  1.518491263840e+01,  3.252645432949e-01
  6.065999999642e+00,  9.999990463257e-01,  1.518492289040e+01,  3.255109190941e-01
  6.166000008583e+00,  1.000019788742e+00,  1.518490214798e+01,  3.245740830898e-01
  6.266000002623e+00,  1.000000357628e+00,  1.518492157910e+01,  3.262791633606e-01
  6.365999996662e+00,  1.000011920929e+00,  1.518491001580e+01,  3.254290521145e-01
  6.466000005603e+00,  1.000035881996e+00,  1.518488605473e+01,  3.238608539104e-01
  6.565999999642e+00,  1.000014066696e+00,  1.518490787003e+01,  3.234173059464e-01
  6.666000008583e+00,  1.000019073486e+00,  1.518490286324e+01,  3.225763440132e-01
  6.766000002623e+00,  1.000009655952e+00,  1.518491228077e+01,  3.243061304092e-01
  6.865999996662e+00,  1.000008940697e+00,  1.518491299603e+01,  3.191225528717e-01
  6.966000005603e+00,  1.000010251999e+00,  1.518491168473e+01,  3.196531236172e-01
  7.065999999642e+00,  1.000035047531e+00,  1.518488688919e+01,  3.204317092896e-01
  7.166000008583e+00,  1.000023603439e+00,  1.518489833328e+01,  3.204000890255e-01
  7.266000002623e+00,  9.999901056290e-01,  1.518493183110e+01,  3.200236260891e-01
  7.365999996662e+00,  9.999850988388e-01,  1.518493683789e+01,  3.198869526386e-01
  7.466000005603e+00,  1.000042557716e+00,  1.518487937901e+01,  3.224087953568e-01
  7.565999999642e+00,  1.000036358833e+00,  1.518488557789e+01,  3.214670717716e-01
  7.666000008583e+00,  1.000018000603e+00,  1.518490393612e+01,  3.216783404350e-01
  7.766000002623e+00,  1.000000596046e+00,  1.518492134068e+01,  3.205616772175e-01
  7.865999996662e+00,  1.000005960464e+00,  1.518491597626e+01,  3.199909031391e-01
  7.966000005603e+00,  1.000033497810e+00,  1.518488843891e+01,  3.188290894032e-01
  8.065999999642e+00,  9.999942779541e-01,  1.518492765877e+01,  3.161750435829e-01
  8.166000008583e+00,  1.000009775162e+00,  1.518491216156e+01,  3.180235326290e-01
  8.266000002623e+00,  1.000012636185e+00,  1.518490930054e+01,  3.177671730518e-01
  8.365999996662e+00,  9.999739527702e-01,  1.518494798395e+01,  3.185370564461e-01
  8.466000005603e+00,  1.000008463860e+00,  1.518491347286e+01,  3.206078410149e-01
  8.565999999642e+00,  9.999945163727e-01,  1.518492742035e+01,  3.164947330952e-01
  8.666000008583e+00,  1.000001549721e+00,  1.518492038700e+01,  3.169563412666e-01
  8.766000002623e+00,  1.000020623207e+00,  1.518490131352e+01,  3.170945346355e-01
  8.865999996662e+00,  9.999884366989e-01,  1.518493350003e+01,  3.187817037106e-01
  8.966000005603e+00,  1.000013351440e+00,  1.518490858528e+01,  3.147524297237e-01
  9.065999999642e+00,  1.000007033348e+00,  1.518491490338e+01,  3.178845345974e-01
  9.166000008583e+00,  1.000001549721e+00,  1.518492038700e+01,  3.150814473629e-01
  9.266000002623e+00,  9.999986886978e-01,  1.518492324803e+01,  3.160969316959e-01
  9.365999996662e+00,  1.000019788742e+00,  1.518490214798e+01,  3.150374591351e-01
  9.466000005603e+00,  9.999845027924e-01,  1.518493743393e+01,  3.129750192165e-01
  9.565999999642e+00,  9.999848604202e-01,  1.518493707630e+01,  3.130728006363e-01
  9.666000008583e+00,  1.000029683113e+00,  1.518489225361e+01,  3.144594430923e-01
  9.766000002623e+00,  1.000023841858e+00,  1.518489809487e+01,  3.141040802002e-01
  9.866000011563e+00,  9.999971389771e-01,  1.518492479775e+01,  3.141999542713e-01
  9.966000005603e+00,  1.000012874603e+00,  1.518490906212e+01,  3.148801326752e-01
  1.006599999964e+01,  9.999879002571e-01,  1.518493403647e+01,  3.130214214325e-01
  1.016600000858e+01,  9.999967217445e-01,  1.518492521498e+01,  3.127396404743e-01
  1.026600000262e+01,  1.000025868416e+00,  1.518489606831e+01,  3.123216331005e-01
  1.036599999666e+01,  1.000040292740e+00,  1.518488164398e+01,  3.121474683285e-01
  1.046600000560e+01,  1.000029087067e+00,  1.518489284966e+01,  3.117333352566e-01
  1.056599999964e+01,  1.000000476837e+00,  1.518492145989e+01,  3.107565343380e-01
  1.066600000858e+01,  9.999778866768e-01,  1.518494405005e+01,  3.115166127682e-01
  1.076600000262e+01,  1.000022172928e+00,  1.518489976380e+01,  3.101696074009e-01
  1.086599999666e+01,  1.000001311302e+00,  1.518492062542e+01,  3.126737177372e-01
  1.096600000560e+01,  1.000026702881e+00,  1.518489523384e+01,  3.107173740864e-01
  1.106599999964e+01,  1.000005841255e+00,  1.518491609547e+01,  3.102445602417e-01
  1.116600000858e+01,  1.000008106232e+00,  1.518491383049e+01,  3.113260865211e-01
  1.126600000262e+01,  1.000002622604e+00,  1.518491931412e+01,  3.099067211151e-01
  1.136599999666e+01,  1.000007867813e+00,  1.518491406891e+01,  3.096562325954e-01
  1.146600000560e+01,  1.000026702881e+00,  1.518489523384e+01,  3.084307610989e-01
  1.156599999964e+01,  9.999857544899e-01,  1.518493618223e+01,  3.081089258194e-01
  1.166600000858e+01,  1.000016212463e+00,  1.518490572426e+01,  3.087389469147e-01
  1.176600000262e+01,  9.999883174896e-01,  1.518493361923e+01,  3.068731725216e-01
  1.186599999666e+01,  1.000010013580e+00,  1.518491192314e+01,  3.064976632595e-01
  1.196600000560e+01,  1.000012159348e+00,  1.518490977738e+01,  3.077804744244e-01
  1.206599999964e+01,  1.000015139580e+00,  1.518490679714e+01,  3.088974654675e-01
  1.216600000858e+01,  1.000005602837e+00,  1.518491633389e+01,  3.070669472218e-01
  1.226600000262e+01,  1.000044345856e+00,  1.518487759087e+01,  3.077362775803e-01
  1.236599999666e+01,  1.000011682510e+00,  1.518491025421e+01,  3.084363043308e-01
  1.246600000560e+01,  1.000012159348e+00,  1.518490977738e+01,  3.085207641125e-01
  1.256599999964e+01,  1.000008583069e+00,  1.518491335366e+01,  3.075760006905e-01
  1.266600000858e+01,  1.000008583069e+00,  1.518491335366e+01,  3.077538609505e-01
  1.276600000262e+01,  1.000009655952e+00,  1.518491228077e+01,  3.068580627441e-01
  1.286599999666e+01,  9.999931454659e-01,  1.518492879126e+01,  3.071179389954e-01
  1.296600000560e+01,  1.000014781952e+00,  1.518490715477e+01,  3.061329424381e-01
  1.306599999964e+01,  1.000009059906e+00,  1.518491287682e+01,  3.073225915432e-01
  1.316600000858e+01,  9.999628067017e-01,  1.518495913002e+01,  3.065269887447e-01
  1.326600000262e+01,  1.000007748604e+00,  1.518491418812e+01,  3.080374896526e-01
  1.336599999666e+01,  9.999972581863e-01,  1.518492467854e+01,  3.047705590725e-01
  1.346600000560e+01,  1.000005960464e+00,  1.518491597626e+01,  3.072505295277e-01
  1.356599999964e+01,  9.999840259552e-01,  1.518493791077e+01,  3.062191903591e-01
  1.366600000858e+01,  1.000014066696e+00,  1.518490787003e+01,  3.062697350979e-01
  1.376600000262e+01,  1.000033020973e+00,  1.518488891575e+01,  3.042026460171e-01
  1.386599999666e+01,  9.999959468842e-01,  1.518492598984e+01,  3.046532273293e-01
  1.396600000560e+01,  1.000006675720e+00,  1.518491526100e+01,  3.060368895531e-01
  1.406599999964e+01,  9.999815821648e-01,  1.518494035456e+01,  3.044641613960e-01
  1.416600000858e+01,  1.000005364418e+00,  1.518491657231e+01,  3.015989363194e-01
  1.426600000262e+01,  9.999949932098e-01,  1.518492694351e+01,  3.053743243217e-01
  1.436599999666e+01,  1.000034809113e+00,  1.518488712761e+01,  3.054725527763e-01
  1.446600000560e+01,  1.000024557114e+00,  1.518489737961e+01,  3.050356805325e-01
  1.456599999964e+01,  9.999912977219e-01,  1.518493063900e+01,  3.017005622387e-01
  1.466600000858e+01,  1.000018119812e+00,  1.518490381691e+01,  3.029852211475e-01
  1.476600000262e+01,  9.999766945839e-01,  1.518494524214e+01,  3.032182753086e-01
  1.486599999666e+01,  1.000010013580e+00,  1.518491192314e+01,  3.035545349121e-01
  1.496600000560e+01,  1.000004291534e+00,  1.518491764519e+01,  3.006315529346e-01
  1.506599999964e+01,  1.000020146370e+00,  1.518490179035e+01,  3.022678494453e-01
  1.516600000858e+01,  1.000042319298e+00,  1.518487961743e+01,  3.029418885708e-01
  1.526600000262e+01,  1.000008225441e+00,  1.518491371128e+01,  3.012901544571e-01
  1.536599999666e+01,  1.000033259392e+00,  1.518488867733e+01,  3.029021620750e-01
  1.546600000560e+01,  1.000011086464e+00,  1.518491085026e+01,  3.012613356113e-01
  1.556599999964e+01,  9.999800324440e-01,  1.518494190428e+01,  2.994000613689e-01
  1.566600000858e+01,  1.000006079674e+00,  1.518491585705e+01,  2.999614179134e-01
  1.576600000262e+01,  1.000035524368e+00,  1.518488641236e+01,  3.008148074150e-01
  1.586599999666e+01,  1.000004410744e+00,  1.518491752598e+01,  3.016638457775e-01
  1.596600000560e+01,  1.000003099442e+00,  1.518491883728e+01,  3.019672632217e-01
  1.606599999964e+01,  1.000020742416e+00,  1.518490119431e+01,  3.034726083279e-01
  1.616600000858e+01,  1.000013113022e+00,  1.518490882370e+01,  2.998224198818e-01
  1.626600000262e+01,  1.000004887581e+00,  1.518491704914e+01,  3.030711710453e-01
  1.636599999666e+01,  9.999948740005e-01,  1.518492706272e+01,  3.022257983685e-01
  1.646600000560e+01,  9.999827146530e-01,  1.518493922207e+01,  2.996507883072e-01
  1.656599999964e+01,  1.000000953674e+00,  1.518492098305e+01,  3.007733225822e-01
  1.666600000858e+01,  9.999966621399e-01,  1.518492527458e+01,  2.980199754238e-01
  1.676600000262e+01,  1.000006914139e+00,  1.518491502259e+01,  3.004221022129e-01
  1.686599999666e+01,  9.999961853027e-01,  1.518492575142e+01,  2.993940412998e-01
  1.696600000560e+01,  9.999725222588e-01,  1.518494941447e+01,  2.984996140003e-01
  1.706599999964e+01,  9.999954700470e-01,  1.518492646668e+01,  2.989991009235e-01
  1.716600000858e+01,  1.000004410744e+00,  1.518491752598e+01,  2.984952926636e-01
  1.726600000262e+01,  9.999725222588e-01,  1.518494941447e+01,  3.023423552513e-01
  1.736599999666e+01,  9.999817013741e-01,  1.518494023535e+01,  2.988552749157e-01
  1.746600000560e+01,  1.000005125999e+00,  1.518491681072e+01,  3.012213408947e-01
  1.756599999964e+01,  9.999905824661e-01,  1.518493135426e+01,  2.986948490143e-01
  1.766600000858e+01,  1.000017642975e+00,  1.518490429375e+01,  2.991597056389e-01
  1.776600000262e+01,  1.000003457069e+00,  1.518491847965e+01,  3.018115758896e-01
  1.786599999666e+01,  9.999977946281e-01,  1.518492414210e+01,  3.000048696995e-01
  1.796600000560e+01,  1.000010013580e+00,  1.518491192314e+01,  3.005153834820e-01
  1.806599999964e+01,  1.000022292137e+00,  1.518489964459e+01,  2.992695868015e-01
  1.816600000858e+01,  1.000035285950e+00,  1.518488665077e+01,  3.025152981281e-01
  1.826600000262e+01,  9.999766349792e-01,  1.518494530175e+01,  2.969766259193e-01
  1.836599999666e+01,  9.999980926514e-01,  1.518492384407e+01,  2.972222566605e-01
  1.846600000560e+01,  1.000005483627e+00,  1.518491645310e+01,  3.001815676689e-01
  1.856599999964e+01,  9.999958276749e-01,  1.518492610905e+01,  2.979413866997e-01
  1.866600000858e+01,  9.999912381172e-01,  1.518493069861e+01,  2.989874184132e-01
  1.876600000262e+01,  1.000012636185e+00,  1.518490930054e+01,  2.984665334225e-01
  1.886599999666e+01,  1.000006318092e+00,  1.518491561863e+01,  2.977092266083e-01
  1.896600000560e+01,  1.000016331673e+00,  1.518490560505e+01,  2.964624762535e-01
  1.906599999964e+01,  1.000010728836e+00,  1.518491120789e+01,  2.998622655869e-01
  1.916600000858e+01,  1.000011563301e+00,  1.518491037342e+01,  2.973625957966e-01
  1.926600000262e+01,  1.000016212463e+00,  1.518490572426e+01,  2.968659996986e-01
  1.936599999666e+01,  9.999551773071e-01,  1.518496675942e+01,  2.969922721386e-01
  1.946600000560e+01,  1.000021100044e+00,  1.518490083668e+01,  2.973304688931e-01
  1.956599999964e+01,  1.000037908554e+00,  1.518488402817e+01,  2.982230484486e-01
  1.966600000858e+01,  1.000001788139e+00,  1.518492014858e+01,  2.964676022530e-01
  1.976600000262e+01,  9.999799132347e-01,  1.518494202349e+01,  2.982429265976e-01
  1.986599999666e+01,  9.999871253967e-01,  1.518493481133e+01,  2.962191998959e-01
  1.996600000560e+01,  9.999922513962e-01,  1.518492968533e+01,  2.951844930649e-01
  2.006599999964e+01,  9.999834895134e-01,  1.518493844721e+01,  2.970935106277e-01
  2.016600000858e+01,  1.000006914139e+00,  1.518491502259e+01,  2.985819578171e-01
  2.026600000262e+01,  1.000008106232e+00,  1.518491383049e+01,  2.973131537437e-01
  2.036599999666e+01,  1.000005602837e+00,  1.518491633389e+01,  2.962138354778e-01
  2.046600000560e+01,  9.999940991402e-01,  1.518492783758e+01,  2.973275482655e-01
  2.056599999964e+01,  9.999759793282e-01,  1.518494595740e+01,  2.971150279045e-01
  2.066600000858e+01,  1.000010132790e+00,  1.518491180393e+01,  2.941096723080e-01
  2.076600000262e+01,  9.999899268150e-01,  1.518493200991e+01,  2.957801818848e-01
  2.086599999666e+01,  9.999940395355e-01,  1.518492789719e+01,  2.959105372429e-01
  2.096600000560e+01,  9.999956488609e-01,  1.518492628786e+01,  2.965920865536e-01
  2.106599999964e+01,  9.999911785126e-01,  1.518493075821e+01,  2.929609119892e-01
  2.116600000858e+01,  1.000004887581e+00,  1.518491704914e+01,  2.968089282513e-01
  2.126600000262e+01,  1.000004291534e+00,  1.518491764519e+01,  2.965011000633e-01
  2.136599999666e+01,  9.999861717224e-01,  1.518493576500e+01,  2.974466979504e-01
  2.146600000560e+01,  1.000013113022e+00,  1.518490882370e+01,  2.921605408192e-01
  2.156599999964e+01,  1.000003099442e+00,  1.518491883728e+01,  2.947869896889e-01
  2.166600000858e+01,  1.000027775764e+00,  1.518489416096e+01,  2.962384223938e-01
  2.176600000262e+01,  1.000034928322e+00,  1.518488700840e+01,  2.948661744595e-01
  2.186599999666e+01,  9.999862909317e-01,  1.518493564579e+01,  2.969114184380e-01
  2.196600000560e+01,  1.000035643578e+00,  1.518488629315e+01,  2.956056296825e-01
  2.206599999964e+01,  1.000028848648e+00,  1.518489308808e+01,  2.946669161320e-01
  2.216600000858e+01,  1.000013351440e+00,  1.518490858528e+01,  2.956005036831e-01
  2.226600000262e+01,  1.000015616417e+00,  1.518490632031e+01,  2.962224781513e-01
  2.236599999666e+01,  9.999799728394e-01,  1.518494196388e+01,  2.980535924435e-01
  2.246600000560e+01,  1.000006079674e+00,  1.518491585705e+01,  2.953076958656e-01
  2.256599999964e+01,  1.000009655952e+00,  1.518491228077e+01,  2.964246273041e-01
  2.266600000858e+01,  1.000025987625e+00,  1.518489594910e+01,  2.937658131123e-01
  2.276600000262e+01,  9.999861121178e-01,  1.518493582461e+01,  2.935690879822e-01
  2.286599999666e+01,  9.999762177467e-01,  1.518494571898e+01,  2.942349910736e-01
  2.296600000560e+01,  1.000011563301e+00,  1.518491037342e+01,  2.959231436253e-01
  2.306599999964e+01,  9.999981522560e-01,  1.518492378447e+01,  2.941119372845e-01
  2.316600000858e+01,  1.000018000603e+00,  1.518490393612e+01,  2.921110391617e-01
  2.326600000262e+01,  1.000003814697e+00,  1.518491812203e+01,  2.938114702702e-01
  2.336599999666e+01,  1.000006556511e+00,  1.518491538021e+01,  2.936499714851e-01
  2.346600000560e+01,  9.999976754189e-01,  1.518492426131e+01,  2.935776412487e-01
  2.356599999964e+01,  1.000027060509e+00,  1.518489487622e+01,  2.954254746437e-01
  2.366600000858e+01,  9.999697208405e-01,  1.518495221588e+01,  2.937896847725e-01
  2.376600000262e+01,  9.999755620956e-01,  1.518494637463e+01,  2.928676009178e-01
  2.386599999666e+01,  1.000013589859e+00,  1.518490834687e+01,  2.939760088921e-01
  2.396600000560e+01,  1.000019669533e+00,  1.518490226719e+01,  2.915896475315e-01
  2.406599999964e+01,  1.000000715256e+00,  1.518492122147e+01,  2.937468290329e-01
  2.416600000858e+01,  9.999677538872e-01,  1.518495418284e+01,  2.910049557686e-01
  2.426600000262e+01,  9.999939203262e-01,  1.518492801640e+01,  2.924450337887e-01
  2.436599999666e+01,  9.999781250954e-01,  1.518494381163e+01,  2.924925684929e-01
  2.446600000560e+01,  1.000002145767e+00,  1.518491979096e+01,  2.921997904778e-01
  2.456599999964e+01,  9.999820590019e-01,  1.518493987772e+01,  2.922602891922e-01
  2.466600000858e+01,  9.999504685402e-01,  1.518497146818e+01,  2.939316630363e-01
  2.476600000262e+01,  9.999799132347e-01,  1.518494202349e+01,  2.919702827930e-01
  2.486599999666e+01,  1.000017046928e+00,  1.518490488980e+01,  2.929493188858e-01
  2.496600000560e+01,  9.999968409538e-01,  1.518492509577e+01,  2.929743230343e-01
  2.506599999964e+01,  1.000007152557e+00,  1.518491478417e+01,  2.935350537300e-01
  2.516600000858e+01,  1.000002026558e+00,  1.518491991017e+01,  2.934716641903e-01
  2.526600000262e+01,  1.000018119812e+00,  1.518490381691e+01,  2.911757826805e-01
  2.536599999666e+01,  9.999850988388e-01,  1.518493683789e+01,  2.924442291260e-01
  2.546600000560e+01,  9.999998211861e-01,  1.518492211554e+01,  2.904022932053e-01
  2.556599999964e+01,  9.999868869781e-01,  1.518493504975e+01,  2.915970385075e-01
  2.566600000858e+01,  1.000022292137e+00,  1.518489964459e+01,  2.926138043404e-01
  2.576600000262e+01,  1.000010013580e+00,  1.518491192314e+01,  2.886862754822e-01
  2.586599999666e+01,  9.999856352806e-01,  1.518493630144e+01,  2.905242145061e-01
  2.596600000560e+01,  1.000016689301e+00,  1.518490524742e+01,  2.885434627533e-01
  2.606599999964e+01,  1.000016450882e+00,  1.518490548584e+01,  2.902640700340e-01
  2.616600000858e+01,  9.999967813492e-01,  1.518492515538e+01,  2.900165617466e-01
  2.626600000262e+01,  1.000008106232e+00,  1.518491383049e+01,  2.903230786324e-01
  2.636599999666e+01,  9.999899268150e-01,  1.518493200991e+01,  2.894495427608e-01
  2.646600000560e+01,  1.000000834465e+00,  1.518492110226e+01,  2.913913726807e-01
  2.656599999964e+01,  1.000004053116e+00,  1.518491788361e+01,  2.905699014664e-01
  2.666600000858e+01,  9.999786615372e-01,  1.518494327519e+01,  2.883566915989e-01
  2.676600000262e+01,  1.000006675720e+00,  1.518491526100e+01,  2.909810841084e-01
  2.686599999666e+01,  1.000003218651e+00,  1.518491871807e+01,  2.887272536755e-01
  2.696600000560e+01,  1.000031828880e+00,  1.518489010784e+01,  2.916656732559e-01
  2.706599999964e+01,  1.000012159348e+00,  1.518490977738e+01,  2.884897291660e-01
  2.716600000858e+01,  9.999881386757e-01,  1.518493379805e+01,  2.892266511917e-01
  2.726600000262e+01,  9.999917745590e-01,  1.518493016217e+01,  2.895944714546e-01
  2.736599999666e+01,  9.999834299088e-01,  1.518493850682e+01,  2.883844375610e-01
  2.746600000560e+01,  9.999879598618e-01,  1.518493397686e+01,  2.873642444611e-01
  2.756599999964e+01,  1.000001192093e+00,  1.518492074463e+01,  2.904614806175e-01
  2.766600000858e+01,  9.999887943268e-01,  1.518493314240e+01,  2.888041734695e-01
  2.776600000262e+01,  1.000025629997e+00,  1.518489630673e+01,  2.873879075050e-01
  2.786599999666e+01,  1.000013232231e+00,  1.518490870449e+01,  2.884672880173e-01
  2.796600000560e+01,  9.999931454659e-01,  1.518492879126e+01,  2.903716266155e-01
  2.806599999964e+01,  1.000023722649e+00,  1.518489821408e+01,  2.884213626385e-01
  2.816600000858e+01,  1.000007867813e+00,  1.518491406891e+01,  2.904511988163e-01
  2.826600000262e+01,  9.999945163727e-01,  1.518492742035e+01,  2.894802689552e-01
  2.836599999666e+01,  1.000005602837e+00,  1.518491633389e+01,  2.879962027073e-01
  2.846600000560e+01,  9.999994039536e-01,  1.518492253277e+01,  2.873504161835e-01
  2.856599999964e+01,  1.000022172928e+00,  1.518489976380e+01,  2.861080765724e-01
  2.866600000858e+01,  1.000006198883e+00,  1.518491573784e+01,  2.875305414200e-01
  2.876600000262e+01,  9.999899268150e-01,  1.518493200991e+01,  2.855296134949e-01
  2.886599999666e+01,  9.999872446060e-01,  1.518493469212e+01,  2.879793941975e-01
  2.896600000560e+01,  9.999462366104e-01,  1.518497570011e+01,  2.873182594776e-01
  2.906599999964e+01,  9.999739527702e-01,  1.518494798395e+01,  2.887580990791e-01
  2.916600000858e+01,  1.000002145767e+00,  1.518491979096e+01,  2.869560122490e-01
  2.926600000262e+01,  1.000004291534e+00,  1.518491764519e+01,  2.892124950886e-01
  2.936599999666e+01,  1.000018358231e+00,  1.518490357849e+01,  2.859718799591e-01
  2.946600000560e+01,  1.000011920929e+00,  1.518491001580e+01,  2.856876850128e-01
  2.956599999964e+01,  9.999877810478e-01,  1.518493415568e+01,  2.886495590210e-01
  2.966600000858e+01,  1.000003457069e+00,  1.518491847965e+01,  2.854835093021e-01
  2.976600000262e+01,  9.999980330467e-01,  1.518492390368e+01,  2.872900366783e-01
  2.986599999666e+01,  9.999908208847e-01,  1.518493111584e+01,  2.854161262512e-01
  2.996600000560e+01,  9.999672174454e-01,  1.518495471928e+01,  2.864571511745e-01
  3.006599999964e+01,  9.999780058861e-01,  1.518494393084e+01,  2.850200831890e-01
  3.016600000858e+01,  1.000023126602e+00,  1.518489881012e+01,  2.862236201763e-01
  3.026600000262e+01,  1.000019311905e+00,  1.518490262482e+01,  2.847247421741e-01
  3.036599999666e+01,  1.000020384789e+00,  1.518490155194e+01,  2.879197001457e-01
  3.046600000560e+01,  1.000002861023e+00,  1.518491907570e+01,  2.884949147701e-01
  3.056599999964e+01,  1.000002145767e+00,  1.518491979096e+01,  2.884549796581e-01
  3.066600000858e+01,  1.000003576279e+00,  1.518491836045e+01,  2.865813970566e-01
  3.076600000262e+01,  9.999932646751e-01,  1.518492867205e+01,  2.887713909149e-01
  3.086599999666e+01,  9.999921917915e-01,  1.518492974493e+01,  2.873525321484e-01
  3.096600000560e+01,  1.000022172928e+00,  1.518489976380e+01,  2.872557640076e-01
  3.106599999964e+01,  1.000012755394e+00,  1.518490918133e+01,  2.847013175488e-01
  3.116600000858e+01,  9.999867677689e-01,  1.518493516896e+01,  2.884877622128e-01
  3.126600000262e+01,  1.000033617020e+00,  1.518488831970e+01,  2.838188707829e-01
  3.136599999666e+01,  1.000002741814e+00,  1.518491919491e+01,  2.855305075645e-01
  3.146600000560e+01,  1.000014781952e+00,  1.518490715477e+01,  2.875457108021e-01
  3.156599999964e+01,  9.999986290932e-01,  1.518492330763e+01,  2.871949076653e-01
  3.166600000858e+01,  9.999740123749e-01,  1.518494792435e+01,  2.832044959068e-01
  3.176600000262e+01,  9.999758601189e-01,  1.518494607661e+01,  2.856273651123e-01
  3.186599999666e+01,  1.000040531158e+00,  1.518488140557e+01,  2.841888070107e-01
  3.196600000560e+01,  9.999777078629e-01,  1.518494422886e+01,  2.825009822845e-01
  3.206599999964e+01,  1.000008463860e+00,  1.518491347286e+01,  2.850177884102e-01
  3.216600000858e+01,  9.999954700470e-01,  1.518492646668e+01,  2.816127538681e-01
  3.226600000262e+01,  9.999861717224e-01,  1.518493576500e+01,  2.875863611698e-01
  3.236599999666e+01,  9.999853968620e-01,  1.518493653986e+01,  2.839171290398e-01
  3.246600000560e+01,  9.999991655350e-01,  1.518492277119e+01,  2.853334844112e-01
  3.256599999964e+01,  9.999782443047e-01,  1.518494369242e+01,  2.824112474918e-01
  3.266600000858e+01,  9.999948740005e-01,  1.518492706272e+01,  2.848244607449e-01
  3.276600000262e+01,  9.999971985817e-01,  1.518492473814e+01,  2.839103043079e-01
  3.286599999666e+01,  1.000009179115e+00,  1.518491275761e+01,  2.840101718903e-01
  3.296600000560e+01,  1.000008702278e+00,  1.518491323445e+01,  2.842302024364e-01
  3.306599999964e+01,  9.999939203262e-01,  1.518492801640e+01,  2.806014418602e-01
  3.316600000858e+01,  1.000008106232e+00,  1.518491383049e+01,  2.818321883678e-01
  3.326600000262e+01,  9.999868869781e-01,  1.518493504975e+01,  2.824141979218e-01
  3.336599999666e+01,  1.000030279160e+00,  1.518489165756e+01,  2.803903222084e-01
  3.346600000560e+01,  1.000010848045e+00,  1.518491108868e+01,  2.811722159386e-01
  3.356599999964e+01,  1.000012636185e+00,  1.518490930054e+01,  2.808434367180e-01
  3.366600000858e+01,  1.000022768974e+00,  1.518489916775e+01,  2.809962034225e-01
  3.376600000262e+01,  9.999934434891e-01,  1.518492849324e+01,  2.817764878273e-01
  3.386599999666e+01,  9.999932646751e-01,  1.518492867205e+01,  2.831771373749e-01
  3.396600000560e+01,  9.999777674675e-01,  1.518494416926e+01,  2.833504080772e-01
  3.406599999964e+01,  1.000009775162e+00,  1.518491216156e+01,  2.813507914543e-01
  3.416600000858e+01,  1.000001430511e+00,  1.518492050621e+01,  2.822347581387e-01
  3.426600000262e+01,  1.000032782555e+00,  1.518488915417e+01,  2.815105915070e-01
  3.436599999666e+01,  1.000042796135e+00,  1.518487914059e+01,  2.820569276810e-01
  3.446600000560e+01,  1.000014185905e+00,  1.518490775082e+01,  2.836275696754e-01
  3.456599999964e+01,  1.000012993813e+00,  1.518490894291e+01,  2.818533480167e-01
  3.466600000858e+01,  1.000001430511e+00,  1.518492050621e+01,  2.813201546669e-01
  3.476600000262e+01,  1.000002503395e+00,  1.518491943333e+01,  2.826322913170e-01
  3.486599999666e+01,  1.000009655952e+00,  1.518491228077e+01,  2.821922600269e-01
  3.496600000560e+01,  9.999961853027e-01,  1.518492575142e+01,  2.816294729710e-01
  3.506599999964e+01,  1.000001549721e+00,  1.518492038700e+01,  2.813296914101e-01
  3.516600000858e+01,  9.999683499336e-01,  1.518495358679e+01,  2.840013206005e-01
  3.526600000262e+01,  9.999889731407e-01,  1.518493296358e+01,  2.835479080677e-01
  3.536599999666e+01,  1.000014781952e+00,  1.518490715477e+01,  2.817725241184e-01
  3.546600000560e+01,  9.999971985817e-01,  1.518492473814e+01,  2.818191349506e-01
  3.556599999964e+01,  1.000013470650e+00,  1.518490846607e+01,  2.812025547028e-01
  3.566600000858e+01,  9.999915957451e-01,  1.518493034098e+01,  2.823804318905e-01
  3.576600000262e+01,  1.000005125999e+00,  1.518491681072e+01,  2.830059528351e-01
  3.586599999666e+01,  9.999809265137e-01,  1.518494101021e+01,  2.823705077171e-01
  3.596600000560e+01,  9.999847412109e-01,  1.518493719551e+01,  2.818397879601e-01
  3.606599999964e+01,  1.000026464462e+00,  1.518489547226e+01,  2.813521027565e-01
  3.616600000858e+01,  1.000004887581e+00,  1.518491704914e+01,  2.802859842777e-01
  3.626600000262e+01,  9.999741911888e-01,  1.518494774554e+01,  2.836710512638e-01
  3.636599999666e+01,  1.000018000603e+00,  1.518490393612e+01,  2.822711467743e-01
  3.646600000560e+01,  9.999796152115e-01,  1.518494232151e+01,  2.828220427036e-01
  3.656599999964e+01,  1.000014066696e+00,  1.518490787003e+01,  2.822644710541e-01
  3.666600000858e+01,  9.999794960022e-01,  1.518494244072e+01,  2.825405001640e-01
  3.676600000262e+01,  1.000023245811e+00,  1.518489869091e+01,  2.811825275421e-01
  3.686599999666e+01,  9.999706149101e-01,  1.518495132181e+01,  2.799636125565e-01
  3.696600000560e+01,  1.000011682510e+00,  1.518491025421e+01,  2.832100689411e-01
  3.706599999964e+01,  1.000013470650e+00,  1.518490846607e+01,  2.807689011097e-01
  3.716600000858e+01,  1.000016450882e+00,  1.518490548584e+01,  2.812825143337e-01
  3.726600000262e+01,  9.999881982803e-01,  1.518493373844e+01,  2.770773470402e-01
  3.736599999666e+01,  9.999995231628e-01,  1.518492241356e+01,  2.805288434029e-01
  3.746600000560e+01,  9.999962449074e-01,  1.518492569182e+01,  2.790618836880e-01
  3.756599999964e+01,  9.999817013741e-01,  1.518494023535e+01,  2.799739539623e-01
  3.766600000858e+01,  1.000000119209e+00,  1.518492181752e+01,  2.797386944294e-01
  3.776600000262e+01,  9.999790191650e-01,  1.518494291756e+01,  2.824950516224e-01
  3.786599999666e+01,  1.000024080276e+00,  1.518489785645e+01,  2.814286351204e-01
  3.796600000560e+01,  1.000016331673e+00,  1.518490560505e+01,  2.813648581505e-01
  3.806599999964e+01,  9.999675154686e-01,  1.518495442126e+01,  2.803179025650e-01
  3.816600000858e+01,  9.999573826790e-01,  1.518496455405e+01,  2.810750901699e-01
  3.826600000262e+01,  9.999645948410e-01,  1.518495734188e+01,  2.804942131042e-01
  3.836599999666e+01,  9.999626874924e-01,  1.518495924923e+01,  2.814298570156e-01
  3.846600000560e+01,  9.999824762344e-01,  1.518493946049e+01,  2.805286347866e-01
  3.856599999964e+01,  9.999819397926e-01,  1.518493999693e+01,  2.817720472813e-01
  3.866600000858e+01,  1.000024795532e+00,  1.518489714119e+01,  2.807501554489e-01
  3.876600000262e+01,  9.999973773956e-01,  1.518492455933e+01,  2.805958092213e-01
  3.886599999666e+01,  1.000024437904e+00,  1.518489749882e+01,  2.816787660122e-01
  3.896600000560e+01,  1.000003218651e+00,  1.518491871807e+01,  2.792435288429e-01
  3.906599999964e+01,  9.999860525131e-01,  1.518493588421e+01,  2.780444622040e-01
  3.916600000858e+01,  1.000024914742e+00,  1.518489702198e+01,  2.770526111126e-01
  3.926600000262e+01,  9.999949932098e-01,  1.518492694351e+01,  2.789580225945e-01
  3.936599999666e+01,  9.999924302101e-01,  1.518492950651e+01,  2.809671461582e-01
  3.946600000560e+01,  1.000020623207e+00,  1.518490131352e+01,  2.788267731667e-01
  3.956599999964e+01,  9.999884963036e-01,  1.518493344042e+01,  2.799193263054e-01
  3.966600000858e+01,  1.000037193298e+00,  1.518488474343e+01,  2.775253653526e-01
  3.976600000262e+01,  1.000000715256e+00,  1.518492122147e+01,  2.777209877968e-01
  3.986599999666e+01,  1.000002503395e+00,  1.518491943333e+01,  2.768867015839e-01
  3.996600000560e+01,  1.000023245811e+00,  1.518489869091e+01,  2.790830731392e-01
  4.006599999964e+01,  9.999747872353e-01,  1.518494714949e+01,  2.775205373764e-01
  4.016600000858e+01,  9.999636411667e-01,  1.518495829556e+01,  2.774933576584e-01
  4.026600000262e+01,  9.999970793724e-01,  1.518492485735e+01,  2.783063948154e-01
  4.036599999666e+01,  1.000001311302e+00,  1.518492062542e+01,  2.772813141346e-01
  4.046600000560e+01,  9.999924898148e-01,  1.518492944691e+01,  2.750952839851e-01
  4.056599999964e+01,  1.000008821487e+00,  1.518491311524e+01,  2.759050130844e-01
  4.066600000858e+01,  1.000007748604e+00,  1.518491418812e+01,  2.758923172951e-01
  4.076600000262e+01,  9.999946355820e-01,  1.518492730114e+01,  2.769903838634e-01
  4.086599999666e+01,  1.000011682510e+00,  1.518491025421e+01,  2.800546884537e-01
  4.096600000560e+01,  9.999910593033e-01,  1.518493087742e+01,  2.758244276047e-01
  4.106599999964e+01,  9.999799132347e-01,  1.518494202349e+01,  2.765397727489e-01
  4.116600000858e+01,  9.999805688858e-01,  1.518494136784e+01,  2.763729095459e-01
  4.126600000262e+01,  1.000034928322e+00,  1.518488700840e+01,  2.769421041012e-01
  4.136599999666e+01,  1.000002384186e+00,  1.518491955254e+01,  2.774823307991e-01
  4.146600000560e+01,  9.999867081642e-01,  1.518493522856e+01,  2.748003900051e-01
  4.156599999964e+01,  9.999554753304e-01,  1.518496646139e+01,  2.771430909634e-01
  4.166600000858e+01,  1.000006556511e+00,  1.518491538021e+01,  2.770051360130e-01
  4.176600000262e+01,  1.000017762184e+00,  1.518490417454e+01,  2.753666937351e-01
  4.186599999666e+01,  1.000000000000e+00,  1.518492193672e+01,  2.785404622555e-01
  4.196600000560e+01,  1.000005483627e+00,  1.518491645310e+01,  2.759341597557e-01
  4.206599999964e+01,  1.000008463860e+00,  1.518491347286e+01,  2.780577242374e-01
  4.216600000858e+01,  1.000011682510e+00,  1.518491025421e+01,  2.778438627720e-01
  4.226600000262e+01,  1.000001430511e+00,  1.518492050621e+01,  2.790598869324e-01
  4.236599999666e+01,  9.999861121178e-01,  1.518493582461e+01,  2.763220667839e-01
  4.246600000560e+01,  1.000003576279e+00,  1.518491836045e+01,  2.750081717968e-01
  4.256599999964e+01,  9.999840259552e-01,  1.518493791077e+01,  2.771654427052e-01
  4.266600000858e+01,  9.999995231628e-01,  1.518492241356e+01,  2.774959504604e-01
  4.276600000262e+01,  1.000005960464e+00,  1.518491597626e+01,  2.762241065502e-01
  4.286599999666e+01,  9.999890327454e-01,  1.518493290398e+01,  2.759038805962e-01
  4.296600000560e+01,  9.999994039536e-01,  1.518492253277e+01,  2.764972150326e-01
  4.306599999964e+01,  1.000008106232e+00,  1.518491383049e+01,  2.755992412567e-01
  4.316600000858e+01,  1.000012278557e+00,  1.518490965817e+01,  2.753444015980e-01
  4.326600000262e+01,  1.000003814697e+00,  1.518491812203e+01,  2.765255570412e-01
  4.336599999666e+01,  1.000057578087e+00,  1.518486435864e+01,  2.767924368382e-01
  4.346600000560e+01,  1.000027894974e+00,  1.518489404175e+01,  2.755545675755e-01
  4.356599999964e+01,  1.000021338463e+00,  1.518490059826e+01,  2.771068811417e-01
  4.366600000858e+01,  1.000010848045e+00,  1.518491108868e+01,  2.751367986202e-01
  4.376600000262e+01,  1.000003576279e+00,  1.518491836045e+01,  2.771958708763e-01
  4.386599999666e+01,  9.999924898148e-01,  1.518492944691e+01,  2.769811749458e-01
  4.396600000560e+01,  1.000010967255e+00,  1.518491096947e+01,  2.764647305012e-01
  4.406599999964e+01,  9.999906420708e-01,  1.518493129465e+01,  2.763709127903e-01
  4.416600000858e+01,  9.999848604202e-01,  1.518493707630e+01,  2.778961062431e-01
  4.426600000262e+01,  9.999943375587e-01,  1.518492759917e+01,  2.756073176861e-01
  4.436599999666e+01,  1.000037431717e+00,  1.518488450501e+01,  2.779807150364e-01
  4.446600000560e+01,  9.999765753746e-01,  1.518494536135e+01,  2.772108912468e-01
  4.456599999964e+01,  9.999983906746e-01,  1.518492354605e+01,  2.772367894650e-01
  4.466600000858e+01,  9.999952316284e-01,  1.518492670510e+01,  2.759215235710e-01
  4.476600000262e+01,  9.999630451202e-01,  1.518495889160e+01,  2.766072452068e-01
  4.486599999666e+01,  1.000047087669e+00,  1.518487484905e+01,  2.747411727905e-01
  4.496600000560e+01,  9.999987483025e-01,  1.518492318842e+01,  2.729641199112e-01
  4.506599999964e+01,  9.999879598618e-01,  1.518493397686e+01,  2.752978503704e-01
  4.516600000858e+01,  9.999957084656e-01,  1.518492622826e+01,  2.733863890171e-01
  4.526600000262e+01,  1.000027418137e+00,  1.518489451859e+01,  2.734942138195e-01
  4.536599999666e+01,  9.999871253967e-01,  1.518493481133e+01,  2.751703560352e-01
  4.546600000560e+01,  9.999997019768e-01,  1.518492223475e+01,  2.740191519260e-01
  4.556599999964e+01,  1.000039339066e+00,  1.518488259766e+01,  2.746992111206e-01
  4.566600000858e+01,  1.000005125999e+00,  1.518491681072e+01,  2.740477919579e-01
  4.576600000262e+01,  1.000013232231e+00,  1.518490870449e+01,  2.754373848438e-01
  4.586599999666e+01,  9.999804496765e-01,  1.518494148705e+01,  2.741254568100e-01
  4.596600000560e+01,  9.999815821648e-01,  1.518494035456e+01,  2.747967541218e-01
  4.606599999964e+01,  9.999877214432e-01,  1.518493421528e+01,  2.748941481113e-01
  4.616600000858e+01,  1.000001430511e+00,  1.518492050621e+01,  2.725411951542e-01
  4.626600000262e+01,  9.999604225159e-01,  1.518496151421e+01,  2.744585871696e-01
  4.636599999666e+01,  9.999878406525e-01,  1.518493409607e+01,  2.736000716686e-01
  4.646600000560e+01,  1.000010967255e+00,  1.518491096947e+01,  2.741783261299e-01
  4.656599999964e+01,  9.999884963036e-01,  1.518493344042e+01,  2.724133133888e-01
  4.666600000858e+01,  9.999884963036e-01,  1.518493344042e+01,  2.730246186256e-01
  4.676600000262e+01,  9.999789595604e-01,  1.518494297716e+01,  2.736000120640e-01
  4.686599999666e+01,  1.000021815300e+00,  1.518490012142e+01,  2.724649608135e-01
  4.696600000560e+01,  1.000008225441e+00,  1.518491371128e+01,  2.732651531696e-01
  4.706599999964e+01,  1.000002622604e+00,  1.518491931412e+01,  2.733575403690e-01
  4.716600000858e+01,  1.000017404556e+00,  1.518490453217e+01,  2.729340195656e-01
  4.726600000262e+01,  9.999777078629e-01,  1.518494422886e+01,  2.738353610039e-01
  4.736599999666e+01,  1.000000357628e+00,  1.518492157910e+01,  2.746538519859e-01
  4.746600000560e+01,  1.000007748604e+00,  1.518491418812e+01,  2.715681195259e-01
  4.756599999964e+01,  1.000024318695e+00,  1.518489761803e+01,  2.721945941448e-01
  4.766600000858e+01,  9.999992251396e-01,  1.518492271158e+01,  2.752876579762e-01
  4.776600000262e+01,  1.000001549721e+00,  1.518492038700e+01,  2.709134817123e-01
  4.786599999666e+01,  1.000029087067e+00,  1.518489284966e+01,  2.724246084690e-01
  4.796600000560e+01,  1.000003576279e+00,  1.518491836045e+01,  2.754881381989e-01
  4.806599999964e+01,  1.000024914742e+00,  1.518489702198e+01,  2.735141217709e-01
  4.816600000858e+01,  1.000041127205e+00,  1.518488080952e+01,  2.730967104435e-01
  4.826600000262e+01,  1.000020027161e+00,  1.518490190956e+01,  2.706854939461e-01
  4.836599999666e+01,  9.999858736992e-01,  1.518493606303e+01,  2.737240791321e-01
  4.846600000560e+01,  1.000021100044e+00,  1.518490083668e+01,  2.716247439384e-01
  4.856599999964e+01,  1.000011086464e+00,  1.518491085026e+01,  2.735943496227e-01
  4.866600000858e+01,  1.000007390976e+00,  1.518491454575e+01,  2.724375128746e-01
  4.876600000262e+01,  1.000006198883e+00,  1.518491573784e+01,  2.727716863155e-01
  4.886599999666e+01,  1.000006556511e+00,  1.518491538021e+01,  2.718306183815e-01
  4.896600000560e+01,  9.999769330025e-01,  1.518494500372e+01,  2.727631330490e-01
  4.906599999964e+01,  9.999966621399e-01,  1.518492527458e+01,  2.726774215698e-01
  4.916600000858e+01,  9.999915361404e-01,  1.518493040058e+01,  2.725613713264e-01
  4.926600000262e+01,  9.999625682831e-01,  1.518495936844e+01,  2.757077515125e-01
  4.936599999666e+01,  9.999880790710e-01,  1.518493385765e+01,  2.711783349514e-01
  4.946600000560e+01,  9.999882578850e-01,  1.518493367884e+01,  2.742848098278e-01
  4.956599999964e+01,  9.999790191650e-01,  1.518494291756e+01,  2.736984193325e-01
  4.966600000858e+01,  1.000008702278e+00,  1.518491323445e+01,  2.721804380417e-01
  4.976600000262e+01,  1.000030040741e+00,  1.518489189598e+01,  2.728699147701e-01
  4.986599999666e+01,  1.000018358231e+00,  1.518490357849e+01,  2.719765305519e-01
  4.996600000560e+01,  9.999929666519e-01,  1.518492897007e+01,  2.729110121727e-01
  5.006599999964e+01,  1.000029206276e+00,  1.518489273045e+01,  2.694128751755e-01
  5.016600000858e+01,  9.999849200249e-01,  1.518493701670e+01,  2.703754901886e-01
  5.026600000262e+01,  9.999806284904e-01,  1.518494130823e+01,  2.709916532040e-01
  5.036599999666e+01,  9.999769926071e-01,  1.518494494412e+01,  2.726160883904e-01
  5.046600000560e+01,  9.999781250954e-01,  1.518494381163e+01,  2.704986631870e-01
  5.056599999964e+01,  9.999927878380e-01,  1.518492914889e+01,  2.725220322609e-01
  5.066600000858e+01,  1.000013709068e+00,  1.518490822766e+01,  2.716816067696e-01
  5.076600000262e+01,  1.000011324883e+00,  1.518491061184e+01,  2.717387378216e-01
  5.086599999666e+01,  9.999883174896e-01,  1.518493361923e+01,  2.685097754002e-01
  5.096600000560e+01,  9.999893307686e-01,  1.518493260596e+01,  2.717121541500e-01
  5.106599999964e+01,  1.000007987022e+00,  1.518491394970e+01,  2.700300216675e-01
  5.116600000858e+01,  1.000039935112e+00,  1.518488200161e+01,  2.717376351357e-01
  5.126600000262e+01,  1.000021934509e+00,  1.518490000222e+01,  2.725261151791e-01
  5.136599999666e+01,  1.000015258789e+00,  1.518490667794e+01,  2.687925398350e-01
  5.146600000560e+01,  1.000005245209e+00,  1.518491669152e+01,  2.688845992088e-01
  5.156599999964e+01,  1.000020742416e+00,  1.518490119431e+01,  2.714211940765e-01
  5.166600000858e+01,  1.000011324883e+00,  1.518491061184e+01,  2.691690325737e-01
  5.176600000262e+01,  9.999939203262e-01,  1.518492801640e+01,  2.695051431656e-01
  5.186599999666e+01,  1.000011682510e+00,  1.518491025421e+01,  2.692644596100e-01
  5.196600000560e+01,  1.000016093254e+00,  1.518490584347e+01,  2.687545120716e-01
  5.206599999964e+01,  1.000026345253e+00,  1.518489559147e+01,  2.705228030682e-01
  5.216600000858e+01,  9.999731779099e-01,  1.518494875881e+01,  2.696524262428e-01
  5.226600000262e+01,  9.999957680702e-01,  1.518492616865e+01,  2.689474523067e-01
  5.236599999666e+01,  1.000017881393e+00,  1.518490405533e+01,  2.680401206017e-01
  5.246600000560e+01,  9.999921917915e-01,  1.518492974493e+01,  2.684245109558e-01
  5.256599999964e+01,  9.999885559082e-01,  1.518493338082e+01,  2.688273489475e-01
  5.266600000858e+01,  1.000007748604e+00,  1.518491418812e+01,  2.687360644341e-01
  5.276600000262e+01,  1.000024437904e+00,  1.518489749882e+01,  2.674223780632e-01
  5.286599999666e+01,  1.000005722046e+00,  1.518491621468e+01,  2.686091363430e-01
  5.296600000560e+01,  1.000000119209e+00,  1.518492181752e+01,  2.705271244049e-01
  5.306599999964e+01,  9.999800324440e-01,  1.518494190428e+01,  2.678898274899e-01
  5.316600000858e+01,  1.000011563301e+00,  1.518491037342e+01,  2.680602371693e-01
  5.326600000262e+01,  9.999961853027e-01,  1.518492575142e+01,  2.703987360001e-01
  5.336599999666e+01,  1.000046014786e+00,  1.518487592194e+01,  2.705656588078e-01
  5.346600000560e+01,  9.999946355820e-01,  1.518492730114e+01,  2.683196961880e-01
  5.356599999964e+01,  9.999923706055e-01,  1.518492956612e+01,  2.682532072067e-01
  5.366600000858e+01,  1.000005125999e+00,  1.518491681072e+01,  2.683795094490e-01
  5.376600000262e+01,  9.999831914902e-01,  1.518493874523e+01,  2.689560353756e-01
  5.386599999666e+01,  9.999908804893e-01,  1.518493105623e+01,  2.680658698082e-01
  5.396600000560e+01,  1.000004172325e+00,  1.518491776440e+01,  2.678370177746e-01
  5.406599999964e+01,  1.000015020370e+00,  1.518490691635e+01,  2.692528963089e-01
  5.416600000858e+01,  1.000007987022e+00,  1.518491394970e+01,  2.677407860756e-01
  5.426600000262e+01,  9.999924302101e-01,  1.518492950651e+01,  2.705512940884e-01
  5.436599999666e+01,  9.999814033508e-01,  1.518494053337e+01,  2.676128745079e-01
  5.446600000560e+01,  1.000001430511e+00,  1.518492050621e+01,  2.686381042004e-01
  5.456599999964e+01,  1.000015020370e+00,  1.518490691635e+01,  2.693115174770e-01
  5.466600000858e+01,  1.000020861626e+00,  1.518490107510e+01,  2.674403190613e-01
  5.476600000262e+01,  1.000006318092e+00,  1.518491561863e+01,  2.715785801411e-01
  5.486599999666e+01,  1.000012159348e+00,  1.518490977738e+01,  2.680945396423e-01
  5.496600000560e+01,  1.000019788742e+00,  1.518490214798e+01,  2.679288089275e-01
  5.506599999964e+01,  1.000024199486e+00,  1.518489773724e+01,  2.703515589237e-01
  5.516600000858e+01,  1.000028371811e+00,  1.518489356491e+01,  2.691649198532e-01
  5.526600000262e+01,  1.000017166138e+00,  1.518490477059e+01,  2.695028185844e-01
  5.536599999666e+01,  1.000040650368e+00,  1.518488128636e+01,  2.680468559265e-01
  5.546600000560e+01,  1.000004410744e+00,  1.518491752598e+01,  2.687254548073e-01
  5.556599999964e+01,  1.000023603439e+00,  1.518489833328e+01,  2.698333561420e-01
  5.566600000858e+01,  1.000002384186e+00,  1.518491955254e+01,  2.679989337921e-01
  5.576600000262e+01,  1.000015020370e+00,  1.518490691635e+01,  2.705304920673e-01
  5.586599999666e+01,  9.999777674675e-01,  1.518494416926e+01,  2.694461047649e-01
  5.596600000560e+01,  1.000009775162e+00,  1.518491216156e+01,  2.692727446556e-01
  5.606599999964e+01,  1.000028252602e+00,  1.518489368412e+01,  2.683311700821e-01
  5.616600000858e+01,  9.999756217003e-01,  1.518494631502e+01,  2.695554792881e-01
  5.626600000262e+01,  9.999936223030e-01,  1.518492831442e+01,  2.684150338173e-01
  5.636599999666e+01,  9.999975562096e-01,  1.518492438051e+01,  2.677947282791e-01
  5.646600000560e+01,  1.000001788139e+00,  1.518492014858e+01,  2.686870992184e-01
  5.656599999964e+01,  1.000006079674e+00,  1.518491585705e+01,  2.683365643024e-01
  5.666600000858e+01,  1.000019550323e+00,  1.518490238640e+01,  2.670100629330e-01
  5.676600000262e+01,  9.999814629555e-01,  1.518494047377e+01,  2.670982480049e-01
  5.686599999666e+01,  9.999859333038e-01,  1.518493600342e+01,  2.689120769501e-01
  5.696600000560e+01,  9.999873638153e-01,  1.518493457291e+01,  2.683911919594e-01
  5.706599999964e+01,  9.999830722809e-01,  1.518493886444e+01,  2.682160735130e-01
  5.716600000858e+01,  1.000000119209e+00,  1.518492181752e+01,  2.668573558331e-01
  5.726600000262e+01,  9.999974966049e-01,  1.518492444012e+01,  2.674801647663e-01
  5.736599999666e+01,  1.000013232231e+00,  1.518490870449e+01,  2.680972814560e-01
  5.746600000560e+01,  9.999876022339e-01,  1.518493433449e+01,  2.677167057991e-01
  5.756599999964e+01,  1.000002145767e+00,  1.518491979096e+01,  2.680153548717e-01
  5.766600000858e+01,  1.000030159950e+00,  1.518489177677e+01,  2.684100270271e-01
  5.776600000262e+01,  1.000011682510e+00,  1.518491025421e+01,  2.693903744221e-01
  5.786599999666e+01,  1.000026702881e+00,  1.518489523384e+01,  2.705117166042e-01
  5.796600000560e+01,  9.999941587448e-01,  1.518492777798e+01,  2.689661085606e-01
  5.806599999964e+01,  1.000000238419e+00,  1.518492169831e+01,  2.695021331310e-01
  5.816600000858e+01,  1.000017166138e+00,  1.518490477059e+01,  2.685394883156e-01
  5.826600000262e+01,  1.000012278557e+00,  1.518490965817e+01,  2.685177624226e-01
  5.836599999666e+01,  1.000018119812e+00,  1.518490381691e+01,  2.683077156544e-01
  5.846600000560e+01,  1.000015735626e+00,  1.518490620110e+01,  2.686510086060e-01
  5.856599999964e+01,  9.999886155128e-01,  1.518493332121e+01,  2.688494622707e-01
  5.866600000858e+01,  9.999993443489e-01,  1.518492259238e+01,  2.673839628696e-01
  5.876600000262e+01,  1.000001549721e+00,  1.518492038700e+01,  2.697064876556e-01
  5.886599999666e+01,  1.000026941299e+00,  1.518489499542e+01,  2.673515677452e-01
  5.896600000560e+01,  1.000018596649e+00,  1.518490334008e+01,  2.682470083237e-01
  5.906599999964e+01,  9.999803900719e-01,  1.518494154665e+01,  2.668618559837e-01
  5.916600000858e+01,  1.000010132790e+00,  1.518491180393e+01,  2.655621767044e-01
  5.926600000262e+01,  1.000003099442e+00,  1.518491883728e+01,  2.669243514538e-01
  5.936599999666e+01,  9.999951720238e-01,  1.518492676470e+01,  2.668022513390e-01
  5.946600000560e+01,  9.999935626984e-01,  1.518492837403e+01,  2.686166465282e-01
  5.956599999964e+01,  1.000006914139e+00,  1.518491502259e+01,  2.666956782341e-01
  5.966600000858e+01,  9.999970793724e-01,  1.518492485735e+01,  2.650185227394e-01
  5.976600000262e+01,  1.000008821487e+00,  1.518491311524e+01,  2.643980979919e-01
  5.986599999666e+01,  9.999945759773e-01,  1.518492736075e+01,  2.632062733173e-01
  5.996600000560e+01,  1.000008225441e+00,  1.518491371128e+01,  2.653761208057e-01
  6.006599999964e+01,  9.999928474426e-01,  1.518492908928e+01,  2.661872506142e-01
  6.016600000858e+01,  1.000018000603e+00,  1.518490393612e+01,  2.641191482544e-01
  6.026600000262e+01,  9.999907016754e-01,  1.518493123505e+01,  2.648733258247e-01
  6.036599999666e+01,  9.999817013741e-01,  1.518494023535e+01,  2.637900412083e-01
  6.046600000560e+01,  9.999887943268e-01,  1.518493314240e+01,  2.657437026501e-01
  6.056599999964e+01,  9.999932646751e-01,  1.518492867205e+01,  2.644464969635e-01
  6.066600000858e+01,  9.999789595604e-01,  1.518494297716e+01,  2.630608677864e-01
  6.076600000262e+01,  9.999923110008e-01,  1.518492962572e+01,  2.636696100235e-01
  6.086599999666e+01,  1.000008463860e+00,  1.518491347286e+01,  2.668700516224e-01
  6.096600000560e+01,  1.000014066696e+00,  1.518490787003e+01,  2.641248404980e-01
  6.106599999964e+01,  9.999928474426e-01,  1.518492908928e+01,  2.657730579376e-01
  6.116600000858e+01,  1.000008225441e+00,  1.518491371128e+01,  2.667436599731e-01
  6.126600000262e+01,  1.000001192093e+00,  1.518492074463e+01,  2.664283514023e-01
  6.136599999666e+01,  9.999850988388e-01,  1.518493683789e+01,  2.666669487953e-01
  6.146600000560e+01,  1.000010728836e+00,  1.518491120789e+01,  2.654356360435e-01
  6.156599999964e+01,  1.000011205673e+00,  1.518491073105e+01,  2.643521130085e-01
  6.156900000572e+01,  1.000008702278e+00,  1.518491323445e+01,  2.643460035324e-01
  6.157000000775e+01,  1.000010371208e+00,  1.518491156552e+01,  2.644050121307e-01
  6.157299999893e+01,  1.000000953674e+00,  1.518492098305e+01,  2.643279433250e-01
  6.167300000787e+01,  9.997967481613e-01,  1.518512518856e+01,  2.650072872639e-01
  6.174300000072e+01,  9.897438883781e-01,  1.519517804835e+01,  2.609502077103e-01
  6.176350000501e+01,  9.796168208122e-01,  1.520530511591e+01,  2.403985410929e-01
  6.177400000393e+01,  9.693610072136e-01,  1.521556092951e+01,  2.237745672464e-01
  6.178149999678e+01,  9.591109156609e-01,  1.522581102106e+01,  2.286383062601e-01
  6.178800000250e+01,  9.490401148796e-01,  1.523588182184e+01,  2.279786020517e-01
  6.179450000823e+01,  9.382902979851e-01,  1.524663163874e+01,  2.260970026255e-01
  6.180050000548e+01,  9.280554652214e-01,  1.525686647150e+01,  2.236651331186e-01
  6.180650000274e+01,  9.177214503288e-01,  1.526720048640e+01,  2.221024185419e-01
  6.181250000000e+01,  9.076582789421e-01,  1.527726365778e+01,  2.231633812189e-01
  6.181900000572e+01,  8.973738551140e-01,  1.528754808161e+01,  2.267732769251e-01
  6.182649999857e+01,  8.870245814323e-01,  1.529789735529e+01,  2.176039367914e-01
  6.183500000834e+01,  8.765761256218e-01,  1.530834581110e+01,  2.015402466059e-01
  6.184350000322e+01,  8.664519190788e-01,  1.531847001765e+01,  1.894781738520e-01
  6.185199999809e+01,  8.559882044792e-01,  1.532893373225e+01,  1.761229187250e-01
  6.185999999940e+01,  8.454901576042e-01,  1.533943177912e+01,  1.724441200495e-01
  6.186750000715e+01,  8.351828455925e-01,  1.534973909113e+01,  1.635749489069e-01
  6.187450000644e+01,  8.250815272331e-01,  1.535984040949e+01,  1.617134958506e-01
  6.188150000572e+01,  8.148695826530e-01,  1.537005235407e+01,  1.631001383066e-01
  6.188899999857e+01,  8.042761683464e-01,  1.538064576838e+01,  1.632881462574e-01
  6.189699999988e+01,  7.937895655632e-01,  1.539113237116e+01,  1.638062298298e-01
  6.190600000322e+01,  7.835280299187e-01,  1.540139390681e+01,  1.586878597736e-01
  6.191650000215e+01,  7.734782099724e-01,  1.541144372675e+01,  1.539838612080e-01
  6.192949999869e+01,  7.633349299431e-01,  1.542158700678e+01,  1.359536945820e-01
  6.194250001013e+01,  7.529856562614e-01,  1.543193628046e+01,  1.208665668964e-01
  6.195350000262e+01,  7.427126765251e-01,  1.544220926020e+01,  1.164433211088e-01
  6.196350000799e+01,  7.322794795036e-01,  1.545264245722e+01,  1.151791661978e-01
  6.197300000489e+01,  7.219915986061e-01,  1.546293033812e+01,  1.138519421220e-01
  6.198250000179e+01,  7.118673920631e-01,  1.547305454466e+01,  1.115548610687e-01
  6.199250000715e+01,  7.017050385475e-01,  1.548321689818e+01,  1.076037883759e-01
  6.200300000608e+01,  6.915979981422e-01,  1.549332393858e+01,  1.006286144257e-01
  6.201399999857e+01,  6.813479065895e-01,  1.550357403013e+01,  9.370684623718e-02
  6.202500000596e+01,  6.710920929909e-01,  1.551382984373e+01,  8.957505226135e-02
  6.203599999845e+01,  6.606970429420e-01,  1.552422489378e+01,  8.524489402771e-02
  6.204649999738e+01,  6.506205201149e-01,  1.553430141661e+01,  8.095049858093e-02
  6.205699999630e+01,  6.403666138649e-01,  1.554455532286e+01,  7.672762870789e-02
  6.206750001013e+01,  6.298838257790e-01,  1.555503811095e+01,  7.094931602478e-02
  6.207750000060e+01,  6.196261048317e-01,  1.556529583189e+01,  6.520819664001e-02
  6.208699999750e+01,  6.095171570778e-01,  1.557540477965e+01,  6.038737297058e-02
  6.209650000930e+01,  5.990229249001e-01,  1.558589901182e+01,  6.057015061378e-02
  6.210600000620e+01,  5.885897278786e-01,  1.559633220885e+01,  6.081819534302e-02
  6.211599999666e+01,  5.781489014626e-01,  1.560677303526e+01,  5.770874023438e-02
  6.212649999559e+01,  5.678225159645e-01,  1.561709942076e+01,  5.205440521240e-02
  6.213750000298e+01,  5.573797821999e-01,  1.562754215452e+01,  4.545497894287e-02
  6.214850001037e+01,  5.469599366188e-01,  1.563796200011e+01,  3.782939910889e-02
  6.215900000930e+01,  5.366602540016e-01,  1.564826168272e+01,  3.376150131226e-02
  6.216899999976e+01,  5.266085267067e-01,  1.565831341002e+01,  3.222334384918e-02
  6.217900000513e+01,  5.164614319801e-01,  1.566846050474e+01,  2.958547882736e-02
  6.218899999559e+01,  5.063486695290e-01,  1.567857326720e+01,  2.867439202964e-02
  6.219950000942e+01,  4.958849251270e-01,  1.568903701160e+01,  2.558997087181e-02
  6.221000000834e+01,  4.856157600880e-01,  1.569930617664e+01,  2.064803056419e-02
  6.222050000727e+01,  4.752885699272e-01,  1.570963336680e+01,  1.614867523313e-02
  6.223100000620e+01,  4.648477435112e-01,  1.572007419321e+01,  1.419507339597e-02
  6.224150000513e+01,  4.544603228569e-01,  1.573046161387e+01,  1.282056048512e-02
  6.225200000405e+01,  4.441835284233e-01,  1.574073840830e+01,  8.622962981462e-03
  6.226250000298e+01,  4.338228106499e-01,  1.575109912607e+01,  6.719309836626e-03
  6.227250000834e+01,  4.237901568413e-01,  1.576113177988e+01,  4.245240241289e-03
  6.228249999881e+01,  4.136697649956e-01,  1.577125217173e+01,  2.852399135008e-03
  6.229250000417e+01,  4.035493731499e-01,  1.578137256357e+01, -1.221111015184e-04
  6.230250000954e+01,  3.934862017632e-01,  1.579143573496e+01, -2.707522129640e-03
  6.231250000000e+01,  3.834840655327e-01,  1.580143787119e+01, -5.452435463667e-03
  6.232299999893e+01,  3.730089068413e-01,  1.581191302988e+01, -7.055800408125e-03
  6.233349999785e+01,  3.625451922417e-01,  1.582237674448e+01, -9.505551308393e-03
  6.234399999678e+01,  3.521119952202e-01,  1.583280994150e+01, -1.100877299905e-02
  6.235449999571e+01,  3.416826128960e-01,  1.584323932383e+01, -1.273373141885e-02
  6.236500000954e+01,  3.311960101128e-01,  1.585372592661e+01, -1.510432735085e-02
  6.237500000000e+01,  3.210794329643e-01,  1.586384250376e+01, -1.353627815843e-02
  6.238500000536e+01,  3.109552264214e-01,  1.587396671030e+01, -1.238527521491e-02
  6.239499999583e+01,  3.009187579155e-01,  1.588400317881e+01, -1.274326071143e-02
  6.240550000966e+01,  2.904550433159e-01,  1.589446689341e+01, -1.307146623731e-02
  6.241600000858e+01,  2.800523638725e-01,  1.590486957285e+01, -1.208274438977e-02
  6.242650000751e+01,  2.697145342827e-01,  1.591520740244e+01, -1.311608031392e-02
  6.243700000644e+01,  2.593652606010e-01,  1.592555667612e+01, -1.486124470830e-02
  6.244750000536e+01,  2.489511519670e-01,  1.593597078476e+01, -1.411104574800e-02
  6.245800000429e+01,  2.384683638811e-01,  1.594645357284e+01, -1.309265568852e-02
  6.246850000322e+01,  2.280504256487e-01,  1.595687151108e+01, -1.244004443288e-02
  6.247900000215e+01,  2.177062630653e-01,  1.596721567366e+01, -1.303366851062e-02
  6.248950000107e+01,  2.073073983192e-01,  1.597761453841e+01, -1.316073443741e-02
  6.249950000644e+01,  1.972594857216e-01,  1.598766245100e+01, -1.390924956650e-02
  6.250949999690e+01,  1.871505379677e-01,  1.599777139876e+01, -1.365306880325e-02
  6.251950000226e+01,  1.770187020302e-01,  1.600790323469e+01, -1.307144667953e-02
  6.252950000763e+01,  1.669898629189e-01,  1.601793207381e+01, -1.380967628211e-02
  6.254000000656e+01,  1.566253304482e-01,  1.602829660628e+01, -1.278763543814e-02
  6.255050000548e+01,  1.465106606483e-01,  1.603841127608e+01, -1.417184900492e-02
  6.256100000441e+01,  1.364341378212e-01,  1.604848779890e+01, -1.702285744250e-02
  6.257150000334e+01,  1.261516213417e-01,  1.605877031538e+01, -1.783004589379e-02
  6.258150000870e+01,  1.160579249263e-01,  1.606886401180e+01, -1.590267010033e-02
  6.259149999917e+01,  1.058612391353e-01,  1.607906069759e+01, -1.502409484237e-02
  6.260150000453e+01,  9.568362683058e-02,  1.608923830989e+01, -1.527205016464e-02
  6.261150000989e+01,  8.559756726027e-02,  1.609932436946e+01, -1.436594035476e-02
  6.262200000882e+01,  7.513766735792e-02,  1.610978426937e+01, -1.583641581237e-02
  6.263250000775e+01,  6.482654064894e-02,  1.612009539608e+01, -1.698970608413e-02
  6.264300000668e+01,  5.446201190352e-02,  1.613045992482e+01, -1.811307482421e-02
  6.265299999714e+01,  4.445987567306e-02,  1.614046206105e+01, -1.521357800812e-02
  6.266349999607e+01,  3.413158282638e-02,  1.615079035390e+01, -1.113375928253e-02
  6.267499999702e+01,  2.372127212584e-02,  1.616120066460e+01, -6.410209927708e-03
  6.268850000203e+01,  1.361423172057e-02,  1.617130770500e+01, -4.086105618626e-03
  6.271000000834e+01,  3.529126057401e-03,  1.618139281067e+01, -6.035114172846e-03
  6.271400000155e+01,  2.435261616483e-03,  1.618248667511e+01, -6.705547217280e-03
  6.271500000358e+01,  2.188259968534e-03,  1.618273367676e+01, -6.946349982172e-03
  6.272300000489e+01,  5.972451181151e-04,  1.618432469161e+01, -8.983482606709e-03
  6.272599999607e+01,  1.375740976073e-04,  1.618478436263e+01, -9.650100953877e-03
  6.298200000823e+01, -2.192046958953e-03,  1.618711398368e+01, -1.154445111752e-02
  6.298300001025e+01, -2.184611279517e-03,  1.618710654800e+01, -1.162670552731e-02
