           Test time,     Standard travel,     Tool separation,      Standard force
                 0.0,                 0.0,  3.110193057092e+01, -3.445968963206e-03
                 0.0,                 0.0,  3.110193331646e+01, -3.428325988352e-03
                 0.0,                 0.0,  3.110193945946e+01, -2.294042147696e-03
                 0.0,                 0.0,  3.110194987165e+01, -1.590468804352e-03
                 0.0,                 0.0,  3.110195395457e+01, -1.487471978180e-03
                 0.0,                 0.0,  3.115857924256e+01, -1.984098227695e-03
  0.000000000000e+00,  0.000000000000e+00,  3.115857638153e+01, -1.690783770755e-03
  8.000000147149e-03, -9.122770279646e-06,  3.115858550430e+01, -1.802197890356e-03
  1.100000017323e-02, -1.357821747661e-05,  3.115858995974e+01, -1.975528197363e-03
  1.300000003539e-02, -9.546522051096e-06,  3.115858592805e+01, -2.033210592344e-03
  1.400000019930e-02, -6.983522325754e-06,  3.115858336505e+01, -1.994288759306e-03
  1.145000001416e-01, -5.420646630228e-06,  3.115858180217e+01, -1.633412437513e-03
  2.145000000019e-01,  9.383150427311e-06,  3.115856699838e+01, -1.639824913582e-04
  3.145000000950e-01, -8.584011993662e-06,  3.115858496554e+01, -1.517704571597e-03
  4.145000001881e-01,  9.866723557934e-04,  3.115758970917e+01, -3.749600611627e-03
  4.670000001788e-01,  1.107130106539e-02,  3.114750508046e+01,  7.621654309332e-03
  4.845000000205e-01,  2.107248455286e-02,  3.113750389697e+01,  2.429235726595e-02
  4.945000000298e-01,  3.120432049036e-02,  3.112737206104e+01,  4.280523210764e-02
  5.020000000950e-01,  4.138956218958e-02,  3.111718681934e+01,  4.001883417368e-02
  5.090000000782e-01,  5.208597332239e-02,  3.110649040820e+01,  4.301527887583e-02
  5.155000002123e-01,  6.264124065638e-02,  3.109593514087e+01,  4.668787866831e-02
  5.220000001136e-01,  7.337579876184e-02,  3.108520058276e+01,  5.162028223276e-02
  5.285000000149e-01,  8.397684246302e-02,  3.107459953906e+01,  5.669764429331e-02
  5.350000001490e-01,  9.413919597864e-02,  3.106443718555e+01,  6.681040674448e-02
  5.420000001322e-01,  1.044007316232e-01,  3.105417564990e+01,  6.709430366755e-02
  5.500000000466e-01,  1.147690787911e-01,  3.104380730273e+01,  8.946750313044e-02
  5.585000000428e-01,  1.252442300320e-01,  3.103333215149e+01,  1.117529645562e-01
  5.665000001900e-01,  1.353150308132e-01,  3.102326135071e+01,  1.246084943414e-01
  5.745000001043e-01,  1.456223428249e-01,  3.101295403870e+01,  1.370901912451e-01
  5.825000000186e-01,  1.560860574245e-01,  3.100249032410e+01,  1.558928340673e-01
  5.900000000838e-01,  1.664887368679e-01,  3.099208764466e+01,  1.747717708349e-01
  5.970000000671e-01,  1.769371926785e-01,  3.098163918885e+01,  1.823305934668e-01
  6.040000000503e-01,  1.874619424343e-01,  3.097111443909e+01,  1.860604137182e-01
  6.115000001155e-01,  1.980019509792e-01,  3.096057443055e+01,  1.972718089819e-01
  6.195000000298e-01,  2.081681191921e-01,  3.095040826233e+01,  2.126259654760e-01
  6.285000001080e-01,  2.183838784695e-01,  3.094019250306e+01,  2.271809428930e-01
  6.395000000484e-01,  2.286966294050e-01,  3.092987975212e+01,  2.338987588882e-01
  6.545000001788e-01,  2.387464493513e-01,  3.091982993217e+01,  2.684026956558e-01
  6.685000001453e-01,  2.490117996931e-01,  3.090956458183e+01,  2.901884317398e-01
  6.795000000857e-01,  2.590940594673e-01,  3.089948232206e+01,  3.037496805191e-01
  6.890000000130e-01,  2.691190838814e-01,  3.088945729764e+01,  3.151746988297e-01
  6.980000000913e-01,  2.792318463326e-01,  3.087934453519e+01,  3.236204385757e-01
  7.075000000186e-01,  2.897565960884e-01,  3.086881978544e+01,  3.346487283707e-01
  7.175000000279e-01,  3.002279400826e-01,  3.085834844144e+01,  3.480421304703e-01
  7.280000001192e-01,  3.103368878365e-01,  3.084823949369e+01,  3.621565103531e-01
  7.395000001416e-01,  3.203485608101e-01,  3.083822782072e+01,  3.798528909683e-01
  7.520000000950e-01,  3.306844830513e-01,  3.082789189847e+01,  4.012113809586e-01
  7.640000001993e-01,  3.410165905952e-01,  3.081755979093e+01,  4.200483560562e-01
  7.750000001397e-01,  3.514478802681e-01,  3.080712850126e+01,  4.367758035660e-01
  7.845000000671e-01,  3.614881634712e-01,  3.079708821805e+01,  4.517103433609e-01
  7.935000001453e-01,  3.719061017036e-01,  3.078667027982e+01,  4.648863077164e-01
  8.020000001416e-01,  3.822286725044e-01,  3.077634770902e+01,  4.780241250992e-01
  8.105000001378e-01,  3.926084637642e-01,  3.076596791776e+01,  4.889761209488e-01
  8.195000002161e-01,  4.031065106392e-01,  3.075546987089e+01,  5.033422708511e-01
  8.290000001434e-01,  4.133337140083e-01,  3.074524266752e+01,  5.176397562027e-01
  8.395000000019e-01,  4.235761761665e-01,  3.073500020536e+01,  5.351835489273e-01
  8.505000001751e-01,  4.337366223335e-01,  3.072483975919e+01,  5.570150613785e-01
  8.615000001155e-01,  4.441660046577e-01,  3.071441037687e+01,  5.751043558121e-01
  8.720000002068e-01,  4.545515179634e-01,  3.070402486356e+01,  5.937124490738e-01
  8.820000002161e-01,  4.647482037544e-01,  3.069382817777e+01,  6.081625223160e-01
  8.919999999925e-01,  4.747896492481e-01,  3.068378673228e+01,  6.249545812607e-01
  9.025000000838e-01,  4.851007759571e-01,  3.067347560557e+01,  6.418346166611e-01
  9.130000001751e-01,  4.952841103077e-01,  3.066329227122e+01,  6.608737707138e-01
  9.235000000335e-01,  5.056524872780e-01,  3.065292389425e+01,  6.752589941025e-01
  9.340000001248e-01,  5.160933136940e-01,  3.064248306783e+01,  6.939929723740e-01
  9.440000001341e-01,  5.261641144753e-01,  3.063241226705e+01,  7.079585790634e-01
  9.544999999925e-01,  5.366583466530e-01,  3.062191803487e+01,  7.256015539169e-01
  9.650000000838e-01,  5.470915436745e-01,  3.061148483785e+01,  7.428821325302e-01
  9.755000001751e-01,  5.575247406960e-01,  3.060105164083e+01,  7.601474523544e-01
  9.855000001844e-01,  5.675383210182e-01,  3.059103806051e+01,  7.768443822861e-01
  9.955000001937e-01,  5.776167511940e-01,  3.058095963033e+01,  7.938045263290e-01
  1.006000000052e+00,  5.880804657936e-01,  3.057049591573e+01,  8.115657567978e-01
  1.016500000143e+00,  5.984526276588e-01,  3.056012375387e+01,  8.296359777451e-01
  1.027000000002e+00,  6.087866425514e-01,  3.054978973897e+01,  8.488887548447e-01
  1.037500000093e+00,  6.192656159401e-01,  3.053931076559e+01,  8.668292760849e-01
  1.047500000102e+00,  6.293593049049e-01,  3.052921707662e+01,  8.836063146591e-01
  1.057500000112e+00,  6.395178437233e-01,  3.051905853780e+01,  9.007343053818e-01
  1.067500000121e+00,  6.496344208717e-01,  3.050894196065e+01,  9.166034460068e-01
  1.077500000130e+00,  6.596708893776e-01,  3.049890549215e+01,  9.337276220322e-01
  1.087999999989e+00,  6.701460480690e-01,  3.048843033346e+01,  9.522784948349e-01
  1.097999999998e+00,  6.801748871803e-01,  3.047840149435e+01,  9.698375463486e-01
  1.108000000007e+00,  6.902380585670e-01,  3.046833832296e+01,  9.863513708115e-01
  1.118500000099e+00,  7.007017731667e-01,  3.045787460836e+01,  1.005390524864e+00
  1.129000000190e+00,  7.110396027565e-01,  3.044753677877e+01,  1.022926688194e+00
  1.139500000048e+00,  7.212894558907e-01,  3.043728692564e+01,  1.041335940361e+00
  1.150000000140e+00,  7.314746975899e-01,  3.042710168394e+01,  1.058929324150e+00
  1.160499999998e+00,  7.417781949043e-01,  3.041679818662e+01,  1.077327609062e+00
  1.170500000007e+00,  7.518299221992e-01,  3.040674645933e+01,  1.095641970634e+00
  1.180500000017e+00,  7.620342373848e-01,  3.039654214414e+01,  1.112483859062e+00
  1.190500000026e+00,  7.721813321114e-01,  3.038639504941e+01,  1.128826022148e+00
  1.201000000117e+00,  7.826488614082e-01,  3.037592752012e+01,  1.147899508476e+00
  1.211500000209e+00,  7.929752469063e-01,  3.036560113462e+01,  1.167365908623e+00
  1.222000000067e+00,  8.033035397530e-01,  3.035527284177e+01,  1.185882449150e+00
  1.232500000158e+00,  8.137672543526e-01,  3.034480912717e+01,  1.204753756523e+00
  1.242500000168e+00,  8.239143490791e-01,  3.033466203245e+01,  1.223949313164e+00
  1.252500000177e+00,  8.340957760811e-01,  3.032448060544e+01,  1.241969943047e+00
  1.262500000186e+00,  8.442047238350e-01,  3.031437165769e+01,  1.259921908379e+00
  1.272500000196e+00,  8.542793393135e-01,  3.030429704221e+01,  1.277892947197e+00
  1.282500000205e+00,  8.643310666084e-01,  3.029424531492e+01,  1.295650362968e+00
  1.293000000063e+00,  8.748062252998e-01,  3.028377015623e+01,  1.315822482109e+00
  1.303000000073e+00,  8.848884701729e-01,  3.027368791135e+01,  1.335044741631e+00
  1.313000000082e+00,  8.950088620186e-01,  3.026356751951e+01,  1.353050112724e+00
  1.323500000173e+00,  9.054878354073e-01,  3.025308854612e+01,  1.373237490654e+00
  1.334000000032e+00,  9.159401059151e-01,  3.024263627561e+01,  1.392677187920e+00
  1.344000000041e+00,  9.259689450264e-01,  3.023260743650e+01,  1.408527255058e+00
  1.354000000050e+00,  9.359863400459e-01,  3.022259004148e+01,  1.425670504570e+00
  1.364000000060e+00,  9.459999203682e-01,  3.021257646116e+01,  1.443523287773e+00
  1.374000000069e+00,  9.560020565987e-01,  3.020257432493e+01,  1.461044192314e+00
  1.384500000160e+00,  9.664352536201e-01,  3.019214112791e+01,  1.480895876884e+00
  1.395000000019e+00,  9.768190383911e-01,  3.018175734313e+01,  1.498877525330e+00
  1.405500000110e+00,  9.871358871460e-01,  3.017144049438e+01,  1.517767906189e+00
  1.416000000201e+00,  9.974126815796e-01,  3.016116369995e+01,  1.536398887634e+00
  1.426500000060e+00,  1.007719993591e+00,  3.015085638793e+01,  1.555216789246e+00
  1.437000000151e+00,  1.018088340759e+00,  3.014048804077e+01,  1.575179100037e+00
  1.447500000009e+00,  1.028517723083e+00,  3.013005865844e+01,  1.594721794128e+00
  1.457500000019e+00,  1.038554191589e+00,  3.012002218994e+01,  1.612322807312e+00
  1.467500000028e+00,  1.048705101013e+00,  3.010987128051e+01,  1.631232261658e+00
  1.477500000037e+00,  1.058913230896e+00,  3.009966315063e+01,  1.648043632507e+00
  1.487500000047e+00,  1.069079399109e+00,  3.008949698242e+01,  1.665247917175e+00
  1.497500000056e+00,  1.079138755798e+00,  3.007943762573e+01,  1.684855461121e+00
  1.508000000147e+00,  1.089621543884e+00,  3.006895483764e+01,  1.704508781433e+00
  1.518000000156e+00,  1.099627494812e+00,  3.005894888671e+01,  1.722174644470e+00
  1.528000000166e+00,  1.109690666199e+00,  3.004888571533e+01,  1.740534782410e+00
  1.538000000175e+00,  1.119803428650e+00,  3.003877295288e+01,  1.758379936218e+00
  1.548000000184e+00,  1.129958152771e+00,  3.002861822875e+01,  1.775790214539e+00
  1.558000000194e+00,  1.140177726746e+00,  3.001839865478e+01,  1.794054985046e+00
  1.568000000203e+00,  1.150351524353e+00,  3.000822485717e+01,  1.812819480896e+00
  1.578000000212e+00,  1.160365104675e+00,  2.999821127685e+01,  1.831725120544e+00
  1.588500000071e+00,  1.170836448669e+00,  2.998773993286e+01,  1.852221488953e+00
  1.598500000080e+00,  1.180891990662e+00,  2.997768439086e+01,  1.870276451111e+00
  1.608500000089e+00,  1.191000938416e+00,  2.996757544311e+01,  1.888464927673e+00
  1.618500000099e+00,  1.201064109802e+00,  2.995751227172e+01,  1.906218528748e+00
  1.628500000108e+00,  1.211146354675e+00,  2.994743002685e+01,  1.924033164978e+00
  1.638500000117e+00,  1.221228718758e+00,  2.993734766277e+01,  1.941244602203e+00
  1.648500000127e+00,  1.231230854988e+00,  2.992734552654e+01,  1.959497928619e+00
  1.659000000218e+00,  1.241679310799e+00,  2.991689707073e+01,  1.978319644928e+00
  1.668999999994e+00,  1.251734852791e+00,  2.990684152874e+01,  1.995146274567e+00
  1.679000000004e+00,  1.261843800545e+00,  2.989673258098e+01,  2.012178897858e+00
  1.689000000013e+00,  1.271922230721e+00,  2.988665415081e+01,  2.030916690826e+00
  1.699000000022e+00,  1.281935811043e+00,  2.987664057048e+01,  2.049215793610e+00
  1.709500000114e+00,  1.292407155037e+00,  2.986616922649e+01,  2.068689823151e+00
  1.720000000205e+00,  1.302889943123e+00,  2.985568643840e+01,  2.088537693024e+00
  1.730500000063e+00,  1.313346028328e+00,  2.984523035320e+01,  2.107542514801e+00
  1.741000000155e+00,  1.323763966560e+00,  2.983481241497e+01,  2.124239444733e+00
  1.751500000013e+00,  1.334178090096e+00,  2.982439829143e+01,  2.140905857086e+00
  1.762000000104e+00,  1.344584584236e+00,  2.981399179729e+01,  2.157598972321e+00
  1.772500000196e+00,  1.354872822762e+00,  2.980370355876e+01,  2.176252841949e+00
  1.783000000054e+00,  1.365229725838e+00,  2.979334665569e+01,  2.195814609528e+00
  1.793000000063e+00,  1.375296711922e+00,  2.978327966960e+01,  2.214663028717e+00
  1.803000000073e+00,  1.385489583015e+00,  2.977308679851e+01,  2.232847690582e+00
  1.813000000082e+00,  1.395659565926e+00,  2.976291681560e+01,  2.251116275787e+00
  1.823000000091e+00,  1.405795216560e+00,  2.975278116497e+01,  2.269625186920e+00
  1.833000000101e+00,  1.415804982185e+00,  2.974277139934e+01,  2.287481784821e+00
  1.843500000192e+00,  1.426177144051e+00,  2.973239923748e+01,  2.308092594147e+00
  1.854000000050e+00,  1.436572194099e+00,  2.972200418743e+01,  2.328493595123e+00
  1.864000000060e+00,  1.446578145027e+00,  2.971199823650e+01,  2.348921298981e+00
  1.874000000069e+00,  1.456748127937e+00,  2.970182825359e+01,  2.367178440094e+00
  1.884000000078e+00,  1.466937184334e+00,  2.969163919719e+01,  2.386541843414e+00
  1.894000000088e+00,  1.477048158646e+00,  2.968152822288e+01,  2.405395269394e+00
  1.904000000097e+00,  1.487065553665e+00,  2.967151082786e+01,  2.424766302109e+00
  1.914000000106e+00,  1.497136354446e+00,  2.966144002708e+01,  2.442928075790e+00
  1.924000000115e+00,  1.507203340530e+00,  2.965137304100e+01,  2.461108922958e+00
  1.934500000207e+00,  1.517701387405e+00,  2.964087499412e+01,  2.481063604355e+00
  1.945000000065e+00,  1.528142213821e+00,  2.963043416770e+01,  2.500735998154e+00
  1.955500000156e+00,  1.538548707962e+00,  2.962002767356e+01,  2.522231817245e+00
  1.966000000015e+00,  1.548989534378e+00,  2.960958684715e+01,  2.542236089706e+00
  1.976500000106e+00,  1.559491395950e+00,  2.959908498558e+01,  2.563701391220e+00
  1.986500000115e+00,  1.569703340530e+00,  2.958887304100e+01,  2.581828832626e+00
  1.996500000125e+00,  1.579869508743e+00,  2.957870687278e+01,  2.599311590195e+00
  2.007000000216e+00,  1.590281724930e+00,  2.956829465660e+01,  2.618205785751e+00
  2.017500000075e+00,  1.600484132767e+00,  2.955809224876e+01,  2.639083623886e+00
  2.028000000166e+00,  1.610789537430e+00,  2.954778684410e+01,  2.658328771591e+00
  2.038000000175e+00,  1.620795488358e+00,  2.953778089317e+01,  2.676479101181e+00
  2.048000000184e+00,  1.631018877029e+00,  2.952755750450e+01,  2.694186925888e+00
  2.058000000194e+00,  1.641333818436e+00,  2.951724256309e+01,  2.712722539902e+00
  2.068000000203e+00,  1.651496171951e+00,  2.950708020957e+01,  2.732017278671e+00
  2.078500000061e+00,  1.661902666092e+00,  2.949667371543e+01,  2.751891851425e+00
  2.089000000153e+00,  1.672095537186e+00,  2.948648084434e+01,  2.774024724960e+00
  2.099500000011e+00,  1.682364702225e+00,  2.947621167930e+01,  2.795844793320e+00
  2.109500000020e+00,  1.692382097244e+00,  2.946619428428e+01,  2.815601110458e+00
  2.119500000030e+00,  1.702651262283e+00,  2.945592511924e+01,  2.833095312119e+00
  2.129500000039e+00,  1.712889909744e+00,  2.944568647178e+01,  2.851855993271e+00
  2.139500000048e+00,  1.722913384438e+00,  2.943566299709e+01,  2.871077299118e+00
  2.150000000140e+00,  1.733184456825e+00,  2.942539192470e+01,  2.891413450241e+00
  2.160499999998e+00,  1.743245720863e+00,  2.941533066066e+01,  2.912325620651e+00
  2.171000000089e+00,  1.753333687782e+00,  2.940524269374e+01,  2.934233427048e+00
  2.181500000181e+00,  1.763713479042e+00,  2.939486290248e+01,  2.954977750778e+00
  2.191500000190e+00,  1.773921608925e+00,  2.938465477260e+01,  2.972563505173e+00
  2.201500000199e+00,  1.784289956093e+00,  2.937428642543e+01,  2.991808652878e+00
  2.211500000209e+00,  1.794658303261e+00,  2.936391807827e+01,  3.010149717331e+00
  2.221500000218e+00,  1.804820656776e+00,  2.935375572475e+01,  3.029619932175e+00
  2.232000000076e+00,  1.815208077431e+00,  2.934336830410e+01,  3.050982236862e+00
  2.242500000168e+00,  1.825418114662e+00,  2.933315826686e+01,  3.072054624557e+00
  2.253000000026e+00,  1.835635781288e+00,  2.932294060024e+01,  3.092505216599e+00
  2.263500000117e+00,  1.845988869667e+00,  2.931258751186e+01,  3.113600492477e+00
  2.273500000127e+00,  1.856067299843e+00,  2.930250908168e+01,  3.133192777634e+00
  2.283500000136e+00,  1.866305947304e+00,  2.929227043422e+01,  3.152933835983e+00
  2.293500000145e+00,  1.876605629921e+00,  2.928197075160e+01,  3.173510313034e+00
  2.303500000155e+00,  1.886821389198e+00,  2.927175499233e+01,  3.193468809128e+00
  2.313500000164e+00,  1.896957039833e+00,  2.926161934169e+01,  3.212137937546e+00
  2.324000000022e+00,  1.907447457314e+00,  2.925112892421e+01,  3.231291532516e+00
  2.334500000114e+00,  1.917729973793e+00,  2.924084640773e+01,  3.253195524216e+00
  2.345000000205e+00,  1.927882790565e+00,  2.923069359096e+01,  3.275656461716e+00
  2.355500000063e+00,  1.938132882118e+00,  2.922044349941e+01,  3.297072172165e+00
  2.366000000155e+00,  1.948501229286e+00,  2.921007515224e+01,  3.319205045700e+00
  2.376500000013e+00,  1.958945870399e+00,  2.919963051113e+01,  3.339655637741e+00
  2.386500000022e+00,  1.968974709511e+00,  2.918960167202e+01,  3.358923673630e+00
  2.396500000032e+00,  1.978991031647e+00,  2.917958534988e+01,  3.378209829330e+00
  2.407000000123e+00,  1.989416599274e+00,  2.916915978225e+01,  3.400556325912e+00
  2.417500000214e+00,  1.999857425690e+00,  2.915871895584e+01,  3.422490835190e+00
  2.427499999991e+00,  2.009878635406e+00,  2.914869774612e+01,  3.442533254623e+00
  2.437500000000e+00,  2.019964694977e+00,  2.913861168655e+01,  3.461084127426e+00
  2.447500000009e+00,  2.030043125153e+00,  2.912853325637e+01,  3.479303121567e+00
  2.457500000019e+00,  2.040056705475e+00,  2.911851967605e+01,  3.498494863510e+00
  2.468000000110e+00,  2.050405979156e+00,  2.910817040237e+01,  3.519078969955e+00
  2.478500000201e+00,  2.060642719269e+00,  2.909793366226e+01,  3.540319204330e+00
  2.489000000060e+00,  2.070888996124e+00,  2.908768738540e+01,  3.561727285385e+00
  2.499500000151e+00,  2.081245899200e+00,  2.907733048233e+01,  3.582875967026e+00
  2.510000000009e+00,  2.091743946075e+00,  2.906683243545e+01,  3.604413747787e+00
  2.520000000019e+00,  2.101780414581e+00,  2.905679596694e+01,  3.624490499496e+00
  2.530000000028e+00,  2.111855030060e+00,  2.904672135147e+01,  3.645539999008e+00
  2.540000000037e+00,  2.121906757355e+00,  2.903666962417e+01,  3.667512655258e+00
  2.550000000047e+00,  2.131924152374e+00,  2.902665222915e+01,  3.688447713852e+00
  2.560500000138e+00,  2.142357349396e+00,  2.901621903213e+01,  3.709634542465e+00
  2.570999999996e+00,  2.152805805206e+00,  2.900577057632e+01,  3.731363058090e+00
  2.581000000006e+00,  2.162827014923e+00,  2.899574936660e+01,  3.751409292221e+00
  2.591000000015e+00,  2.172890186310e+00,  2.898568619522e+01,  3.771100759506e+00
  2.601000000024e+00,  2.182911396027e+00,  2.897566498550e+01,  3.791066884995e+00
  2.611500000115e+00,  2.193409442902e+00,  2.896516693862e+01,  3.813215017319e+00
  2.621500000125e+00,  2.203423023224e+00,  2.895515335830e+01,  3.834005117416e+00
  2.632000000216e+00,  2.213924884796e+00,  2.894465149673e+01,  3.856046438217e+00
  2.641999999993e+00,  2.223938226700e+00,  2.893463815483e+01,  3.876192331314e+00
  2.652000000002e+00,  2.233970880508e+00,  2.892460550102e+01,  3.896753549576e+00
  2.662500000093e+00,  2.244446039200e+00,  2.891413034233e+01,  3.918108224869e+00
  2.673000000184e+00,  2.254780054092e+00,  2.890379632743e+01,  3.940004587173e+00
  2.683500000043e+00,  2.265089273453e+00,  2.889348710807e+01,  3.961641550064e+00
  2.694000000134e+00,  2.275554895401e+00,  2.888302148612e+01,  3.983820199966e+00
  2.704000000143e+00,  2.285701990128e+00,  2.887287439140e+01,  4.003026962280e+00
  2.714000000153e+00,  2.295910120010e+00,  2.886266626152e+01,  4.021322250366e+00
  2.724000000162e+00,  2.306026697159e+00,  2.885254968437e+01,  4.040624618530e+00
  2.734500000020e+00,  2.316490411758e+00,  2.884208596977e+01,  4.062116622925e+00
  2.745000000112e+00,  2.326824426651e+00,  2.883175195487e+01,  4.083951950073e+00
  2.755500000203e+00,  2.337110757828e+00,  2.882146562370e+01,  4.106618881226e+00
  2.766000000061e+00,  2.347469568253e+00,  2.881110681327e+01,  4.130956649780e+00
  2.776000000071e+00,  2.357506036758e+00,  2.880107034477e+01,  4.152124404907e+00
  2.786000000080e+00,  2.367584466934e+00,  2.879099191459e+01,  4.172410964966e+00
  2.796500000171e+00,  2.378059625626e+00,  2.878051675590e+01,  4.194337844849e+00
  2.807000000030e+00,  2.388447046280e+00,  2.877012933525e+01,  4.216005325317e+00
  2.817500000121e+00,  2.398803949356e+00,  2.875977243217e+01,  4.238077163696e+00
  2.828000000212e+00,  2.409237146378e+00,  2.874933923515e+01,  4.260461807251e+00
  2.837999999989e+00,  2.419277429581e+00,  2.873929895195e+01,  4.281724929810e+00
  2.847999999998e+00,  2.429371118546e+00,  2.872920526298e+01,  4.302015304565e+00
  2.858000000007e+00,  2.439403772354e+00,  2.871917260917e+01,  4.323240280151e+00
  2.868500000099e+00,  2.449859857559e+00,  2.870871652397e+01,  4.344221115112e+00
  2.879000000190e+00,  2.460075616837e+00,  2.869850076469e+01,  4.362714767456e+00
  2.890000000130e+00,  2.470214128494e+00,  2.868836225303e+01,  4.382318019867e+00
  2.902500000084e+00,  2.480426073074e+00,  2.867815030845e+01,  4.401402950287e+00
  2.918500000145e+00,  2.490470170975e+00,  2.866810621055e+01,  4.418969631195e+00
  2.939000000013e+00,  2.497683286667e+00,  2.866089309486e+01,  4.436528682709e+00
  3.039000000106e+00,  2.502762794495e+00,  2.865581358703e+01,  4.439421176910e+00
  3.139000000199e+00,  2.502328395844e+00,  2.865624798568e+01,  4.429967880249e+00
  3.239000000060e+00,  2.501682043076e+00,  2.865689433845e+01,  4.418341159821e+00
  3.339000000153e+00,  2.501153469086e+00,  2.865742291244e+01,  4.409642219543e+00
  3.439000000013e+00,  2.500764846802e+00,  2.865781153472e+01,  4.403685569763e+00
  3.539000000106e+00,  2.500497102737e+00,  2.865807927879e+01,  4.395205974579e+00
  3.639000000199e+00,  2.500294923782e+00,  2.865828145774e+01,  4.388037204742e+00
  3.739000000060e+00,  2.500162601471e+00,  2.865841378005e+01,  4.381023406982e+00
  3.839000000153e+00,  2.500104188919e+00,  2.865847219261e+01,  4.374190807343e+00
  3.939000000013e+00,  2.500002622604e+00,  2.865857375892e+01,  4.370439052582e+00
  4.039000000106e+00,  2.500008583069e+00,  2.865856779846e+01,  4.364725112915e+00
  4.139000000199e+00,  2.500002384186e+00,  2.865857399734e+01,  4.358779907227e+00
  4.239000000060e+00,  2.499990940094e+00,  2.865858544143e+01,  4.355448246002e+00
  4.339000000153e+00,  2.499960899353e+00,  2.865861548217e+01,  4.352003097534e+00
  4.439000000013e+00,  2.499954462051e+00,  2.865862191947e+01,  4.347455978394e+00
  4.539000000106e+00,  2.499987363815e+00,  2.865858901771e+01,  4.343768119812e+00
  4.639000000199e+00,  2.499990701675e+00,  2.865858567985e+01,  4.339311599731e+00
  4.739000000060e+00,  2.500000953674e+00,  2.865857542785e+01,  4.336610317230e+00
  4.839000000153e+00,  2.500024795532e+00,  2.865855158599e+01,  4.328575134277e+00
  4.939000000013e+00,  2.499982357025e+00,  2.865859402450e+01,  4.330309391022e+00
  5.039000000106e+00,  2.500047922134e+00,  2.865852845939e+01,  4.323906898499e+00
  5.139000000199e+00,  2.500011444092e+00,  2.865856493743e+01,  4.321423530579e+00
  5.239000000060e+00,  2.500006198883e+00,  2.865857018264e+01,  4.317771434784e+00
  5.339000000153e+00,  2.499993562698e+00,  2.865858281883e+01,  4.316720008850e+00
  5.439000000013e+00,  2.500022888184e+00,  2.865855349334e+01,  4.310830593109e+00
  5.539000000106e+00,  2.500004291534e+00,  2.865857208999e+01,  4.312668800354e+00
  5.639000000199e+00,  2.499996185303e+00,  2.865858019622e+01,  4.305937290192e+00
  5.739000000060e+00,  2.500023841858e+00,  2.865855253967e+01,  4.306027889252e+00
  5.839000000153e+00,  2.499999284744e+00,  2.865857709678e+01,  4.299726486206e+00
  5.939000000013e+00,  2.500024557114e+00,  2.865855182441e+01,  4.297091960907e+00
  6.039000000106e+00,  2.499991416931e+00,  2.865858496459e+01,  4.298841476440e+00
  6.139000000199e+00,  2.500024557114e+00,  2.865855182441e+01,  4.296116352081e+00
  6.239000000060e+00,  2.500017404556e+00,  2.865855897697e+01,  4.292421817780e+00
  6.339000000153e+00,  2.500013589859e+00,  2.865856279167e+01,  4.292500972748e+00
  6.439000000013e+00,  2.499992847443e+00,  2.865858353408e+01,  4.285654544830e+00
  6.539000000106e+00,  2.500005722046e+00,  2.865857065948e+01,  4.286592960358e+00
  6.639000000199e+00,  2.500038862228e+00,  2.865853751930e+01,  4.283691406250e+00
  6.739000000060e+00,  2.500005960464e+00,  2.865857042106e+01,  4.279689788818e+00
  6.839000000153e+00,  2.500030755997e+00,  2.865854562553e+01,  4.279100418091e+00
  6.939000000013e+00,  2.500000953674e+00,  2.865857542785e+01,  4.274269104004e+00
  7.039000000106e+00,  2.499999761581e+00,  2.865857661994e+01,  4.271848678589e+00
  7.139000000199e+00,  2.499999284744e+00,  2.865857709678e+01,  4.268882751465e+00
  7.239000000060e+00,  2.500037908554e+00,  2.865853847297e+01,  4.270872592926e+00
  7.339000000153e+00,  2.500039577484e+00,  2.865853680404e+01,  4.272009372711e+00
  7.439000000013e+00,  2.500000238419e+00,  2.865857614311e+01,  4.262706756592e+00
  7.539000000106e+00,  2.499996900558e+00,  2.865857948097e+01,  4.262527465820e+00
  7.639000000199e+00,  2.500010490417e+00,  2.865856589111e+01,  4.264748573303e+00
  7.739000000060e+00,  2.500025749207e+00,  2.865855063232e+01,  4.261683464050e+00
  7.839000000153e+00,  2.500001192093e+00,  2.865857518943e+01,  4.254809379578e+00
  7.939000000013e+00,  2.500008106232e+00,  2.865856827529e+01,  4.255861282349e+00
  8.039000000106e+00,  2.500009536743e+00,  2.865856684478e+01,  4.254663944244e+00
  8.139000000199e+00,  2.500031471252e+00,  2.865854491027e+01,  4.249918460846e+00
  8.239000000060e+00,  2.500012159348e+00,  2.865856422218e+01,  4.249325752258e+00
  8.339000000153e+00,  2.500036001205e+00,  2.865854038032e+01,  4.247498989105e+00
  8.439000000013e+00,  2.499992847443e+00,  2.865858353408e+01,  4.248956680298e+00
  8.539000000106e+00,  2.500012397766e+00,  2.865856398376e+01,  4.240560054779e+00
  8.639000000199e+00,  2.500016689301e+00,  2.865855969223e+01,  4.243487834930e+00
  8.739000000060e+00,  2.500004529953e+00,  2.865857185157e+01,  4.239331245422e+00
  8.839000000153e+00,  2.500004529953e+00,  2.865857185157e+01,  4.239666938782e+00
  8.939000000013e+00,  2.499984502792e+00,  2.865859187873e+01,  4.235357284546e+00
  9.039000000106e+00,  2.499998331070e+00,  2.865857805046e+01,  4.235918998718e+00
  9.139000000199e+00,  2.500016450882e+00,  2.865855993064e+01,  4.237596035004e+00
  9.239000000060e+00,  2.499996185303e+00,  2.865858019622e+01,  4.230904102325e+00
  9.339000000153e+00,  2.500001430511e+00,  2.865857495101e+01,  4.229836463928e+00
  9.439000000013e+00,  2.499999284744e+00,  2.865857709678e+01,  4.232260704041e+00
  9.539000000106e+00,  2.500012874603e+00,  2.865856350692e+01,  4.229156970978e+00
  9.639000000199e+00,  2.500031232834e+00,  2.865854514869e+01,  4.225649833679e+00
  9.739000000060e+00,  2.499998092651e+00,  2.865857828887e+01,  4.223455905914e+00
  9.839000000153e+00,  2.499996185303e+00,  2.865858019622e+01,  4.224325656891e+00
  9.939000000013e+00,  2.500010728836e+00,  2.865856565269e+01,  4.221590995789e+00
  1.003900000011e+01,  2.500010013580e+00,  2.865856636795e+01,  4.215948104858e+00
  1.013900000020e+01,  2.500025272369e+00,  2.865855110916e+01,  4.218116760254e+00
  1.023900000006e+01,  2.500012874603e+00,  2.865856350692e+01,  4.218210220337e+00
  1.033900000015e+01,  2.500025987625e+00,  2.865855039390e+01,  4.213020324707e+00
  1.043900000001e+01,  2.499998569489e+00,  2.865857781204e+01,  4.212991714478e+00
  1.053900000011e+01,  2.500007867813e+00,  2.865856851371e+01,  4.212101459503e+00
  1.063900000020e+01,  2.500010728836e+00,  2.865856565269e+01,  4.212905406952e+00
  1.073900000006e+01,  2.500000238419e+00,  2.865857614311e+01,  4.207973957062e+00
  1.083900000015e+01,  2.499999284744e+00,  2.865857709678e+01,  4.205591201782e+00
  1.093900000001e+01,  2.499989032745e+00,  2.865858734878e+01,  4.207303524017e+00
  1.103900000011e+01,  2.500015258789e+00,  2.865856112274e+01,  4.203083992004e+00
  1.113900000020e+01,  2.500025987625e+00,  2.865855039390e+01,  4.202259063721e+00
  1.123900000006e+01,  2.500009536743e+00,  2.865856684478e+01,  4.198122024536e+00
  1.133900000015e+01,  2.499992132187e+00,  2.865858424934e+01,  4.202157497406e+00
  1.143900000001e+01,  2.500009059906e+00,  2.865856732162e+01,  4.200898170471e+00
  1.153900000011e+01,  2.499979972839e+00,  2.865859640869e+01,  4.195837020874e+00
  1.163900000020e+01,  2.499983549118e+00,  2.865859283241e+01,  4.198276996613e+00
  1.173900000006e+01,  2.500023126602e+00,  2.865855325492e+01,  4.196055412292e+00
  1.183900000015e+01,  2.500023603439e+00,  2.865855277809e+01,  4.197434425354e+00
  1.193900000001e+01,  2.500000953674e+00,  2.865857542785e+01,  4.190174579620e+00
  1.203900000011e+01,  2.500011682510e+00,  2.865856469902e+01,  4.193941593170e+00
  1.213900000020e+01,  2.500027894974e+00,  2.865854848655e+01,  4.190076828003e+00
  1.223900000006e+01,  2.499998092651e+00,  2.865857828887e+01,  4.187558650970e+00
  1.233900000015e+01,  2.500009059906e+00,  2.865856732162e+01,  4.187630176544e+00
  1.243900000001e+01,  2.500002145767e+00,  2.865857423576e+01,  4.189484119415e+00
  1.253900000011e+01,  2.499998331070e+00,  2.865857805046e+01,  4.188327312469e+00
  1.263900000020e+01,  2.500010490417e+00,  2.865856589111e+01,  4.184434413910e+00
  1.273900000006e+01,  2.500007390976e+00,  2.865856899055e+01,  4.182868957520e+00
  1.283900000015e+01,  2.500002861023e+00,  2.865857352050e+01,  4.186343669891e+00
  1.293900000001e+01,  2.499978542328e+00,  2.865859783920e+01,  4.178647518158e+00
  1.303900000011e+01,  2.499995708466e+00,  2.865858067306e+01,  4.180902481079e+00
  1.313900000020e+01,  2.500015258789e+00,  2.865856112274e+01,  4.177371025085e+00
  1.323900000006e+01,  2.500016689301e+00,  2.865855969223e+01,  4.175875663757e+00
  1.333900000015e+01,  2.499968528748e+00,  2.865860785278e+01,  4.175237655640e+00
  1.343900000001e+01,  2.500006675720e+00,  2.865856970581e+01,  4.175896167755e+00
  1.353900000011e+01,  2.500021696091e+00,  2.865855468544e+01,  4.174878120422e+00
  1.363900000020e+01,  2.500023841858e+00,  2.865855253967e+01,  4.172837257385e+00
  1.373900000006e+01,  2.500024080276e+00,  2.865855230125e+01,  4.171173095703e+00
  1.383900000015e+01,  2.500035047531e+00,  2.865854133399e+01,  4.171852588654e+00
  1.393900000001e+01,  2.500014543533e+00,  2.865856183799e+01,  4.167606830597e+00
  1.403900000011e+01,  2.500018358231e+00,  2.865855802330e+01,  4.167468547821e+00
  1.413900000020e+01,  2.499982118607e+00,  2.865859426292e+01,  4.169934749603e+00
  1.423900000006e+01,  2.500031232834e+00,  2.865854514869e+01,  4.167178153992e+00
  1.433900000015e+01,  2.500006914139e+00,  2.865856946739e+01,  4.165334701538e+00
  1.443900000001e+01,  2.500006914139e+00,  2.865856946739e+01,  4.165505886078e+00
  1.453900000011e+01,  2.500007152557e+00,  2.865856922897e+01,  4.166492938995e+00
  1.463900000020e+01,  2.499998807907e+00,  2.865857757362e+01,  4.160335540771e+00
  1.473900000006e+01,  2.500010013580e+00,  2.865856636795e+01,  4.160649299622e+00
  1.483900000015e+01,  2.500009536743e+00,  2.865856684478e+01,  4.164526939392e+00
  1.493900000001e+01,  2.499981641769e+00,  2.865859473976e+01,  4.162916183472e+00
  1.503900000011e+01,  2.499988555908e+00,  2.865858782562e+01,  4.160847663879e+00
  1.513900000020e+01,  2.499988555908e+00,  2.865858782562e+01,  4.155746936798e+00
  1.523900000006e+01,  2.500020027161e+00,  2.865855635437e+01,  4.159206867218e+00
  1.533900000015e+01,  2.500033140182e+00,  2.865854324134e+01,  4.156175613403e+00
  1.543900000001e+01,  2.500030755997e+00,  2.865854562553e+01,  4.152501106262e+00
  1.553900000011e+01,  2.500018119812e+00,  2.865855826171e+01,  4.150719642639e+00
  1.563900000020e+01,  2.500019550323e+00,  2.865855683120e+01,  4.153583526611e+00
  1.573900000006e+01,  2.499999284744e+00,  2.865857709678e+01,  4.154322147369e+00
  1.583900000015e+01,  2.500027418137e+00,  2.865854896339e+01,  4.149051666260e+00
  1.593900000001e+01,  2.500014305115e+00,  2.865856207641e+01,  4.147053241730e+00
  1.603900000011e+01,  2.499982833862e+00,  2.865859354766e+01,  4.150425434113e+00
  1.613900000020e+01,  2.500005722046e+00,  2.865857065948e+01,  4.150101661682e+00
  1.623900000006e+01,  2.500011920929e+00,  2.865856446060e+01,  4.145893096924e+00
  1.633900000015e+01,  2.500004529953e+00,  2.865857185157e+01,  4.147443771362e+00
  1.643900000001e+01,  2.500012874603e+00,  2.865856350692e+01,  4.148051738739e+00
  1.653900000011e+01,  2.499984025955e+00,  2.865859235557e+01,  4.143423080444e+00
  1.663900000020e+01,  2.500017404556e+00,  2.865855897697e+01,  4.141614437103e+00
  1.673900000006e+01,  2.500012636185e+00,  2.865856374534e+01,  4.144531726837e+00
  1.683900000015e+01,  2.500036478043e+00,  2.865853990348e+01,  4.142597675323e+00
  1.693900000001e+01,  2.500003576279e+00,  2.865857280525e+01,  4.137530803680e+00
  1.703900000011e+01,  2.499965906143e+00,  2.865861047538e+01,  4.138427734375e+00
  1.713900000020e+01,  2.499987125397e+00,  2.865858925613e+01,  4.140207767487e+00
  1.723900000006e+01,  2.500000476837e+00,  2.865857590469e+01,  4.140347480774e+00
  1.733900000015e+01,  2.500013828278e+00,  2.865856255325e+01,  4.134682178497e+00
  1.743900000001e+01,  2.499979257584e+00,  2.865859712394e+01,  4.136233806610e+00
  1.753900000011e+01,  2.500023841858e+00,  2.865855253967e+01,  4.135156154633e+00
  1.763900000020e+01,  2.500006914139e+00,  2.865856946739e+01,  4.136144638062e+00
  1.773900000006e+01,  2.499999284744e+00,  2.865857709678e+01,  4.130312919617e+00
  1.783900000015e+01,  2.500010967255e+00,  2.865856541427e+01,  4.132415294647e+00
  1.793900000001e+01,  2.499989509583e+00,  2.865858687194e+01,  4.130620956421e+00
  1.803900000011e+01,  2.499996662140e+00,  2.865857971939e+01,  4.128550529480e+00
  1.813900000020e+01,  2.500020742416e+00,  2.865855563911e+01,  4.129000186920e+00
  1.823900000006e+01,  2.500016927719e+00,  2.865855945381e+01,  4.127105712891e+00
  1.833900000015e+01,  2.500019550323e+00,  2.865855683120e+01,  4.125863075256e+00
  1.843900000001e+01,  2.500004768372e+00,  2.865857161315e+01,  4.125976085663e+00
  1.853900000011e+01,  2.500008583069e+00,  2.865856779846e+01,  4.124224662781e+00
  1.863900000020e+01,  2.499994993210e+00,  2.865858138832e+01,  4.126630783081e+00
  1.873900000006e+01,  2.499998092651e+00,  2.865857828887e+01,  4.123305797577e+00
  1.883900000015e+01,  2.500019311905e+00,  2.865855706962e+01,  4.123156547546e+00
  1.893900000001e+01,  2.500003814697e+00,  2.865857256683e+01,  4.121279239655e+00
  1.903900000011e+01,  2.500020265579e+00,  2.865855611595e+01,  4.122890949249e+00
  1.913900000020e+01,  2.499989271164e+00,  2.865858711036e+01,  4.119952678680e+00
  1.923900000006e+01,  2.499988555908e+00,  2.865858782562e+01,  4.118194103241e+00
  1.933900000015e+01,  2.499989748001e+00,  2.865858663352e+01,  4.117902755737e+00
  1.943900000001e+01,  2.499999523163e+00,  2.865857685836e+01,  4.118485927582e+00
  1.953900000011e+01,  2.499997615814e+00,  2.865857876571e+01,  4.117289543152e+00
  1.963900000020e+01,  2.500015974045e+00,  2.865856040748e+01,  4.115697383881e+00
  1.973900000006e+01,  2.499977827072e+00,  2.865859855445e+01,  4.117688655853e+00
  1.983900000015e+01,  2.499995470047e+00,  2.865858091148e+01,  4.111548423767e+00
  1.993900000001e+01,  2.500016689301e+00,  2.865855969223e+01,  4.111905574799e+00
  2.003900000011e+01,  2.499984502792e+00,  2.865859187873e+01,  4.112375259399e+00
  2.013900000020e+01,  2.500001907349e+00,  2.865857447418e+01,  4.111513614655e+00
  2.023900000006e+01,  2.499973535538e+00,  2.865860284599e+01,  4.111987113953e+00
  2.033900000015e+01,  2.499994516373e+00,  2.865858186515e+01,  4.111446380615e+00
  2.043900000001e+01,  2.500000238419e+00,  2.865857614311e+01,  4.110712528229e+00
  2.053900000011e+01,  2.499985933304e+00,  2.865859044822e+01,  4.109275817871e+00
  2.063900000020e+01,  2.499984979630e+00,  2.865859140190e+01,  4.108879566193e+00
  2.073900000006e+01,  2.500031709671e+00,  2.865854467185e+01,  4.107603073120e+00
  2.083900000015e+01,  2.499983549118e+00,  2.865859283241e+01,  4.108335494995e+00
  2.093900000001e+01,  2.499997854233e+00,  2.865857852729e+01,  4.107293605804e+00
  2.103900000011e+01,  2.500013828278e+00,  2.865856255325e+01,  4.104812145233e+00
  2.113900000020e+01,  2.499998092651e+00,  2.865857828887e+01,  4.105552196503e+00
  2.123900000006e+01,  2.499994993210e+00,  2.865858138832e+01,  4.103365421295e+00
  2.133900000015e+01,  2.500009775162e+00,  2.865856660636e+01,  4.103351593018e+00
  2.143900000001e+01,  2.500004291534e+00,  2.865857208999e+01,  4.103972911835e+00
  2.153900000011e+01,  2.499993324280e+00,  2.865858305725e+01,  4.102271080017e+00
  2.163900000020e+01,  2.499997138977e+00,  2.865857924255e+01,  4.102454185486e+00
  2.173900000006e+01,  2.500017642975e+00,  2.865855873855e+01,  4.101092338562e+00
  2.183900000015e+01,  2.500013828278e+00,  2.865856255325e+01,  4.102805137634e+00
  2.193900000001e+01,  2.500035524368e+00,  2.865854085716e+01,  4.099941730499e+00
  2.203900000011e+01,  2.499988317490e+00,  2.865858806404e+01,  4.098766326904e+00
  2.213900000020e+01,  2.500009536743e+00,  2.865856684478e+01,  4.097148418427e+00
  2.223900000006e+01,  2.500011682510e+00,  2.865856469902e+01,  4.095367908478e+00
  2.233900000015e+01,  2.500004291534e+00,  2.865857208999e+01,  4.096496582031e+00
  2.243900000001e+01,  2.499987125397e+00,  2.865858925613e+01,  4.096981525421e+00
  2.253900000011e+01,  2.500008106232e+00,  2.865856827529e+01,  4.094297409058e+00
  2.263900000020e+01,  2.499998807907e+00,  2.865857757362e+01,  4.095546245575e+00
  2.273900000006e+01,  2.499994516373e+00,  2.865858186515e+01,  4.096611976624e+00
  2.283900000015e+01,  2.499994516373e+00,  2.865858186515e+01,  4.091963768005e+00
  2.293900000001e+01,  2.500007390976e+00,  2.865856899055e+01,  4.093957424164e+00
  2.303900000011e+01,  2.499991416931e+00,  2.865858496459e+01,  4.090422630310e+00
  2.313900000020e+01,  2.500006198883e+00,  2.865857018264e+01,  4.091014862061e+00
  2.323900000006e+01,  2.500005245209e+00,  2.865857113632e+01,  4.090554237366e+00
  2.333900000015e+01,  2.499980926514e+00,  2.865859545501e+01,  4.086850643158e+00
  2.343900000001e+01,  2.499987363815e+00,  2.865858901771e+01,  4.088416099548e+00
  2.353900000011e+01,  2.499988794327e+00,  2.865858758720e+01,  4.086308956146e+00
  2.363900000020e+01,  2.500002861023e+00,  2.865857352050e+01,  4.084245204926e+00
  2.373900000006e+01,  2.500037431717e+00,  2.865853894981e+01,  4.085718631744e+00
  2.383900000015e+01,  2.499998569489e+00,  2.865857781204e+01,  4.083787441254e+00
  2.393900000001e+01,  2.499992370605e+00,  2.865858401092e+01,  4.082382678986e+00
  2.403900000011e+01,  2.500001192093e+00,  2.865857518943e+01,  4.082786560059e+00
  2.413900000020e+01,  2.499994039536e+00,  2.865858234199e+01,  4.082670688629e+00
  2.423900000006e+01,  2.499992847443e+00,  2.865858353408e+01,  4.079985618591e+00
  2.433900000015e+01,  2.500005483627e+00,  2.865857089790e+01,  4.080807685852e+00
  2.443900000001e+01,  2.500007152557e+00,  2.865856922897e+01,  4.081205844879e+00
  2.453900000011e+01,  2.500017166138e+00,  2.865855921539e+01,  4.079082012177e+00
  2.463900000020e+01,  2.499980688095e+00,  2.865859569343e+01,  4.079480648041e+00
  2.473900000006e+01,  2.500005960464e+00,  2.865857042106e+01,  4.077759265900e+00
  2.483900000015e+01,  2.499990940094e+00,  2.865858544143e+01,  4.078089237213e+00
  2.493900000001e+01,  2.499996423721e+00,  2.865857995780e+01,  4.074792385101e+00
  2.503900000011e+01,  2.500016450882e+00,  2.865855993064e+01,  4.076743125916e+00
  2.513900000020e+01,  2.500017404556e+00,  2.865855897697e+01,  4.076086521149e+00
  2.523900000006e+01,  2.500031709671e+00,  2.865854467185e+01,  4.075680255890e+00
  2.533900000015e+01,  2.500017166138e+00,  2.865855921539e+01,  4.072998046875e+00
  2.543900000001e+01,  2.500018835068e+00,  2.865855754646e+01,  4.074260711670e+00
  2.553900000011e+01,  2.499992847443e+00,  2.865858353408e+01,  4.071562290192e+00
  2.563900000020e+01,  2.499999046326e+00,  2.865857733520e+01,  4.069519519806e+00
  2.573900000006e+01,  2.500001668930e+00,  2.865857471260e+01,  4.072117328644e+00
  2.583900000015e+01,  2.500018596649e+00,  2.865855778488e+01,  4.069938182831e+00
  2.593900000001e+01,  2.500000000000e+00,  2.865857638153e+01,  4.068884372711e+00
  2.603900000011e+01,  2.500021696091e+00,  2.865855468544e+01,  4.070537090302e+00
  2.613900000020e+01,  2.499998331070e+00,  2.865857805046e+01,  4.069329261780e+00
  2.623900000006e+01,  2.500023603439e+00,  2.865855277809e+01,  4.070496559143e+00
  2.633900000015e+01,  2.499981641769e+00,  2.865859473976e+01,  4.068288803101e+00
  2.643900000001e+01,  2.500001192093e+00,  2.865857518943e+01,  4.069776535034e+00
  2.653900000011e+01,  2.500016450882e+00,  2.865855993064e+01,  4.068517684937e+00
  2.663900000020e+01,  2.499988794327e+00,  2.865858758720e+01,  4.069258689880e+00
  2.673900000006e+01,  2.500014781952e+00,  2.865856159957e+01,  4.066760063171e+00
  2.683900000015e+01,  2.500004529953e+00,  2.865857185157e+01,  4.066846847534e+00
  2.693900000001e+01,  2.500042676926e+00,  2.865853370460e+01,  4.065333843231e+00
  2.703900000011e+01,  2.500003337860e+00,  2.865857304367e+01,  4.063638210297e+00
  2.713900000020e+01,  2.499980211258e+00,  2.865859617027e+01,  4.065145015717e+00
  2.723900000006e+01,  2.499994516373e+00,  2.865858186515e+01,  4.063787937164e+00
  2.733900000015e+01,  2.499982118607e+00,  2.865859426292e+01,  4.063305854797e+00
  2.743900000001e+01,  2.499981164932e+00,  2.865859521659e+01,  4.063577175140e+00
  2.753900000011e+01,  2.500001192093e+00,  2.865857518943e+01,  4.059162616730e+00
  2.763900000020e+01,  2.500019073486e+00,  2.865855730804e+01,  4.061690807343e+00
  2.773900000006e+01,  2.500001192093e+00,  2.865857518943e+01,  4.059863090515e+00
  2.783900000015e+01,  2.499983310699e+00,  2.865859307083e+01,  4.058165073395e+00
  2.793900000001e+01,  2.499998092651e+00,  2.865857828887e+01,  4.057443618774e+00
  2.803900000011e+01,  2.499965429306e+00,  2.865861095222e+01,  4.059807300568e+00
  2.813900000020e+01,  2.499982595444e+00,  2.865859378608e+01,  4.059376239777e+00
  2.823900000006e+01,  2.500003337860e+00,  2.865857304367e+01,  4.056749820709e+00
  2.833900000015e+01,  2.499986410141e+00,  2.865858997138e+01,  4.056351184845e+00
  2.843900000025e+01,  2.499996185303e+00,  2.865858019622e+01,  4.054467678070e+00
  2.853900000011e+01,  2.500008106232e+00,  2.865856827529e+01,  4.053860187531e+00
  2.863900000020e+01,  2.499989509583e+00,  2.865858687194e+01,  4.054524421692e+00
  2.873900000006e+01,  2.499982357025e+00,  2.865859402450e+01,  4.054034709930e+00
  2.883900000015e+01,  2.500006914139e+00,  2.865856946739e+01,  4.053401470184e+00
  2.893900000001e+01,  2.500001192093e+00,  2.865857518943e+01,  4.052433967590e+00
  2.903900000011e+01,  2.500001907349e+00,  2.865857447418e+01,  4.053329467773e+00
  2.913900000020e+01,  2.499972581863e+00,  2.865860379966e+01,  4.051887989044e+00
  2.923900000006e+01,  2.500015735626e+00,  2.865856064590e+01,  4.053564548492e+00
  2.933900000015e+01,  2.499989271164e+00,  2.865858711036e+01,  4.050287723541e+00
  2.943900000001e+01,  2.500020027161e+00,  2.865855635437e+01,  4.049922466278e+00
  2.953900000011e+01,  2.500027656555e+00,  2.865854872497e+01,  4.050334930420e+00
  2.963900000020e+01,  2.499999761581e+00,  2.865857661994e+01,  4.048568248749e+00
  2.973900000006e+01,  2.500003337860e+00,  2.865857304367e+01,  4.050167083740e+00
  2.983900000015e+01,  2.500028371811e+00,  2.865854800972e+01,  4.048138618469e+00
  2.993900000001e+01,  2.500007390976e+00,  2.865856899055e+01,  4.048961162567e+00
  3.003900000011e+01,  2.500016450882e+00,  2.865855993064e+01,  4.046291351318e+00
  3.013900000020e+01,  2.499980211258e+00,  2.865859617027e+01,  4.045720100403e+00
  3.023900000006e+01,  2.499981641769e+00,  2.865859473976e+01,  4.045532703400e+00
  3.033900000015e+01,  2.499945640564e+00,  2.865863074096e+01,  4.045847892761e+00
  3.043900000001e+01,  2.499988794327e+00,  2.865858758720e+01,  4.043522834778e+00
  3.053900000011e+01,  2.500003576279e+00,  2.865857280525e+01,  4.044177532196e+00
  3.063900000020e+01,  2.499995708466e+00,  2.865858067306e+01,  4.043425083160e+00
  3.073900000006e+01,  2.499998569489e+00,  2.865857781204e+01,  4.041887283325e+00
  3.083900000015e+01,  2.500011444092e+00,  2.865856493743e+01,  4.044031143188e+00
  3.093900000001e+01,  2.500020027161e+00,  2.865855635437e+01,  4.044736385345e+00
  3.103900000011e+01,  2.500032186508e+00,  2.865854419502e+01,  4.043490409851e+00
  3.113900000020e+01,  2.500010251999e+00,  2.865856612953e+01,  4.044724464417e+00
  3.123900000006e+01,  2.499993324280e+00,  2.865858305725e+01,  4.044240474701e+00
  3.133900000015e+01,  2.499976396561e+00,  2.865859998497e+01,  4.043511390686e+00
  3.143900000001e+01,  2.500002384186e+00,  2.865857399734e+01,  4.043047904968e+00
  3.153900000011e+01,  2.500005722046e+00,  2.865857065948e+01,  4.038490295410e+00
  3.163900000020e+01,  2.500002861023e+00,  2.865857352050e+01,  4.040450572968e+00
  3.173900000006e+01,  2.500015735626e+00,  2.865856064590e+01,  4.039201736450e+00
  3.183900000015e+01,  2.499999284744e+00,  2.865857709678e+01,  4.041295051575e+00
  3.193900000001e+01,  2.499995231628e+00,  2.865858114990e+01,  4.037904262543e+00
  3.203900000011e+01,  2.499985456467e+00,  2.865859092506e+01,  4.037577629089e+00
  3.213900000020e+01,  2.499998807907e+00,  2.865857757362e+01,  4.036833763123e+00
  3.223900000006e+01,  2.499988794327e+00,  2.865858758720e+01,  4.036493301392e+00
  3.233900000015e+01,  2.499992609024e+00,  2.865858377250e+01,  4.037149429321e+00
  3.243900000001e+01,  2.500007629395e+00,  2.865856875213e+01,  4.033736228943e+00
  3.253900000011e+01,  2.500013589859e+00,  2.865856279167e+01,  4.035255908966e+00
  3.263900000020e+01,  2.499991178513e+00,  2.865858520301e+01,  4.035468101501e+00
  3.273900000006e+01,  2.499995231628e+00,  2.865858114990e+01,  4.033376216888e+00
  3.283900000015e+01,  2.499963521957e+00,  2.865861285957e+01,  4.033972740173e+00
  3.293900000001e+01,  2.499983549118e+00,  2.865859283241e+01,  4.036412239075e+00
  3.303900000011e+01,  2.499983310699e+00,  2.865859307083e+01,  4.031918525696e+00
  3.313900000020e+01,  2.500009536743e+00,  2.865856684478e+01,  4.032118797302e+00
  3.323900000006e+01,  2.499994039536e+00,  2.865858234199e+01,  4.031127452850e+00
  3.333900000015e+01,  2.500024318695e+00,  2.865855206283e+01,  4.031156539917e+00
  3.343900000001e+01,  2.500002861023e+00,  2.865857352050e+01,  4.031418323517e+00
  3.353900000011e+01,  2.499966859818e+00,  2.865860952171e+01,  4.028478145599e+00
  3.363900000020e+01,  2.500018596649e+00,  2.865855778488e+01,  4.029897212982e+00
  3.373900000006e+01,  2.499993801117e+00,  2.865858258041e+01,  4.028514862061e+00
  3.383900000015e+01,  2.500009059906e+00,  2.865856732162e+01,  4.030085563660e+00
  3.393900000001e+01,  2.500009775162e+00,  2.865856660636e+01,  4.025151729584e+00
  3.403900000011e+01,  2.499979257584e+00,  2.865859712394e+01,  4.024785518646e+00
  3.413900000020e+01,  2.500026702881e+00,  2.865854967865e+01,  4.026454925537e+00
  3.423900000006e+01,  2.500035047531e+00,  2.865854133399e+01,  4.025220394135e+00
  3.433900000015e+01,  2.500007152557e+00,  2.865856922897e+01,  4.026348590851e+00
  3.443900000001e+01,  2.499978303909e+00,  2.865859807762e+01,  4.022779464722e+00
  3.453900000011e+01,  2.500003576279e+00,  2.865857280525e+01,  4.024343490601e+00
  3.463900000020e+01,  2.500003814697e+00,  2.865857256683e+01,  4.025088310242e+00
  3.473900000006e+01,  2.499991178513e+00,  2.865858520301e+01,  4.023185253143e+00
  3.483900000015e+01,  2.500008821487e+00,  2.865856756004e+01,  4.023990154266e+00
  3.493900000001e+01,  2.500019073486e+00,  2.865855730804e+01,  4.022025585175e+00
  3.503900000011e+01,  2.500012636185e+00,  2.865856374534e+01,  4.021625518799e+00
  3.513900000020e+01,  2.499994754791e+00,  2.865858162673e+01,  4.020592212677e+00
  3.523900000006e+01,  2.499961853027e+00,  2.865861452850e+01,  4.021652698517e+00
  3.533900000015e+01,  2.499980688095e+00,  2.865859569343e+01,  4.020999908447e+00
  3.543900000001e+01,  2.499983549118e+00,  2.865859283241e+01,  4.023181915283e+00
  3.553900000011e+01,  2.500029563904e+00,  2.865854681762e+01,  4.019858837128e+00
  3.563900000020e+01,  2.500027656555e+00,  2.865854872497e+01,  4.018879890442e+00
  3.573900000006e+01,  2.500006675720e+00,  2.865856970581e+01,  4.019024372101e+00
  3.583900000015e+01,  2.499994039536e+00,  2.865858234199e+01,  4.016257762909e+00
  3.593900000001e+01,  2.500007390976e+00,  2.865856899055e+01,  4.021129608154e+00
  3.603900000011e+01,  2.500005245209e+00,  2.865857113632e+01,  4.016902923584e+00
  3.613900000020e+01,  2.500015974045e+00,  2.865856040748e+01,  4.020235061646e+00
  3.623900000006e+01,  2.500044822693e+00,  2.865853155883e+01,  4.017717838287e+00
  3.633900000015e+01,  2.500010967255e+00,  2.865856541427e+01,  4.016388416290e+00
  3.643900000001e+01,  2.500033617020e+00,  2.865854276451e+01,  4.016261100769e+00
  3.653900000011e+01,  2.499988317490e+00,  2.865858806404e+01,  4.015836238861e+00
  3.663900000020e+01,  2.500018358231e+00,  2.865855802330e+01,  4.014978408813e+00
  3.673900000006e+01,  2.500001668930e+00,  2.865857471260e+01,  4.013661861420e+00
  3.683900000015e+01,  2.500000715256e+00,  2.865857566627e+01,  4.013407230377e+00
  3.693900000001e+01,  2.500008106232e+00,  2.865856827529e+01,  4.011750698090e+00
  3.703900000011e+01,  2.500025749207e+00,  2.865855063232e+01,  4.012893199921e+00
  3.713900000020e+01,  2.499988079071e+00,  2.865858830245e+01,  4.014480113983e+00
  3.723900000006e+01,  2.499988794327e+00,  2.865858758720e+01,  4.012418746948e+00
  3.733900000015e+01,  2.500008106232e+00,  2.865856827529e+01,  4.013600826263e+00
  3.743900000001e+01,  2.499984502792e+00,  2.865859187873e+01,  4.010359287262e+00
  3.753900000011e+01,  2.500010013580e+00,  2.865856636795e+01,  4.011408329010e+00
  3.763900000020e+01,  2.499977588654e+00,  2.865859879287e+01,  4.010712623596e+00
  3.773900000006e+01,  2.499985694885e+00,  2.865859068664e+01,  4.011614799500e+00
  3.783900000015e+01,  2.499988555908e+00,  2.865858782562e+01,  4.009660243988e+00
  3.793900000001e+01,  2.500003099442e+00,  2.865857328208e+01,  4.008310317993e+00
  3.803900000011e+01,  2.500012159348e+00,  2.865856422218e+01,  4.010589599609e+00
  3.813900000020e+01,  2.499991893768e+00,  2.865858448776e+01,  4.008096218109e+00
  3.823900000006e+01,  2.500015020370e+00,  2.865856136116e+01,  4.008915901184e+00
  3.833900000015e+01,  2.500005245209e+00,  2.865857113632e+01,  4.008524894714e+00
  3.843900000001e+01,  2.499992847443e+00,  2.865858353408e+01,  4.004894733429e+00
  3.853900000011e+01,  2.499985933304e+00,  2.865859044822e+01,  4.004814624786e+00
  3.863900000020e+01,  2.499992847443e+00,  2.865858353408e+01,  4.007198810577e+00
  3.873900000006e+01,  2.500024557114e+00,  2.865855182441e+01,  4.006372928619e+00
  3.883900000015e+01,  2.500020742416e+00,  2.865855563911e+01,  4.005331039429e+00
  3.893900000001e+01,  2.500016450882e+00,  2.865855993064e+01,  4.002376079559e+00
  3.903900000011e+01,  2.499989748001e+00,  2.865858663352e+01,  4.004220962524e+00
  3.913900000020e+01,  2.499994993210e+00,  2.865858138832e+01,  4.004261016846e+00
  3.923900000006e+01,  2.500006437302e+00,  2.865856994422e+01,  4.003052234650e+00
  3.933900000015e+01,  2.499998331070e+00,  2.865857805046e+01,  4.004281044006e+00
  3.943900000001e+01,  2.499984741211e+00,  2.865859164031e+01,  4.002220153809e+00
  3.953900000011e+01,  2.499996662140e+00,  2.865857971939e+01,  4.003057479858e+00
  3.963900000020e+01,  2.499987125397e+00,  2.865858925613e+01,  4.004006385803e+00
  3.973900000006e+01,  2.499964714050e+00,  2.865861166748e+01,  4.002919197083e+00
  3.983900000015e+01,  2.499992132187e+00,  2.865858424934e+01,  4.001451492310e+00
  3.993900000001e+01,  2.499995231628e+00,  2.865858114990e+01,  4.001840114594e+00
  4.003900000011e+01,  2.500019073486e+00,  2.865855730804e+01,  4.001683712006e+00
  4.013900000020e+01,  2.500021696091e+00,  2.865855468544e+01,  4.000057697296e+00
  4.023900000006e+01,  2.500008821487e+00,  2.865856756004e+01,  3.999777317047e+00
  4.033900000015e+01,  2.499994754791e+00,  2.865858162673e+01,  3.998545169830e+00
  4.043900000001e+01,  2.500016689301e+00,  2.865855969223e+01,  3.998638868332e+00
  4.053900000011e+01,  2.499980688095e+00,  2.865859569343e+01,  3.997949600220e+00
  4.063900000020e+01,  2.500033140182e+00,  2.865854324134e+01,  3.999734163284e+00
  4.073900000006e+01,  2.500015020370e+00,  2.865856136116e+01,  3.999236106873e+00
  4.083900000015e+01,  2.500037193298e+00,  2.865853918823e+01,  3.997514963150e+00
  4.093900000001e+01,  2.500015497208e+00,  2.865856088432e+01,  3.996720075607e+00
  4.103900000011e+01,  2.500021696091e+00,  2.865855468544e+01,  3.997483491898e+00
  4.113900000020e+01,  2.499983549118e+00,  2.865859283241e+01,  3.995234251022e+00
  4.123900000006e+01,  2.499981164932e+00,  2.865859521659e+01,  3.996226072311e+00
  4.133900000015e+01,  2.499989271164e+00,  2.865858711036e+01,  3.996620416641e+00
  4.143900000001e+01,  2.500035762787e+00,  2.865854061874e+01,  3.994729995728e+00
  4.153900000011e+01,  2.500008106232e+00,  2.865856827529e+01,  3.996886253357e+00
  4.163900000020e+01,  2.500012636185e+00,  2.865856374534e+01,  3.993289232254e+00
  4.173900000006e+01,  2.499984979630e+00,  2.865859140190e+01,  3.994421243668e+00
  4.183900000015e+01,  2.499990701675e+00,  2.865858567985e+01,  3.994010210037e+00
  4.193900000001e+01,  2.500000000000e+00,  2.865857638153e+01,  3.993276596069e+00
  4.203900000011e+01,  2.500013589859e+00,  2.865856279167e+01,  3.994445323944e+00
  4.213900000020e+01,  2.500007629395e+00,  2.865856875213e+01,  3.992002248764e+00
  4.223900000006e+01,  2.499987602234e+00,  2.865858877929e+01,  3.991514205933e+00
  4.233900000015e+01,  2.499996662140e+00,  2.865857971939e+01,  3.989546537399e+00
  4.243900000001e+01,  2.500017166138e+00,  2.865855921539e+01,  3.991295099258e+00
  4.253900000011e+01,  2.500017881393e+00,  2.865855850013e+01,  3.989700317383e+00
  4.263900000020e+01,  2.500003099442e+00,  2.865857328208e+01,  3.991146564484e+00
  4.273900000006e+01,  2.500005006790e+00,  2.865857137474e+01,  3.992700815201e+00
  4.283900000015e+01,  2.499959230423e+00,  2.865861715110e+01,  3.992905616760e+00
  4.293900000001e+01,  2.500010490417e+00,  2.865856589111e+01,  3.991304874420e+00
  4.303900000011e+01,  2.499988794327e+00,  2.865858758720e+01,  3.989804983139e+00
  4.313900000020e+01,  2.499984502792e+00,  2.865859187873e+01,  3.988299131393e+00
  4.323900000006e+01,  2.500022411346e+00,  2.865855397018e+01,  3.989745616913e+00
  4.333900000015e+01,  2.500012397766e+00,  2.865856398376e+01,  3.987906217575e+00
  4.343900000001e+01,  2.500008583069e+00,  2.865856779846e+01,  3.987296581268e+00
  4.353900000011e+01,  2.500013113022e+00,  2.865856326850e+01,  3.985951423645e+00
  4.363900000020e+01,  2.500005960464e+00,  2.865857042106e+01,  3.986582279205e+00
  4.373900000006e+01,  2.499993562698e+00,  2.865858281883e+01,  3.988390684128e+00
  4.383900000015e+01,  2.500009536743e+00,  2.865856684478e+01,  3.986474752426e+00
  4.393900000001e+01,  2.499997854233e+00,  2.865857852729e+01,  3.983771800995e+00
  4.403900000011e+01,  2.499961376190e+00,  2.865861500534e+01,  3.984104871750e+00
  4.413900000020e+01,  2.500018119812e+00,  2.865855826171e+01,  3.983703374863e+00
  4.423900000006e+01,  2.499994754791e+00,  2.865858162673e+01,  3.984210491180e+00
  4.433900000015e+01,  2.500009059906e+00,  2.865856732162e+01,  3.985238552094e+00
  4.443900000001e+01,  2.500022411346e+00,  2.865855397018e+01,  3.983820915222e+00
  4.453900000011e+01,  2.500007629395e+00,  2.865856875213e+01,  3.983446598053e+00
  4.463900000020e+01,  2.500002145767e+00,  2.865857423576e+01,  3.981648206711e+00
  4.473900000006e+01,  2.500016450882e+00,  2.865855993064e+01,  3.982346296310e+00
  4.483900000015e+01,  2.500022172928e+00,  2.865855420860e+01,  3.979118585587e+00
  4.493900000001e+01,  2.500019073486e+00,  2.865855730804e+01,  3.984046459198e+00
  4.503900000011e+01,  2.500018835068e+00,  2.865855754646e+01,  3.983170270920e+00
  4.513900000020e+01,  2.500004291534e+00,  2.865857208999e+01,  3.980434179306e+00
  4.523900000006e+01,  2.499992609024e+00,  2.865858377250e+01,  3.981218099594e+00
  4.533900000015e+01,  2.500011205673e+00,  2.865856517585e+01,  3.978719711304e+00
  4.543900000001e+01,  2.499987840652e+00,  2.865858854087e+01,  3.982110023499e+00
  4.553900000011e+01,  2.499989986420e+00,  2.865858639511e+01,  3.977116107941e+00
  4.563900000020e+01,  2.499990940094e+00,  2.865858544143e+01,  3.978499412537e+00
  4.573900000006e+01,  2.500020742416e+00,  2.865855563911e+01,  3.979298591614e+00
  4.583900000015e+01,  2.500004768372e+00,  2.865857161315e+01,  3.978335857391e+00
  4.593900000001e+01,  2.500007390976e+00,  2.865856899055e+01,  3.979014873505e+00
  4.603900000011e+01,  2.500033140182e+00,  2.865854324134e+01,  3.976536273956e+00
  4.613900000020e+01,  2.499992847443e+00,  2.865858353408e+01,  3.975979566574e+00
  4.623900000006e+01,  2.500005960464e+00,  2.865857042106e+01,  3.976695775986e+00
  4.633900000015e+01,  2.500006437302e+00,  2.865856994422e+01,  3.977174043655e+00
  4.643900000001e+01,  2.500016927719e+00,  2.865855945381e+01,  3.975684404373e+00
  4.653900000011e+01,  2.499985694885e+00,  2.865859068664e+01,  3.976731777191e+00
  4.663900000020e+01,  2.500010490417e+00,  2.865856589111e+01,  3.975244998932e+00
  4.673900000006e+01,  2.499994993210e+00,  2.865858138832e+01,  3.974673032761e+00
  4.683900000015e+01,  2.499992132187e+00,  2.865858424934e+01,  3.975265741348e+00
  4.693900000001e+01,  2.499988317490e+00,  2.865858806404e+01,  3.971890449524e+00
  4.703900000011e+01,  2.500009298325e+00,  2.865856708320e+01,  3.972384452820e+00
  4.713900000020e+01,  2.499993801117e+00,  2.865858258041e+01,  3.975211143494e+00
  4.723900000006e+01,  2.499997854233e+00,  2.865857852729e+01,  3.973168849945e+00
  4.733900000015e+01,  2.500001668930e+00,  2.865857471260e+01,  3.974966764450e+00
  4.743900000001e+01,  2.499989748001e+00,  2.865858663352e+01,  3.971725940704e+00
  4.753900000011e+01,  2.500002145767e+00,  2.865857423576e+01,  3.970296621323e+00
  4.763900000020e+01,  2.499988317490e+00,  2.865858806404e+01,  3.970529556274e+00
  4.773900000006e+01,  2.500008583069e+00,  2.865856779846e+01,  3.971897363663e+00
  4.783900000015e+01,  2.500002145767e+00,  2.865857423576e+01,  3.971440076828e+00
  4.793900000001e+01,  2.500001430511e+00,  2.865857495101e+01,  3.970234155655e+00
  4.803900000011e+01,  2.500004529953e+00,  2.865857185157e+01,  3.969080924988e+00
  4.813900000020e+01,  2.500020742416e+00,  2.865855563911e+01,  3.970075368881e+00
  4.823900000006e+01,  2.500005722046e+00,  2.865857065948e+01,  3.967528820038e+00
  4.833900000015e+01,  2.499995708466e+00,  2.865858067306e+01,  3.966656923294e+00
  4.843900000001e+01,  2.500012397766e+00,  2.865856398376e+01,  3.968475818634e+00
  4.853900000011e+01,  2.500002384186e+00,  2.865857399734e+01,  3.966491222382e+00
  4.863900000020e+01,  2.500019788742e+00,  2.865855659278e+01,  3.965957880020e+00
  4.873900000006e+01,  2.500000715256e+00,  2.865857566627e+01,  3.967673301697e+00
  4.883900000015e+01,  2.499949216843e+00,  2.865862716468e+01,  3.966426134109e+00
  4.893900000001e+01,  2.499995231628e+00,  2.865858114990e+01,  3.967782735825e+00
  4.903900000011e+01,  2.500001907349e+00,  2.865857447418e+01,  3.965574502945e+00
  4.913900000020e+01,  2.500004053116e+00,  2.865857232841e+01,  3.965718507767e+00
  4.923900000006e+01,  2.499993801117e+00,  2.865858258041e+01,  3.965243339539e+00
  4.933900000015e+01,  2.500019550323e+00,  2.865855683120e+01,  3.963821172714e+00
  4.943900000001e+01,  2.500001907349e+00,  2.865857447418e+01,  3.963638782501e+00
  4.953900000011e+01,  2.499995231628e+00,  2.865858114990e+01,  3.965074300766e+00
  4.963900000020e+01,  2.499995470047e+00,  2.865858091148e+01,  3.962683677673e+00
  4.973900000006e+01,  2.499982833862e+00,  2.865859354766e+01,  3.962869882584e+00
  4.983900000015e+01,  2.499999046326e+00,  2.865857733520e+01,  3.962596654892e+00
  4.993900000001e+01,  2.500000000000e+00,  2.865857638153e+01,  3.959762096405e+00
  5.003900000011e+01,  2.499991655350e+00,  2.865858472618e+01,  3.961875915527e+00
  5.013900000020e+01,  2.499999761581e+00,  2.865857661994e+01,  3.960803747177e+00
  5.023900000006e+01,  2.499963045120e+00,  2.865861333641e+01,  3.961741447449e+00
  5.033900000015e+01,  2.500007152557e+00,  2.865856922897e+01,  3.960379123688e+00
  5.043900000001e+01,  2.500011682510e+00,  2.865856469902e+01,  3.960351228714e+00
  5.053900000011e+01,  2.500014781952e+00,  2.865856159957e+01,  3.959936141968e+00
  5.063900000020e+01,  2.500006675720e+00,  2.865856970581e+01,  3.960089683533e+00
  5.073900000006e+01,  2.500001430511e+00,  2.865857495101e+01,  3.961493968964e+00
  5.083900000015e+01,  2.499993085861e+00,  2.865858329566e+01,  3.958490133286e+00
  5.093900000001e+01,  2.500018119812e+00,  2.865855826171e+01,  3.959896802902e+00
  5.103900000011e+01,  2.500018596649e+00,  2.865855778488e+01,  3.960787057877e+00
  5.113900000020e+01,  2.499993324280e+00,  2.865858305725e+01,  3.959655523300e+00
  5.123900000006e+01,  2.500013113022e+00,  2.865856326850e+01,  3.958523511887e+00
  5.133900000015e+01,  2.500015735626e+00,  2.865856064590e+01,  3.956913471222e+00
  5.143900000001e+01,  2.500011205673e+00,  2.865856517585e+01,  3.958576679230e+00
  5.153900000011e+01,  2.499966621399e+00,  2.865860976013e+01,  3.957052230835e+00
  5.163900000020e+01,  2.499998807907e+00,  2.865857757362e+01,  3.958447933197e+00
  5.173900000006e+01,  2.499998807907e+00,  2.865857757362e+01,  3.958013057709e+00
  5.183900000015e+01,  2.500006437302e+00,  2.865856994422e+01,  3.956846475601e+00
  5.193900000001e+01,  2.500005245209e+00,  2.865857113632e+01,  3.957295417786e+00
  5.203900000011e+01,  2.499984264374e+00,  2.865859211715e+01,  3.953471660614e+00
  5.213900000020e+01,  2.499976396561e+00,  2.865859998497e+01,  3.953895807266e+00
  5.223900000006e+01,  2.500008821487e+00,  2.865856756004e+01,  3.955043077469e+00
  5.233900000015e+01,  2.499986410141e+00,  2.865858997138e+01,  3.954399347305e+00
  5.243900000001e+01,  2.499981403351e+00,  2.865859497818e+01,  3.951007366180e+00
  5.253900000011e+01,  2.500002861023e+00,  2.865857352050e+01,  3.952393054962e+00
  5.263900000020e+01,  2.500016689301e+00,  2.865855969223e+01,  3.953173637390e+00
  5.273900000006e+01,  2.500001907349e+00,  2.865857447418e+01,  3.952981233597e+00
  5.283900000015e+01,  2.500004291534e+00,  2.865857208999e+01,  3.951565265656e+00
  5.293900000001e+01,  2.500013113022e+00,  2.865856326850e+01,  3.951244354248e+00
  5.303900000011e+01,  2.500022411346e+00,  2.865855397018e+01,  3.951853513718e+00
  5.313900000020e+01,  2.500019073486e+00,  2.865855730804e+01,  3.951002836227e+00
  5.323900000006e+01,  2.500007390976e+00,  2.865856899055e+01,  3.951198101044e+00
  5.333900000015e+01,  2.499996662140e+00,  2.865857971939e+01,  3.951797008514e+00
  5.343900000001e+01,  2.500011205673e+00,  2.865856517585e+01,  3.950458288193e+00
  5.353900000011e+01,  2.500003814697e+00,  2.865857256683e+01,  3.950379371643e+00
  5.363900000020e+01,  2.500018596649e+00,  2.865855778488e+01,  3.949653863907e+00
  5.373900000006e+01,  2.499978780746e+00,  2.865859760078e+01,  3.951402187347e+00
  5.383900000015e+01,  2.499971628189e+00,  2.865860475334e+01,  3.946259260178e+00
  5.393900000001e+01,  2.500032186508e+00,  2.865854419502e+01,  3.946561574936e+00
  5.403900000011e+01,  2.500005483627e+00,  2.865857089790e+01,  3.946318387985e+00
  5.413900000020e+01,  2.499978065491e+00,  2.865859831604e+01,  3.945966243744e+00
  5.423900000006e+01,  2.500034093857e+00,  2.865854228767e+01,  3.945977210999e+00
  5.433900000015e+01,  2.499994993210e+00,  2.865858138832e+01,  3.946821928024e+00
  5.443900000001e+01,  2.500008344650e+00,  2.865856803688e+01,  3.946232557297e+00
  5.453900000011e+01,  2.499994754791e+00,  2.865858162673e+01,  3.945283651352e+00
  5.463900000020e+01,  2.499985456467e+00,  2.865859092506e+01,  3.944648027420e+00
  5.473900000006e+01,  2.499997854233e+00,  2.865857852729e+01,  3.944422960281e+00
  5.483900000015e+01,  2.500021457672e+00,  2.865855492385e+01,  3.947010517120e+00
  5.493900000001e+01,  2.500010728836e+00,  2.865856565269e+01,  3.944969177246e+00
  5.503900000011e+01,  2.499990224838e+00,  2.865858615669e+01,  3.945561408997e+00
  5.513900000020e+01,  2.500006914139e+00,  2.865856946739e+01,  3.948124170303e+00
  5.523900000006e+01,  2.500006198883e+00,  2.865857018264e+01,  3.942639827728e+00
  5.533900000015e+01,  2.500000476837e+00,  2.865857590469e+01,  3.941995859146e+00
  5.543900000001e+01,  2.500014781952e+00,  2.865856159957e+01,  3.942362546921e+00
  5.553900000011e+01,  2.499984025955e+00,  2.865859235557e+01,  3.942598342896e+00
  5.563900000020e+01,  2.500003576279e+00,  2.865857280525e+01,  3.943840503693e+00
  5.573900000006e+01,  2.499980688095e+00,  2.865859569343e+01,  3.940816402435e+00
  5.583900000015e+01,  2.500001907349e+00,  2.865857447418e+01,  3.942942857742e+00
  5.593900000001e+01,  2.500000000000e+00,  2.865857638153e+01,  3.940247058868e+00
  5.603900000011e+01,  2.500000715256e+00,  2.865857566627e+01,  3.941243410110e+00
  5.613900000020e+01,  2.500001192093e+00,  2.865857518943e+01,  3.942923545837e+00
  5.623900000006e+01,  2.499994993210e+00,  2.865858138832e+01,  3.940330266953e+00
  5.633900000015e+01,  2.500009059906e+00,  2.865856732162e+01,  3.940107107162e+00
  5.643900000001e+01,  2.499987125397e+00,  2.865858925613e+01,  3.939977884293e+00
  5.653900000011e+01,  2.499992370605e+00,  2.865858401092e+01,  3.940006017685e+00
  5.663900000020e+01,  2.500000953674e+00,  2.865857542785e+01,  3.937887907028e+00
  5.673900000006e+01,  2.499998569489e+00,  2.865857781204e+01,  3.938647985458e+00
  5.683900000015e+01,  2.500004768372e+00,  2.865857161315e+01,  3.937255620956e+00
  5.693900000001e+01,  2.500001668930e+00,  2.865857471260e+01,  3.936993122101e+00
  5.703900000011e+01,  2.500010728836e+00,  2.865856565269e+01,  3.940105438232e+00
  5.713900000020e+01,  2.499972820282e+00,  2.865860356124e+01,  3.938179492950e+00
  5.723900000006e+01,  2.499999284744e+00,  2.865857709678e+01,  3.939298152924e+00
  5.733900000015e+01,  2.500000476837e+00,  2.865857590469e+01,  3.939168453217e+00
  5.743900000001e+01,  2.500000953674e+00,  2.865857542785e+01,  3.936290979385e+00
  5.753900000011e+01,  2.499981880188e+00,  2.865859450134e+01,  3.937335968018e+00
  5.763900000020e+01,  2.500006437302e+00,  2.865856994422e+01,  3.935798883438e+00
  5.773900000006e+01,  2.499993801117e+00,  2.865858258041e+01,  3.935122489929e+00
  5.783900000015e+01,  2.499981641769e+00,  2.865859473976e+01,  3.935503005981e+00
  5.793900000001e+01,  2.499999523163e+00,  2.865857685836e+01,  3.935636281967e+00
  5.803900000011e+01,  2.500001192093e+00,  2.865857518943e+01,  3.935385942459e+00
  5.813900000020e+01,  2.500006198883e+00,  2.865857018264e+01,  3.935554742813e+00
  5.823900000006e+01,  2.499986648560e+00,  2.865858973297e+01,  3.933657884598e+00
  5.833900000015e+01,  2.500003337860e+00,  2.865857304367e+01,  3.935842514038e+00
  5.843900000001e+01,  2.500007629395e+00,  2.865856875213e+01,  3.933640480042e+00
  5.853900000011e+01,  2.500005722046e+00,  2.865857065948e+01,  3.934782743454e+00
  5.863900000020e+01,  2.500008821487e+00,  2.865856756004e+01,  3.934261798859e+00
  5.873900000006e+01,  2.500013113022e+00,  2.865856326850e+01,  3.932076692581e+00
  5.883900000015e+01,  2.500018835068e+00,  2.865855754646e+01,  3.931505680084e+00
  5.893900000001e+01,  2.500028610229e+00,  2.865854777130e+01,  3.929562091827e+00
  5.903900000011e+01,  2.499989271164e+00,  2.865858711036e+01,  3.930139780045e+00
  5.913900000020e+01,  2.499982357025e+00,  2.865859402450e+01,  3.932723522186e+00
  5.923900000006e+01,  2.499987840652e+00,  2.865858854087e+01,  3.930489301682e+00
  5.933900000015e+01,  2.500038146973e+00,  2.865853823455e+01,  3.931938648224e+00
  5.943900000001e+01,  2.499972581863e+00,  2.865860379966e+01,  3.928098440170e+00
  5.953900000011e+01,  2.500025987625e+00,  2.865855039390e+01,  3.931071281433e+00
  5.963900000020e+01,  2.499999284744e+00,  2.865857709678e+01,  3.933223247528e+00
  5.973900000006e+01,  2.500017166138e+00,  2.865855921539e+01,  3.933337926865e+00
  5.983900000015e+01,  2.500008106232e+00,  2.865856827529e+01,  3.932208776474e+00
  5.993900000001e+01,  2.500007390976e+00,  2.865856899055e+01,  3.929968357086e+00
  6.003900000011e+01,  2.499988317490e+00,  2.865858806404e+01,  3.928977727890e+00
  6.013900000020e+01,  2.500015497208e+00,  2.865856088432e+01,  3.927330493927e+00
  6.023900000006e+01,  2.499974012375e+00,  2.865860236915e+01,  3.928792476654e+00
  6.033900000015e+01,  2.500009775162e+00,  2.865856660636e+01,  3.928791522980e+00
  6.043900000001e+01,  2.499990940094e+00,  2.865858544143e+01,  3.928956270218e+00
  6.053900000011e+01,  2.499984741211e+00,  2.865859164031e+01,  3.927329778671e+00
  6.063900000020e+01,  2.500001430511e+00,  2.865857495101e+01,  3.929360628128e+00
  6.073900000006e+01,  2.500014781952e+00,  2.865856159957e+01,  3.927303791046e+00
  6.083900000015e+01,  2.499983787537e+00,  2.865859259399e+01,  3.925849199295e+00
  6.093900000001e+01,  2.500000715256e+00,  2.865857566627e+01,  3.927474021912e+00
  6.103900000011e+01,  2.499979734421e+00,  2.865859664711e+01,  3.926773071289e+00
  6.113900000020e+01,  2.500005245209e+00,  2.865857113632e+01,  3.926133155823e+00
  6.123900000006e+01,  2.499988079071e+00,  2.865858830245e+01,  3.927962541580e+00
  6.133900000015e+01,  2.499980688095e+00,  2.865859569343e+01,  3.926111459732e+00
  6.143900000001e+01,  2.499967336655e+00,  2.865860904487e+01,  3.927730083466e+00
  6.153900000011e+01,  2.500022649765e+00,  2.865855373176e+01,  3.923453092575e+00
  6.163900000020e+01,  2.500016927719e+00,  2.865855945381e+01,  3.923384428024e+00
  6.173900000006e+01,  2.499994993210e+00,  2.865858138832e+01,  3.922154664993e+00
  6.183900000015e+01,  2.500002861023e+00,  2.865857352050e+01,  3.922724246979e+00
  6.193900000001e+01,  2.500004768372e+00,  2.865857161315e+01,  3.922646760941e+00
  6.203900000011e+01,  2.500000238419e+00,  2.865857614311e+01,  3.923434972763e+00
  6.213900000020e+01,  2.499992370605e+00,  2.865858401092e+01,  3.923803091049e+00
  6.223900000006e+01,  2.500017404556e+00,  2.865855897697e+01,  3.922264814377e+00
  6.233900000015e+01,  2.499997138977e+00,  2.865857924255e+01,  3.923823118210e+00
  6.243900000001e+01,  2.499992609024e+00,  2.865858377250e+01,  3.923065185547e+00
  6.253900000011e+01,  2.500025749207e+00,  2.865855063232e+01,  3.921774625778e+00
  6.263900000020e+01,  2.500036954880e+00,  2.865853942665e+01,  3.920123338699e+00
  6.273900000006e+01,  2.499996662140e+00,  2.865857971939e+01,  3.923150777817e+00
  6.283900000015e+01,  2.500003814697e+00,  2.865857256683e+01,  3.921915769577e+00
  6.293900000001e+01,  2.499981403351e+00,  2.865859497818e+01,  3.920168161392e+00
  6.303900000011e+01,  2.499989032745e+00,  2.865858734878e+01,  3.920657873154e+00
  6.307400000002e+01,  2.499968528748e+00,  2.865860785278e+01,  3.919766426086e+00
  6.307500000019e+01,  2.499970197678e+00,  2.865860618385e+01,  3.919620990753e+00
  6.307800000021e+01,  2.499976634979e+00,  2.865859974655e+01,  3.919178009033e+00
  6.317800000007e+01,  2.499871730804e+00,  2.865870465072e+01,  3.920429706573e+00
  6.325100000016e+01,  2.489769458771e+00,  2.866880692276e+01,  3.915757894516e+00
  6.327400000021e+01,  2.479511737823e+00,  2.867906464370e+01,  3.890536308289e+00
  6.328550000000e+01,  2.469505786896e+00,  2.868907059463e+01,  3.861361503601e+00
  6.329350000015e+01,  2.459152698517e+00,  2.869942368301e+01,  3.851052284241e+00
  6.330050000013e+01,  2.448471546173e+00,  2.871010483535e+01,  3.839760780334e+00
  6.330700000003e+01,  2.437775135040e+00,  2.872080124649e+01,  3.822533607483e+00
  6.331300000008e+01,  2.427525043488e+00,  2.873105133804e+01,  3.806550025940e+00
  6.331900000013e+01,  2.417164325714e+00,  2.874141205581e+01,  3.788353919983e+00
  6.332500000019e+01,  2.406975269318e+00,  2.875160111221e+01,  3.773858070374e+00
  6.333150000009e+01,  2.396515369415e+00,  2.876206101211e+01,  3.754876136780e+00
  6.333850000007e+01,  2.386341571808e+00,  2.877223480972e+01,  3.741263389587e+00
  6.334650000022e+01,  2.376282215118e+00,  2.878229416641e+01,  3.704932212830e+00
  6.335500000021e+01,  2.366138935089e+00,  2.879243744644e+01,  3.676863670349e+00
  6.336350000021e+01,  2.355907917023e+00,  2.880266846450e+01,  3.652121543884e+00
  6.337150000012e+01,  2.345833301544e+00,  2.881274307998e+01,  3.620520591736e+00
  6.337900000019e+01,  2.335342884064e+00,  2.882323349746e+01,  3.596327781677e+00
  6.338600000017e+01,  2.324741840363e+00,  2.883383454116e+01,  3.583628654480e+00
  6.339300000016e+01,  2.314133167267e+00,  2.884444321426e+01,  3.568301200867e+00
  6.340000000014e+01,  2.304020404816e+00,  2.885455597671e+01,  3.547434806824e+00
  6.340750000020e+01,  2.293941974640e+00,  2.886463440689e+01,  3.527735710144e+00
  6.341600000020e+01,  2.283653736115e+00,  2.887492264541e+01,  3.506789207458e+00
  6.342600000021e+01,  2.273645877838e+00,  2.888493050369e+01,  3.492468833923e+00
  6.344000000018e+01,  2.263588428497e+00,  2.889498795303e+01,  3.449614524841e+00
  6.345350000006e+01,  2.253443241119e+00,  2.890513314041e+01,  3.418196678162e+00
  6.346450000000e+01,  2.243109226227e+00,  2.891546715530e+01,  3.396101951599e+00
  6.347400000016e+01,  2.232950687408e+00,  2.892562569412e+01,  3.378256797791e+00
  6.348350000009e+01,  2.222395420074e+00,  2.893618096145e+01,  3.360190391541e+00
  6.349300000002e+01,  2.212057590485e+00,  2.894651879104e+01,  3.341803550720e+00
  6.350300000003e+01,  2.201893329620e+00,  2.895668305191e+01,  3.321043968201e+00
  6.351400000020e+01,  2.191611289978e+00,  2.896696509155e+01,  3.296397924423e+00
  6.352549999999e+01,  2.181344032288e+00,  2.897723234924e+01,  3.270396947861e+00
  6.353700000001e+01,  2.170882225037e+00,  2.898769415649e+01,  3.245311498642e+00
  6.354800000018e+01,  2.160489082336e+00,  2.899808729919e+01,  3.223304510117e+00
  6.355850000004e+01,  2.150296211243e+00,  2.900828017028e+01,  3.204402685165e+00
  6.356900000013e+01,  2.139962196350e+00,  2.901861418518e+01,  3.182952642441e+00
  6.357900000014e+01,  2.129876136780e+00,  2.902870024475e+01,  3.158714056015e+00
  6.358900000015e+01,  2.119412422180e+00,  2.903916395935e+01,  3.136871099472e+00
  6.359850000008e+01,  2.109078407288e+00,  2.904949797424e+01,  3.114295721054e+00
  6.360750000016e+01,  2.098973274231e+00,  2.905960310729e+01,  3.094398260117e+00
  6.361650000000e+01,  2.088929176331e+00,  2.906964720520e+01,  3.075065374374e+00
  6.362600000016e+01,  2.078755378723e+00,  2.907982100280e+01,  3.056617498398e+00
  6.363600000017e+01,  2.068718910217e+00,  2.908985747131e+01,  3.033485174179e+00
  6.364650000003e+01,  2.058627128601e+00,  2.909994925292e+01,  3.009849309921e+00
  6.365750000020e+01,  2.048169136047e+00,  2.911040724548e+01,  2.985076665878e+00
  6.366800000006e+01,  2.037878990173e+00,  2.912069739135e+01,  2.963004827499e+00
  6.367800000007e+01,  2.027709007263e+00,  2.913086737426e+01,  2.942798376083e+00
  6.368800000008e+01,  2.017394065857e+00,  2.914118231567e+01,  2.923621892929e+00
  6.369800000009e+01,  2.007246971130e+00,  2.915132941040e+01,  2.904193639755e+00
  6.370850000018e+01,  1.996884346008e+00,  2.916169203552e+01,  2.881496191025e+00
  6.371900000004e+01,  1.986611366272e+00,  2.917196501525e+01,  2.857158422470e+00
  6.372900000005e+01,  1.976609230042e+00,  2.918196715148e+01,  2.835937261581e+00
  6.373900000006e+01,  1.966366767883e+00,  2.919220961364e+01,  2.815749883652e+00
  6.374900000007e+01,  1.956063270569e+00,  2.920251311096e+01,  2.795100927353e+00
  6.375900000008e+01,  1.945851325989e+00,  2.921272505554e+01,  2.774337530136e+00
  6.376900000009e+01,  1.935785293579e+00,  2.922279108795e+01,  2.753602743149e+00
  6.377950000018e+01,  1.925355911255e+00,  2.923322047027e+01,  2.731328725815e+00
  6.379000000004e+01,  1.914869308472e+00,  2.924370707305e+01,  2.708917379379e+00
  6.380000000005e+01,  1.904737472534e+00,  2.925383890899e+01,  2.690015554428e+00
  6.381000000006e+01,  1.894556045532e+00,  2.926402033599e+01,  2.670842885971e+00
  6.382000000007e+01,  1.884492874146e+00,  2.927408350738e+01,  2.652776479721e+00
  6.383050000016e+01,  1.874120712280e+00,  2.928445566925e+01,  2.630666494370e+00
  6.384100000001e+01,  1.863851547241e+00,  2.929472483428e+01,  2.609277486801e+00
  6.385150000011e+01,  1.853565216064e+00,  2.930501116546e+01,  2.587053060532e+00
  6.386200000020e+01,  1.843223571777e+00,  2.931535280975e+01,  2.563722372055e+00
  6.387250000006e+01,  1.832756042480e+00,  2.932582033905e+01,  2.543740987778e+00
  6.388250000007e+01,  1.822731018066e+00,  2.933584536346e+01,  2.524507284164e+00
  6.389250000007e+01,  1.812728881836e+00,  2.934584749969e+01,  2.504777669907e+00
  6.390300000017e+01,  1.802238464355e+00,  2.935633791717e+01,  2.483377218246e+00
  6.391300000018e+01,  1.792205810547e+00,  2.936637057098e+01,  2.463441610336e+00
  6.392300000018e+01,  1.782203674316e+00,  2.937637270721e+01,  2.442807912827e+00
  6.393350000004e+01,  1.771827697754e+00,  2.938674868377e+01,  2.422975301743e+00
  6.394400000013e+01,  1.761604309082e+00,  2.939697207244e+01,  2.403753042221e+00
  6.395449999999e+01,  1.751390457153e+00,  2.940718592437e+01,  2.384526968002e+00
  6.396500000008e+01,  1.741025924683e+00,  2.941755045684e+01,  2.364473104477e+00
  6.397500000009e+01,  1.730947494507e+00,  2.942762888702e+01,  2.344148397446e+00
  6.398500000010e+01,  1.720735549927e+00,  2.943784083160e+01,  2.324189901352e+00
  6.399500000011e+01,  1.710435867310e+00,  2.944814051422e+01,  2.303628683090e+00
  6.400500000012e+01,  1.700208663940e+00,  2.945836771759e+01,  2.285093069077e+00
  6.401500000013e+01,  1.690154910088e+00,  2.946842147144e+01,  2.267012357712e+00
  6.402549999999e+01,  1.679706454277e+00,  2.947886992725e+01,  2.247343778610e+00
  6.403600000008e+01,  1.669277071953e+00,  2.948929930957e+01,  2.226950407028e+00
  6.404650000017e+01,  1.658794283867e+00,  2.949978209766e+01,  2.205023527145e+00
  6.405650000018e+01,  1.648666262627e+00,  2.950991011890e+01,  2.184023618698e+00
  6.406650000019e+01,  1.638461947441e+00,  2.952011443408e+01,  2.165838956833e+00
  6.407650000020e+01,  1.628261446953e+00,  2.953031493457e+01,  2.148527860641e+00
  6.408650000021e+01,  1.618106722832e+00,  2.954046965869e+01,  2.131365537643e+00
  6.409650000022e+01,  1.607993960381e+00,  2.955058242115e+01,  2.114577054977e+00
  6.410700000008e+01,  1.597576022148e+00,  2.956100035938e+01,  2.093767881393e+00
  6.411750000017e+01,  1.587238192558e+00,  2.957133818897e+01,  2.071730375290e+00
  6.412800000003e+01,  1.576862215996e+00,  2.958171416553e+01,  2.051569700241e+00
  6.413850000012e+01,  1.566425204277e+00,  2.959215117725e+01,  2.032782316208e+00
  6.414900000021e+01,  1.556053042412e+00,  2.960252333911e+01,  2.013808012009e+00
  6.415950000007e+01,  1.545585513115e+00,  2.961299086841e+01,  1.995791196823e+00
  6.416950000008e+01,  1.535571932793e+00,  2.962300444873e+01,  1.977953672409e+00
  6.418000000017e+01,  1.525092959404e+00,  2.963348342212e+01,  1.958014249802e+00
  6.419050000003e+01,  1.514644503593e+00,  2.964393187793e+01,  1.938063383102e+00
  6.420100000012e+01,  1.504276156425e+00,  2.965430022510e+01,  1.919775724411e+00
  6.421150000021e+01,  1.493974566460e+00,  2.966460181507e+01,  1.901621580124e+00
  6.422200000007e+01,  1.483644366264e+00,  2.967493201526e+01,  1.882826566696e+00
  6.423250000016e+01,  1.473230242729e+00,  2.968534613880e+01,  1.864001035690e+00
  6.424300000002e+01,  1.462789416313e+00,  2.969578696521e+01,  1.845328092575e+00
  6.425350000011e+01,  1.452321887016e+00,  2.970625449451e+01,  1.825514554977e+00
  6.426350000012e+01,  1.442311406136e+00,  2.971626497539e+01,  1.806606173515e+00
  6.427350000013e+01,  1.432267308235e+00,  2.972630907329e+01,  1.789142489433e+00
  6.428350000014e+01,  1.422154545784e+00,  2.973642183574e+01,  1.771526217461e+00
  6.429350000015e+01,  1.411976933479e+00,  2.974659944805e+01,  1.753711581230e+00
  6.430350000015e+01,  1.401784062386e+00,  2.975679231914e+01,  1.736301302910e+00
  6.431350000016e+01,  1.391717076302e+00,  2.976685930522e+01,  1.718795657158e+00
  6.432400000002e+01,  1.381283879280e+00,  2.977729250225e+01,  1.698856234550e+00
  6.433450000011e+01,  1.370820164680e+00,  2.978775621685e+01,  1.679191470146e+00
  6.434450000012e+01,  1.360715031624e+00,  2.979786134990e+01,  1.661727786064e+00
  6.435450000013e+01,  1.350552678108e+00,  2.980802370342e+01,  1.645702242851e+00
  6.436450000014e+01,  1.340478062630e+00,  2.981809831890e+01,  1.627807497978e+00
  6.437500000000e+01,  1.330006718636e+00,  2.982856966289e+01,  1.607841372490e+00
  6.438550000009e+01,  1.319577336311e+00,  2.983899904521e+01,  1.588790774345e+00
  6.439600000018e+01,  1.309132695198e+00,  2.984944368633e+01,  1.569362521172e+00
  6.440600000019e+01,  1.299103856087e+00,  2.985947252544e+01,  1.550567507744e+00
  6.441600000020e+01,  1.289075016975e+00,  2.986950136455e+01,  1.533904910088e+00
  6.442650000006e+01,  1.278685688972e+00,  2.987989069255e+01,  1.517143130302e+00
  6.443700000015e+01,  1.268439412117e+00,  2.989013696941e+01,  1.497260928154e+00
  6.444750000001e+01,  1.258158802986e+00,  2.990041757854e+01,  1.477558016777e+00
  6.445800000010e+01,  1.247756123543e+00,  2.991082025798e+01,  1.457923769951e+00
  6.446800000011e+01,  1.237685322762e+00,  2.992089105876e+01,  1.439918398857e+00
  6.447800000012e+01,  1.227572560310e+00,  2.993100382122e+01,  1.423011660576e+00
  6.448850000021e+01,  1.217146992683e+00,  2.994142938884e+01,  1.405639529228e+00
  6.449900000007e+01,  1.206902623177e+00,  2.995167375835e+01,  1.386516451836e+00
  6.450950000016e+01,  1.196547627449e+00,  2.996202875408e+01,  1.366420626640e+00
  6.451950000017e+01,  1.186475396156e+00,  2.997210098537e+01,  1.348592758179e+00
  6.452950000018e+01,  1.176286339760e+00,  2.998229004177e+01,  1.329187393188e+00
  6.453950000019e+01,  1.166001915932e+00,  2.999257446559e+01,  1.311300277710e+00
  6.454950000020e+01,  1.155793786049e+00,  3.000278259548e+01,  1.294797897339e+00
  6.456000000006e+01,  1.145341515541e+00,  3.001323486598e+01,  1.278570175171e+00
  6.457050000015e+01,  1.135083794594e+00,  3.002349258693e+01,  1.258874893188e+00
  6.458100000001e+01,  1.124784111977e+00,  3.003379226955e+01,  1.240716934204e+00
  6.459150000010e+01,  1.114432930946e+00,  3.004414345058e+01,  1.221105575562e+00
  6.460200000019e+01,  1.103976845741e+00,  3.005459953578e+01,  1.202249526978e+00
  6.461200000020e+01,  1.093963265419e+00,  3.006461311611e+01,  1.183637619019e+00
  6.462200000021e+01,  1.083884835243e+00,  3.007469154628e+01,  1.166715621948e+00
  6.463200000022e+01,  1.073802590370e+00,  3.008477379116e+01,  1.151269912720e+00
  6.464250000007e+01,  1.063331246376e+00,  3.009524513515e+01,  1.133676528931e+00
  6.465300000017e+01,  1.052978157997e+00,  3.010559822353e+01,  1.113016128540e+00
  6.466350000002e+01,  1.042556405067e+00,  3.011601997646e+01,  1.094068527222e+00
  6.467350000003e+01,  1.032550454140e+00,  3.012602592739e+01,  1.076925277710e+00
  6.468350000004e+01,  1.022475838661e+00,  3.013610054286e+01,  1.058755874634e+00
  6.469350000005e+01,  1.012279152870e+00,  3.014629722866e+01,  1.042020797729e+00
  6.470350000006e+01,  1.001998543739e+00,  3.015657783779e+01,  1.026887893677e+00
  6.471350000007e+01,  9.917865991592e-01,  3.016678978237e+01,  1.009805679321e+00
  6.472350000008e+01,  9.817615747452e-01,  3.017681480678e+01,  9.912548065186e-01
  6.473400000017e+01,  9.713855981827e-01,  3.018719078334e+01,  9.719982147217e-01
  6.474450000003e+01,  9.610630273819e-01,  3.019751335414e+01,  9.526386260986e-01
  6.475500000012e+01,  9.507404565811e-01,  3.020783592494e+01,  9.352436065674e-01
  6.476550000021e+01,  9.404637217522e-01,  3.021811265977e+01,  9.180211424828e-01
  6.477600000007e+01,  9.301506876945e-01,  3.022842569383e+01,  9.020299315453e-01
  6.478650000016e+01,  9.198147654533e-01,  3.023876161607e+01,  8.836888670921e-01
  6.479700000002e+01,  9.093891978264e-01,  3.024918718370e+01,  8.668240904808e-01
  6.480750000011e+01,  8.989216685295e-01,  3.025965471300e+01,  8.490704894066e-01
  6.481800000020e+01,  8.884426951408e-01,  3.027013368639e+01,  8.307370543480e-01
  6.482800000021e+01,  8.783833384514e-01,  3.028019304307e+01,  8.139829039574e-01
  6.483799999999e+01,  8.682362437248e-01,  3.029034013780e+01,  7.986287474632e-01
  6.484800000000e+01,  8.581196665764e-01,  3.030045671495e+01,  7.831563353539e-01
  6.485800000001e+01,  8.480870127678e-01,  3.031048936876e+01,  7.658986449242e-01
  6.486850000010e+01,  8.376728892326e-01,  3.032090349229e+01,  7.478665709496e-01
  6.487900000019e+01,  8.273922801018e-01,  3.033118410142e+01,  7.300176024437e-01
  6.488950000005e+01,  8.171059489250e-01,  3.034147043260e+01,  7.122868895531e-01
  6.489950000006e+01,  8.070771098137e-01,  3.035149927171e+01,  6.950787901878e-01
  6.490950000007e+01,  7.967774271965e-01,  3.036179895433e+01,  6.818799376488e-01
  6.491950000008e+01,  7.864891886711e-01,  3.037208719285e+01,  6.671971678734e-01
  6.492950000009e+01,  7.764031291008e-01,  3.038217325243e+01,  6.504811644554e-01
  6.494000000018e+01,  7.660633921623e-01,  3.039251298936e+01,  6.324300169945e-01
  6.495050000004e+01,  7.558285593987e-01,  3.040274782213e+01,  6.143178343773e-01
  6.496100000013e+01,  7.454506754875e-01,  3.041312570604e+01,  5.972813963890e-01
  6.497100000014e+01,  7.353340983391e-01,  3.042324228319e+01,  5.828465819359e-01
  6.498100000015e+01,  7.251488566399e-01,  3.043342752489e+01,  5.688466429710e-01
  6.499100000015e+01,  7.150704264641e-01,  3.044350595506e+01,  5.542363524437e-01
  6.500150000001e+01,  7.047592997551e-01,  3.045381708177e+01,  5.362195372581e-01
  6.501200000010e+01,  6.945582032204e-01,  3.046401817831e+01,  5.179407000542e-01
  6.502250000020e+01,  6.841498017311e-01,  3.047442657979e+01,  5.018808245659e-01
  6.503250000020e+01,  6.739874482155e-01,  3.048458893331e+01,  4.882433116436e-01
  6.504250000021e+01,  6.637716889381e-01,  3.049480469259e+01,  4.746248424053e-01
  6.505249999999e+01,  6.536665558815e-01,  3.050490982564e+01,  4.618379771709e-01
  6.506300000008e+01,  6.432753205299e-01,  3.051530106100e+01,  4.453165233135e-01
  6.507350000017e+01,  6.329813599586e-01,  3.052559502157e+01,  4.278108775616e-01
  6.508400000003e+01,  6.225481629372e-01,  3.053602821859e+01,  4.115984141827e-01
  6.509400000004e+01,  6.124849915504e-01,  3.054609138998e+01,  3.982736766338e-01
  6.510400000005e+01,  6.024523377419e-01,  3.055612404378e+01,  3.841707408428e-01
  6.511450000014e+01,  5.920420289040e-01,  3.056653435262e+01,  3.694154918194e-01
  6.512500000000e+01,  5.816965699196e-01,  3.057687981161e+01,  3.541490733624e-01
  6.513550000009e+01,  5.713472962379e-01,  3.058722908529e+01,  3.376428782940e-01
  6.514600000018e+01,  5.608645081520e-01,  3.059771187337e+01,  3.218805491924e-01
  6.515600000019e+01,  5.507479310036e-01,  3.060782845052e+01,  3.083688914776e-01
  6.516600000020e+01,  5.406351685524e-01,  3.061794121297e+01,  2.949297130108e-01
  6.517600000021e+01,  5.305987000465e-01,  3.062797768148e+01,  2.813913524151e-01
  6.518650000007e+01,  5.201578736305e-01,  3.063841850790e+01,  2.675363719463e-01
  6.519700000016e+01,  5.097742676735e-01,  3.064880211385e+01,  2.526666820049e-01
  6.520750000002e+01,  4.993678033352e-01,  3.065920857819e+01,  2.382356673479e-01
  6.521800000011e+01,  4.888964593410e-01,  3.066967992218e+01,  2.231180220842e-01
  6.522800000012e+01,  4.787760674953e-01,  3.067980031403e+01,  2.092020064592e-01
  6.523800000013e+01,  4.685145318508e-01,  3.069006184968e+01,  1.968996077776e-01
  6.524800000014e+01,  4.583369195461e-01,  3.070023946198e+01,  1.854383498430e-01
  6.525850000000e+01,  4.478655755520e-01,  3.071071080597e+01,  1.702329665422e-01
  6.526900000009e+01,  4.374770820141e-01,  3.072109929951e+01,  1.559630185366e-01
  6.527950000018e+01,  4.271239936352e-01,  3.073145238789e+01,  1.402540951967e-01
  6.528950000019e+01,  4.171180427074e-01,  3.074145833882e+01,  1.249953061342e-01
  6.529950000020e+01,  4.068946540356e-01,  3.075168172749e+01,  1.130553036928e-01
  6.530950000021e+01,  3.967323005199e-01,  3.076184408101e+01,  1.021891385317e-01
  6.532000000007e+01,  3.863219916821e-01,  3.077225438984e+01,  9.113223850727e-02
  6.533050000016e+01,  3.762130439281e-01,  3.078236333760e+01,  7.738406956196e-02
  6.534100000001e+01,  3.659896552563e-01,  3.079258672627e+01,  6.491382420063e-02
  6.535100000002e+01,  3.559570014477e-01,  3.080261938008e+01,  5.449779704213e-02
  6.536100000003e+01,  3.457793891430e-01,  3.081279699238e+01,  4.568393900990e-02
  6.537100000004e+01,  3.356284797192e-01,  3.082294790181e+01,  3.604610636830e-02
  6.538100000005e+01,  3.255996406078e-01,  3.083297674092e+01,  2.842624858022e-02
  6.539150000014e+01,  3.152846992016e-01,  3.084329168232e+01,  1.443393807858e-02
  6.540150000015e+01,  3.052138984203e-01,  3.085336248311e+01,  4.910546820611e-03
  6.541150000016e+01,  2.949599921703e-01,  3.086361638936e+01, -3.785055829212e-03
  6.542150000017e+01,  2.847861945629e-01,  3.087379018696e+01, -1.399318594486e-02
  6.543200000003e+01,  2.743510901928e-01,  3.088422529133e+01, -2.279369160533e-02
  6.544250000012e+01,  2.642383277416e-01,  3.089433805378e+01, -3.072635456920e-02
  6.545300000021e+01,  2.541141211987e-01,  3.090446226033e+01, -4.175655171275e-02
  6.546299999999e+01,  2.439746409655e-01,  3.091460174056e+01, -4.813472554088e-02
  6.547300000000e+01,  2.335795909166e-01,  3.092499679061e+01, -5.067292973399e-02
  6.548300000001e+01,  2.233294993639e-01,  3.093524688216e+01, -4.823426529765e-02
  6.549350000010e+01,  2.129611521959e-01,  3.094561522933e+01, -3.858689591289e-02
  6.550450000004e+01,  2.026557475328e-01,  3.095592063399e+01, -3.662739321589e-02
  6.551500000013e+01,  1.922996491194e-01,  3.096627673241e+01, -2.470858767629e-02
  6.552500000014e+01,  1.818702667952e-01,  3.097670611473e+01, -1.035388186574e-02
  6.553500000015e+01,  1.714065521955e-01,  3.098716982933e+01, -5.447227507830e-03
  6.554500000016e+01,  1.612060517073e-01,  3.099737032982e+01, -5.644347518682e-03
  6.555550000002e+01,  1.509826630354e-01,  3.100759371849e+01, -3.030445193872e-03
  6.556650000019e+01,  1.407840698957e-01,  3.101779231163e+01, -1.295628771186e-02
  6.557700000005e+01,  1.304176300764e-01,  3.102815875145e+01, -1.253959909081e-02
  6.558700000006e+01,  1.200798004866e-01,  3.103849658104e+01, -8.950922638178e-03
  6.559700000007e+01,  1.096771210432e-01,  3.104889926048e+01, -4.687998443842e-03
  6.560700000008e+01,  9.955291450024e-02,  3.105902346703e+01, -4.174447385594e-04
  6.561800000002e+01,  8.911781013012e-02,  3.106945857140e+01, -2.001527464017e-03
  6.562900000019e+01,  7.863692939281e-02,  3.107993945213e+01, -8.743766695261e-03
  6.563900000020e+01,  6.844405829906e-02,  3.109013232323e+01, -6.095815449953e-03
  6.564900000021e+01,  5.802612379193e-02,  3.110055025773e+01, -5.223099142313e-03
  6.565900000022e+01,  4.773025587201e-02,  3.111084612565e+01, -3.959361463785e-03
  6.566950000008e+01,  3.746299818158e-02,  3.112111338334e+01,  2.320584142581e-03
  6.568150000018e+01,  2.728538587689e-02,  3.113129099565e+01,  2.197885332862e-04
  6.569550000015e+01,  1.710395887494e-02,  3.114147242265e+01, -1.438204082660e-03
  6.571299999999e+01,  6.924438290298e-03,  3.115165194324e+01, -3.652310697362e-04
  6.572400000016e+01,  2.517509507015e-03,  3.115605887202e+01,  1.532342401333e-03
  6.572500000009e+01,  2.202796982601e-03,  3.115637358454e+01,  1.647736993618e-03
  6.573300000001e+01,  1.686096511548e-04,  3.115840777187e+01,  1.861278084107e-03
  6.573600000003e+01, -3.878593270201e-04,  3.115896424085e+01,  1.065436867066e-03
  6.599900000007e+01, -2.151184249669e-03,  3.116072756578e+01, -6.343128159642e-03
  6.600000000000e+01, -2.147675026208e-03,  3.116072405655e+01, -6.226779893041e-03
