           Test time,     Standard travel,     Tool separation,      Standard force
                 0.0,                 0.0,  3.158354300060e+01, -1.454963162541e-02
                 0.0,                 0.0,  3.158354433146e+01, -1.448299363256e-02
                 0.0,                 0.0,  3.158354185612e+01, -1.405637711287e-02
                 0.0,                 0.0,  3.158354876653e+01, -1.392508298159e-02
                 0.0,                 0.0,  3.158354700819e+01, -1.372004300356e-02
                 0.0,                 0.0,  3.158469493330e+01, -1.403088774532e-02
  0.000000000000e+00,  0.000000000000e+00,  3.158468680167e+01, -1.366300787777e-02
  8.000000147149e-03,  4.221678864269e-06,  3.158468257999e+01, -1.383477542549e-02
  1.100000017323e-02,  7.607967745571e-06,  3.158467919370e+01, -1.362305972725e-02
  1.300000003539e-02,  1.342029463558e-06,  3.158468545964e+01, -1.327353809029e-02
  1.400000019930e-02,  3.845424544124e-06,  3.158468295624e+01, -1.303798053414e-02
  1.145000001416e-01, -2.612424577819e-05,  3.158471292591e+01, -1.371464692056e-02
  2.145000000019e-01, -1.019165574689e-05,  3.158469699332e+01, -1.505952328444e-02
  3.145000000950e-01,  2.864688940463e-05,  3.158465815478e+01, -1.481971610337e-02
  4.145000001881e-01,  3.333381842822e-03,  3.158135341982e+01, -1.449875812978e-02
  4.520000000484e-01,  1.341753453016e-02,  3.157126926714e+01, -2.422365127131e-03
  4.680000001099e-01,  2.350168675184e-02,  3.156118511492e+01,  9.942916221917e-03
  4.780000001192e-01,  3.386621922255e-02,  3.155082058244e+01,  2.564897947013e-02
  4.855000001844e-01,  4.422693699598e-02,  3.154045986467e+01,  2.357372455299e-02
  4.920000000857e-01,  5.435877293348e-02,  3.153032802873e+01,  2.507766894996e-02
  4.985000002198e-01,  6.512766331434e-02,  3.151955913835e+01,  2.850326709449e-02
  5.045000000391e-01,  7.524805516005e-02,  3.150943874651e+01,  3.352531418204e-02
  5.105000000913e-01,  8.531242609024e-02,  3.149937437558e+01,  3.760668635368e-02
  5.170000002254e-01,  9.577995538712e-02,  3.148890684628e+01,  4.832789301872e-02
  5.240000002086e-01,  1.063695549965e-01,  3.147831724667e+01,  5.157911777496e-02
  5.315000000410e-01,  1.164403557777e-01,  3.146824644589e+01,  6.840384006500e-02
  5.400000000373e-01,  1.268964409828e-01,  3.145779036068e+01,  9.286367893219e-02
  5.485000000335e-01,  1.374898552895e-01,  3.144719694638e+01,  1.108118295670e-01
  5.565000001807e-01,  1.481290459633e-01,  3.143655775570e+01,  1.243311166763e-01
  5.640000000130e-01,  1.585927605629e-01,  3.142609404110e+01,  1.336961984634e-01
  5.715000000782e-01,  1.692548394203e-01,  3.141543196225e+01,  1.478220224380e-01
  5.790000001434e-01,  1.798978447914e-01,  3.140478895688e+01,  1.602731943130e-01
  5.865000002086e-01,  1.903272271156e-01,  3.139435957455e+01,  1.714082956314e-01
  5.945000001229e-01,  2.008596062660e-01,  3.138382719540e+01,  1.813379526138e-01
  6.035000002012e-01,  2.112699151039e-01,  3.137341688656e+01,  1.951967477798e-01
  6.140000000596e-01,  2.214494347572e-01,  3.136323736691e+01,  2.167955636978e-01
  6.260000001639e-01,  2.316995263100e-01,  3.135298727536e+01,  2.372270822525e-01
  6.385000001173e-01,  2.420106530190e-01,  3.134267614865e+01,  2.594743967056e-01
  6.500000001397e-01,  2.521806359291e-01,  3.133250616574e+01,  2.782579660416e-01
  6.604999999981e-01,  2.623906731606e-01,  3.132229612851e+01,  2.916895151138e-01
  6.705000000075e-01,  2.726216912270e-01,  3.131206511044e+01,  3.044344186783e-01
  6.805000000168e-01,  2.829251885414e-01,  3.130176161313e+01,  3.177706003189e-01
  6.905000000261e-01,  2.930493950844e-01,  3.129163740658e+01,  3.333917856216e-01
  7.010000001173e-01,  3.034940361977e-01,  3.128119276547e+01,  3.518282175064e-01
  7.115000002086e-01,  3.138585686684e-01,  3.127082823300e+01,  3.692194223404e-01
  7.220000000671e-01,  3.242421746254e-01,  3.126044462704e+01,  3.858629465103e-01
  7.325000001583e-01,  3.346105217934e-01,  3.125007627987e+01,  4.018617868423e-01
  7.430000000168e-01,  3.447957634926e-01,  3.123989103817e+01,  4.188333749771e-01
  7.535000001080e-01,  3.548932671547e-01,  3.122979353451e+01,  4.350992441177e-01
  7.640000001993e-01,  3.650276958942e-01,  3.121965910577e+01,  4.541415274143e-01
  7.745000000577e-01,  3.753884136677e-01,  3.120929838800e+01,  4.724787771702e-01
  7.845000000671e-01,  3.855507671833e-01,  3.119913603448e+01,  4.890154898167e-01
  7.945000000764e-01,  3.959839642048e-01,  3.118870283746e+01,  5.042017698288e-01
  8.045000000857e-01,  4.064209759235e-01,  3.117826582574e+01,  5.195673704147e-01
  8.145000000950e-01,  4.165604412556e-01,  3.116812636041e+01,  5.350512266159e-01
  8.250000001863e-01,  4.268162548542e-01,  3.115787054681e+01,  5.548723936081e-01
  8.355000000447e-01,  4.368984997272e-01,  3.114778830194e+01,  5.751360654831e-01
  8.460000001360e-01,  4.470646679401e-01,  3.113762213373e+01,  5.928744077682e-01
  8.565000002272e-01,  4.574177563190e-01,  3.112726904535e+01,  6.102389097214e-01
  8.665000000037e-01,  4.674504101276e-01,  3.111723639154e+01,  6.266497373581e-01
  8.765000000130e-01,  4.775555431843e-01,  3.110713125848e+01,  6.412867307663e-01
  8.865000000224e-01,  4.875576794147e-01,  3.109712912225e+01,  6.570986509323e-01
  8.970000001136e-01,  4.978020489216e-01,  3.108688475275e+01,  6.787813901901e-01
  9.075000002049e-01,  5.079796314240e-01,  3.107670717024e+01,  6.987169981003e-01
  9.180000000633e-01,  5.183308124542e-01,  3.106635598921e+01,  7.185648679733e-01
  9.280000000726e-01,  5.283787250519e-01,  3.105630807662e+01,  7.349108457565e-01
  9.380000000820e-01,  5.385067462921e-01,  3.104618005538e+01,  7.510012388229e-01
  9.480000000913e-01,  5.486729145050e-01,  3.103601388716e+01,  7.677782773972e-01
  9.580000001006e-01,  5.588390827179e-01,  3.102584771895e+01,  7.876604795456e-01
  9.680000001099e-01,  5.690128803253e-01,  3.101567392134e+01,  8.069742918015e-01
  9.780000001192e-01,  5.791523456573e-01,  3.100553445601e+01,  8.262652158737e-01
  9.880000001285e-01,  5.892231464386e-01,  3.099546365523e+01,  8.456782102585e-01
  9.980000001378e-01,  5.992863178253e-01,  3.098540048384e+01,  8.647822141647e-01
  1.008000000147e+00,  6.093723773956e-01,  3.097531442427e+01,  8.817270994186e-01
  1.018000000156e+00,  6.194238066673e-01,  3.096526299500e+01,  8.995080590248e-01
  1.028000000166e+00,  6.294679045677e-01,  3.095521889710e+01,  9.201989769936e-01
  1.038000000175e+00,  6.395654082298e-01,  3.094512139344e+01,  9.405313134193e-01
  1.048000000184e+00,  6.496400237083e-01,  3.093504677796e+01,  9.577546715736e-01
  1.058500000043e+00,  6.600732207298e-01,  3.092461358094e+01,  9.779229760170e-01
  1.069000000134e+00,  6.704568266869e-01,  3.091422997498e+01,  9.972139000893e-01
  1.079500000225e+00,  6.808366179466e-01,  3.090385018372e+01,  1.015825867653e+00
  1.090000000084e+00,  6.913079619408e-01,  3.089337883973e+01,  1.034529328346e+00
  1.100000000093e+00,  7.014054656029e-01,  3.088328133606e+01,  1.053309082985e+00
  1.110000000102e+00,  7.115105986595e-01,  3.087317620301e+01,  1.072031617165e+00
  1.120500000194e+00,  7.219895720482e-01,  3.086269722962e+01,  1.091890931129e+00
  1.131000000052e+00,  7.323541045189e-01,  3.085233269715e+01,  1.111662507057e+00
  1.141500000143e+00,  7.426080107689e-01,  3.084207879090e+01,  1.131842255592e+00
  1.152000000002e+00,  7.528924345970e-01,  3.083179436707e+01,  1.152895569801e+00
  1.162500000093e+00,  7.633065581322e-01,  3.082138024354e+01,  1.172335267067e+00
  1.172500000102e+00,  7.733239531517e-01,  3.081136284852e+01,  1.191332459450e+00
  1.182500000112e+00,  7.834176421165e-01,  3.080126915955e+01,  1.210417389870e+00
  1.192500000121e+00,  7.935113310814e-01,  3.079117547059e+01,  1.230105042458e+00
  1.202500000130e+00,  8.035516142845e-01,  3.078113518738e+01,  1.249941468239e+00
  1.213000000222e+00,  8.140229582787e-01,  3.077066384339e+01,  1.271074891090e+00
  1.223500000080e+00,  8.244866728783e-01,  3.076020012879e+01,  1.291319489479e+00
  1.233500000089e+00,  8.344888091087e-01,  3.075019799256e+01,  1.310808777809e+00
  1.243500000099e+00,  8.445634245872e-01,  3.074012337708e+01,  1.330649018288e+00
  1.253500000108e+00,  8.546380400658e-01,  3.073004876160e+01,  1.349924683571e+00
  1.263500000117e+00,  8.646641373634e-01,  3.072002266430e+01,  1.372099399567e+00
  1.273500000127e+00,  8.747387528419e-01,  3.070994804883e+01,  1.392160892487e+00
  1.283500000136e+00,  8.848019242287e-01,  3.069988487744e+01,  1.411795139313e+00
  1.294000000227e+00,  8.952999711037e-01,  3.068938683056e+01,  1.431589603424e+00
  1.304500000086e+00,  9.057026505470e-01,  3.067898415112e+01,  1.451410770416e+00
  1.315000000177e+00,  9.160633683205e-01,  3.066862343335e+01,  1.471563816071e+00
  1.325500000035e+00,  9.264240860939e-01,  3.065826271557e+01,  1.494978427887e+00
  1.335500000045e+00,  9.364910721779e-01,  3.064819572949e+01,  1.515772342682e+00
  1.345500000054e+00,  9.466724991798e-01,  3.063801430249e+01,  1.533823490143e+00
  1.355500000063e+00,  9.567585587502e-01,  3.062792824292e+01,  1.551451206207e+00
  1.366000000155e+00,  9.668751358986e-01,  3.061781166577e+01,  1.567682743073e+00
  1.378000000026e+00,  9.771443009377e-01,  3.060754250073e+01,  1.582705020905e+00
  1.393500000006e+00,  9.873810410500e-01,  3.059730576062e+01,  1.603212833405e+00
  1.421000000089e+00,  9.974699616432e-01,  3.058721684002e+01,  1.625935077667e+00
  1.422000000020e+00,  9.976897835732e-01,  3.058699701809e+01,  1.626408100128e+00
  1.522000000114e+00,  1.003289103508e+00,  3.058139769816e+01,  1.632123351097e+00
  1.622000000207e+00,  1.002778649330e+00,  3.058190815234e+01,  1.625350236893e+00
  1.722000000067e+00,  1.002004861832e+00,  3.058268193984e+01,  1.622109055519e+00
  1.822000000160e+00,  1.001394629478e+00,  3.058329217219e+01,  1.615360617638e+00
  1.922000000020e+00,  1.000904679298e+00,  3.058378212237e+01,  1.610880494118e+00
  2.022000000114e+00,  1.000574231148e+00,  3.058411257052e+01,  1.605279326439e+00
  2.122000000207e+00,  1.000390768051e+00,  3.058429603362e+01,  1.602793097496e+00
  2.222000000067e+00,  1.000219464302e+00,  3.058446733737e+01,  1.598088264465e+00
  2.322000000160e+00,  1.000141263008e+00,  3.058454553866e+01,  1.596159100533e+00
  2.422000000020e+00,  1.000072836876e+00,  3.058461396479e+01,  1.593500018120e+00
  2.522000000114e+00,  1.000039935112e+00,  3.058464686656e+01,  1.591131329536e+00
  2.622000000207e+00,  1.000053882599e+00,  3.058463291907e+01,  1.590743064880e+00
  2.722000000067e+00,  1.000037312508e+00,  3.058464948916e+01,  1.588125467300e+00
  2.822000000160e+00,  1.000024318695e+00,  3.058466248297e+01,  1.584281802177e+00
  2.922000000020e+00,  1.000033140182e+00,  3.058465366148e+01,  1.581365227699e+00
  3.022000000114e+00,  1.000012755394e+00,  3.058467404627e+01,  1.578645110130e+00
  3.122000000207e+00,  1.000002741814e+00,  3.058468405985e+01,  1.577599883080e+00
  3.222000000067e+00,  9.999945759773e-01,  3.058469222569e+01,  1.577247977257e+00
  3.322000000160e+00,  1.000023365021e+00,  3.058466343665e+01,  1.572323799133e+00
  3.422000000020e+00,  1.000010728836e+00,  3.058467607283e+01,  1.574084281921e+00
  3.522000000114e+00,  1.000015497208e+00,  3.058467130446e+01,  1.573325514793e+00
  3.622000000207e+00,  1.000018954277e+00,  3.058466784739e+01,  1.570259809494e+00
  3.722000000067e+00,  9.999999403954e-01,  3.058468686127e+01,  1.568385481834e+00
  3.822000000160e+00,  9.999688267708e-01,  3.058471797490e+01,  1.564885258675e+00
  3.922000000020e+00,  1.000031232834e+00,  3.058465556883e+01,  1.565116882324e+00
  4.022000000114e+00,  1.000030279160e+00,  3.058465652251e+01,  1.563012242317e+00
  4.122000000207e+00,  1.000016689301e+00,  3.058467011237e+01,  1.561053395271e+00
  4.222000000067e+00,  1.000020861626e+00,  3.058466594004e+01,  1.560827016830e+00
  4.322000000160e+00,  1.000019788742e+00,  3.058466701293e+01,  1.558503031731e+00
  4.422000000020e+00,  1.000036716461e+00,  3.058465008521e+01,  1.557102203369e+00
  4.522000000114e+00,  1.000002026558e+00,  3.058468477511e+01,  1.554948568344e+00
  4.622000000207e+00,  9.999940395355e-01,  3.058469276213e+01,  1.553872823715e+00
  4.722000000067e+00,  1.000024199486e+00,  3.058466260218e+01,  1.553102850914e+00
  4.822000000160e+00,  1.000028491020e+00,  3.058465831065e+01,  1.552346944809e+00
  4.922000000020e+00,  1.000028610229e+00,  3.058465819144e+01,  1.551661372185e+00
  5.022000000114e+00,  1.000018715858e+00,  3.058466808581e+01,  1.550001263618e+00
  5.122000000207e+00,  9.999901056290e-01,  3.058469669604e+01,  1.548466801643e+00
  5.222000000067e+00,  1.000030398369e+00,  3.058465640330e+01,  1.547664403915e+00
  5.322000000160e+00,  1.000067114830e+00,  3.058461968684e+01,  1.545464396477e+00
  5.422000000020e+00,  1.000033140182e+00,  3.058465366148e+01,  1.545853137970e+00
  5.522000000114e+00,  1.000011324883e+00,  3.058467547678e+01,  1.544937014580e+00
  5.622000000207e+00,  9.999930858612e-01,  3.058469371581e+01,  1.543806076050e+00
  5.722000000067e+00,  1.000032544136e+00,  3.058465425753e+01,  1.545500636101e+00
  5.822000000160e+00,  1.000020265579e+00,  3.058466653609e+01,  1.544273495674e+00
  5.922000000020e+00,  1.000029683113e+00,  3.058465711855e+01,  1.541880369186e+00
  6.022000000114e+00,  1.000034928322e+00,  3.058465187335e+01,  1.544146537781e+00
  6.122000000207e+00,  1.000017881393e+00,  3.058466892027e+01,  1.542710065842e+00
  6.222000000067e+00,  1.000008940697e+00,  3.058467786097e+01,  1.540546774864e+00
  6.322000000160e+00,  1.000002622604e+00,  3.058468417906e+01,  1.539328575134e+00
  6.422000000020e+00,  1.000002861023e+00,  3.058468394064e+01,  1.540417551994e+00
  6.522000000114e+00,  1.000039219856e+00,  3.058464758181e+01,  1.537817239761e+00
  6.622000000207e+00,  1.000000238419e+00,  3.058468656325e+01,  1.534556388855e+00
  6.722000000067e+00,  1.000017046928e+00,  3.058466975474e+01,  1.533791065216e+00
  6.822000000160e+00,  1.000010371208e+00,  3.058467643046e+01,  1.534605860710e+00
  6.922000000020e+00,  1.000027298927e+00,  3.058465950274e+01,  1.534177780151e+00
  7.022000000114e+00,  1.000007987022e+00,  3.058467881464e+01,  1.533510804176e+00
  7.122000000207e+00,  1.000007390976e+00,  3.058467941069e+01,  1.535164713860e+00
  7.222000000067e+00,  1.000005006790e+00,  3.058468179488e+01,  1.533009171486e+00
  7.322000000160e+00,  9.999940991402e-01,  3.058469270253e+01,  1.531794309616e+00
  7.422000000020e+00,  1.000000834465e+00,  3.058468596720e+01,  1.532373905182e+00
  7.522000000114e+00,  9.999873638153e-01,  3.058469943785e+01,  1.529456138611e+00
  7.622000000207e+00,  1.000036478043e+00,  3.058465032362e+01,  1.528878092766e+00
  7.722000000067e+00,  1.000003695488e+00,  3.058468310618e+01,  1.530406594276e+00
  7.822000000160e+00,  9.999955892563e-01,  3.058469121241e+01,  1.524008393288e+00
  7.922000000020e+00,  1.000012159348e+00,  3.058467464232e+01,  1.527141094208e+00
  8.022000000114e+00,  1.000024914742e+00,  3.058466188693e+01,  1.529685974121e+00
  8.122000000207e+00,  1.000047922134e+00,  3.058463887953e+01,  1.525451183319e+00
  8.222000000067e+00,  1.000013113022e+00,  3.058467368865e+01,  1.519065618515e+00
  8.322000000160e+00,  1.000021934509e+00,  3.058466486716e+01,  1.525700330734e+00
  8.422000000020e+00,  1.000007987022e+00,  3.058467881464e+01,  1.524875760078e+00
  8.522000000114e+00,  1.000025510788e+00,  3.058466129088e+01,  1.519941926003e+00
  8.622000000207e+00,  9.999771714211e-01,  3.058470963025e+01,  1.519431829453e+00
  8.722000000067e+00,  9.999787211418e-01,  3.058470808053e+01,  1.525216579437e+00
  8.822000000160e+00,  1.000022411346e+00,  3.058466439032e+01,  1.518370985985e+00
  8.922000000020e+00,  1.000004172325e+00,  3.058468262934e+01,  1.516217708588e+00
  9.022000000114e+00,  1.000014662743e+00,  3.058467213892e+01,  1.517843604088e+00
  9.122000000207e+00,  1.000026464462e+00,  3.058466033721e+01,  1.518861293793e+00
  9.222000000067e+00,  9.999827742577e-01,  3.058470402741e+01,  1.513600111008e+00
  9.322000000160e+00,  1.000011563301e+00,  3.058467523837e+01,  1.512194037437e+00
  9.422000000020e+00,  1.000037908554e+00,  3.058464889311e+01,  1.519010543823e+00
  9.522000000114e+00,  1.000020503998e+00,  3.058466629767e+01,  1.513151526451e+00
  9.622000000207e+00,  9.999896287918e-01,  3.058469717288e+01,  1.511145472527e+00
  9.722000000067e+00,  1.000017762184e+00,  3.058466903948e+01,  1.508890748024e+00
  9.822000000160e+00,  1.000016093254e+00,  3.058467070841e+01,  1.513932824135e+00
  9.922000000020e+00,  1.000000238419e+00,  3.058468656325e+01,  1.508778452873e+00
  1.002200000011e+01,  9.999710917473e-01,  3.058471570992e+01,  1.507443904877e+00
  1.012200000021e+01,  1.000014305115e+00,  3.058467249655e+01,  1.511091232300e+00
  1.022200000007e+01,  1.000006556511e+00,  3.058468024516e+01,  1.510134100914e+00
  1.032200000016e+01,  1.000009655952e+00,  3.058467714571e+01,  1.506821393967e+00
  1.042200000002e+01,  1.000049948692e+00,  3.058463685298e+01,  1.507066369057e+00
  1.052200000011e+01,  1.000003933907e+00,  3.058468286776e+01,  1.510450243950e+00
  1.062200000021e+01,  1.000010967255e+00,  3.058467583441e+01,  1.503734707832e+00
  1.072200000007e+01,  1.000008821487e+00,  3.058467798018e+01,  1.503970026970e+00
  1.082200000016e+01,  1.000004172325e+00,  3.058468262934e+01,  1.505512714386e+00
  1.092200000002e+01,  1.000016927719e+00,  3.058466987395e+01,  1.506657242775e+00
  1.102200000011e+01,  1.000018477440e+00,  3.058466832423e+01,  1.502473831177e+00
  1.112200000021e+01,  1.000031709671e+00,  3.058465509200e+01,  1.501815795898e+00
  1.122200000007e+01,  1.000013470650e+00,  3.058467333102e+01,  1.504950046539e+00
  1.132200000016e+01,  1.000009536743e+00,  3.058467726492e+01,  1.501025676727e+00
  1.142200000002e+01,  9.999629855156e-01,  3.058472381615e+01,  1.498286247253e+00
  1.152200000011e+01,  1.000025153160e+00,  3.058466164851e+01,  1.498764038086e+00
  1.162200000021e+01,  1.000004887581e+00,  3.058468191409e+01,  1.501345872879e+00
  1.172200000007e+01,  1.000010371208e+00,  3.058467643046e+01,  1.498413085938e+00
  1.182200000016e+01,  9.999839663506e-01,  3.058470283532e+01,  1.496387362480e+00
  1.192200000002e+01,  9.999972581863e-01,  3.058468954348e+01,  1.498398542404e+00
  1.202200000011e+01,  9.999991059303e-01,  3.058468769574e+01,  1.496891975403e+00
  1.212200000021e+01,  1.000006675720e+00,  3.058468012595e+01,  1.496711730957e+00
  1.222200000007e+01,  9.999924898148e-01,  3.058469431185e+01,  1.495190620422e+00
  1.232200000016e+01,  1.000001311302e+00,  3.058468549037e+01,  1.495620608330e+00
  1.242200000002e+01,  9.999881982803e-01,  3.058469860339e+01,  1.494859099388e+00
  1.252200000011e+01,  1.000032544136e+00,  3.058465425753e+01,  1.492346167564e+00
  1.262200000021e+01,  1.000017046928e+00,  3.058466975474e+01,  1.494726657867e+00
  1.272200000007e+01,  1.000010728836e+00,  3.058467607283e+01,  1.487964510918e+00
  1.282200000016e+01,  1.000026345253e+00,  3.058466045641e+01,  1.501966118813e+00
  1.292200000002e+01,  1.000033020973e+00,  3.058465378069e+01,  1.490364909172e+00
  1.302200000011e+01,  1.000007152557e+00,  3.058467964911e+01,  1.485360026360e+00
  1.312200000021e+01,  9.999896883965e-01,  3.058469711327e+01,  1.497975945473e+00
  1.322200000007e+01,  1.000020503998e+00,  3.058466629767e+01,  1.495092511177e+00
  1.332200000016e+01,  1.000008583069e+00,  3.058467821860e+01,  1.482820510864e+00
  1.342200000002e+01,  1.000022649765e+00,  3.058466415190e+01,  1.487242698669e+00
  1.352200000011e+01,  1.000025391579e+00,  3.058466141009e+01,  1.498569846153e+00
  1.362200000021e+01,  1.000013709068e+00,  3.058467309260e+01,  1.488574028015e+00
  1.372200000007e+01,  9.999821186066e-01,  3.058470468306e+01,  1.479871749878e+00
  1.382200000016e+01,  9.999874830246e-01,  3.058469931864e+01,  1.493642687798e+00
  1.392200000002e+01,  9.999917745590e-01,  3.058469502711e+01,  1.487530589104e+00
  1.402200000011e+01,  1.000018000603e+00,  3.058466880106e+01,  1.479257702827e+00
  1.412200000021e+01,  1.000024318695e+00,  3.058466248297e+01,  1.487760901451e+00
  1.422200000007e+01,  9.999821782112e-01,  3.058470462346e+01,  1.486253738403e+00
  1.432200000016e+01,  9.999756217003e-01,  3.058471117997e+01,  1.484925627708e+00
  1.442200000002e+01,  1.000041723251e+00,  3.058464507842e+01,  1.481830477715e+00
  1.452200000011e+01,  1.000005602837e+00,  3.058468119883e+01,  1.487342476845e+00
  1.462200000021e+01,  9.999849796295e-01,  3.058470182204e+01,  1.485030889511e+00
  1.472200000007e+01,  1.000009655952e+00,  3.058467714571e+01,  1.481892943382e+00
  1.482200000016e+01,  1.000037312508e+00,  3.058464948916e+01,  1.482069969177e+00
  1.492200000002e+01,  1.000002264977e+00,  3.058468453669e+01,  1.483920812607e+00
  1.502200000011e+01,  1.000036358833e+00,  3.058465044283e+01,  1.481584310532e+00
  1.512200000021e+01,  1.000024318695e+00,  3.058466248297e+01,  1.478382825851e+00
  1.522200000007e+01,  1.000010967255e+00,  3.058467583441e+01,  1.480409145355e+00
  1.532200000016e+01,  9.999973177910e-01,  3.058468948388e+01,  1.481092691422e+00
  1.542200000002e+01,  9.999986290932e-01,  3.058468817257e+01,  1.478617548943e+00
  1.552200000011e+01,  1.000015377998e+00,  3.058467142367e+01,  1.476248621941e+00
  1.562200000021e+01,  9.999886155128e-01,  3.058469818615e+01,  1.479171156883e+00
  1.572200000007e+01,  1.000014543533e+00,  3.058467225813e+01,  1.476847171783e+00
  1.582200000016e+01,  9.999600052834e-01,  3.058472679638e+01,  1.473827958107e+00
  1.592200000002e+01,  1.000031471252e+00,  3.058465533041e+01,  1.475948810577e+00
  1.602200000011e+01,  9.999790191650e-01,  3.058470778250e+01,  1.475769639015e+00
  1.612200000021e+01,  9.999981522560e-01,  3.058468864941e+01,  1.476771712303e+00
  1.622200000007e+01,  9.999949932098e-01,  3.058469180846e+01,  1.472827911377e+00
  1.632200000016e+01,  1.000001549721e+00,  3.058468525195e+01,  1.474830269814e+00
  1.642200000002e+01,  1.000001192093e+00,  3.058468560957e+01,  1.472918272018e+00
  1.652200000011e+01,  1.000004172325e+00,  3.058468262934e+01,  1.474091768265e+00
  1.662200000021e+01,  9.999962449074e-01,  3.058469055676e+01,  1.474139094353e+00
  1.672200000007e+01,  1.000011563301e+00,  3.058467523837e+01,  1.472843527794e+00
  1.682200000016e+01,  1.000012278557e+00,  3.058467452311e+01,  1.475067734718e+00
  1.692200000002e+01,  9.999869465828e-01,  3.058469985508e+01,  1.471493005753e+00
  1.702200000011e+01,  9.999895095825e-01,  3.058469729208e+01,  1.475565671921e+00
  1.712200000021e+01,  1.000038385391e+00,  3.058464841628e+01,  1.473020315170e+00
  1.722200000007e+01,  1.000023007393e+00,  3.058466379427e+01,  1.473714590073e+00
  1.732200000016e+01,  9.999964237213e-01,  3.058469037795e+01,  1.472110748291e+00
  1.742200000002e+01,  1.000010609627e+00,  3.058467619204e+01,  1.471710920334e+00
  1.752200000011e+01,  1.000006318092e+00,  3.058468048358e+01,  1.470074653625e+00
  1.762200000021e+01,  1.000050783157e+00,  3.058463601851e+01,  1.469653367996e+00
  1.772200000007e+01,  1.000008702278e+00,  3.058467809939e+01,  1.468252658844e+00
  1.782200000016e+01,  9.999955892563e-01,  3.058469121241e+01,  1.469515919685e+00
  1.792200000002e+01,  9.999992847443e-01,  3.058468751692e+01,  1.467857360840e+00
  1.802200000011e+01,  1.000059127808e+00,  3.058462767386e+01,  1.468413829803e+00
  1.812200000021e+01,  9.999982714653e-01,  3.058468853020e+01,  1.468394756317e+00
  1.822200000007e+01,  1.000008702278e+00,  3.058467809939e+01,  1.467848181725e+00
  1.832200000016e+01,  1.000028967857e+00,  3.058465783381e+01,  1.466218590736e+00
  1.842200000002e+01,  1.000014662743e+00,  3.058467213892e+01,  1.465687990189e+00
  1.852200000011e+01,  9.999908208847e-01,  3.058469598078e+01,  1.468024134636e+00
  1.862200000021e+01,  1.000007390976e+00,  3.058467941069e+01,  1.466634035110e+00
  1.872200000007e+01,  9.999973177910e-01,  3.058468948388e+01,  1.466487050056e+00
  1.882200000016e+01,  1.000016808510e+00,  3.058466999316e+01,  1.464647173882e+00
  1.892200000002e+01,  9.999973773956e-01,  3.058468942427e+01,  1.465025186539e+00
  1.902200000011e+01,  1.000011682510e+00,  3.058467511916e+01,  1.466439366341e+00
  1.912200000021e+01,  1.000016927719e+00,  3.058466987395e+01,  1.462934136391e+00
  1.922200000007e+01,  9.999759197235e-01,  3.058471088194e+01,  1.465247511864e+00
  1.932200000016e+01,  1.000007390976e+00,  3.058467941069e+01,  1.465745925903e+00
  1.942200000002e+01,  1.000027537346e+00,  3.058465926432e+01,  1.463873624802e+00
  1.952200000011e+01,  1.000020265579e+00,  3.058466653609e+01,  1.465288996696e+00
  1.962200000021e+01,  1.000012874603e+00,  3.058467392706e+01,  1.462650418282e+00
  1.972200000007e+01,  9.999872446060e-01,  3.058469955706e+01,  1.461012005806e+00
  1.982200000016e+01,  9.999924302101e-01,  3.058469437146e+01,  1.461328864098e+00
  1.992200000002e+01,  1.000003933907e+00,  3.058468286776e+01,  1.462984085083e+00
  2.002200000011e+01,  1.000014424324e+00,  3.058467237734e+01,  1.462285041809e+00
  2.012200000021e+01,  9.999743700027e-01,  3.058471243166e+01,  1.460769772530e+00
  2.022200000007e+01,  9.999931454659e-01,  3.058469365620e+01,  1.460594296455e+00
  2.032200000016e+01,  9.999969005585e-01,  3.058468990111e+01,  1.460254430771e+00
  2.042200000002e+01,  1.000018239021e+00,  3.058466856265e+01,  1.458445906639e+00
  2.052200000011e+01,  1.000004410744e+00,  3.058468239092e+01,  1.458637475967e+00
  2.062200000021e+01,  9.999917149544e-01,  3.058469508671e+01,  1.457876086235e+00
  2.072200000007e+01,  9.999614953995e-01,  3.058472530627e+01,  1.459716081619e+00
  2.082200000016e+01,  1.000024557114e+00,  3.058466224455e+01,  1.458163619041e+00
  2.092200000002e+01,  1.000005602837e+00,  3.058468119883e+01,  1.456744909286e+00
  2.102200000011e+01,  1.000004410744e+00,  3.058468239092e+01,  1.457289338112e+00
  2.112200000021e+01,  1.000001788139e+00,  3.058468501353e+01,  1.456649541855e+00
  2.122200000007e+01,  1.000003576279e+00,  3.058468322539e+01,  1.455903410912e+00
  2.132200000016e+01,  1.000008702278e+00,  3.058467809939e+01,  1.457529664040e+00
  2.142200000002e+01,  9.999991059303e-01,  3.058468769574e+01,  1.457351922989e+00
  2.152200000011e+01,  9.999802112579e-01,  3.058470659041e+01,  1.455097436905e+00
  2.162200000021e+01,  1.000007152557e+00,  3.058467964911e+01,  1.458510994911e+00
  2.172200000007e+01,  1.000011801720e+00,  3.058467499995e+01,  1.456182479858e+00
  2.182200000016e+01,  1.000001549721e+00,  3.058468525195e+01,  1.456619262695e+00
  2.192200000002e+01,  9.999880194664e-01,  3.058469878220e+01,  1.455405592918e+00
  2.202200000011e+01,  1.000009655952e+00,  3.058467714571e+01,  1.454212188721e+00
  2.212200000021e+01,  9.999939203262e-01,  3.058469288134e+01,  1.454483985901e+00
  2.222200000007e+01,  1.000047087669e+00,  3.058463971400e+01,  1.453590869904e+00
  2.232200000016e+01,  1.000011920929e+00,  3.058467488074e+01,  1.454823255539e+00
  2.242200000002e+01,  9.999988675117e-01,  3.058468793416e+01,  1.453799366951e+00
  2.252200000011e+01,  9.999772310257e-01,  3.058470957064e+01,  1.452500462532e+00
  2.262200000021e+01,  9.999812245369e-01,  3.058470557713e+01,  1.454499959946e+00
  2.272200000007e+01,  1.000008106232e+00,  3.058467869544e+01,  1.452012777328e+00
  2.282200000016e+01,  1.000018954277e+00,  3.058466784739e+01,  1.452513098717e+00
  2.292200000002e+01,  1.000012993813e+00,  3.058467380785e+01,  1.451257705688e+00
  2.302200000011e+01,  9.999796152115e-01,  3.058470718646e+01,  1.451610803604e+00
  2.312200000021e+01,  1.000052571297e+00,  3.058463423037e+01,  1.452201604843e+00
  2.322200000007e+01,  1.000047087669e+00,  3.058463971400e+01,  1.449999570847e+00
  2.332200000016e+01,  1.000018000603e+00,  3.058466880106e+01,  1.449477076530e+00
  2.342200000002e+01,  9.999886155128e-01,  3.058469818615e+01,  1.448857426643e+00
  2.352200000011e+01,  9.999794960022e-01,  3.058470730567e+01,  1.452372670174e+00
  2.362200000021e+01,  9.999973773956e-01,  3.058468942427e+01,  1.448921680450e+00
  2.372200000007e+01,  1.000008463860e+00,  3.058467833781e+01,  1.449052333832e+00
  2.382200000016e+01,  9.999749064445e-01,  3.058471189522e+01,  1.448615193367e+00
  2.392200000002e+01,  1.000002741814e+00,  3.058468405985e+01,  1.450026035309e+00
  2.402200000011e+01,  1.000045895576e+00,  3.058464090609e+01,  1.449826836586e+00
  2.412200000021e+01,  1.000003337860e+00,  3.058468346381e+01,  1.447040915489e+00
  2.422200000007e+01,  1.000022649765e+00,  3.058466415190e+01,  1.449146389961e+00
  2.432200000016e+01,  9.999918341637e-01,  3.058469496750e+01,  1.448512911797e+00
  2.442200000002e+01,  9.999927282333e-01,  3.058469407343e+01,  1.447986602783e+00
  2.452200000011e+01,  9.999772906303e-01,  3.058470951104e+01,  1.448928833008e+00
  2.462200000021e+01,  1.000007390976e+00,  3.058467941069e+01,  1.446110010147e+00
  2.472200000007e+01,  9.999980926514e-01,  3.058468870902e+01,  1.448901772499e+00
  2.482200000016e+01,  1.000021696091e+00,  3.058466510558e+01,  1.446715950966e+00
  2.492200000002e+01,  1.000009298325e+00,  3.058467750334e+01,  1.445613861084e+00
  2.502200000011e+01,  1.000032663345e+00,  3.058465413832e+01,  1.446323394775e+00
  2.512200000021e+01,  1.000011801720e+00,  3.058467499995e+01,  1.446241974831e+00
  2.522200000007e+01,  9.999707341194e-01,  3.058471606755e+01,  1.443782210350e+00
  2.532200000016e+01,  9.999951124191e-01,  3.058469168925e+01,  1.443782687187e+00
  2.542200000002e+01,  1.000044822693e+00,  3.058464197897e+01,  1.446073770523e+00
  2.552200000011e+01,  9.999899864197e-01,  3.058469681525e+01,  1.444738984108e+00
  2.562200000021e+01,  9.999874234200e-01,  3.058469937825e+01,  1.442763447762e+00
  2.572200000007e+01,  9.999911189079e-01,  3.058469568276e+01,  1.442773342133e+00
  2.582200000016e+01,  1.000004291534e+00,  3.058468251013e+01,  1.442879915237e+00
  2.592200000002e+01,  1.000030875206e+00,  3.058465592646e+01,  1.442676782608e+00
  2.602200000011e+01,  1.000028371811e+00,  3.058465842986e+01,  1.440013170242e+00
  2.612200000021e+01,  1.000014305115e+00,  3.058467249655e+01,  1.442555546761e+00
  2.622200000007e+01,  9.999778270721e-01,  3.058470897460e+01,  1.441925525665e+00
  2.632200000016e+01,  1.000005006790e+00,  3.058468179488e+01,  1.444211602211e+00
  2.642200000002e+01,  1.000023722649e+00,  3.058466307902e+01,  1.439437031746e+00
  2.652200000011e+01,  9.999860525131e-01,  3.058470074915e+01,  1.441850066185e+00
  2.662200000021e+01,  9.999697804451e-01,  3.058471702122e+01,  1.441356658936e+00
  2.672200000007e+01,  1.000005125999e+00,  3.058468167567e+01,  1.440837144852e+00
  2.682200000016e+01,  1.000011801720e+00,  3.058467499995e+01,  1.438097834587e+00
  2.692200000002e+01,  1.000021100044e+00,  3.058466570162e+01,  1.438334107399e+00
  2.702200000011e+01,  1.000012278557e+00,  3.058467452311e+01,  1.439503788948e+00
  2.712200000021e+01,  1.000015020370e+00,  3.058467178130e+01,  1.438650846481e+00
  2.722200000007e+01,  1.000051498413e+00,  3.058463530325e+01,  1.438926696777e+00
  2.732200000016e+01,  1.000038385391e+00,  3.058464841628e+01,  1.439113855362e+00
  2.742200000002e+01,  1.000022768974e+00,  3.058466403269e+01,  1.436117887497e+00
  2.752200000011e+01,  1.000035405159e+00,  3.058465139651e+01,  1.435982823372e+00
  2.762200000021e+01,  9.999815225601e-01,  3.058470527911e+01,  1.435185074806e+00
  2.772200000007e+01,  1.000031828880e+00,  3.058465497279e+01,  1.436881542206e+00
  2.782200000016e+01,  1.000025033951e+00,  3.058466176772e+01,  1.435573220253e+00
  2.792200000002e+01,  9.999792575836e-01,  3.058470754408e+01,  1.436539053917e+00
  2.802200000011e+01,  1.000020027161e+00,  3.058466677451e+01,  1.435497045517e+00
  2.812200000021e+01,  1.000017762184e+00,  3.058466903948e+01,  1.435679197311e+00
  2.822200000007e+01,  9.999882578850e-01,  3.058469854378e+01,  1.434186697006e+00
  2.832200000016e+01,  1.000020742416e+00,  3.058466605925e+01,  1.435332775116e+00
  2.842200000002e+01,  9.999940991402e-01,  3.058469270253e+01,  1.434919714928e+00
  2.852200000011e+01,  1.000004410744e+00,  3.058468239092e+01,  1.431473612785e+00
  2.862200000021e+01,  1.000014305115e+00,  3.058467249655e+01,  1.434619426727e+00
  2.872200000007e+01,  1.000015258789e+00,  3.058467154288e+01,  1.433157205582e+00
  2.882200000016e+01,  1.000003933907e+00,  3.058468286776e+01,  1.436903834343e+00
  2.892200000002e+01,  9.999840855598e-01,  3.058470271611e+01,  1.435083985329e+00
  2.902200000011e+01,  9.999976754189e-01,  3.058468912625e+01,  1.433240532875e+00
  2.912200000021e+01,  1.000010728836e+00,  3.058467607283e+01,  1.434410452843e+00
  2.922200000007e+01,  1.000006914139e+00,  3.058467988753e+01,  1.431986570358e+00
  2.932200000016e+01,  9.999711513519e-01,  3.058471565032e+01,  1.432375669479e+00
  2.942200000002e+01,  9.999905228615e-01,  3.058469627881e+01,  1.430659532547e+00
  2.952200000011e+01,  9.999997019768e-01,  3.058468709969e+01,  1.430812597275e+00
  2.962200000021e+01,  9.999958276749e-01,  3.058469097399e+01,  1.430026412010e+00
  2.972200000007e+01,  9.999759197235e-01,  3.058471088194e+01,  1.429623365402e+00
  2.982200000016e+01,  9.999737739563e-01,  3.058471302771e+01,  1.429324030876e+00
  2.992200000002e+01,  9.999874234200e-01,  3.058469937825e+01,  1.430237293243e+00
  3.002200000011e+01,  1.000002026558e+00,  3.058468477511e+01,  1.430259108543e+00
  3.012200000021e+01,  1.000036954880e+00,  3.058464984679e+01,  1.429146647453e+00
  3.022200000007e+01,  1.000006794930e+00,  3.058468000674e+01,  1.429985284805e+00
  3.032200000016e+01,  9.999988675117e-01,  3.058468793416e+01,  1.430356860161e+00
  3.042200000002e+01,  9.999856352806e-01,  3.058470116639e+01,  1.426784157753e+00
  3.052200000011e+01,  1.000011682510e+00,  3.058467511916e+01,  1.426907420158e+00
  3.062200000021e+01,  1.000003933907e+00,  3.058468286776e+01,  1.428470492363e+00
  3.072200000007e+01,  1.000009775162e+00,  3.058467702651e+01,  1.428171277046e+00
  3.082200000016e+01,  1.000006675720e+00,  3.058468012595e+01,  1.426152229309e+00
  3.092200000002e+01,  1.000024795532e+00,  3.058466200614e+01,  1.429237246513e+00
  3.102200000011e+01,  1.000021457672e+00,  3.058466534400e+01,  1.424825191498e+00
  3.112200000021e+01,  1.000001430511e+00,  3.058468537116e+01,  1.426920533180e+00
  3.122200000007e+01,  9.999811053276e-01,  3.058470569634e+01,  1.426295876503e+00
  3.132200000016e+01,  1.000003099442e+00,  3.058468370223e+01,  1.426705479622e+00
  3.142200000002e+01,  1.000016093254e+00,  3.058467070841e+01,  1.425305724144e+00
  3.152200000011e+01,  1.000033974648e+00,  3.058465282702e+01,  1.426815271378e+00
  3.162200000021e+01,  9.999777078629e-01,  3.058470909380e+01,  1.426194787025e+00
  3.172200000007e+01,  1.000006437302e+00,  3.058468036437e+01,  1.424724102020e+00
  3.182200000016e+01,  1.000015974045e+00,  3.058467082762e+01,  1.425286531448e+00
  3.192200000002e+01,  1.000010609627e+00,  3.058467619204e+01,  1.425668716431e+00
  3.202200000011e+01,  1.000010490417e+00,  3.058467631125e+01,  1.423943996429e+00
  3.212200000021e+01,  9.999784827232e-01,  3.058470831894e+01,  1.423726677895e+00
  3.222200000007e+01,  9.999925494194e-01,  3.058469425225e+01,  1.423460245132e+00
  3.232200000016e+01,  1.000010132790e+00,  3.058467666888e+01,  1.423329472542e+00
  3.242200000002e+01,  1.000019907951e+00,  3.058466689372e+01,  1.422394871712e+00
  3.252200000011e+01,  9.999861121178e-01,  3.058470068955e+01,  1.423676371574e+00
  3.262200000021e+01,  1.000004768372e+00,  3.058468203330e+01,  1.421872735023e+00
  3.272200000007e+01,  1.000005364418e+00,  3.058468143725e+01,  1.420928478241e+00
  3.282200000016e+01,  1.000007629395e+00,  3.058467917227e+01,  1.421924710274e+00
  3.292200000002e+01,  9.999864697456e-01,  3.058470033192e+01,  1.420023083687e+00
  3.302200000011e+01,  9.999952912331e-01,  3.058469151043e+01,  1.420814514160e+00
  3.312200000021e+01,  9.999996423721e-01,  3.058468715930e+01,  1.422567486763e+00
  3.322200000007e+01,  1.000010132790e+00,  3.058467666888e+01,  1.421908497810e+00
  3.332200000016e+01,  1.000007152557e+00,  3.058467964911e+01,  1.422795295715e+00
  3.342200000002e+01,  1.000007271767e+00,  3.058467952990e+01,  1.419461250305e+00
  3.352200000011e+01,  9.999892115593e-01,  3.058469759011e+01,  1.420710682869e+00
  3.362200000021e+01,  1.000007987022e+00,  3.058467881464e+01,  1.420436739922e+00
  3.372200000007e+01,  1.000000476837e+00,  3.058468632483e+01,  1.419643521309e+00
  3.382200000016e+01,  9.999999403954e-01,  3.058468686127e+01,  1.420023083687e+00
  3.392200000002e+01,  1.000012397766e+00,  3.058467440390e+01,  1.418972134590e+00
  3.402200000011e+01,  1.000013947487e+00,  3.058467285418e+01,  1.420564055443e+00
  3.412200000021e+01,  1.000006318092e+00,  3.058468048358e+01,  1.420453667641e+00
  3.422200000007e+01,  9.999845623970e-01,  3.058470223927e+01,  1.418221950531e+00
  3.432200000016e+01,  1.000006914139e+00,  3.058467988753e+01,  1.417822360992e+00
  3.442200000002e+01,  1.000000953674e+00,  3.058468584799e+01,  1.417942762375e+00
  3.452200000011e+01,  1.000016570091e+00,  3.058467023158e+01,  1.418764710426e+00
  3.462200000021e+01,  1.000029563904e+00,  3.058465723776e+01,  1.417753338814e+00
  3.472200000007e+01,  1.000018239021e+00,  3.058466856265e+01,  1.419985175133e+00
  3.482200000016e+01,  1.000020623207e+00,  3.058466617846e+01,  1.417824149132e+00
  3.492200000002e+01,  1.000000596046e+00,  3.058468620562e+01,  1.417077422142e+00
  3.502200000011e+01,  9.999961256981e-01,  3.058469067597e+01,  1.415406465530e+00
  3.512200000021e+01,  9.999690651894e-01,  3.058471773648e+01,  1.415129542351e+00
  3.522200000007e+01,  9.999862313271e-01,  3.058470057034e+01,  1.417230129242e+00
  3.532200000016e+01,  1.000010848045e+00,  3.058467595362e+01,  1.413260221481e+00
  3.542200000002e+01,  9.999786615372e-01,  3.058470814013e+01,  1.415467500687e+00
  3.552200000011e+01,  9.999928474426e-01,  3.058469395422e+01,  1.415965914726e+00
  3.562200000021e+01,  1.000051736832e+00,  3.058463506484e+01,  1.413660764694e+00
  3.572200000007e+01,  1.000005960464e+00,  3.058468084120e+01,  1.413957476616e+00
  3.582200000016e+01,  9.999831914902e-01,  3.058470361018e+01,  1.413806438446e+00
  3.592200000002e+01,  1.000012397766e+00,  3.058467440390e+01,  1.414842844009e+00
  3.602200000011e+01,  9.999952912331e-01,  3.058469151043e+01,  1.415256023407e+00
  3.612200000021e+01,  9.999713897705e-01,  3.058471541190e+01,  1.414727568626e+00
  3.622200000007e+01,  9.999777078629e-01,  3.058470909380e+01,  1.412145853043e+00
  3.632200000016e+01,  9.999991059303e-01,  3.058468769574e+01,  1.413250684738e+00
  3.642200000002e+01,  1.000015735626e+00,  3.058467106604e+01,  1.413583517075e+00
  3.652200000011e+01,  1.000011682510e+00,  3.058467511916e+01,  1.413873910904e+00
  3.662200000021e+01,  1.000012636185e+00,  3.058467416548e+01,  1.411132335663e+00
  3.672200000007e+01,  1.000013351440e+00,  3.058467345023e+01,  1.412169814110e+00
  3.682200000016e+01,  9.999976158142e-01,  3.058468918585e+01,  1.411068797112e+00
  3.692200000002e+01,  1.000011205673e+00,  3.058467559599e+01,  1.411388158798e+00
  3.702200000011e+01,  9.999788999557e-01,  3.058470790171e+01,  1.412865638733e+00
  3.712200000021e+01,  1.000002980232e+00,  3.058468382144e+01,  1.411836981773e+00
  3.722200000007e+01,  1.000015616417e+00,  3.058467118525e+01,  1.411346435547e+00
  3.732200000016e+01,  9.999714493752e-01,  3.058471535229e+01,  1.409547567368e+00
  3.742200000002e+01,  9.999995231628e-01,  3.058468727850e+01,  1.411357045174e+00
  3.752200000011e+01,  9.999855160713e-01,  3.058470128560e+01,  1.412211060524e+00
  3.762200000021e+01,  1.000004172325e+00,  3.058468262934e+01,  1.409016847610e+00
  3.772200000007e+01,  1.000007987022e+00,  3.058467881464e+01,  1.411664605141e+00
  3.782200000016e+01,  1.000014424324e+00,  3.058467237734e+01,  1.412468075752e+00
  3.792200000002e+01,  9.999790191650e-01,  3.058470778250e+01,  1.410244822502e+00
  3.802200000011e+01,  9.999861717224e-01,  3.058470062994e+01,  1.409975409508e+00
  3.812200000021e+01,  1.000025749207e+00,  3.058466105246e+01,  1.410066008568e+00
  3.822200000007e+01,  1.000017166138e+00,  3.058466963553e+01,  1.409736037254e+00
  3.832200000016e+01,  1.000033259392e+00,  3.058465354228e+01,  1.410246968269e+00
  3.842200000002e+01,  9.999932050705e-01,  3.058469359660e+01,  1.410218954086e+00
  3.852200000011e+01,  1.000010490417e+00,  3.058467631125e+01,  1.408029079437e+00
  3.862200000021e+01,  9.999788403511e-01,  3.058470796132e+01,  1.408573508263e+00
  3.872200000007e+01,  9.999952912331e-01,  3.058469151043e+01,  1.406853675842e+00
  3.882200000016e+01,  1.000023841858e+00,  3.058466295981e+01,  1.408068299294e+00
  3.892200000002e+01,  9.999796748161e-01,  3.058470712685e+01,  1.408445358276e+00
  3.902200000011e+01,  1.000006318092e+00,  3.058468048358e+01,  1.406312465668e+00
  3.912200000021e+01,  9.999483227730e-01,  3.058473847889e+01,  1.407802939415e+00
  3.922200000007e+01,  1.000028133392e+00,  3.058465866828e+01,  1.405104875565e+00
  3.932200000016e+01,  9.999803900719e-01,  3.058470641160e+01,  1.405604004860e+00
  3.942200000002e+01,  9.999673962593e-01,  3.058471940541e+01,  1.404918432236e+00
  3.952200000011e+01,  1.000018596649e+00,  3.058466820502e+01,  1.405571699142e+00
  3.962200000021e+01,  1.000002264977e+00,  3.058468453669e+01,  1.404668331146e+00
  3.972200000007e+01,  1.000000953674e+00,  3.058468584799e+01,  1.403234720230e+00
  3.982200000016e+01,  9.999787211418e-01,  3.058470808053e+01,  1.403442263603e+00
  3.992200000002e+01,  9.999893307686e-01,  3.058469747090e+01,  1.403599381447e+00
  4.002200000011e+01,  1.000015497208e+00,  3.058467130446e+01,  1.405602455139e+00
  4.012200000021e+01,  1.000014424324e+00,  3.058467237734e+01,  1.402883768082e+00
  4.022200000007e+01,  1.000002861023e+00,  3.058468394064e+01,  1.404218196869e+00
  4.032200000016e+01,  9.999974370003e-01,  3.058468936467e+01,  1.403390526772e+00
  4.042200000002e+01,  1.000009655952e+00,  3.058467714571e+01,  1.402219533920e+00
  4.052200000011e+01,  9.999918341637e-01,  3.058469496750e+01,  1.404356360435e+00
  4.062200000021e+01,  1.000005245209e+00,  3.058468155646e+01,  1.401921749115e+00
  4.072200000007e+01,  1.000000119209e+00,  3.058468668246e+01,  1.403260350227e+00
  4.082200000016e+01,  9.999840259552e-01,  3.058470277571e+01,  1.404118657112e+00
  4.092200000002e+01,  9.999760389328e-01,  3.058471076273e+01,  1.400798678398e+00
  4.102200000011e+01,  1.000005483627e+00,  3.058468131804e+01,  1.402141928673e+00
  4.112200000021e+01,  1.000004291534e+00,  3.058468251013e+01,  1.401939749718e+00
  4.122200000007e+01,  9.999898076057e-01,  3.058469699406e+01,  1.401944041252e+00
  4.132200000016e+01,  1.000021457672e+00,  3.058466534400e+01,  1.401252865791e+00
  4.142200000002e+01,  1.000061035156e+00,  3.058462576651e+01,  1.401977539063e+00
  4.152200000011e+01,  1.000003695488e+00,  3.058468310618e+01,  1.399531960487e+00
  4.162200000021e+01,  9.999616742134e-01,  3.058472512745e+01,  1.399278879166e+00
  4.172200000007e+01,  1.000016093254e+00,  3.058467070841e+01,  1.401131629944e+00
  4.182200000016e+01,  1.000008225441e+00,  3.058467857623e+01,  1.402116417885e+00
  4.192200000002e+01,  1.000003695488e+00,  3.058468310618e+01,  1.402797222137e+00
  4.202200000011e+01,  1.000010609627e+00,  3.058467619204e+01,  1.400506973267e+00
  4.212200000021e+01,  1.000007510185e+00,  3.058467929148e+01,  1.401415348053e+00
  4.222200000007e+01,  9.999735951424e-01,  3.058471320653e+01,  1.400598049164e+00
  4.232200000016e+01,  1.000006198883e+00,  3.058468060278e+01,  1.399033784866e+00
  4.242200000002e+01,  9.999797344208e-01,  3.058470706725e+01,  1.400147676468e+00
  4.252200000011e+01,  1.000005364418e+00,  3.058468143725e+01,  1.399713754654e+00
  4.262200000021e+01,  1.000015258789e+00,  3.058467154288e+01,  1.401548147202e+00
  4.272200000007e+01,  1.000000953674e+00,  3.058468584799e+01,  1.400959730148e+00
  4.282200000016e+01,  1.000011086464e+00,  3.058467571520e+01,  1.398386955261e+00
  4.292200000002e+01,  1.000002264977e+00,  3.058468453669e+01,  1.402549386024e+00
  4.302200000011e+01,  1.000019907951e+00,  3.058466689372e+01,  1.398404240608e+00
  4.312200000021e+01,  9.999718070030e-01,  3.058471499466e+01,  1.399715185165e+00
  4.322200000007e+01,  9.999917745590e-01,  3.058469502711e+01,  1.399039149284e+00
  4.332200000016e+01,  1.000011086464e+00,  3.058467571520e+01,  1.401524066925e+00
  4.342200000002e+01,  9.999810457230e-01,  3.058470575594e+01,  1.398679971695e+00
  4.352200000011e+01,  9.999862909317e-01,  3.058470051074e+01,  1.398542642593e+00
  4.362200000021e+01,  1.000003457069e+00,  3.058468334460e+01,  1.399383306503e+00
  4.372200000007e+01,  1.000030279160e+00,  3.058465652251e+01,  1.398774862289e+00
  4.382200000016e+01,  1.000019788742e+00,  3.058466701293e+01,  1.398450374603e+00
  4.392200000002e+01,  9.999795556068e-01,  3.058470724606e+01,  1.398048281670e+00
  4.402200000011e+01,  1.000007390976e+00,  3.058467941069e+01,  1.397507786751e+00
  4.412200000021e+01,  9.999938607216e-01,  3.058469294095e+01,  1.396127939224e+00
  4.422200000007e+01,  1.000017642975e+00,  3.058466915869e+01,  1.395722627640e+00
  4.432200000016e+01,  1.000034570694e+00,  3.058465223097e+01,  1.394811391830e+00
  4.442200000002e+01,  1.000023126602e+00,  3.058466367507e+01,  1.396592974663e+00
  4.452200000011e+01,  1.000054121017e+00,  3.058463268065e+01,  1.396985888481e+00
  4.462200000021e+01,  1.000000476837e+00,  3.058468632483e+01,  1.396680235863e+00
  4.472200000007e+01,  1.000003933907e+00,  3.058468286776e+01,  1.398368000984e+00
  4.482200000016e+01,  9.999747872353e-01,  3.058471201443e+01,  1.396727085114e+00
  4.492200000002e+01,  1.000045299530e+00,  3.058464150214e+01,  1.396896004677e+00
  4.502200000011e+01,  1.000011801720e+00,  3.058467499995e+01,  1.393826603889e+00
  4.512200000021e+01,  1.000012993813e+00,  3.058467380785e+01,  1.397148370743e+00
  4.522200000007e+01,  9.999958276749e-01,  3.058469097399e+01,  1.395603656769e+00
  4.532200000016e+01,  9.999634623528e-01,  3.058472333931e+01,  1.394152402878e+00
  4.542200000002e+01,  9.999874234200e-01,  3.058469937825e+01,  1.393708825111e+00
  4.552200000011e+01,  9.999947547913e-01,  3.058469204688e+01,  1.393619775772e+00
  4.562200000021e+01,  9.999894499779e-01,  3.058469735169e+01,  1.394940853119e+00
  4.572200000007e+01,  9.999649524689e-01,  3.058472184920e+01,  1.395612239838e+00
  4.582200000016e+01,  9.999966621399e-01,  3.058469013953e+01,  1.395478844643e+00
  4.592200000002e+01,  9.999890327454e-01,  3.058469776892e+01,  1.393829703331e+00
  4.602200000011e+01,  1.000006794930e+00,  3.058468000674e+01,  1.397278785706e+00
  4.612200000021e+01,  1.000033617020e+00,  3.058465318465e+01,  1.394126892090e+00
  4.622200000007e+01,  9.999908208847e-01,  3.058469598078e+01,  1.394340395927e+00
  4.632200000016e+01,  1.000011324883e+00,  3.058467547678e+01,  1.394303917885e+00
  4.642200000002e+01,  1.000022530556e+00,  3.058466427111e+01,  1.395265579224e+00
  4.652200000011e+01,  1.000020146370e+00,  3.058466665530e+01,  1.391445875168e+00
  4.662200000021e+01,  1.000011444092e+00,  3.058467535758e+01,  1.394419312477e+00
  4.672200000007e+01,  9.999986886978e-01,  3.058468811297e+01,  1.393248319626e+00
  4.682200000016e+01,  9.999865889549e-01,  3.058470021271e+01,  1.392862558365e+00
  4.692200000002e+01,  9.999868869781e-01,  3.058469991469e+01,  1.391964554787e+00
  4.702200000011e+01,  1.000042319298e+00,  3.058464448237e+01,  1.393736004829e+00
  4.712200000021e+01,  9.999685883522e-01,  3.058471821332e+01,  1.390818476677e+00
  4.722200000007e+01,  1.000023007393e+00,  3.058466379427e+01,  1.392564058304e+00
  4.732200000016e+01,  1.000019669533e+00,  3.058466713213e+01,  1.392067909241e+00
  4.742200000002e+01,  1.000036954880e+00,  3.058464984679e+01,  1.390396714211e+00
  4.752200000011e+01,  1.000000476837e+00,  3.058468632483e+01,  1.390017867088e+00
  4.762200000021e+01,  1.000009298325e+00,  3.058467750334e+01,  1.390162587166e+00
  4.772200000007e+01,  1.000019550323e+00,  3.058466725134e+01,  1.392929315567e+00
  4.782200000016e+01,  9.999952912331e-01,  3.058469151043e+01,  1.390725851059e+00
  4.792200000002e+01,  1.000003695488e+00,  3.058468310618e+01,  1.389814138412e+00
  4.802200000011e+01,  9.999919533730e-01,  3.058469484829e+01,  1.392201781273e+00
  4.812200000021e+01,  9.999902248383e-01,  3.058469657683e+01,  1.390264153481e+00
  4.822200000007e+01,  9.999751448631e-01,  3.058471165680e+01,  1.390744090080e+00
  4.832200000016e+01,  1.000024914742e+00,  3.058466188693e+01,  1.387619495392e+00
  4.842200000002e+01,  1.000003337860e+00,  3.058468346381e+01,  1.391371607780e+00
  4.852200000011e+01,  9.999869465828e-01,  3.058469985508e+01,  1.388222455978e+00
  4.862200000021e+01,  9.999908208847e-01,  3.058469598078e+01,  1.389969944954e+00
  4.872200000007e+01,  1.000007867813e+00,  3.058467893385e+01,  1.386261820793e+00
  4.882200000016e+01,  9.999662041664e-01,  3.058472059750e+01,  1.386281132698e+00
  4.892200000002e+01,  9.999932050705e-01,  3.058469359660e+01,  1.387755751610e+00
  4.902200000011e+01,  9.999846816063e-01,  3.058470212006e+01,  1.385326623917e+00
  4.912200000021e+01,  1.000041127205e+00,  3.058464567446e+01,  1.388036370277e+00
  4.922200000007e+01,  1.000018715858e+00,  3.058466808581e+01,  1.386356234550e+00
  4.932200000016e+01,  9.999938607216e-01,  3.058469294095e+01,  1.385011553764e+00
  4.942200000002e+01,  1.000024557114e+00,  3.058466224455e+01,  1.388138294220e+00
  4.952200000011e+01,  1.000009417534e+00,  3.058467738413e+01,  1.383929848671e+00
  4.962200000021e+01,  1.000011205673e+00,  3.058467559599e+01,  1.385371923447e+00
  4.972200000007e+01,  1.000008940697e+00,  3.058467786097e+01,  1.386719942093e+00
  4.982200000016e+01,  1.000011324883e+00,  3.058467547678e+01,  1.386076211929e+00
  4.992200000002e+01,  1.000008344650e+00,  3.058467845702e+01,  1.387175798416e+00
  5.002200000011e+01,  9.999791979790e-01,  3.058470760369e+01,  1.388040184975e+00
  5.012200000021e+01,  1.000025749207e+00,  3.058466105246e+01,  1.389238238335e+00
  5.022200000007e+01,  9.999932050705e-01,  3.058469359660e+01,  1.385529041290e+00
  5.032200000016e+01,  1.000035405159e+00,  3.058465139651e+01,  1.387501120567e+00
  5.042200000002e+01,  1.000015377998e+00,  3.058467142367e+01,  1.385366320610e+00
  5.052200000011e+01,  9.999966621399e-01,  3.058469013953e+01,  1.385167121887e+00
  5.062200000021e+01,  1.000043511391e+00,  3.058464329028e+01,  1.383262991905e+00
  5.072200000007e+01,  1.000010371208e+00,  3.058467643046e+01,  1.386251449585e+00
  5.082200000016e+01,  1.000013828278e+00,  3.058467297339e+01,  1.382630586624e+00
  5.092200000002e+01,  9.999930262566e-01,  3.058469377541e+01,  1.384092926979e+00
  5.102200000011e+01,  1.000016570091e+00,  3.058467023158e+01,  1.384251356125e+00
  5.112200000021e+01,  1.000010251999e+00,  3.058467654967e+01,  1.386022925377e+00
  5.122200000007e+01,  1.000016331673e+00,  3.058467046999e+01,  1.383067011833e+00
  5.132200000016e+01,  1.000014781952e+00,  3.058467201972e+01,  1.382798433304e+00
  5.142200000002e+01,  1.000004768372e+00,  3.058468203330e+01,  1.384338855743e+00
  5.152200000011e+01,  1.000010251999e+00,  3.058467654967e+01,  1.383516907692e+00
  5.162200000021e+01,  1.000000119209e+00,  3.058468668246e+01,  1.383410930634e+00
  5.172200000007e+01,  9.999925494194e-01,  3.058469425225e+01,  1.383887290955e+00
  5.182200000016e+01,  9.999946355820e-01,  3.058469216609e+01,  1.383731245995e+00
  5.192200000002e+01,  9.999906420708e-01,  3.058469615960e+01,  1.382308363914e+00
  5.202200000011e+01,  1.000015377998e+00,  3.058467142367e+01,  1.381661057472e+00
  5.212200000021e+01,  9.999950528145e-01,  3.058469174885e+01,  1.382732510567e+00
  5.222200000007e+01,  9.999850988388e-01,  3.058470170283e+01,  1.382852673531e+00
  5.232200000016e+01,  9.999925494194e-01,  3.058469425225e+01,  1.382525801659e+00
  5.242200000002e+01,  9.999951720238e-01,  3.058469162964e+01,  1.383291721344e+00
  5.252200000011e+01,  9.999957084656e-01,  3.058469109320e+01,  1.382036685944e+00
  5.262200000021e+01,  1.000022053719e+00,  3.058466474795e+01,  1.381589174271e+00
  5.272200000007e+01,  9.999883770943e-01,  3.058469842457e+01,  1.381043076515e+00
  5.282200000016e+01,  9.999808669090e-01,  3.058470593476e+01,  1.381011366844e+00
  5.292200000002e+01,  1.000015020370e+00,  3.058467178130e+01,  1.380523920059e+00
  5.302200000011e+01,  1.000008702278e+00,  3.058467809939e+01,  1.382533907890e+00
  5.312200000021e+01,  1.000010371208e+00,  3.058467643046e+01,  1.381580829620e+00
  5.322200000007e+01,  9.999957084656e-01,  3.058469109320e+01,  1.379828333855e+00
  5.332200000016e+01,  9.999619126320e-01,  3.058472488904e+01,  1.382304787636e+00
  5.342200000002e+01,  1.000006437302e+00,  3.058468036437e+01,  1.380920171738e+00
  5.352200000011e+01,  1.000006914139e+00,  3.058467988753e+01,  1.378829240799e+00
  5.362200000021e+01,  9.999714493752e-01,  3.058471535229e+01,  1.378946900368e+00
  5.372200000007e+01,  1.000031828880e+00,  3.058465497279e+01,  1.382266998291e+00
  5.382200000016e+01,  1.000003099442e+00,  3.058468370223e+01,  1.382788300514e+00
  5.392200000002e+01,  1.000000953674e+00,  3.058468584799e+01,  1.379212141037e+00
  5.402200000011e+01,  9.999785423279e-01,  3.058470825934e+01,  1.379613399506e+00
  5.412200000021e+01,  1.000020503998e+00,  3.058466629767e+01,  1.379740953445e+00
  5.422200000007e+01,  1.000031948090e+00,  3.058465485358e+01,  1.377238154411e+00
  5.432200000016e+01,  1.000020861626e+00,  3.058466594004e+01,  1.376917481422e+00
  5.442200000002e+01,  1.000005602837e+00,  3.058468119883e+01,  1.377643704414e+00
  5.452200000011e+01,  9.999997615814e-01,  3.058468704009e+01,  1.376924037933e+00
  5.462200000021e+01,  1.000014185905e+00,  3.058467261576e+01,  1.375037908554e+00
  5.472200000007e+01,  1.000023007393e+00,  3.058466379427e+01,  1.377962827682e+00
  5.482200000016e+01,  1.000029683113e+00,  3.058465711855e+01,  1.378279924393e+00
  5.492200000002e+01,  9.999977350235e-01,  3.058468906664e+01,  1.375426530838e+00
  5.502200000011e+01,  9.999707341194e-01,  3.058471606755e+01,  1.376924157143e+00
  5.512200000021e+01,  9.999983310699e-01,  3.058468847060e+01,  1.377799749374e+00
  5.522200000007e+01,  9.999961853027e-01,  3.058469061636e+01,  1.375320076942e+00
  5.532200000016e+01,  1.000038146973e+00,  3.058464865469e+01,  1.372812151909e+00
  5.542200000002e+01,  9.999907016754e-01,  3.058469609999e+01,  1.374942898750e+00
  5.552200000011e+01,  1.000022530556e+00,  3.058466427111e+01,  1.381668210030e+00
  5.562200000021e+01,  1.000048518181e+00,  3.058463828349e+01,  1.375027298927e+00
  5.572200000007e+01,  9.999849796295e-01,  3.058470182204e+01,  1.370233058929e+00
  5.582200000016e+01,  9.999741911888e-01,  3.058471261048e+01,  1.374665260315e+00
  5.592200000002e+01,  9.999891519547e-01,  3.058469764971e+01,  1.378092765808e+00
  5.602200000011e+01,  9.999818801880e-01,  3.058470492148e+01,  1.371578693390e+00
  5.612200000021e+01,  1.000008106232e+00,  3.058467869544e+01,  1.370814800262e+00
  5.622200000007e+01,  9.999985098839e-01,  3.058468829178e+01,  1.376122593880e+00
  5.632200000016e+01,  9.999697208405e-01,  3.058471708083e+01,  1.374466657639e+00
  5.642200000002e+01,  1.000002384186e+00,  3.058468441748e+01,  1.369357705116e+00
  5.652200000011e+01,  1.000024080276e+00,  3.058466272139e+01,  1.373173236847e+00
  5.662200000021e+01,  1.000021696091e+00,  3.058466510558e+01,  1.376532673836e+00
  5.672200000007e+01,  9.999861717224e-01,  3.058470062994e+01,  1.371305346489e+00
  5.682200000016e+01,  1.000014424324e+00,  3.058467237734e+01,  1.371680140495e+00
  5.692200000002e+01,  9.999988079071e-01,  3.058468799376e+01,  1.377496957779e+00
  5.702200000011e+01,  1.000032901764e+00,  3.058465389990e+01,  1.373744487762e+00
  5.712200000021e+01,  9.999949932098e-01,  3.058469180846e+01,  1.371150135994e+00
  5.722200000007e+01,  9.999921321869e-01,  3.058469466948e+01,  1.371397972107e+00
  5.732200000016e+01,  1.000000953674e+00,  3.058468584799e+01,  1.373774051666e+00
  5.742200000002e+01,  1.000004649162e+00,  3.058468215251e+01,  1.371413588524e+00
  5.752200000011e+01,  1.000013947487e+00,  3.058467285418e+01,  1.368631482124e+00
  5.762200000021e+01,  9.999714493752e-01,  3.058471535229e+01,  1.373546004295e+00
  5.772200000007e+01,  1.000002503395e+00,  3.058468429827e+01,  1.372809410095e+00
  5.782200000016e+01,  1.000040531158e+00,  3.058464627051e+01,  1.369254827499e+00
  5.792200000002e+01,  1.000030517578e+00,  3.058465628409e+01,  1.370750904083e+00
  5.802200000011e+01,  1.000030398369e+00,  3.058465640330e+01,  1.373403549194e+00
  5.812200000021e+01,  1.000003933907e+00,  3.058468286776e+01,  1.370390176773e+00
  5.822200000007e+01,  1.000003814697e+00,  3.058468298697e+01,  1.367301106453e+00
  5.832200000016e+01,  9.999995231628e-01,  3.058468727850e+01,  1.369786858559e+00
  5.842200000002e+01,  9.999851584435e-01,  3.058470164322e+01,  1.371274113655e+00
  5.852200000011e+01,  1.000001907349e+00,  3.058468489432e+01,  1.368373274803e+00
  5.862200000021e+01,  9.999850988388e-01,  3.058470170283e+01,  1.367607355118e+00
  5.872200000007e+01,  1.000014662743e+00,  3.058467213892e+01,  1.369600892067e+00
  5.882200000016e+01,  1.000003337860e+00,  3.058468346381e+01,  1.371136784554e+00
  5.892200000002e+01,  1.000016808510e+00,  3.058466999316e+01,  1.369002103806e+00
  5.902200000011e+01,  9.999925494194e-01,  3.058469425225e+01,  1.366729736328e+00
  5.912200000021e+01,  9.999876618385e-01,  3.058469913983e+01,  1.370266318321e+00
  5.922200000007e+01,  9.999788999557e-01,  3.058470790171e+01,  1.368133902550e+00
  5.932200000016e+01,  9.999982714653e-01,  3.058468853020e+01,  1.369369029999e+00
  5.942200000002e+01,  9.999884963036e-01,  3.058469830536e+01,  1.367086529732e+00
  5.952200000011e+01,  9.999995231628e-01,  3.058468727850e+01,  1.369246482849e+00
  5.962200000021e+01,  9.999884963036e-01,  3.058469830536e+01,  1.369495391846e+00
  5.972200000007e+01,  9.999713301659e-01,  3.058471547150e+01,  1.366119027138e+00
  5.982200000016e+01,  1.000031471252e+00,  3.058465533041e+01,  1.367585420609e+00
  5.992200000002e+01,  1.000001668930e+00,  3.058468513274e+01,  1.367310166359e+00
  6.002200000011e+01,  9.999874234200e-01,  3.058469937825e+01,  1.368483781815e+00
  6.012200000021e+01,  9.999825954437e-01,  3.058470420622e+01,  1.367497801781e+00
  6.022200000007e+01,  1.000027656555e+00,  3.058465914511e+01,  1.368487119675e+00
  6.032200000016e+01,  1.000012159348e+00,  3.058467464232e+01,  1.368046045303e+00
  6.042200000002e+01,  1.000000000000e+00,  3.058468680167e+01,  1.367143630981e+00
  6.052200000011e+01,  1.000009059906e+00,  3.058467774176e+01,  1.365700125694e+00
  6.062200000021e+01,  1.000024080276e+00,  3.058466272139e+01,  1.366953730583e+00
  6.072200000007e+01,  1.000025391579e+00,  3.058466141009e+01,  1.368607997894e+00
  6.082200000016e+01,  1.000000715256e+00,  3.058468608641e+01,  1.366194963455e+00
  6.092200000002e+01,  1.000008225441e+00,  3.058467857623e+01,  1.367034316063e+00
  6.102200000011e+01,  1.000031352043e+00,  3.058465544962e+01,  1.366196155548e+00
  6.112200000021e+01,  1.000000834465e+00,  3.058468596720e+01,  1.364331364632e+00
  6.122200000007e+01,  1.000007390976e+00,  3.058467941069e+01,  1.366706728935e+00
  6.132200000016e+01,  9.999797940254e-01,  3.058470700764e+01,  1.365799307823e+00
  6.142200000002e+01,  1.000009059906e+00,  3.058467774176e+01,  1.366485118866e+00
  6.152200000011e+01,  9.999815821648e-01,  3.058470521950e+01,  1.364661812782e+00
  6.152400000021e+01,  9.999749660492e-01,  3.058471183562e+01,  1.364446997643e+00
  6.152500000014e+01,  9.999791979790e-01,  3.058470760369e+01,  1.364358782768e+00
  6.152800000017e+01,  9.999691247940e-01,  3.058471767687e+01,  1.364180088043e+00
  6.162800000003e+01,  9.999377727509e-01,  3.058474902892e+01,  1.364251136780e+00
  6.170850000018e+01,  9.898156523705e-01,  3.059487114930e+01,  1.360844016075e+00
  6.173050000006e+01,  9.795741438866e-01,  3.060511265778e+01,  1.332010626793e+00
  6.174150000000e+01,  9.690875411034e-01,  3.061559926056e+01,  1.305027365685e+00
  6.174900000007e+01,  9.589404463768e-01,  3.062574635529e+01,  1.299209952354e+00
  6.175600000005e+01,  9.482135176659e-01,  3.063647328400e+01,  1.285911917686e+00
  6.176250000019e+01,  9.375666975975e-01,  3.064712010407e+01,  1.268661856651e+00
  6.176850000001e+01,  9.273433089256e-01,  3.065734349274e+01,  1.254768729210e+00
  6.177450000006e+01,  9.170665144920e-01,  3.066762028718e+01,  1.239609122276e+00
  6.178100000019e+01,  9.062556624413e-01,  3.067843113923e+01,  1.223545432091e+00
  6.178750000009e+01,  8.961085677147e-01,  3.068857823395e+01,  1.214120268822e+00
  6.179500000016e+01,  8.859195113182e-01,  3.069876729035e+01,  1.187802672386e+00
  6.180350000015e+01,  8.754290938377e-01,  3.070925770783e+01,  1.152242064476e+00
  6.181200000015e+01,  8.648242354393e-01,  3.071986256623e+01,  1.128621459007e+00
  6.182000000007e+01,  8.545131087303e-01,  3.073017369294e+01,  1.108678221703e+00
  6.182750000013e+01,  8.445033431053e-01,  3.074018345856e+01,  1.081509947777e+00
  6.183450000011e+01,  8.344363570213e-01,  3.075025044465e+01,  1.065892577171e+00
  6.184150000010e+01,  8.240489363670e-01,  3.076063786530e+01,  1.053922057152e+00
  6.184850000008e+01,  8.139514327049e-01,  3.077073536896e+01,  1.039281249046e+00
  6.185600000015e+01,  8.038691878319e-01,  3.078081761384e+01,  1.023076415062e+00
  6.186450000014e+01,  7.937068343163e-01,  3.079097996735e+01,  9.991201162338e-01
  6.187450000015e+01,  7.832469344139e-01,  3.080143986725e+01,  9.798063039780e-01
  6.188650000002e+01,  7.731408476830e-01,  3.081154595398e+01,  9.505576491356e-01
  6.189950000006e+01,  7.629613280296e-01,  3.082172547364e+01,  9.191855788231e-01
  6.191050000000e+01,  7.529477477074e-01,  3.083173905396e+01,  9.014853835106e-01
  6.192050000001e+01,  7.427129149437e-01,  3.084197388672e+01,  8.861922621727e-01
  6.193000000017e+01,  7.325085997581e-01,  3.085217820191e+01,  8.715247511864e-01
  6.193950000009e+01,  7.224454283714e-01,  3.086224137330e+01,  8.559569716454e-01
  6.194950000010e+01,  7.123860716820e-01,  3.087230072999e+01,  8.364676833153e-01
  6.196050000004e+01,  7.019280791283e-01,  3.088275872254e+01,  8.148421645164e-01
  6.197150000022e+01,  6.916245818138e-01,  3.089306221985e+01,  7.935904860497e-01
  6.198200000008e+01,  6.815804839134e-01,  3.090310631775e+01,  7.745017409325e-01
  6.199250000017e+01,  6.712045073509e-01,  3.091348229432e+01,  7.549743056297e-01
  6.200250000018e+01,  6.611146330833e-01,  3.092357216858e+01,  7.373084425926e-01
  6.201250000019e+01,  6.510400176048e-01,  3.093364678406e+01,  7.189483046532e-01
  6.202300000004e+01,  6.406106352806e-01,  3.094407616639e+01,  6.978759169579e-01
  6.203350000014e+01,  6.301278471947e-01,  3.095455895447e+01,  6.774901747704e-01
  6.204350000015e+01,  6.199235320091e-01,  3.096476326966e+01,  6.588096022606e-01
  6.205350000015e+01,  6.094903349876e-01,  3.097519646668e+01,  6.393317580223e-01
  6.206300000008e+01,  5.994233489037e-01,  3.098526345276e+01,  6.231040358543e-01
  6.207250000001e+01,  5.894135832787e-01,  3.099527321839e+01,  6.054343581200e-01
  6.208250000002e+01,  5.792092680931e-01,  3.100547753357e+01,  5.884589552879e-01
  6.209300000011e+01,  5.689744353294e-01,  3.101571236634e+01,  5.681609511375e-01
  6.210350000020e+01,  5.589417815208e-01,  3.102574502015e+01,  5.504683852196e-01
  6.211400000006e+01,  5.487870573997e-01,  3.103589974427e+01,  5.317496657372e-01
  6.212450000015e+01,  5.383500456810e-01,  3.104633675599e+01,  5.148467421532e-01
  6.213450000016e+01,  5.282220244408e-01,  3.105646477723e+01,  4.983477592468e-01
  6.214450000017e+01,  5.180901885033e-01,  3.106659661316e+01,  4.809145927429e-01
  6.215450000018e+01,  5.080499053001e-01,  3.107663689637e+01,  4.614634513855e-01
  6.216500000004e+01,  4.976205527782e-01,  3.108706624889e+01,  4.427790641785e-01
  6.217550000013e+01,  4.871682822704e-01,  3.109751851940e+01,  4.246859550476e-01
  6.218550000014e+01,  4.771241843700e-01,  3.110756261730e+01,  4.076952934265e-01
  6.219550000015e+01,  4.670114219189e-01,  3.111767537975e+01,  3.919100761414e-01
  6.220550000016e+01,  4.569406211376e-01,  3.112774618053e+01,  3.752398490906e-01
  6.221550000017e+01,  4.468965232372e-01,  3.113779027843e+01,  3.585848808289e-01
  6.222550000018e+01,  4.368905723095e-01,  3.114779622936e+01,  3.411860466003e-01
  6.223600000003e+01,  4.263925254345e-01,  3.115829427623e+01,  3.247408866882e-01
  6.224600000004e+01,  4.163751304150e-01,  3.116831167125e+01,  3.080897331238e-01
  6.225600000005e+01,  4.063081443310e-01,  3.117837865734e+01,  2.931933403015e-01
  6.226600000006e+01,  3.962144553661e-01,  3.118847234630e+01,  2.763323783875e-01
  6.227600000007e+01,  3.860521018505e-01,  3.119863469982e+01,  2.594866752625e-01
  6.228600000008e+01,  3.757905662060e-01,  3.120889623546e+01,  2.437777519226e-01
  6.229600000009e+01,  3.656129539013e-01,  3.121907384777e+01,  2.298502922058e-01
  6.230650000018e+01,  3.551644980907e-01,  3.122952230358e+01,  2.145609855652e-01
  6.231700000004e+01,  3.449067771435e-01,  3.123978002452e+01,  1.983294487000e-01
  6.232750000013e+01,  3.346910178661e-01,  3.124999578380e+01,  1.818308830261e-01
  6.233800000022e+01,  3.243894279003e-01,  3.126029737377e+01,  1.635699272156e-01
  6.234800000000e+01,  3.143186271191e-01,  3.127036817455e+01,  1.482653617859e-01
  6.235800000001e+01,  3.040761649609e-01,  3.128061063671e+01,  1.338915824890e-01
  6.236800000002e+01,  2.938604056835e-01,  3.129082639598e+01,  1.205821111798e-01
  6.237800000003e+01,  2.838124930859e-01,  3.130087430858e+01,  1.079592779279e-01
  6.238850000012e+01,  2.734638154507e-01,  3.131122298622e+01,  9.410490095615e-02
  6.239900000021e+01,  2.632118165493e-01,  3.132147498512e+01,  7.925809919834e-02
  6.240950000007e+01,  2.529006898403e-01,  3.133178611183e+01,  6.647504866123e-02
  6.242000000016e+01,  2.425094544888e-01,  3.134217734718e+01,  5.458082631230e-02
  6.243050000002e+01,  2.320457398891e-01,  3.135264106178e+01,  4.106916859746e-02
  6.244050000003e+01,  2.220054566860e-01,  3.136268134498e+01,  3.039564564824e-02
  6.245050000004e+01,  2.118888795376e-01,  3.137279792213e+01,  1.862348988652e-02
  6.246050000004e+01,  2.016769349575e-01,  3.138300986671e+01,  7.293838541955e-03
  6.247050000005e+01,  1.914573609829e-01,  3.139322944068e+01, -2.092223847285e-03
  6.248050000006e+01,  1.813903748989e-01,  3.140329642677e+01, -1.081643626094e-02
  6.249100000015e+01,  1.710105836391e-01,  3.141367621803e+01, -2.054009959102e-02
  6.250150000001e+01,  1.607070863247e-01,  3.142397971534e+01, -3.017221018672e-02
  6.251200000010e+01,  1.502662599087e-01,  3.143442054176e+01, -3.786263987422e-02
  6.252200000011e+01,  1.400390565395e-01,  3.144464774513e+01, -4.259286448359e-02
  6.253200000012e+01,  1.296249330044e-01,  3.145506186866e+01, -4.224113747478e-02
  6.254200000013e+01,  1.192451491952e-01,  3.146544165247e+01, -3.660873696208e-02
  6.255200000014e+01,  1.090789809823e-01,  3.147560782069e+01, -3.039459511638e-02
  6.256250000000e+01,  9.868393093348e-02,  3.148600287073e+01, -2.415565773845e-02
  6.257300000009e+01,  8.839187771082e-02,  3.149629492396e+01, -1.956276223063e-02
  6.258350000018e+01,  7.795486599207e-02,  3.150673193568e+01, -1.707546040416e-02
  6.259350000019e+01,  6.777343899012e-02,  3.151691336268e+01, -1.603643223643e-02
  6.260350000020e+01,  5.751571804285e-02,  3.152717108362e+01, -1.305572316051e-02
  6.261350000021e+01,  4.741439968348e-02,  3.153727240198e+01, -1.215331070125e-02
  6.262400000007e+01,  3.715667873621e-02,  3.154753012293e+01, -1.048712246120e-02
  6.263500000001e+01,  2.705818228424e-02,  3.155762861938e+01, -9.127463214099e-03
  6.264750000020e+01,  1.699119620025e-02,  3.156769560547e+01, -6.066079717129e-03
  6.266400000011e+01,  6.906089838594e-03,  3.157778071183e+01, -3.797437297180e-03
  6.267500000005e+01,  2.614555181935e-03,  3.158207224649e+01, -4.455472808331e-03
  6.267600000021e+01,  2.320823492482e-03,  3.158236597817e+01, -4.648115020245e-03
  6.268400000012e+01,  4.139517550357e-04,  3.158427284991e+01, -5.955960135907e-03
  6.268700000015e+01, -1.081849331968e-04,  3.158479498660e+01, -7.149960380048e-03
  6.291500000004e+01, -2.277363790199e-03,  3.158696416546e+01, -1.424745749682e-02
  6.291600000020e+01, -2.265651477501e-03,  3.158695245314e+01, -1.421574782580e-02
