           Test time,     Standard travel,     Tool separation,      Standard force
                 0.0,                 0.0,  3.143474679823e+01, -1.135308574885e-02
                 0.0,                 0.0,  3.143474565084e+01, -1.143629383296e-02
                 0.0,                 0.0,  3.143474603082e+01, -1.203406881541e-02
                 0.0,                 0.0,  3.143474618728e+01, -1.257179956883e-02
                 0.0,                 0.0,  3.143474325176e+01, -1.266406755894e-02
                 0.0,                 0.0,  3.145955404386e+01, -8.662544190884e-03
  0.000000000000e+00,  0.000000000000e+00,  3.145954619171e+01, -8.576057851315e-03
  7.999999914318e-03, -8.610077202320e-06,  3.145955480179e+01, -8.573551662266e-03
  1.099999994040e-02, -2.210028469563e-06,  3.145954840174e+01, -8.457799442112e-03
  1.300000003539e-02, -1.871958374977e-07,  3.145954637891e+01, -8.653183467686e-03
  1.399999996647e-02, -2.817250788212e-06,  3.145954900896e+01, -8.795280940831e-03
  1.140000000596e-01,  8.309812983498e-06,  3.145953788190e+01, -9.119455702603e-03
  2.139999999199e-01,  1.419315594831e-05,  3.145953199856e+01, -9.665287099779e-03
  3.140000000130e-01, -8.965096640168e-06,  3.145955515681e+01, -1.252163201571e-02
  4.010000000708e-01,  1.007558777928e-02,  3.144947060393e+01, -2.603139961138e-03
  4.195000000764e-01,  2.045347169042e-02,  3.143909272002e+01,  9.711179882288e-03
  4.299999999348e-01,  3.073598816991e-02,  3.142881020354e+01,  2.264967933297e-02
  4.380000000820e-01,  4.129507020116e-02,  3.141825112151e+01,  1.909819617867e-02
  4.450000000652e-01,  5.169393494725e-02,  3.140785225677e+01,  1.766452565789e-02
  4.514999999665e-01,  6.186391785741e-02,  3.139768227386e+01,  1.980480924249e-02
  4.580000001006e-01,  7.217886298895e-02,  3.138736732872e+01,  2.355465665460e-02
  4.645000000019e-01,  8.233740180731e-02,  3.137720878991e+01,  2.775559201837e-02
  4.714999999851e-01,  9.285452216864e-02,  3.136669166954e+01,  3.618035092950e-02
  4.790000000503e-01,  1.032800897956e-01,  3.135626610192e+01,  4.039755836129e-02
  4.875000000466e-01,  1.138277277350e-01,  3.134571846398e+01,  6.083670631051e-02
  4.960000000428e-01,  1.239443048835e-01,  3.133560188683e+01,  7.655325531960e-02
  5.045000000391e-01,  1.340303570032e-01,  3.132551583471e+01,  8.769217133522e-02
  5.130000000354e-01,  1.440973430872e-01,  3.131544884863e+01,  9.957113862038e-02
  5.215000000317e-01,  1.542329937220e-01,  3.130531319799e+01,  1.141203939915e-01
  5.300000000279e-01,  1.645593792200e-01,  3.129498681249e+01,  1.240767538548e-01
  5.385000000242e-01,  1.751451641321e-01,  3.128440102758e+01,  1.489333212376e-01
  5.460000000894e-01,  1.854143291712e-01,  3.127413186254e+01,  1.588915884495e-01
  5.530000000726e-01,  1.954622417688e-01,  3.126408394994e+01,  1.645640432835e-01
  5.604999999050e-01,  2.060365825891e-01,  3.125350960912e+01,  1.734656393528e-01
  5.685000000522e-01,  2.165918499231e-01,  3.124295434179e+01,  1.837119162083e-01
  5.770000000484e-01,  2.266245037317e-01,  3.123292168798e+01,  1.991690695286e-01
  5.870000000577e-01,  2.368192821741e-01,  3.122272690954e+01,  2.029933631420e-01
  6.010000000242e-01,  2.469549328089e-01,  3.121259125890e+01,  2.350654304028e-01
  6.159999999218e-01,  2.571916878223e-01,  3.120235450389e+01,  2.614021003246e-01
  6.280000000261e-01,  2.674171328545e-01,  3.119212905886e+01,  2.787123024464e-01
  6.380000000354e-01,  2.775031924248e-01,  3.118204299929e+01,  2.906332314014e-01
  6.474999999627e-01,  2.879516482353e-01,  3.117159454348e+01,  2.992430031300e-01
  6.570000001229e-01,  2.984382510185e-01,  3.116110794069e+01,  3.088360130787e-01
  6.665000000503e-01,  3.084518313408e-01,  3.115109436037e+01,  3.231373131275e-01
  6.769999999087e-01,  3.188201785088e-01,  3.114072601320e+01,  3.357734978199e-01
  6.884999999311e-01,  3.291561007500e-01,  3.113039009096e+01,  3.540649712086e-01
  7.005000000354e-01,  3.393623232841e-01,  3.112018386843e+01,  3.727112114429e-01
  7.124999999069e-01,  3.497878909111e-01,  3.110975830080e+01,  3.909454643726e-01
  7.235000000801e-01,  3.600952029228e-01,  3.109945098879e+01,  4.085083305836e-01
  7.335000000894e-01,  3.704215884209e-01,  3.108912460329e+01,  4.244194328785e-01
  7.424999999348e-01,  3.805267214775e-01,  3.107901947024e+01,  4.369697868824e-01
  7.515000000130e-01,  3.910476565361e-01,  3.106849853518e+01,  4.530220329762e-01
  7.600000000093e-01,  4.010841250420e-01,  3.105846206667e+01,  4.642563164234e-01
  7.690000000875e-01,  4.113876223564e-01,  3.104815856936e+01,  4.801254570484e-01
  7.785000000149e-01,  4.218131899834e-01,  3.103773300173e+01,  4.935036003590e-01
  7.885000000242e-01,  4.320442080498e-01,  3.102750198366e+01,  5.119667053223e-01
  7.990000001155e-01,  4.423000216484e-01,  3.101724617006e+01,  5.305633544922e-01
  8.094999999739e-01,  4.523708224297e-01,  3.100717536928e+01,  5.504608154297e-01
  8.200000000652e-01,  4.626132845879e-01,  3.099693290713e+01,  5.669555664063e-01
  8.304999999236e-01,  4.729549288750e-01,  3.098659126284e+01,  5.860099792480e-01
  8.404999999329e-01,  4.830257296562e-01,  3.097652046206e+01,  5.998039245605e-01
  8.504999999423e-01,  4.930850863457e-01,  3.096646110537e+01,  6.156578063965e-01
  8.604999999516e-01,  5.031101107597e-01,  3.095643608095e+01,  6.303443908691e-01
  8.710000000428e-01,  5.136157870293e-01,  3.094593040468e+01,  6.477622985840e-01
  8.810000000522e-01,  5.236550569534e-01,  3.093589113476e+01,  6.617138981819e-01
  8.914999999106e-01,  5.340310335159e-01,  3.092551515820e+01,  6.805089116096e-01
  9.020000000019e-01,  5.442792177200e-01,  3.091526697399e+01,  6.977589726448e-01
  9.125000000931e-01,  5.544739961624e-01,  3.090507219555e+01,  7.167676091194e-01
  9.229999999516e-01,  5.648041963577e-01,  3.089474199536e+01,  7.353833317757e-01
  9.329999999609e-01,  5.748101472855e-01,  3.088473604443e+01,  7.525609135628e-01
  9.429999999702e-01,  5.849648714066e-01,  3.087458132031e+01,  7.680562138557e-01
  9.529999999795e-01,  5.950814485550e-01,  3.086446474316e+01,  7.855427861214e-01
  9.629999999888e-01,  6.051141023636e-01,  3.085443208935e+01,  8.023121953011e-01
  9.735000000801e-01,  6.154652833939e-01,  3.084408090832e+01,  8.196347355843e-01
  9.839999999385e-01,  6.257268190384e-01,  3.083381937267e+01,  8.375676274300e-01
  9.945000000298e-01,  6.360627412796e-01,  3.082348345043e+01,  8.555844426155e-01
  1.005000000121e+00,  6.465493440628e-01,  3.081299684765e+01,  8.730366826057e-01
  1.014999999898e+00,  6.566430330276e-01,  3.080290315869e+01,  8.895047307014e-01
  1.024999999907e+00,  6.667023897171e-01,  3.079284380200e+01,  9.075215458870e-01
  1.035499999998e+00,  6.770669221878e-01,  3.078247926953e+01,  9.251645207405e-01
  1.046000000089e+00,  6.873017549515e-01,  3.077224443676e+01,  9.460118412971e-01
  1.056499999948e+00,  6.976891756058e-01,  3.076185701611e+01,  9.645398259163e-01
  1.066499999957e+00,  7.077218294144e-01,  3.075182436230e+01,  9.825833439827e-01
  1.076499999966e+00,  7.178193330765e-01,  3.074172685864e+01,  9.994938969612e-01
  1.086499999976e+00,  7.278672456741e-01,  3.073167894604e+01,  1.017842531204e+00
  1.097000000067e+00,  7.383080720901e-01,  3.072123811962e+01,  1.036565065384e+00
  1.107499999925e+00,  7.486096620560e-01,  3.071093652966e+01,  1.056756258011e+00
  1.118000000017e+00,  7.589055299759e-01,  3.070064066174e+01,  1.075055360794e+00
  1.128500000108e+00,  7.692861557007e-01,  3.069026003601e+01,  1.094096422195e+00
  1.138500000117e+00,  7.793035507202e-01,  3.068024264099e+01,  1.110636949539e+00
  1.148500000127e+00,  7.893438339233e-01,  3.067020235779e+01,  1.127681016922e+00
  1.158499999903e+00,  7.993459701538e-01,  3.066020022156e+01,  1.145270586014e+00
  1.168999999994e+00,  8.097333908081e-01,  3.064981280091e+01,  1.164675951004e+00
  1.179500000086e+00,  8.201169967651e-01,  3.063942919495e+01,  1.183924913406e+00
  1.189500000095e+00,  8.301343917847e-01,  3.062941179993e+01,  1.200808763504e+00
  1.199500000104e+00,  8.402280807495e-01,  3.061931811096e+01,  1.217993974686e+00
  1.209500000114e+00,  8.502378463745e-01,  3.060930834534e+01,  1.235194444656e+00
  1.219999999972e+00,  8.606786727905e-01,  3.059886751892e+01,  1.255172014236e+00
  1.229999999981e+00,  8.706960678101e-01,  3.058885012390e+01,  1.275115251541e+00
  1.239999999991e+00,  8.807783126831e-01,  3.057876787903e+01,  1.294696092606e+00
  1.250000000000e+00,  8.908872604370e-01,  3.056865893128e+01,  1.312636613846e+00
  1.260000000009e+00,  9.009885787964e-01,  3.055855761292e+01,  1.330500841141e+00
  1.270000000019e+00,  9.110021591187e-01,  3.054854403259e+01,  1.347815752029e+00
  1.280500000110e+00,  9.213438034058e-01,  3.053820238831e+01,  1.365386247635e+00
  1.290999999968e+00,  9.316625595093e-01,  3.052788363220e+01,  1.385695695877e+00
  1.300999999978e+00,  9.416646957397e-01,  3.051788149597e+01,  1.404639482498e+00
  1.310999999987e+00,  9.518575668335e-01,  3.050768862488e+01,  1.421908617020e+00
  1.320999999996e+00,  9.620847702026e-01,  3.049746142151e+01,  1.439463853836e+00
  1.331000000006e+00,  9.722356796265e-01,  3.048731051209e+01,  1.457446336746e+00
  1.341500000097e+00,  9.826612472534e-01,  3.047688494446e+01,  1.476447343826e+00
  1.351999999955e+00,  9.928979873657e-01,  3.046664820435e+01,  1.495379686356e+00
  1.362500000047e+00,  1.003157615662e+00,  3.045638857605e+01,  1.516074419022e+00
  1.372999999905e+00,  1.013617515564e+00,  3.044592867615e+01,  1.535865068436e+00
  1.382999999914e+00,  1.023678421974e+00,  3.043586776974e+01,  1.554107189178e+00
  1.392999999924e+00,  1.033730149269e+00,  3.042581604244e+01,  1.572234630585e+00
  1.402999999933e+00,  1.043758988380e+00,  3.041578720333e+01,  1.591868877411e+00
  1.413500000024e+00,  1.054234147072e+00,  3.040531204464e+01,  1.610846996307e+00
  1.424000000115e+00,  1.064629197121e+00,  3.039491699459e+01,  1.629970073700e+00
  1.434499999974e+00,  1.075058579445e+00,  3.038448761227e+01,  1.649112224579e+00
  1.444499999983e+00,  1.085060715675e+00,  3.037448547604e+01,  1.667136669159e+00
  1.454499999993e+00,  1.095093369484e+00,  3.036445282223e+01,  1.686175823212e+00
  1.464500000002e+00,  1.105137467384e+00,  3.035440872433e+01,  1.705718517303e+00
  1.474500000011e+00,  1.115265488625e+00,  3.034428070309e+01,  1.723979473114e+00
  1.484500000020e+00,  1.125420212746e+00,  3.033412597897e+01,  1.743190288544e+00
  1.494500000030e+00,  1.135635972023e+00,  3.032391021969e+01,  1.762351512909e+00
  1.504500000039e+00,  1.145832657814e+00,  3.031371353390e+01,  1.780871868134e+00
  1.514500000048e+00,  1.155972123146e+00,  3.030357406857e+01,  1.799628734589e+00
  1.524999999907e+00,  1.166447281837e+00,  3.029309890988e+01,  1.820998668671e+00
  1.535499999998e+00,  1.176922440529e+00,  3.028262375118e+01,  1.842265605927e+00
  1.546000000089e+00,  1.187382340431e+00,  3.027216385128e+01,  1.861854076385e+00
  1.556000000099e+00,  1.197384476662e+00,  3.026216171505e+01,  1.880965709686e+00
  1.566000000108e+00,  1.207447648048e+00,  3.025209854366e+01,  1.898993968964e+00
  1.576000000117e+00,  1.217564225197e+00,  3.024198196652e+01,  1.917174816132e+00
  1.586000000127e+00,  1.227623581886e+00,  3.023192260983e+01,  1.935782909393e+00
  1.595999999903e+00,  1.237671494484e+00,  3.022187469723e+01,  1.955539226532e+00
  1.605999999912e+00,  1.247742295265e+00,  3.021180389645e+01,  1.973956584930e+00
  1.615999999922e+00,  1.257752060890e+00,  3.020179413082e+01,  1.993716716766e+00
  1.626500000013e+00,  1.268131852150e+00,  3.019141433956e+01,  2.012885570526e+00
  1.637000000104e+00,  1.278371334076e+00,  3.018117485764e+01,  2.032810449600e+00
  1.647499999963e+00,  1.288611888885e+00,  3.017093430283e+01,  2.053673028946e+00
  1.658000000054e+00,  1.298945903778e+00,  3.016060028794e+01,  2.075916528702e+00
  1.668000000063e+00,  1.308993816376e+00,  3.015055237534e+01,  2.093796014786e+00
  1.678000000073e+00,  1.319114208221e+00,  3.014043198349e+01,  2.112751245499e+00
  1.688000000082e+00,  1.329234600067e+00,  3.013031159165e+01,  2.130443811417e+00
  1.698000000091e+00,  1.339240550995e+00,  3.012030564072e+01,  2.148353815079e+00
  1.708499999950e+00,  1.349595546722e+00,  3.010995064499e+01,  2.168213129044e+00
  1.719000000041e+00,  1.359879970551e+00,  3.009966622116e+01,  2.191498041153e+00
  1.729499999899e+00,  1.370374202728e+00,  3.008917198898e+01,  2.212913751602e+00
  1.739499999909e+00,  1.380525112152e+00,  3.007902107956e+01,  2.231296777725e+00
  1.749499999918e+00,  1.390637874603e+00,  3.006890831711e+01,  2.247982263565e+00
  1.760000000009e+00,  1.401113033295e+00,  3.005843315842e+01,  2.266758203506e+00
  1.770500000101e+00,  1.411511898041e+00,  3.004803429367e+01,  2.286991357803e+00
  1.780999999959e+00,  1.421990871429e+00,  3.003755532028e+01,  2.308979272842e+00
  1.790999999968e+00,  1.432069301605e+00,  3.002747689011e+01,  2.329914331436e+00
  1.800999999978e+00,  1.442300319672e+00,  3.001724587204e+01,  2.352253198624e+00
  1.810999999987e+00,  1.452588558197e+00,  3.000695763352e+01,  2.371334314346e+00
  1.820999999996e+00,  1.462655544281e+00,  2.999689064743e+01,  2.386173486710e+00
  1.831999999937e+00,  1.472899913788e+00,  2.998664627793e+01,  2.402328729630e+00
  1.844500000123e+00,  1.482928752899e+00,  2.997661743881e+01,  2.419494867325e+00
  1.861999999965e+00,  1.493061542511e+00,  2.996648464920e+01,  2.438648462296e+00
  1.875000000000e+00,  1.497593402863e+00,  2.996195278885e+01,  2.449218988419e+00
  1.975000000093e+00,  1.503367304802e+00,  2.995617888691e+01,  2.458303928375e+00
  2.074999999953e+00,  1.502706527710e+00,  2.995683966400e+01,  2.448847055435e+00
  2.175000000047e+00,  1.501911640167e+00,  2.995763455155e+01,  2.444158792496e+00
  2.274999999907e+00,  1.501304149628e+00,  2.995824204209e+01,  2.436914443970e+00
  2.375000000000e+00,  1.500872254372e+00,  2.995867393734e+01,  2.432514905930e+00
  2.475000000093e+00,  1.500532150269e+00,  2.995901404144e+01,  2.428805589676e+00
  2.574999999953e+00,  1.500332236290e+00,  2.995921395542e+01,  2.422807693481e+00
  2.675000000047e+00,  1.500164270401e+00,  2.995938192131e+01,  2.420152425766e+00
  2.774999999907e+00,  1.500102043152e+00,  2.995944414856e+01,  2.414582967758e+00
  2.875000000000e+00,  1.500063657761e+00,  2.995948253395e+01,  2.411168098450e+00
  2.975000000093e+00,  1.500010967255e+00,  2.995953522446e+01,  2.407047510147e+00
  3.074999999953e+00,  1.500031352043e+00,  2.995951483967e+01,  2.404572010040e+00
  3.175000000047e+00,  1.499995470047e+00,  2.995955072167e+01,  2.400377273560e+00
  3.274999999907e+00,  1.499997138977e+00,  2.995954905274e+01,  2.401062965393e+00
  3.375000000000e+00,  1.500011801720e+00,  2.995953438999e+01,  2.398051023483e+00
  3.475000000093e+00,  1.499968171120e+00,  2.995957802059e+01,  2.395924091339e+00
  3.574999999953e+00,  1.500014424324e+00,  2.995953176739e+01,  2.394191980362e+00
  3.675000000047e+00,  1.499982476234e+00,  2.995956371548e+01,  2.389158010483e+00
  3.774999999907e+00,  1.500018715858e+00,  2.995952747585e+01,  2.387941122055e+00
  3.875000000000e+00,  1.500026464462e+00,  2.995951972725e+01,  2.384692668915e+00
  3.975000000093e+00,  1.499980449677e+00,  2.995956574204e+01,  2.380507707596e+00
  4.074999999953e+00,  1.499979734421e+00,  2.995956645729e+01,  2.383652210236e+00
  4.175000000047e+00,  1.499985575676e+00,  2.995956061604e+01,  2.381913185120e+00
  4.274999999907e+00,  1.500008821487e+00,  2.995953737023e+01,  2.375802278519e+00
  4.375000000000e+00,  1.500047922134e+00,  2.995949826958e+01,  2.375233411789e+00
  4.475000000093e+00,  1.500022888184e+00,  2.995952330353e+01,  2.373400926590e+00
  4.574999999953e+00,  1.500020623207e+00,  2.995952556851e+01,  2.370805025101e+00
  4.675000000047e+00,  1.500013828278e+00,  2.995953236344e+01,  2.370213270187e+00
  4.774999999907e+00,  1.500051975250e+00,  2.995949421646e+01,  2.370137691498e+00
  4.875000000000e+00,  1.500007748604e+00,  2.995953844311e+01,  2.365750551224e+00
  4.975000000093e+00,  1.499983310699e+00,  2.995956288101e+01,  2.364395380020e+00
  5.074999999953e+00,  1.499990940094e+00,  2.995955525162e+01,  2.362056016922e+00
  5.175000000047e+00,  1.500048279762e+00,  2.995949791195e+01,  2.360531568527e+00
  5.274999999907e+00,  1.500023841858e+00,  2.995952234986e+01,  2.361555099487e+00
  5.375000000000e+00,  1.500016093254e+00,  2.995953009846e+01,  2.356756925583e+00
  5.475000000093e+00,  1.500001430511e+00,  2.995954476120e+01,  2.356300592422e+00
  5.574999999953e+00,  1.500024795532e+00,  2.995952139618e+01,  2.355635404587e+00
  5.675000000047e+00,  1.500018119812e+00,  2.995952807190e+01,  2.354780912399e+00
  5.774999999907e+00,  1.500003099442e+00,  2.995954309227e+01,  2.352504730225e+00
  5.875000000000e+00,  1.499984025955e+00,  2.995956216576e+01,  2.347899436951e+00
  5.975000000093e+00,  1.499993562698e+00,  2.995955262901e+01,  2.351928472519e+00
  6.074999999953e+00,  1.500015377998e+00,  2.995953081371e+01,  2.348626613617e+00
  6.175000000047e+00,  1.500015258789e+00,  2.995953093292e+01,  2.345265150070e+00
  6.274999999907e+00,  1.500015854836e+00,  2.995953033688e+01,  2.347254991531e+00
  6.375000000000e+00,  1.499987959862e+00,  2.995955823185e+01,  2.346868038177e+00
  6.475000000093e+00,  1.500025153160e+00,  2.995952103855e+01,  2.346099376678e+00
  6.574999999953e+00,  1.500024080276e+00,  2.995952211144e+01,  2.340040445328e+00
  6.675000000047e+00,  1.500003218651e+00,  2.995954297306e+01,  2.343177080154e+00
  6.774999999907e+00,  1.500017642975e+00,  2.995952854874e+01,  2.341733694077e+00
  6.875000000000e+00,  1.500039577484e+00,  2.995950661423e+01,  2.334865808487e+00
  6.975000000093e+00,  1.500011444092e+00,  2.995953474762e+01,  2.336867332458e+00
  7.074999999953e+00,  1.499991655350e+00,  2.995955453636e+01,  2.337713241577e+00
  7.175000000047e+00,  1.499993085861e+00,  2.995955310585e+01,  2.334468364716e+00
  7.274999999907e+00,  1.500010371208e+00,  2.995953582050e+01,  2.331164836884e+00
  7.375000000000e+00,  1.500044226646e+00,  2.995950196507e+01,  2.336062908173e+00
  7.475000000093e+00,  1.500039935112e+00,  2.995950625660e+01,  2.331184148788e+00
  7.574999999953e+00,  1.500030040741e+00,  2.995951615097e+01,  2.330447673798e+00
  7.675000000047e+00,  1.499989509583e+00,  2.995955668213e+01,  2.328532457352e+00
  7.774999999907e+00,  1.499985337257e+00,  2.995956085446e+01,  2.330719709396e+00
  7.875000000000e+00,  1.499988555908e+00,  2.995955763580e+01,  2.330426931381e+00
  7.975000000093e+00,  1.499974012375e+00,  2.995957217934e+01,  2.327395200729e+00
  8.074999999953e+00,  1.500005602837e+00,  2.995954058888e+01,  2.327675819397e+00
  8.175000000047e+00,  1.499978661537e+00,  2.995956753018e+01,  2.327779769897e+00
  8.274999999907e+00,  1.499992847443e+00,  2.995955334427e+01,  2.326143980026e+00
  8.375000000000e+00,  1.499983549118e+00,  2.995956264260e+01,  2.324198246002e+00
  8.475000000093e+00,  1.500023126602e+00,  2.995952306511e+01,  2.324120759964e+00
  8.574999999953e+00,  1.500011205673e+00,  2.995953498604e+01,  2.323956251144e+00
  8.675000000047e+00,  1.500043511391e+00,  2.995950268032e+01,  2.320035696030e+00
  8.774999999907e+00,  1.500065088272e+00,  2.995948110344e+01,  2.319167852402e+00
  8.875000000000e+00,  1.500034213066e+00,  2.995951197865e+01,  2.319486379623e+00
  8.975000000093e+00,  1.499981641769e+00,  2.995956454994e+01,  2.316346168518e+00
  9.074999999953e+00,  1.500004053116e+00,  2.995954213860e+01,  2.317053318024e+00
  9.175000000047e+00,  1.499971985817e+00,  2.995957420590e+01,  2.316018104553e+00
  9.274999999907e+00,  1.500018477440e+00,  2.995952771427e+01,  2.314967393875e+00
  9.375000000000e+00,  1.500000119209e+00,  2.995954607250e+01,  2.312084436417e+00
  9.475000000093e+00,  1.500029563904e+00,  2.995951662781e+01,  2.313828229904e+00
  9.574999999953e+00,  1.500029444695e+00,  2.995951674702e+01,  2.313003540039e+00
  9.675000000047e+00,  1.500009059906e+00,  2.995953713181e+01,  2.311869621277e+00
  9.774999999907e+00,  1.499994277954e+00,  2.995955191376e+01,  2.312152624130e+00
  9.875000000000e+00,  1.499986648560e+00,  2.995955954315e+01,  2.312920570374e+00
  9.975000000093e+00,  1.500015497208e+00,  2.995953069451e+01,  2.311929702759e+00
  1.007499999995e+01,  1.500005602837e+00,  2.995954058888e+01,  2.307214260101e+00
  1.017500000005e+01,  1.500002861023e+00,  2.995954333069e+01,  2.307517051697e+00
  1.027499999991e+01,  1.499971270561e+00,  2.995957492115e+01,  2.308626413345e+00
  1.037500000000e+01,  1.500020980835e+00,  2.995952521088e+01,  2.304078578949e+00
  1.047500000009e+01,  1.500013828278e+00,  2.995953236344e+01,  2.305806875229e+00
  1.057499999995e+01,  1.500028252602e+00,  2.995951793911e+01,  2.305189847946e+00
  1.067500000005e+01,  1.500051975250e+00,  2.995949421646e+01,  2.305066108704e+00
  1.077499999991e+01,  1.500022292137e+00,  2.995952389958e+01,  2.305114030838e+00
  1.087500000000e+01,  1.499994039536e+00,  2.995955215218e+01,  2.302692890167e+00
  1.097500000009e+01,  1.500042319298e+00,  2.995950387242e+01,  2.301357030869e+00
  1.107499999995e+01,  1.499999761581e+00,  2.995954643013e+01,  2.300948143005e+00
  1.117500000005e+01,  1.499999523163e+00,  2.995954666855e+01,  2.300362825394e+00
  1.127499999991e+01,  1.500022172928e+00,  2.995952401879e+01,  2.300311565399e+00
  1.137500000000e+01,  1.500016450882e+00,  2.995952974083e+01,  2.299540519714e+00
  1.147500000009e+01,  1.500008225441e+00,  2.995953796627e+01,  2.300597190857e+00
  1.157499999995e+01,  1.499987006187e+00,  2.995955918553e+01,  2.297507524490e+00
  1.167500000005e+01,  1.499987125397e+00,  2.995955906632e+01,  2.296977519989e+00
  1.177499999991e+01,  1.500003695488e+00,  2.995954249623e+01,  2.295377254486e+00
  1.187500000000e+01,  1.500011801720e+00,  2.995953438999e+01,  2.297845602036e+00
  1.197500000009e+01,  1.499999046326e+00,  2.995954714539e+01,  2.295094966888e+00
  1.207499999995e+01,  1.500015735626e+00,  2.995953045609e+01,  2.295072793961e+00
  1.217500000005e+01,  1.500018000603e+00,  2.995952819111e+01,  2.296220064163e+00
  1.227499999991e+01,  1.499998331070e+00,  2.995954786064e+01,  2.293014526367e+00
  1.237500000000e+01,  1.499987125397e+00,  2.995955906632e+01,  2.292695999146e+00
  1.247500000009e+01,  1.500008702278e+00,  2.995953748943e+01,  2.292186498642e+00
  1.257499999995e+01,  1.500017046928e+00,  2.995952914478e+01,  2.292430162430e+00
  1.267500000005e+01,  1.499989867210e+00,  2.995955632450e+01,  2.290107488632e+00
  1.277499999991e+01,  1.499987363815e+00,  2.995955882790e+01,  2.288974046707e+00
  1.287500000000e+01,  1.500010609627e+00,  2.995953558209e+01,  2.290107011795e+00
  1.297500000009e+01,  1.499996423721e+00,  2.995954976799e+01,  2.289454936981e+00
  1.307499999995e+01,  1.499970316887e+00,  2.995957587483e+01,  2.289664506912e+00
  1.317500000005e+01,  1.500041961670e+00,  2.995950423004e+01,  2.287182092667e+00
  1.327499999991e+01,  1.499996662140e+00,  2.995954952957e+01,  2.286761283875e+00
  1.337500000000e+01,  1.499980807304e+00,  2.995956538441e+01,  2.284689903259e+00
  1.347500000009e+01,  1.500025987625e+00,  2.995952020409e+01,  2.284595727921e+00
  1.357499999995e+01,  1.499998807907e+00,  2.995954738381e+01,  2.289229869843e+00
  1.367500000005e+01,  1.499991536140e+00,  2.995955465557e+01,  2.282176494598e+00
  1.377499999991e+01,  1.499999880791e+00,  2.995954631092e+01,  2.278409957886e+00
  1.387500000000e+01,  1.500038623810e+00,  2.995950756790e+01,  2.287032604218e+00
  1.397500000009e+01,  1.499983191490e+00,  2.995956300022e+01,  2.282128810883e+00
  1.407499999995e+01,  1.499979853630e+00,  2.995956633808e+01,  2.277643680573e+00
  1.417500000005e+01,  1.499994158745e+00,  2.995955203297e+01,  2.281419277191e+00
  1.427499999991e+01,  1.500005245209e+00,  2.995954094650e+01,  2.284213781357e+00
  1.437500000000e+01,  1.499992489815e+00,  2.995955370190e+01,  2.279862403870e+00
  1.447500000009e+01,  1.500006198883e+00,  2.995953999283e+01,  2.279927015305e+00
  1.457499999995e+01,  1.499990463257e+00,  2.995955572846e+01,  2.281800508499e+00
  1.467500000005e+01,  1.500001072884e+00,  2.995954511883e+01,  2.281992673874e+00
  1.477499999991e+01,  1.499996185303e+00,  2.995955000641e+01,  2.275795936584e+00
  1.487500000000e+01,  1.500033855438e+00,  2.995951233627e+01,  2.280692577362e+00
  1.497500000009e+01,  1.499995827675e+00,  2.995955036404e+01,  2.277926683426e+00
  1.507499999995e+01,  1.500002026558e+00,  2.995954416516e+01,  2.273114681244e+00
  1.517500000005e+01,  1.500005960464e+00,  2.995954023125e+01,  2.272976636887e+00
  1.527499999991e+01,  1.500000476837e+00,  2.995954571488e+01,  2.276390314102e+00
  1.537500000000e+01,  1.500018000603e+00,  2.995952819111e+01,  2.275640010834e+00
  1.547500000009e+01,  1.499995350838e+00,  2.995955084088e+01,  2.271019458771e+00
  1.557499999995e+01,  1.499982118607e+00,  2.995956407311e+01,  2.275331258774e+00
  1.567500000005e+01,  1.499988079071e+00,  2.995955811264e+01,  2.269837617874e+00
  1.577499999991e+01,  1.500012159348e+00,  2.995953403237e+01,  2.271584510803e+00
  1.587500000000e+01,  1.500006556511e+00,  2.995953963520e+01,  2.268062114716e+00
  1.597500000009e+01,  1.499976634979e+00,  2.995956955673e+01,  2.270966053009e+00
  1.607499999995e+01,  1.500007629395e+00,  2.995953856232e+01,  2.270231485367e+00
  1.617500000005e+01,  1.499969363213e+00,  2.995957682850e+01,  2.268908739090e+00
  1.627499999991e+01,  1.499995470047e+00,  2.995955072167e+01,  2.266087293625e+00
  1.637500000000e+01,  1.500022292137e+00,  2.995952389958e+01,  2.267132282257e+00
  1.647500000009e+01,  1.499996542931e+00,  2.995954964878e+01,  2.266105890274e+00
  1.657499999995e+01,  1.499998092651e+00,  2.995954809906e+01,  2.266251802444e+00
  1.667500000005e+01,  1.500012278557e+00,  2.995953391316e+01,  2.267011404037e+00
  1.677499999991e+01,  1.499965906143e+00,  2.995958028557e+01,  2.267743349075e+00
  1.687500000000e+01,  1.500001072884e+00,  2.995954511883e+01,  2.263862371445e+00
  1.697500000009e+01,  1.499999523163e+00,  2.995954666855e+01,  2.266009807587e+00
  1.707499999995e+01,  1.499993324280e+00,  2.995955286743e+01,  2.266086339951e+00
  1.717500000005e+01,  1.499996781349e+00,  2.995954941036e+01,  2.262417078018e+00
  1.727499999991e+01,  1.500003933907e+00,  2.995954225781e+01,  2.261917352676e+00
  1.737500000000e+01,  1.500005841255e+00,  2.995954035046e+01,  2.263933658600e+00
  1.747500000009e+01,  1.500000715256e+00,  2.995954547646e+01,  2.261531352997e+00
  1.757499999995e+01,  1.500030279160e+00,  2.995951591255e+01,  2.260363101959e+00
  1.767500000005e+01,  1.499992489815e+00,  2.995955370190e+01,  2.261458873749e+00
  1.777499999991e+01,  1.500015616417e+00,  2.995953057530e+01,  2.259837627411e+00
  1.787500000000e+01,  1.499998092651e+00,  2.995954809906e+01,  2.255410194397e+00
  1.797500000009e+01,  1.500001430511e+00,  2.995954476120e+01,  2.257066965103e+00
  1.807499999995e+01,  1.499986171722e+00,  2.995956001999e+01,  2.259288549423e+00
  1.817500000005e+01,  1.500002622604e+00,  2.995954356911e+01,  2.257522106171e+00
  1.827499999991e+01,  1.500022292137e+00,  2.995952389958e+01,  2.258370876312e+00
  1.837500000000e+01,  1.500009655952e+00,  2.995953653576e+01,  2.258548498154e+00
  1.847500000009e+01,  1.499991416931e+00,  2.995955477478e+01,  2.262348651886e+00
  1.857499999995e+01,  1.500006794930e+00,  2.995953939678e+01,  2.256441116333e+00
  1.867500000005e+01,  1.500006556511e+00,  2.995953963520e+01,  2.249442100525e+00
  1.877499999991e+01,  1.500009179115e+00,  2.995953701260e+01,  2.258013248444e+00
  1.887500000000e+01,  1.499998211861e+00,  2.995954797985e+01,  2.255970239639e+00
  1.897500000009e+01,  1.499996900558e+00,  2.995954929115e+01,  2.247970342636e+00
  1.907499999995e+01,  1.499994635582e+00,  2.995955155613e+01,  2.255900144577e+00
  1.917500000005e+01,  1.500028610229e+00,  2.995951758148e+01,  2.252280473709e+00
  1.927499999991e+01,  1.500029087067e+00,  2.995951710465e+01,  2.257505655289e+00
  1.937500000000e+01,  1.499995470047e+00,  2.995955072167e+01,  2.247442007065e+00
  1.947500000009e+01,  1.500008463860e+00,  2.995953772785e+01,  2.253638029099e+00
  1.957499999995e+01,  1.500000000000e+00,  2.995954619171e+01,  2.253706693649e+00
  1.967500000005e+01,  1.499992966652e+00,  2.995955322506e+01,  2.249995470047e+00
  1.977499999991e+01,  1.500022411346e+00,  2.995952378037e+01,  2.250793457031e+00
  1.987500000000e+01,  1.500012159348e+00,  2.995953403237e+01,  2.250576496124e+00
  1.997500000009e+01,  1.499990224838e+00,  2.995955596687e+01,  2.250538587570e+00
  2.007499999995e+01,  1.499999046326e+00,  2.995954714539e+01,  2.247573375702e+00
  2.017500000005e+01,  1.500017285347e+00,  2.995952890637e+01,  2.247805595398e+00
  2.027499999991e+01,  1.499978184700e+00,  2.995956800701e+01,  2.248230457306e+00
  2.037500000000e+01,  1.499978899956e+00,  2.995956729176e+01,  2.244361400604e+00
  2.047500000009e+01,  1.500029921532e+00,  2.995951627018e+01,  2.247048377991e+00
  2.057499999995e+01,  1.500018835068e+00,  2.995952735665e+01,  2.244266033173e+00
  2.067500000005e+01,  1.499991059303e+00,  2.995955513241e+01,  2.246439456940e+00
  2.077499999991e+01,  1.499998331070e+00,  2.995954786064e+01,  2.243327617645e+00
  2.087500000000e+01,  1.499995231628e+00,  2.995955096008e+01,  2.245894193649e+00
  2.097500000009e+01,  1.499973893166e+00,  2.995957229855e+01,  2.244166135788e+00
  2.107499999995e+01,  1.500005125999e+00,  2.995954106571e+01,  2.244260072708e+00
  2.117500000005e+01,  1.500043511391e+00,  2.995950268032e+01,  2.245781183243e+00
  2.127499999991e+01,  1.499994635582e+00,  2.995955155613e+01,  2.246223211288e+00
  2.137500000000e+01,  1.500015497208e+00,  2.995953069451e+01,  2.242748022079e+00
  2.147500000009e+01,  1.499978065491e+00,  2.995956812622e+01,  2.242344856262e+00
  2.157499999995e+01,  1.500032901764e+00,  2.995951328995e+01,  2.241934776306e+00
  2.167500000005e+01,  1.500009894371e+00,  2.995953629734e+01,  2.240827560425e+00
  2.177499999991e+01,  1.499999165535e+00,  2.995954702618e+01,  2.239716053009e+00
  2.187500000000e+01,  1.500007152557e+00,  2.995953903916e+01,  2.240360975266e+00
  2.197500000009e+01,  1.499995708466e+00,  2.995955048325e+01,  2.239207506180e+00
  2.207499999995e+01,  1.500000834465e+00,  2.995954535725e+01,  2.240286111832e+00
  2.217500000005e+01,  1.500014781952e+00,  2.995953140976e+01,  2.239180803299e+00
  2.227499999991e+01,  1.500015258789e+00,  2.995953093292e+01,  2.242032289505e+00
  2.237500000000e+01,  1.500005960464e+00,  2.995954023125e+01,  2.240795373917e+00
  2.247500000009e+01,  1.500002622604e+00,  2.995954356911e+01,  2.238328218460e+00
  2.257499999995e+01,  1.500026226044e+00,  2.995951996567e+01,  2.236475467682e+00
  2.267500000005e+01,  1.499997019768e+00,  2.995954917195e+01,  2.238584280014e+00
  2.277499999991e+01,  1.499999523163e+00,  2.995954666855e+01,  2.238595485687e+00
  2.287500000000e+01,  1.499999046326e+00,  2.995954714539e+01,  2.235369205475e+00
  2.297500000009e+01,  1.499987125397e+00,  2.995955906632e+01,  2.238744974136e+00
  2.307499999995e+01,  1.500010728836e+00,  2.995953546288e+01,  2.234705209732e+00
  2.317500000005e+01,  1.499993681908e+00,  2.995955250981e+01,  2.234405517578e+00
  2.327499999991e+01,  1.499987602234e+00,  2.995955858948e+01,  2.236912012100e+00
  2.337500000000e+01,  1.499971985817e+00,  2.995957420590e+01,  2.235672235489e+00
  2.347500000009e+01,  1.499993562698e+00,  2.995955262901e+01,  2.233400583267e+00
  2.357499999995e+01,  1.499998569489e+00,  2.995954762222e+01,  2.233749866486e+00
  2.367500000005e+01,  1.500017762184e+00,  2.995952842953e+01,  2.234329462051e+00
  2.377499999991e+01,  1.499971032143e+00,  2.995957515957e+01,  2.233439683914e+00
  2.387500000000e+01,  1.499951481819e+00,  2.995959470989e+01,  2.231153726578e+00
  2.397500000009e+01,  1.499987363815e+00,  2.995955882790e+01,  2.232769250870e+00
  2.407499999995e+01,  1.499983191490e+00,  2.995956300022e+01,  2.232272863388e+00
  2.417500000005e+01,  1.500001430511e+00,  2.995954476120e+01,  2.232057094574e+00
  2.427499999991e+01,  1.500008940697e+00,  2.995953725102e+01,  2.228607892990e+00
  2.437500000000e+01,  1.499997258186e+00,  2.995954893353e+01,  2.230401992798e+00
  2.447500000009e+01,  1.500000238419e+00,  2.995954595329e+01,  2.230123281479e+00
  2.457499999995e+01,  1.500018596649e+00,  2.995952759506e+01,  2.230406999588e+00
  2.467500000005e+01,  1.500015854836e+00,  2.995953033688e+01,  2.230842351913e+00
  2.477499999991e+01,  1.500015139580e+00,  2.995953105213e+01,  2.229868412018e+00
  2.487500000000e+01,  1.499985218048e+00,  2.995956097367e+01,  2.228354930878e+00
  2.497500000009e+01,  1.500005364418e+00,  2.995954082730e+01,  2.227536439896e+00
  2.507499999995e+01,  1.500007748604e+00,  2.995953844311e+01,  2.227683067322e+00
  2.517500000005e+01,  1.500017166138e+00,  2.995952902558e+01,  2.227231264114e+00
  2.527499999991e+01,  1.499966025352e+00,  2.995958016636e+01,  2.227310180664e+00
  2.537500000000e+01,  1.500016808510e+00,  2.995952938320e+01,  2.227409124374e+00
  2.547500000009e+01,  1.500017762184e+00,  2.995952842953e+01,  2.226436138153e+00
  2.557499999995e+01,  1.500001311302e+00,  2.995954488041e+01,  2.225677251816e+00
  2.567500000005e+01,  1.499999403954e+00,  2.995954678776e+01,  2.225128889084e+00
  2.577499999991e+01,  1.500003099442e+00,  2.995954309227e+01,  2.225617885590e+00
  2.587500000000e+01,  1.500000238419e+00,  2.995954595329e+01,  2.224370241165e+00
  2.597500000009e+01,  1.499996423721e+00,  2.995954976799e+01,  2.224717855453e+00
  2.607499999995e+01,  1.500010967255e+00,  2.995953522446e+01,  2.224522113800e+00
  2.617500000005e+01,  1.499963521957e+00,  2.995958266976e+01,  2.222696304321e+00
  2.627499999991e+01,  1.500015854836e+00,  2.995953033688e+01,  2.225754499435e+00
  2.637500000000e+01,  1.500000000000e+00,  2.995954619171e+01,  2.224517822266e+00
  2.647500000009e+01,  1.500015616417e+00,  2.995953057530e+01,  2.224055767059e+00
  2.657499999995e+01,  1.499987840652e+00,  2.995955835106e+01,  2.224121332169e+00
  2.667500000005e+01,  1.500002741814e+00,  2.995954344990e+01,  2.220251083374e+00
  2.677499999991e+01,  1.499989271164e+00,  2.995955692055e+01,  2.221858978271e+00
  2.687500000000e+01,  1.500002980232e+00,  2.995954321148e+01,  2.222631454468e+00
  2.697500000009e+01,  1.499997615814e+00,  2.995954857590e+01,  2.222677707672e+00
  2.707499999995e+01,  1.500009059906e+00,  2.995953713181e+01,  2.222332954407e+00
  2.717500000005e+01,  1.499990224838e+00,  2.995955596687e+01,  2.222843647003e+00
  2.727499999991e+01,  1.500026822090e+00,  2.995951936962e+01,  2.222213029861e+00
  2.737500000000e+01,  1.500000596046e+00,  2.995954559567e+01,  2.219313859940e+00
  2.747500000009e+01,  1.499985098839e+00,  2.995956109287e+01,  2.219216585159e+00
  2.757499999995e+01,  1.500001311302e+00,  2.995954488041e+01,  2.218930959702e+00
  2.767500000005e+01,  1.499991655350e+00,  2.995955453636e+01,  2.219714641571e+00
  2.777499999991e+01,  1.499998331070e+00,  2.995954786064e+01,  2.218744993210e+00
  2.787500000000e+01,  1.500013709068e+00,  2.995953248264e+01,  2.217547178268e+00
  2.797500000009e+01,  1.499996066093e+00,  2.995955012562e+01,  2.217787027359e+00
  2.807499999995e+01,  1.500022411346e+00,  2.995952378037e+01,  2.216771841049e+00
  2.817500000005e+01,  1.500023603439e+00,  2.995952258827e+01,  2.215484619141e+00
  2.827499999991e+01,  1.500012993813e+00,  2.995953319790e+01,  2.216301441193e+00
  2.837500000000e+01,  1.500000119209e+00,  2.995954607250e+01,  2.218042135239e+00
  2.847500000009e+01,  1.499987602234e+00,  2.995955858948e+01,  2.215772151947e+00
  2.857499999995e+01,  1.499996423721e+00,  2.995954976799e+01,  2.216406345367e+00
  2.867500000005e+01,  1.500024199486e+00,  2.995952199223e+01,  2.216371536255e+00
  2.877499999991e+01,  1.500013232231e+00,  2.995953295948e+01,  2.215697288513e+00
  2.887500000000e+01,  1.500015616417e+00,  2.995953057530e+01,  2.213061332703e+00
  2.897500000009e+01,  1.500028371811e+00,  2.995951781990e+01,  2.213949441910e+00
  2.907499999995e+01,  1.500001430511e+00,  2.995954476120e+01,  2.214911460876e+00
  2.917500000005e+01,  1.499962329865e+00,  2.995958386185e+01,  2.212584972382e+00
  2.927499999991e+01,  1.500026583672e+00,  2.995951960804e+01,  2.213593482971e+00
  2.937500000000e+01,  1.500002980232e+00,  2.995954321148e+01,  2.212416887283e+00
  2.947500000009e+01,  1.500012397766e+00,  2.995953379395e+01,  2.213607788086e+00
  2.957499999995e+01,  1.499974966049e+00,  2.995957122566e+01,  2.210718870163e+00
  2.967500000005e+01,  1.500006794930e+00,  2.995953939678e+01,  2.212913990021e+00
  2.977499999991e+01,  1.500028014183e+00,  2.995951817753e+01,  2.212657690048e+00
  2.987500000000e+01,  1.499983310699e+00,  2.995956288101e+01,  2.210418701172e+00
  2.997500000009e+01,  1.499990701675e+00,  2.995955549004e+01,  2.210540771484e+00
  3.007499999995e+01,  1.499994754791e+00,  2.995955143692e+01,  2.209542036057e+00
  3.017500000005e+01,  1.499991893768e+00,  2.995955429794e+01,  2.212468147278e+00
  3.027499999991e+01,  1.499969720840e+00,  2.995957647087e+01,  2.208185195923e+00
  3.037500000000e+01,  1.499994039536e+00,  2.995955215218e+01,  2.209388971329e+00
  3.047500000009e+01,  1.500007033348e+00,  2.995953915837e+01,  2.209652662277e+00
  3.057499999995e+01,  1.500006198883e+00,  2.995953999283e+01,  2.208006381989e+00
  3.067500000005e+01,  1.499998807907e+00,  2.995954738381e+01,  2.207294225693e+00
  3.077499999991e+01,  1.499979376793e+00,  2.995956681492e+01,  2.206810474396e+00
  3.087500000000e+01,  1.499988198280e+00,  2.995955799343e+01,  2.209547281265e+00
  3.097500000009e+01,  1.499999642372e+00,  2.995954654934e+01,  2.205800056458e+00
  3.107499999995e+01,  1.500006556511e+00,  2.995953963520e+01,  2.205750226974e+00
  3.117500000005e+01,  1.499994158745e+00,  2.995955203297e+01,  2.207326650620e+00
  3.127499999991e+01,  1.499985456467e+00,  2.995956073525e+01,  2.204293489456e+00
  3.137500000000e+01,  1.500001430511e+00,  2.995954476120e+01,  2.204581260681e+00
  3.147500000009e+01,  1.500028610229e+00,  2.995951758148e+01,  2.206248998642e+00
  3.157499999995e+01,  1.499996185303e+00,  2.995955000641e+01,  2.205693483353e+00
  3.167500000005e+01,  1.500000238419e+00,  2.995954595329e+01,  2.202802896500e+00
  3.177499999991e+01,  1.499987602234e+00,  2.995955858948e+01,  2.205697059631e+00
  3.187500000000e+01,  1.499979376793e+00,  2.995956681492e+01,  2.204063177109e+00
  3.197500000009e+01,  1.499987363815e+00,  2.995955882790e+01,  2.204951524734e+00
  3.207499999995e+01,  1.500009417534e+00,  2.995953677418e+01,  2.203126668930e+00
  3.217500000005e+01,  1.500011086464e+00,  2.995953510525e+01,  2.201338768005e+00
  3.227499999991e+01,  1.499990105629e+00,  2.995955608608e+01,  2.201568126678e+00
  3.237500000000e+01,  1.500020265579e+00,  2.995952592613e+01,  2.200169563293e+00
  3.247500000009e+01,  1.499995827675e+00,  2.995955036404e+01,  2.200353860855e+00
  3.257499999995e+01,  1.500010609627e+00,  2.995953558209e+01,  2.202095985413e+00
  3.267500000005e+01,  1.500007152557e+00,  2.995953903916e+01,  2.201275110245e+00
  3.277499999991e+01,  1.500006079674e+00,  2.995954011204e+01,  2.201343059540e+00
  3.287500000000e+01,  1.499995470047e+00,  2.995955072167e+01,  2.201861858368e+00
  3.297500000009e+01,  1.500017285347e+00,  2.995952890637e+01,  2.200773954391e+00
  3.307499999995e+01,  1.499979615211e+00,  2.995956657650e+01,  2.201193094254e+00
  3.317500000005e+01,  1.500004172325e+00,  2.995954201939e+01,  2.200421094894e+00
  3.327499999991e+01,  1.500020742416e+00,  2.995952544930e+01,  2.200664520264e+00
  3.337500000000e+01,  1.500005125999e+00,  2.995954106571e+01,  2.198848962784e+00
  3.347500000009e+01,  1.500029206276e+00,  2.995951698544e+01,  2.199160814285e+00
  3.357499999995e+01,  1.500025868416e+00,  2.995952032330e+01,  2.199214458466e+00
  3.367500000005e+01,  1.499989628792e+00,  2.995955656292e+01,  2.198922634125e+00
  3.377499999991e+01,  1.499994397163e+00,  2.995955179455e+01,  2.197699546814e+00
  3.387500000000e+01,  1.499972701073e+00,  2.995957349064e+01,  2.196095705032e+00
  3.397500000009e+01,  1.500013828278e+00,  2.995953236344e+01,  2.198567152023e+00
  3.407499999995e+01,  1.499997973442e+00,  2.995954821827e+01,  2.196394443512e+00
  3.417500000005e+01,  1.500007033348e+00,  2.995953915837e+01,  2.197157621384e+00
  3.427499999991e+01,  1.499978542328e+00,  2.995956764939e+01,  2.196556329727e+00
  3.437500000000e+01,  1.500001907349e+00,  2.995954428436e+01,  2.199125766754e+00
  3.447500000009e+01,  1.500021219254e+00,  2.995952497246e+01,  2.196443319321e+00
  3.457499999995e+01,  1.499997973442e+00,  2.995954821827e+01,  2.194523096085e+00
  3.467500000005e+01,  1.500005602837e+00,  2.995954058888e+01,  2.196377038956e+00
  3.477499999991e+01,  1.499962568283e+00,  2.995958362343e+01,  2.193944454193e+00
  3.487500000000e+01,  1.499998807907e+00,  2.995954738381e+01,  2.197248220444e+00
  3.497500000009e+01,  1.500008344650e+00,  2.995953784706e+01,  2.192958116531e+00
  3.507499999995e+01,  1.500013709068e+00,  2.995953248264e+01,  2.192291259766e+00
  3.517500000005e+01,  1.500009059906e+00,  2.995953713181e+01,  2.193621873856e+00
  3.527499999991e+01,  1.499979376793e+00,  2.995956681492e+01,  2.194350481033e+00
  3.537500000000e+01,  1.499976754189e+00,  2.995956943752e+01,  2.196001768112e+00
  3.547500000009e+01,  1.499979734421e+00,  2.995956645729e+01,  2.191947698593e+00
  3.557499999995e+01,  1.500010013580e+00,  2.995953617813e+01,  2.194301843643e+00
  3.567500000005e+01,  1.500005125999e+00,  2.995954106571e+01,  2.192215204239e+00
  3.577499999991e+01,  1.499987483025e+00,  2.995955870869e+01,  2.192094326019e+00
  3.587500000000e+01,  1.500029087067e+00,  2.995951710465e+01,  2.191479444504e+00
  3.597500000009e+01,  1.500007867813e+00,  2.995953832390e+01,  2.189329624176e+00
  3.607499999995e+01,  1.500002861023e+00,  2.995954333069e+01,  2.190483331680e+00
  3.617500000005e+01,  1.500001549721e+00,  2.995954464199e+01,  2.191810846329e+00
  3.627499999991e+01,  1.500021100044e+00,  2.995952509167e+01,  2.189993858337e+00
  3.637500000000e+01,  1.500007987022e+00,  2.995953820469e+01,  2.190926551819e+00
  3.647500000009e+01,  1.499997019768e+00,  2.995954917195e+01,  2.190016508102e+00
  3.657499999995e+01,  1.500003218651e+00,  2.995954297306e+01,  2.191048622131e+00
  3.667500000005e+01,  1.499990224838e+00,  2.995955596687e+01,  2.189805746078e+00
  3.677499999991e+01,  1.499994158745e+00,  2.995955203297e+01,  2.188018321991e+00
  3.687500000000e+01,  1.500010371208e+00,  2.995953582050e+01,  2.190455436707e+00
  3.697500000009e+01,  1.499980807304e+00,  2.995956538441e+01,  2.187958478928e+00
  3.707499999995e+01,  1.499985814095e+00,  2.995956037762e+01,  2.187087535858e+00
  3.717500000005e+01,  1.499984741211e+00,  2.995956145050e+01,  2.188268899918e+00
  3.727499999991e+01,  1.499998450279e+00,  2.995954774143e+01,  2.186455249786e+00
  3.737500000000e+01,  1.499974608421e+00,  2.995957158329e+01,  2.189115762711e+00
  3.747500000009e+01,  1.500026106834e+00,  2.995952008488e+01,  2.189641714096e+00
  3.757499999995e+01,  1.499994993210e+00,  2.995955119850e+01,  2.186725378036e+00
  3.767500000005e+01,  1.500014424324e+00,  2.995953176739e+01,  2.188534975052e+00
  3.777499999991e+01,  1.500017523766e+00,  2.995952866795e+01,  2.186396837234e+00
  3.787500000000e+01,  1.500008463860e+00,  2.995953772785e+01,  2.187114238739e+00
  3.797500000009e+01,  1.500016927719e+00,  2.995952926399e+01,  2.186469078064e+00
  3.807499999995e+01,  1.499984860420e+00,  2.995956133129e+01,  2.186244964600e+00
  3.817500000005e+01,  1.499963998795e+00,  2.995958219292e+01,  2.185539245605e+00
  3.827499999991e+01,  1.499989032745e+00,  2.995955715897e+01,  2.185959577560e+00
  3.837500000000e+01,  1.500015020370e+00,  2.995953117134e+01,  2.184793472290e+00
  3.847500000009e+01,  1.500033378601e+00,  2.995951281311e+01,  2.183274984360e+00
  3.857499999995e+01,  1.500017762184e+00,  2.995952842953e+01,  2.183103084564e+00
  3.867500000005e+01,  1.499992370605e+00,  2.995955382111e+01,  2.180967092514e+00
  3.877499999991e+01,  1.499979615211e+00,  2.995956657650e+01,  2.184888124466e+00
  3.887500000000e+01,  1.500009655952e+00,  2.995953653576e+01,  2.187350511551e+00
  3.897500000009e+01,  1.500012159348e+00,  2.995953403237e+01,  2.182419538498e+00
  3.907499999995e+01,  1.500008106232e+00,  2.995953808548e+01,  2.186488628387e+00
  3.917500000005e+01,  1.499987483025e+00,  2.995955870869e+01,  2.185856580734e+00
  3.927499999991e+01,  1.499979853630e+00,  2.995956633808e+01,  2.184266090393e+00
  3.937500000000e+01,  1.500017285347e+00,  2.995952890637e+01,  2.182999849319e+00
  3.947500000009e+01,  1.500024795532e+00,  2.995952139618e+01,  2.182162523270e+00
  3.957499999995e+01,  1.499982476234e+00,  2.995956371548e+01,  2.182819128036e+00
  3.967500000005e+01,  1.500011444092e+00,  2.995953474762e+01,  2.179561853409e+00
  3.977499999991e+01,  1.500011801720e+00,  2.995953438999e+01,  2.182824611664e+00
  3.987500000000e+01,  1.500023484230e+00,  2.995952270748e+01,  2.179461956024e+00
  3.997500000009e+01,  1.499999284744e+00,  2.995954690697e+01,  2.180108308792e+00
  4.007499999995e+01,  1.500006437302e+00,  2.995953975441e+01,  2.179536342621e+00
  4.017500000005e+01,  1.500034451485e+00,  2.995951174023e+01,  2.178084850311e+00
  4.027499999991e+01,  1.499978184700e+00,  2.995956800701e+01,  2.179391622543e+00
  4.037500000000e+01,  1.500005245209e+00,  2.995954094650e+01,  2.178792238235e+00
  4.047500000009e+01,  1.500009179115e+00,  2.995953701260e+01,  2.180245876312e+00
  4.057499999995e+01,  1.500013351440e+00,  2.995953284027e+01,  2.178799867630e+00
  4.067500000005e+01,  1.499981641769e+00,  2.995956454994e+01,  2.177875041962e+00
  4.077499999991e+01,  1.500000953674e+00,  2.995954523804e+01,  2.181174278259e+00
  4.087500000000e+01,  1.500004649162e+00,  2.995954154255e+01,  2.178275823593e+00
  4.097500000009e+01,  1.500007748604e+00,  2.995953844311e+01,  2.177697896957e+00
  4.107499999995e+01,  1.500007271767e+00,  2.995953891995e+01,  2.177880525589e+00
  4.117500000005e+01,  1.499991178513e+00,  2.995955501320e+01,  2.177586317062e+00
  4.127499999991e+01,  1.499999403954e+00,  2.995954678776e+01,  2.177911281586e+00
  4.137500000000e+01,  1.499990940094e+00,  2.995955525162e+01,  2.180181741714e+00
  4.147500000009e+01,  1.500002384186e+00,  2.995954380753e+01,  2.174823999405e+00
  4.157499999995e+01,  1.499989271164e+00,  2.995955692055e+01,  2.177840709686e+00
  4.167500000005e+01,  1.499986290932e+00,  2.995955990078e+01,  2.175421714783e+00
  4.177499999991e+01,  1.499994635582e+00,  2.995955155613e+01,  2.175795793533e+00
  4.187500000000e+01,  1.499998569489e+00,  2.995954762222e+01,  2.178029775620e+00
  4.197500000009e+01,  1.499977588654e+00,  2.995956860306e+01,  2.175591707230e+00
  4.207499999995e+01,  1.499987721443e+00,  2.995955847027e+01,  2.175066709518e+00
  4.217500000005e+01,  1.499993920326e+00,  2.995955227139e+01,  2.175111055374e+00
  4.227499999991e+01,  1.499995112419e+00,  2.995955107929e+01,  2.176212787628e+00
  4.237500000000e+01,  1.500001072884e+00,  2.995954511883e+01,  2.173101425171e+00
  4.247500000009e+01,  1.500017046928e+00,  2.995952914478e+01,  2.173869132996e+00
  4.257499999995e+01,  1.499993801117e+00,  2.995955239060e+01,  2.172987937927e+00
  4.267500000005e+01,  1.499991774559e+00,  2.995955441715e+01,  2.171201229095e+00
  4.277499999991e+01,  1.500023007393e+00,  2.995952318432e+01,  2.173807144165e+00
  4.287500000000e+01,  1.499967932701e+00,  2.995957825901e+01,  2.173259496689e+00
  4.297500000009e+01,  1.500005006790e+00,  2.995954118492e+01,  2.174481630325e+00
  4.307499999995e+01,  1.500010371208e+00,  2.995953582050e+01,  2.173983097076e+00
  4.317500000005e+01,  1.500006437302e+00,  2.995953975441e+01,  2.171008586884e+00
  4.327499999991e+01,  1.500015020370e+00,  2.995953117134e+01,  2.174806118011e+00
  4.337500000000e+01,  1.500001907349e+00,  2.995954428436e+01,  2.172136068344e+00
  4.347500000009e+01,  1.499988913536e+00,  2.995955727818e+01,  2.174012660980e+00
  4.357499999995e+01,  1.499981403351e+00,  2.995956478836e+01,  2.171816587448e+00
  4.367500000005e+01,  1.499988317490e+00,  2.995955787422e+01,  2.170264959335e+00
  4.377499999991e+01,  1.499982357025e+00,  2.995956383469e+01,  2.170986890793e+00
  4.387500000000e+01,  1.499994516373e+00,  2.995955167534e+01,  2.170614242554e+00
  4.397500000009e+01,  1.500013232231e+00,  2.995953295948e+01,  2.170590877533e+00
  4.407499999995e+01,  1.500026702881e+00,  2.995951948883e+01,  2.169785737991e+00
  4.417500000005e+01,  1.499983787537e+00,  2.995956240418e+01,  2.173373460770e+00
  4.427499999991e+01,  1.500028133392e+00,  2.995951805832e+01,  2.170854330063e+00
  4.437500000000e+01,  1.500009059906e+00,  2.995953713181e+01,  2.169647932053e+00
  4.447500000009e+01,  1.500002026558e+00,  2.995954416516e+01,  2.168967485428e+00
  4.457499999995e+01,  1.500025391579e+00,  2.995952080013e+01,  2.168522596359e+00
  4.467500000005e+01,  1.500022411346e+00,  2.995952378037e+01,  2.168278694153e+00
  4.477499999991e+01,  1.499991655350e+00,  2.995955453636e+01,  2.168473005295e+00
  4.487500000000e+01,  1.499997258186e+00,  2.995954893353e+01,  2.167758941650e+00
  4.497500000009e+01,  1.500014066696e+00,  2.995953212502e+01,  2.168106079102e+00
  4.507499999995e+01,  1.499970436096e+00,  2.995957575562e+01,  2.168773651123e+00
  4.517500000005e+01,  1.500002026558e+00,  2.995954416516e+01,  2.166206359863e+00
  4.527499999991e+01,  1.500000357628e+00,  2.995954583409e+01,  2.168009042740e+00
  4.537500000000e+01,  1.500026226044e+00,  2.995951996567e+01,  2.167556762695e+00
  4.547500000009e+01,  1.499999165535e+00,  2.995954702618e+01,  2.166555166245e+00
  4.557499999995e+01,  1.500016093254e+00,  2.995953009846e+01,  2.167186021805e+00
  4.567500000005e+01,  1.499991416931e+00,  2.995955477478e+01,  2.167397975922e+00
  4.577499999991e+01,  1.500003457069e+00,  2.995954273464e+01,  2.169054031372e+00
  4.587500000000e+01,  1.499996900558e+00,  2.995954929115e+01,  2.166604995728e+00
  4.597500000009e+01,  1.500015735626e+00,  2.995953045609e+01,  2.168357372284e+00
  4.607499999995e+01,  1.500042200089e+00,  2.995950399162e+01,  2.166295528412e+00
  4.617500000005e+01,  1.500002026558e+00,  2.995954416516e+01,  2.166824340820e+00
  4.627499999991e+01,  1.499971508980e+00,  2.995957468273e+01,  2.166985034943e+00
  4.637500000000e+01,  1.499998688698e+00,  2.995954750302e+01,  2.164627313614e+00
  4.647500000009e+01,  1.499993801117e+00,  2.995955239060e+01,  2.165670633316e+00
  4.657499999995e+01,  1.499993562698e+00,  2.995955262901e+01,  2.163690328598e+00
  4.667500000005e+01,  1.499992609024e+00,  2.995955358269e+01,  2.165532827377e+00
  4.677499999991e+01,  1.500017642975e+00,  2.995952854874e+01,  2.165666103363e+00
  4.687500000000e+01,  1.500004887581e+00,  2.995954130413e+01,  2.164667367935e+00
  4.697500000009e+01,  1.500001430511e+00,  2.995954476120e+01,  2.164558887482e+00
  4.707499999995e+01,  1.499995231628e+00,  2.995955096008e+01,  2.164950847626e+00
  4.717500000005e+01,  1.500000238419e+00,  2.995954595329e+01,  2.164936780930e+00
  4.727499999991e+01,  1.499994158745e+00,  2.995955203297e+01,  2.161501169205e+00
  4.737500000000e+01,  1.499974131584e+00,  2.995957206013e+01,  2.161766290665e+00
  4.747500000009e+01,  1.499976634979e+00,  2.995956955673e+01,  2.162038087845e+00
  4.757499999995e+01,  1.500013589859e+00,  2.995953260185e+01,  2.161151647568e+00
  4.767500000005e+01,  1.499979019165e+00,  2.995956717255e+01,  2.160469055176e+00
  4.777499999991e+01,  1.499971985817e+00,  2.995957420590e+01,  2.162538528442e+00
  4.787500000000e+01,  1.500009179115e+00,  2.995953701260e+01,  2.163112163544e+00
  4.797500000009e+01,  1.500019073486e+00,  2.995952711823e+01,  2.160380125046e+00
  4.807499999995e+01,  1.500003337860e+00,  2.995954285385e+01,  2.159209728241e+00
  4.817500000005e+01,  1.500028491020e+00,  2.995951770069e+01,  2.162997245789e+00
  4.827499999991e+01,  1.500030398369e+00,  2.995951579334e+01,  2.159957885742e+00
  4.837500000000e+01,  1.500011086464e+00,  2.995953510525e+01,  2.159098386765e+00
  4.847500000009e+01,  1.500014781952e+00,  2.995953140976e+01,  2.160335540771e+00
  4.857499999995e+01,  1.499987483025e+00,  2.995955870869e+01,  2.160370349884e+00
  4.867500000005e+01,  1.500021696091e+00,  2.995952449562e+01,  2.160685539246e+00
  4.877499999991e+01,  1.500009179115e+00,  2.995953701260e+01,  2.159420490265e+00
  4.887500000000e+01,  1.499966859818e+00,  2.995957933190e+01,  2.157789945602e+00
  4.897500000009e+01,  1.499998331070e+00,  2.995954786064e+01,  2.159613370895e+00
  4.907499999995e+01,  1.499992847443e+00,  2.995955334427e+01,  2.158928155899e+00
  4.917500000005e+01,  1.500000357628e+00,  2.995954583409e+01,  2.157350301743e+00
  4.927499999991e+01,  1.499996185303e+00,  2.995955000641e+01,  2.157790899277e+00
  4.937500000000e+01,  1.499985456467e+00,  2.995956073525e+01,  2.158152103424e+00
  4.947500000009e+01,  1.500003576279e+00,  2.995954261543e+01,  2.155956745148e+00
  4.957499999995e+01,  1.500025749207e+00,  2.995952044251e+01,  2.154407262802e+00
  4.967500000005e+01,  1.499981522560e+00,  2.995956466915e+01,  2.156694889069e+00
  4.977499999991e+01,  1.499993324280e+00,  2.995955286743e+01,  2.155628204346e+00
  4.987500000000e+01,  1.499958157539e+00,  2.995958803417e+01,  2.156474113464e+00
  4.997500000009e+01,  1.499968528748e+00,  2.995957766297e+01,  2.156739950180e+00
  5.007499999995e+01,  1.500021934509e+00,  2.995952425720e+01,  2.155211448669e+00
  5.017500000005e+01,  1.500013351440e+00,  2.995953284027e+01,  2.157633543015e+00
  5.027499999991e+01,  1.500024080276e+00,  2.995952211144e+01,  2.156759977341e+00
  5.037500000000e+01,  1.500017523766e+00,  2.995952866795e+01,  2.153922319412e+00
  5.047500000009e+01,  1.500000000000e+00,  2.995954619171e+01,  2.157586097717e+00
  5.057499999995e+01,  1.500040054321e+00,  2.995950613739e+01,  2.156023263931e+00
  5.067500000005e+01,  1.499973535538e+00,  2.995957265618e+01,  2.155392169952e+00
  5.077499999991e+01,  1.499998331070e+00,  2.995954786064e+01,  2.153774261475e+00
  5.087500000000e+01,  1.500016689301e+00,  2.995952950241e+01,  2.155274629593e+00
  5.097500000009e+01,  1.500021100044e+00,  2.995952509167e+01,  2.152010440826e+00
  5.107499999995e+01,  1.500033140182e+00,  2.995951305153e+01,  2.152725934982e+00
  5.117500000005e+01,  1.499992728233e+00,  2.995955346348e+01,  2.155054569244e+00
  5.127499999991e+01,  1.500015020370e+00,  2.995953117134e+01,  2.155951023102e+00
  5.137500000000e+01,  1.500010132790e+00,  2.995953605892e+01,  2.154772281647e+00
  5.147500000009e+01,  1.499981999397e+00,  2.995956419232e+01,  2.152603626251e+00
  5.157499999995e+01,  1.500012636185e+00,  2.995953355553e+01,  2.152052640915e+00
  5.167500000005e+01,  1.500003337860e+00,  2.995954285385e+01,  2.149458646774e+00
  5.177499999991e+01,  1.500007629395e+00,  2.995953856232e+01,  2.147670745850e+00
  5.187500000000e+01,  1.499988198280e+00,  2.995955799343e+01,  2.151390790939e+00
  5.197500000009e+01,  1.500017285347e+00,  2.995952890637e+01,  2.150236845016e+00
  5.207499999995e+01,  1.500005364418e+00,  2.995954082730e+01,  2.150675535202e+00
  5.217500000005e+01,  1.499986171722e+00,  2.995956001999e+01,  2.152122259140e+00
  5.227499999991e+01,  1.499986886978e+00,  2.995955930473e+01,  2.152104854584e+00
  5.237500000000e+01,  1.499989748001e+00,  2.995955644371e+01,  2.151495456696e+00
  5.247500000009e+01,  1.500006556511e+00,  2.995953963520e+01,  2.150290966034e+00
  5.257499999995e+01,  1.499981522560e+00,  2.995956466915e+01,  2.151444673538e+00
  5.267500000005e+01,  1.499998927116e+00,  2.995954726460e+01,  2.149557828903e+00
  5.277499999991e+01,  1.500012636185e+00,  2.995953355553e+01,  2.147869348526e+00
  5.287500000000e+01,  1.500015139580e+00,  2.995953105213e+01,  2.148519754410e+00
  5.297500000009e+01,  1.500000834465e+00,  2.995954535725e+01,  2.149244308472e+00
  5.307499999995e+01,  1.500006914139e+00,  2.995953927757e+01,  2.148288965225e+00
  5.317500000005e+01,  1.499986886978e+00,  2.995955930473e+01,  2.146977186203e+00
  5.327499999991e+01,  1.499991893768e+00,  2.995955429794e+01,  2.146269321442e+00
  5.337500000000e+01,  1.499970674515e+00,  2.995957551720e+01,  2.146910905838e+00
  5.347500000009e+01,  1.499994754791e+00,  2.995955143692e+01,  2.147692203522e+00
  5.357499999995e+01,  1.499971151352e+00,  2.995957504036e+01,  2.144212007523e+00
  5.367500000005e+01,  1.499996662140e+00,  2.995954952957e+01,  2.146488428116e+00
  5.377499999991e+01,  1.500006437302e+00,  2.995953975441e+01,  2.146650791168e+00
  5.387500000000e+01,  1.500003337860e+00,  2.995954285385e+01,  2.145844697952e+00
  5.397500000009e+01,  1.499998807907e+00,  2.995954738381e+01,  2.145322561264e+00
  5.407499999995e+01,  1.500020503998e+00,  2.995952568772e+01,  2.145303249359e+00
  5.417500000005e+01,  1.500014781952e+00,  2.995953140976e+01,  2.143858194351e+00
  5.427499999991e+01,  1.500036358833e+00,  2.995950983288e+01,  2.147425889969e+00
  5.437500000000e+01,  1.500016331673e+00,  2.995952986004e+01,  2.145876884460e+00
  5.447500000009e+01,  1.500011205673e+00,  2.995953498604e+01,  2.145746707916e+00
  5.457499999995e+01,  1.499976992607e+00,  2.995956919911e+01,  2.144619464874e+00
  5.467500000005e+01,  1.499966263771e+00,  2.995957992794e+01,  2.145000457764e+00
  5.477499999991e+01,  1.499987483025e+00,  2.995955870869e+01,  2.143616914749e+00
  5.487500000000e+01,  1.500030755997e+00,  2.995951543572e+01,  2.145628452301e+00
  5.497500000009e+01,  1.499988794327e+00,  2.995955739739e+01,  2.147047519684e+00
  5.507499999995e+01,  1.500000476837e+00,  2.995954571488e+01,  2.145080089569e+00
  5.517500000005e+01,  1.500003814697e+00,  2.995954237702e+01,  2.142742633820e+00
  5.527499999991e+01,  1.500010967255e+00,  2.995953522446e+01,  2.141875505447e+00
  5.537500000000e+01,  1.500028729439e+00,  2.995951746227e+01,  2.143077135086e+00
  5.547500000009e+01,  1.500001907349e+00,  2.995954428436e+01,  2.141217708588e+00
  5.557499999995e+01,  1.500007987022e+00,  2.995953820469e+01,  2.140992641449e+00
  5.567500000005e+01,  1.500007987022e+00,  2.995953820469e+01,  2.139976739883e+00
  5.577499999991e+01,  1.500002741814e+00,  2.995954344990e+01,  2.142170667648e+00
  5.587500000000e+01,  1.500009655952e+00,  2.995953653576e+01,  2.141515970230e+00
  5.597500000009e+01,  1.499991297722e+00,  2.995955489399e+01,  2.140851020813e+00
  5.607499999995e+01,  1.499999523163e+00,  2.995954666855e+01,  2.141537666321e+00
  5.617500000005e+01,  1.500007033348e+00,  2.995953915837e+01,  2.141015768051e+00
  5.627499999991e+01,  1.499995112419e+00,  2.995955107929e+01,  2.143086194992e+00
  5.637500000000e+01,  1.500007987022e+00,  2.995953820469e+01,  2.139661788940e+00
  5.647500000009e+01,  1.500016450882e+00,  2.995952974083e+01,  2.140312194824e+00
  5.657499999995e+01,  1.500029087067e+00,  2.995951710465e+01,  2.140967845917e+00
  5.667500000005e+01,  1.499990582466e+00,  2.995955560925e+01,  2.143252372742e+00
  5.677499999991e+01,  1.499992847443e+00,  2.995955334427e+01,  2.143250226974e+00
  5.687500000000e+01,  1.499978423119e+00,  2.995956776859e+01,  2.139242410660e+00
  5.697500000009e+01,  1.500002503395e+00,  2.995954368832e+01,  2.139302968979e+00
  5.707499999995e+01,  1.500018835068e+00,  2.995952735665e+01,  2.140142917633e+00
  5.717500000005e+01,  1.500001430511e+00,  2.995954476120e+01,  2.141134977341e+00
  5.727499999991e+01,  1.499981522560e+00,  2.995956466915e+01,  2.141634941101e+00
  5.737500000000e+01,  1.499988198280e+00,  2.995955799343e+01,  2.138882160187e+00
  5.747500000009e+01,  1.500006556511e+00,  2.995953963520e+01,  2.139351844788e+00
  5.757499999995e+01,  1.500022172928e+00,  2.995952401879e+01,  2.138638019562e+00
  5.767500000005e+01,  1.500001549721e+00,  2.995954464199e+01,  2.139034748077e+00
  5.777499999991e+01,  1.499992251396e+00,  2.995955394032e+01,  2.138729810715e+00
  5.787500000000e+01,  1.500004649162e+00,  2.995954154255e+01,  2.139220714569e+00
  5.797500000009e+01,  1.500004053116e+00,  2.995954213860e+01,  2.135937929153e+00
  5.807499999995e+01,  1.499989271164e+00,  2.995955692055e+01,  2.139263153076e+00
  5.817500000005e+01,  1.500003218651e+00,  2.995954297306e+01,  2.138462543488e+00
  5.827499999991e+01,  1.500027894974e+00,  2.995951829674e+01,  2.137648344040e+00
  5.837500000000e+01,  1.500002384186e+00,  2.995954380753e+01,  2.136441230774e+00
  5.847500000009e+01,  1.499997019768e+00,  2.995954917195e+01,  2.135360717773e+00
  5.857499999995e+01,  1.500010013580e+00,  2.995953617813e+01,  2.138000249863e+00
  5.867500000005e+01,  1.499988555908e+00,  2.995955763580e+01,  2.135079145432e+00
  5.877499999991e+01,  1.499992012978e+00,  2.995955417874e+01,  2.135249853134e+00
  5.887500000000e+01,  1.499982357025e+00,  2.995956383469e+01,  2.135489940643e+00
  5.897500000009e+01,  1.499995827675e+00,  2.995955036404e+01,  2.135039806366e+00
  5.907499999995e+01,  1.499995827675e+00,  2.995955036404e+01,  2.134509801865e+00
  5.917500000005e+01,  1.500017881393e+00,  2.995952831032e+01,  2.133881092072e+00
  5.927499999991e+01,  1.500011920929e+00,  2.995953427078e+01,  2.136144638062e+00
  5.937500000000e+01,  1.499976754189e+00,  2.995956943752e+01,  2.133718490601e+00
  5.947500000009e+01,  1.499974966049e+00,  2.995957122566e+01,  2.132999897003e+00
  5.957499999995e+01,  1.500007271767e+00,  2.995953891995e+01,  2.136110305786e+00
  5.967500000005e+01,  1.500000238419e+00,  2.995954595329e+01,  2.132957458496e+00
  5.977499999991e+01,  1.500013947487e+00,  2.995953224423e+01,  2.133871555328e+00
  5.987500000000e+01,  1.499983191490e+00,  2.995956300022e+01,  2.134490013123e+00
  5.997500000009e+01,  1.499996066093e+00,  2.995955012562e+01,  2.132810115814e+00
  6.007499999995e+01,  1.499997377396e+00,  2.995954881432e+01,  2.133348226547e+00
  6.017500000005e+01,  1.500009894371e+00,  2.995953629734e+01,  2.130835771561e+00
  6.027499999991e+01,  1.500016093254e+00,  2.995953009846e+01,  2.133109331131e+00
  6.037500000000e+01,  1.500005364418e+00,  2.995954082730e+01,  2.133149147034e+00
  6.047500000009e+01,  1.500004768372e+00,  2.995954142334e+01,  2.131809234619e+00
  6.057499999995e+01,  1.500021576881e+00,  2.995952461483e+01,  2.132860898972e+00
  6.067500000005e+01,  1.500019550323e+00,  2.995952664139e+01,  2.133222103119e+00
  6.077499999991e+01,  1.500004291534e+00,  2.995954190018e+01,  2.130602121353e+00
  6.087500000000e+01,  1.500020623207e+00,  2.995952556851e+01,  2.131097793579e+00
  6.097500000009e+01,  1.499996662140e+00,  2.995954952957e+01,  2.133990287781e+00
  6.107499999995e+01,  1.500001072884e+00,  2.995954511883e+01,  2.133214473724e+00
  6.117500000005e+01,  1.500018119812e+00,  2.995952807190e+01,  2.130535840988e+00
  6.127499999991e+01,  1.499997735023e+00,  2.995954845669e+01,  2.130480766296e+00
  6.137500000000e+01,  1.500003218651e+00,  2.995954297306e+01,  2.132999658585e+00
  6.147500000009e+01,  1.499929308891e+00,  2.995961688282e+01,  2.131504297256e+00
  6.157499999995e+01,  1.499986529350e+00,  2.995955966236e+01,  2.131274223328e+00
  6.167500000005e+01,  1.500013589859e+00,  2.995953260185e+01,  2.129301309586e+00
  6.177499999991e+01,  1.500038385391e+00,  2.995950780632e+01,  2.133970737457e+00
  6.187500000000e+01,  1.500010371208e+00,  2.995953582050e+01,  2.130489587784e+00
  6.197500000009e+01,  1.500023484230e+00,  2.995952270748e+01,  2.130629777908e+00
  6.198799999990e+01,  1.500004291534e+00,  2.995954190018e+01,  2.132040023804e+00
  6.198900000006e+01,  1.500009775162e+00,  2.995953641655e+01,  2.132005453110e+00
  6.199200000009e+01,  1.500014543533e+00,  2.995953164818e+01,  2.131778717041e+00
  6.209199999995e+01,  1.499909877777e+00,  2.995963631394e+01,  2.128921747208e+00
  6.216800000006e+01,  1.489861965179e+00,  2.996968422653e+01,  2.128602981567e+00
  6.219100000011e+01,  1.479581356049e+00,  2.997996483566e+01,  2.102525711060e+00
  6.220249999990e+01,  1.469190120697e+00,  2.999035607102e+01,  2.074926376343e+00
  6.221050000004e+01,  1.458470821381e+00,  3.000107537033e+01,  2.067003250122e+00
  6.221699999995e+01,  1.448369503021e+00,  3.001117668869e+01,  2.056695938110e+00
  6.222350000008e+01,  1.437551021576e+00,  3.002199517014e+01,  2.039880752563e+00
  6.222949999990e+01,  1.427175045013e+00,  3.003237114670e+01,  2.025979995728e+00
  6.223549999995e+01,  1.416688442230e+00,  3.004285774948e+01,  2.010065078735e+00
  6.224150000000e+01,  1.406419277191e+00,  3.005312691452e+01,  1.996690750122e+00
  6.224799999991e+01,  1.395890712738e+00,  3.006365547898e+01,  1.981798171997e+00
  6.225500000012e+01,  1.385804533958e+00,  3.007374165775e+01,  1.965076088905e+00
  6.226300000004e+01,  1.375760436058e+00,  3.008378575566e+01,  1.932696938515e+00
  6.227150000003e+01,  1.365563750267e+00,  3.009398244145e+01,  1.904452919960e+00
  6.228000000003e+01,  1.355058073997e+00,  3.010448811772e+01,  1.879245400429e+00
  6.228799999994e+01,  1.344460844994e+00,  3.011508534672e+01,  1.851886391640e+00
  6.229499999993e+01,  1.334245085716e+00,  3.012530110600e+01,  1.834975838661e+00
  6.230199999991e+01,  1.323571562767e+00,  3.013597462895e+01,  1.824084877968e+00
  6.230900000012e+01,  1.313138365746e+00,  3.014640782597e+01,  1.808726906776e+00
  6.231649999996e+01,  1.302632689476e+00,  3.015691350224e+01,  1.789020180702e+00
  6.232450000010e+01,  1.292401671410e+00,  3.016714452030e+01,  1.770091652870e+00
  6.233349999995e+01,  1.282346129417e+00,  3.017720006230e+01,  1.754394173622e+00
  6.234550000005e+01,  1.272103667259e+00,  3.018744252445e+01,  1.727645516396e+00
  6.236000000010e+01,  1.261767745018e+00,  3.019777844670e+01,  1.688880562782e+00
  6.237199999997e+01,  1.251498579979e+00,  3.020804761173e+01,  1.666225075722e+00
  6.238199999998e+01,  1.241332411766e+00,  3.021821377995e+01,  1.648639321327e+00
  6.239149999991e+01,  1.230876326561e+00,  3.022866986515e+01,  1.631991982460e+00
  6.240100000007e+01,  1.220378279686e+00,  3.023916791203e+01,  1.614417672157e+00
  6.241050000000e+01,  1.210341811180e+00,  3.024920438053e+01,  1.596088051796e+00
  6.242100000009e+01,  1.200063109398e+00,  3.025948308232e+01,  1.574908852577e+00
  6.243200000003e+01,  1.190003752708e+00,  3.026954243900e+01,  1.552264809608e+00
  6.244350000005e+01,  1.179671645164e+00,  3.027987454655e+01,  1.530963540077e+00
  6.245449999999e+01,  1.169587492943e+00,  3.028995869877e+01,  1.510547280312e+00
  6.246549999993e+01,  1.159190535545e+00,  3.030035565617e+01,  1.492309212685e+00
  6.247600000002e+01,  1.149022459984e+00,  3.031052373173e+01,  1.475143074989e+00
  6.248650000012e+01,  1.138757109642e+00,  3.032078908207e+01,  1.453269600868e+00
  6.249650000012e+01,  1.128564238548e+00,  3.033098195316e+01,  1.430808663368e+00
  6.250600000005e+01,  1.118347406387e+00,  3.034119878533e+01,  1.412854552269e+00
  6.251549999998e+01,  1.107818841934e+00,  3.035172734978e+01,  1.394460082054e+00
  6.252499999991e+01,  1.097294092178e+00,  3.036225209953e+01,  1.374886870384e+00
  6.253450000007e+01,  1.087044000626e+00,  3.037250219109e+01,  1.357575774193e+00
  6.254450000008e+01,  1.076839685440e+00,  3.038270650627e+01,  1.338132262230e+00
  6.255499999993e+01,  1.066707849503e+00,  3.039283834221e+01,  1.315278410912e+00
  6.256550000003e+01,  1.056585550308e+00,  3.040296064140e+01,  1.292458891869e+00
  6.257600000012e+01,  1.046118021011e+00,  3.041342817070e+01,  1.273038268089e+00
  6.258600000013e+01,  1.036001443863e+00,  3.042354474785e+01,  1.254910826683e+00
  6.259599999990e+01,  1.025987863541e+00,  3.043355832817e+01,  1.236630797386e+00
  6.260649999999e+01,  1.015634775162e+00,  3.044391141655e+01,  1.219663023949e+00
  6.261700000009e+01,  1.005527734756e+00,  3.045401845696e+01,  1.198460936546e+00
  6.262749999994e+01,  9.953386783600e-01,  3.046420751335e+01,  1.177300810814e+00
  6.263749999995e+01,  9.852449893951e-01,  3.047430120232e+01,  1.159028410912e+00
  6.264749999996e+01,  9.748537540436e-01,  3.048469243767e+01,  1.141328215599e+00
  6.265749999997e+01,  9.645349979401e-01,  3.049501119377e+01,  1.123147368431e+00
  6.266749999998e+01,  9.545023441315e-01,  3.050504384758e+01,  1.105698943138e+00
  6.267800000007e+01,  9.442713260651e-01,  3.051527486565e+01,  1.085370421410e+00
  6.268849999993e+01,  9.339964389801e-01,  3.052554975273e+01,  1.065801024437e+00
  6.269900000002e+01,  9.235098361969e-01,  3.053603635552e+01,  1.044370055199e+00
  6.270900000003e+01,  9.132750034332e-01,  3.054627118828e+01,  1.025918364525e+00
  6.271900000004e+01,  9.030592441559e-01,  3.055648694756e+01,  1.008092284203e+00
  6.272900000005e+01,  8.930113315582e-01,  3.056653486015e+01,  9.911397695541e-01
  6.273949999991e+01,  8.826963901520e-01,  3.057684980156e+01,  9.714406728745e-01
  6.275000000000e+01,  8.723886609077e-01,  3.058715753081e+01,  9.533747434616e-01
  6.276050000009e+01,  8.620164990425e-01,  3.059752969267e+01,  9.353693723679e-01
  6.277099999995e+01,  8.515718579292e-01,  3.060797433378e+01,  9.173945188522e-01
  6.278150000004e+01,  8.411653637886e-01,  3.061838082792e+01,  8.982485532761e-01
  6.279199999990e+01,  8.308389782906e-01,  3.062870721342e+01,  8.802012205124e-01
  6.280249999999e+01,  8.205373883247e-01,  3.063900880339e+01,  8.614138364792e-01
  6.281300000008e+01,  8.100736737251e-01,  3.064947251799e+01,  8.425272703171e-01
  6.282300000009e+01,  7.999570965767e-01,  3.065958909514e+01,  8.251780271530e-01
  6.283300000010e+01,  7.897832989693e-01,  3.066976289274e+01,  8.082178831100e-01
  6.284300000011e+01,  7.796247601509e-01,  3.067992143156e+01,  7.911661863327e-01
  6.285300000012e+01,  7.695425152779e-01,  3.069000367644e+01,  7.745608091354e-01
  6.286349999998e+01,  7.590978741646e-01,  3.070044831755e+01,  7.569712400436e-01
  6.287400000007e+01,  7.487257122993e-01,  3.071082047941e+01,  7.384852170944e-01
  6.288449999993e+01,  7.383382916451e-01,  3.072120790007e+01,  7.198008298874e-01
  6.289500000002e+01,  7.279241681099e-01,  3.073162202360e+01,  7.017000913620e-01
  6.290550000011e+01,  7.174795269966e-01,  3.074206666472e+01,  6.823252439499e-01
  6.291550000012e+01,  7.074239850044e-01,  3.075212220671e+01,  6.650446653366e-01
  6.292549999990e+01,  6.973150372505e-01,  3.076223115446e+01,  6.488741636276e-01
  6.293549999991e+01,  6.872251629829e-01,  3.077232102873e+01,  6.322344541550e-01
  6.294549999991e+01,  6.772153973579e-01,  3.078233079436e+01,  6.163309812546e-01
  6.295600000001e+01,  6.668012738228e-01,  3.079274491789e+01,  5.998743772507e-01
  6.296650000010e+01,  6.564138531685e-01,  3.080313233854e+01,  5.823992490768e-01
  6.297699999996e+01,  6.459158062935e-01,  3.081363038542e+01,  5.652750730515e-01
  6.298699999996e+01,  6.357458233833e-01,  3.082380036833e+01,  5.492495298386e-01
  6.299699999997e+01,  6.254842877388e-01,  3.083406190397e+01,  5.332125425339e-01
  6.300699999998e+01,  6.152805089951e-01,  3.084426568272e+01,  5.176590681076e-01
  6.301699999999e+01,  6.052440404892e-01,  3.085430215122e+01,  5.015648603439e-01
  6.302750000008e+01,  5.948070287704e-01,  3.086473916294e+01,  4.840286672115e-01
  6.303799999994e+01,  5.844501256943e-01,  3.087509606602e+01,  4.689110219479e-01
  6.304850000003e+01,  5.741370916367e-01,  3.088540910008e+01,  4.516952931881e-01
  6.305900000012e+01,  5.637954473495e-01,  3.089575074436e+01,  4.347542226315e-01
  6.306949999998e+01,  5.534347295761e-01,  3.090611146214e+01,  4.187935292721e-01
  6.308000000007e+01,  5.430625677109e-01,  3.091648362400e+01,  4.017036855221e-01
  6.309049999993e+01,  5.325988531113e-01,  3.092694733860e+01,  3.861511647701e-01
  6.310049999994e+01,  5.225776433945e-01,  3.093696854832e+01,  3.708504140377e-01
  6.311049999995e+01,  5.125144720078e-01,  3.094703171971e+01,  3.554199635983e-01
  6.312049999996e+01,  5.024131536484e-01,  3.095713303806e+01,  3.408478200436e-01
  6.313049999997e+01,  4.923385381699e-01,  3.096720765354e+01,  3.257606923580e-01
  6.314049999998e+01,  4.823249578476e-01,  3.097722123387e+01,  3.097008168697e-01
  6.315049999999e+01,  4.723228216171e-01,  3.098722337010e+01,  2.956818044186e-01
  6.316100000008e+01,  4.618705511093e-01,  3.099767564060e+01,  2.822197377682e-01
  6.317149999994e+01,  4.515365362167e-01,  3.100800965550e+01,  2.662285268307e-01
  6.318200000003e+01,  4.412959814072e-01,  3.101825021031e+01,  2.508171498775e-01
  6.319250000012e+01,  4.310134649277e-01,  3.102853272679e+01,  2.349594533443e-01
  6.320299999998e+01,  4.205802679062e-01,  3.103896592381e+01,  2.209137380123e-01
  6.321299999999e+01,  4.105476140976e-01,  3.104899857762e+01,  2.073715627193e-01
  6.322300000000e+01,  4.004844427109e-01,  3.105906174900e+01,  1.943710744381e-01
  6.323300000001e+01,  3.904670476913e-01,  3.106907914402e+01,  1.804893910885e-01
  6.324300000002e+01,  3.804534673691e-01,  3.107909272434e+01,  1.666382253170e-01
  6.325350000011e+01,  3.700121045113e-01,  3.108953408720e+01,  1.508017033339e-01
  6.326399999997e+01,  3.595712780952e-01,  3.109997491362e+01,  1.360769718885e-01
  6.327450000006e+01,  3.490732312202e-01,  3.111047296049e+01,  1.214170902967e-01
  6.328450000007e+01,  3.389909863472e-01,  3.112055520537e+01,  1.085424870253e-01
  6.329450000008e+01,  3.289201855659e-01,  3.113062600615e+01,  9.601502120495e-02
  6.330450000009e+01,  3.187463879585e-01,  3.114079980375e+01,  8.440308272839e-02
  6.331450000009e+01,  3.085191845894e-01,  3.115102700712e+01,  7.306198775768e-02
  6.332450000010e+01,  2.984140515327e-01,  3.116113214018e+01,  6.311707198620e-02
  6.333499999996e+01,  2.879503369331e-01,  3.117159585478e+01,  5.390457808971e-02
  6.334550000005e+01,  2.775285840034e-01,  3.118201760771e+01,  4.116730391979e-02
  6.335550000006e+01,  2.674959301949e-01,  3.119205026152e+01,  3.040032088757e-02
  6.336550000007e+01,  2.572954297066e-01,  3.120225076201e+01,  1.930527389050e-02
  6.337550000008e+01,  2.468851059675e-01,  3.121266108575e+01,  9.697957895696e-03
  6.338550000009e+01,  2.364671677351e-01,  3.122307902398e+01,  1.349493279122e-03
  6.339550000010e+01,  2.263887375593e-01,  3.123315745415e+01, -6.758645642549e-03
  6.340599999996e+01,  2.162206619978e-01,  3.124332552972e+01, -1.797766983509e-02
  6.341650000005e+01,  2.061117142439e-01,  3.125343447747e+01, -2.939124405384e-02
  6.342699999991e+01,  1.957395523787e-01,  3.126380663933e+01, -3.623767197132e-02
  6.343750000000e+01,  1.852453202009e-01,  3.127430087151e+01, -4.340721666813e-02
  6.344750000001e+01,  1.751478165388e-01,  3.128439837517e+01, -4.276438057423e-02
  6.345750000002e+01,  1.651113480330e-01,  3.129443484368e+01, -3.834266960621e-02
  6.346800000011e+01,  1.546247452497e-01,  3.130492144646e+01, -3.148861229420e-02
  6.347800000012e+01,  1.445272415876e-01,  3.131501895013e+01, -2.294464409351e-02
  6.348799999990e+01,  1.344335526228e-01,  3.132511263909e+01, -1.346130762249e-02
  6.349849999999e+01,  1.239736527205e-01,  3.133557253899e+01, -7.697299588472e-03
  6.350900000008e+01,  1.137252449989e-01,  3.134582094671e+01, -5.976395681500e-03
  6.351949999994e+01,  1.035819649696e-01,  3.135596422674e+01, -8.788602426648e-03
  6.352949999995e+01,  9.352642297745e-02,  3.136601976874e+01, -8.578764274716e-03
  6.353949999996e+01,  8.315426111221e-02,  3.137639193060e+01, -6.226526573300e-03
  6.354949999996e+01,  7.281643152237e-02,  3.138672976019e+01, -7.228570058942e-03
  6.355949999997e+01,  6.261211633682e-02,  3.139693407538e+01, -7.490986958146e-03
  6.357000000007e+01,  5.228000506759e-02,  3.140726618665e+01, -6.172263994813e-03
  6.358049999992e+01,  4.219203814864e-02,  3.141735415356e+01, -1.186975277960e-02
  6.359100000001e+01,  3.174358233809e-02,  3.142780260938e+01, -8.220357820392e-03
  6.360150000011e+01,  2.159839682281e-02,  3.143794779489e+01, -2.401037141681e-03
  6.361349999998e+01,  1.151615101844e-02,  3.144803004069e+01,  1.725034788251e-03
  6.362599999993e+01,  3.791389055550e-03,  3.145575480266e+01,  9.129123762250e-03
  6.362700000009e+01,  3.345069475472e-03,  3.145620112224e+01,  9.077893570065e-03
  6.363500000001e+01,  6.833645747975e-04,  3.145886282714e+01,  5.303250625730e-03
  6.363800000004e+01,  1.817672637117e-05,  3.145952801499e+01,  3.294812515378e-03
  6.385599999991e+01, -2.036401769146e-03,  3.146158259348e+01, -8.291624486446e-03
  6.385700000008e+01, -2.032359829172e-03,  3.146157855154e+01, -8.315823972225e-03
