           Test time,     Standard travel,     Tool separation,      Standard force
                 0.0,                 0.0,  3.144110433131e+01, -9.762218222022e-03
                 0.0,                 0.0,  3.144110237181e+01, -9.850671514869e-03
                 0.0,                 0.0,  3.144108761594e+01, -1.049496792257e-02
                 0.0,                 0.0,  3.144108417749e+01, -1.092042587698e-02
                 0.0,                 0.0,  3.144108139843e+01, -1.097597740591e-02
                 0.0,                 0.0,  3.148433608194e+01, -9.439848363400e-03
  0.000000000000e+00,  0.000000000000e+00,  3.148433337852e+01, -9.415708482265e-03
  8.000000147149e-03,  1.003616489470e-05,  3.148432334236e+01, -1.012238115072e-02
  1.100000017323e-02,  9.548151865602e-06,  3.148432383037e+01, -1.017007976770e-02
  1.300000003539e-02,  6.724381819367e-06,  3.148432665414e+01, -1.020760089159e-02
  1.400000019930e-02,  3.748806193471e-06,  3.148432962972e+01, -1.021222770214e-02
  1.145000001416e-01,  2.152223351004e-05,  3.148431185629e+01, -9.087799116969e-03
  2.145000000019e-01, -9.717598913994e-06,  3.148434309612e+01, -9.669649414718e-03
  3.145000000950e-01, -1.783701372915e-05,  3.148435121554e+01, -1.017186697572e-02
  4.145000001881e-01,  2.717858005781e-04,  3.148406159272e+01, -1.107078325003e-02
  4.805000000633e-01,  1.038734987378e-02,  3.147394602865e+01, -9.978010319173e-03
  5.020000000950e-01,  2.068321779370e-02,  3.146365016073e+01,  1.077012810856e-02
  5.135000001173e-01,  3.114121034741e-02,  3.145319216818e+01,  2.844314463437e-02
  5.215000000317e-01,  4.154007509351e-02,  3.144279330343e+01,  3.141371905804e-02
  5.285000000149e-01,  5.228989198804e-02,  3.143204348654e+01,  3.207616508007e-02
  5.350000001490e-01,  6.307785212994e-02,  3.142125552639e+01,  3.592137992382e-02
  5.410000002012e-01,  7.341949641705e-02,  3.141091388211e+01,  4.246740043163e-02
  5.470000000205e-01,  8.390991389751e-02,  3.140042346463e+01,  4.846982657909e-02
  5.530000000726e-01,  9.422485530376e-02,  3.139010852322e+01,  5.570821464062e-02
  5.594999999739e-01,  1.050051897764e-01,  3.137932818875e+01,  6.492333114147e-02
  5.660000001080e-01,  1.150225847960e-01,  3.136931079373e+01,  6.776933372021e-02
  5.735000001732e-01,  1.252955645323e-01,  3.135903781399e+01,  8.929185569286e-02
  5.815000000875e-01,  1.357173174620e-01,  3.134861606106e+01,  1.097119301558e-01
  5.895000000019e-01,  1.461886614561e-01,  3.133814471707e+01,  1.194203346968e-01
  5.975000001490e-01,  1.566040813923e-01,  3.132772929713e+01,  1.419851779938e-01
  6.049999999814e-01,  1.670067608356e-01,  3.131732661769e+01,  1.583197116852e-01
  6.120000001974e-01,  1.773293316364e-01,  3.130700404689e+01,  1.631844043732e-01
  6.190000001807e-01,  1.875412762165e-01,  3.129679210231e+01,  1.699860095978e-01
  6.265000000130e-01,  1.978028118610e-01,  3.128653056666e+01,  1.804611682892e-01
  6.350000000093e-01,  2.082512676716e-01,  3.127608211085e+01,  1.970360279083e-01
  6.445000001695e-01,  2.185585796833e-01,  3.126577479884e+01,  2.089424729347e-01
  6.565000000410e-01,  2.286675274372e-01,  3.125566585109e+01,  2.215762138367e-01
  6.720000000205e-01,  2.387364208698e-01,  3.124559695765e+01,  2.590861320496e-01
  6.850000000559e-01,  2.491810619831e-01,  3.123515231654e+01,  2.751231193542e-01
  6.955000001471e-01,  2.593701183796e-01,  3.122496326014e+01,  2.865881919861e-01
  7.050000000745e-01,  2.695668041706e-01,  3.121476657435e+01,  2.968878746033e-01
  7.145000000019e-01,  2.800228893757e-01,  3.120431048915e+01,  3.062357902527e-01
  7.245000000112e-01,  2.904827892780e-01,  3.119385058925e+01,  3.187098503113e-01
  7.350000001024e-01,  3.006069958210e-01,  3.118372638270e+01,  3.337779045105e-01
  7.465000001248e-01,  3.108055889606e-01,  3.117352778956e+01,  3.525881767273e-01
  7.584999999963e-01,  3.212044537067e-01,  3.116312892482e+01,  3.715128898621e-01
  7.695000001695e-01,  3.312237560749e-01,  3.115310962245e+01,  3.881068229675e-01
  7.800000000279e-01,  3.416016399860e-01,  3.114273173854e+01,  4.043154716492e-01
  7.895000001881e-01,  3.517296612263e-01,  3.113260371730e+01,  4.181742668152e-01
  7.985000000335e-01,  3.617813885212e-01,  3.112255199000e+01,  4.313426017761e-01
  8.075000001118e-01,  3.720314800739e-01,  3.111230189845e+01,  4.450678825378e-01
  8.165000001900e-01,  3.822357952595e-01,  3.110209758326e+01,  4.590640068054e-01
  8.260000001173e-01,  3.926728069782e-01,  3.109166057155e+01,  4.737582206726e-01
  8.360000001267e-01,  4.031327068806e-01,  3.108120067164e+01,  4.880480766296e-01
  8.465000002179e-01,  4.134852588177e-01,  3.107084811971e+01,  5.062760114670e-01
  8.570000000764e-01,  4.235064685345e-01,  3.106082690999e+01,  5.254830121994e-01
  8.675000001676e-01,  4.336535632610e-01,  3.105067981526e+01,  5.438965559006e-01
  8.775000001770e-01,  4.436633288860e-01,  3.104067004964e+01,  5.604294538498e-01
  8.875000001863e-01,  4.538676440716e-01,  3.103046573445e+01,  5.756157636642e-01
  8.975000001956e-01,  4.640376269817e-01,  3.102029575154e+01,  5.920571088791e-01
  9.074999999721e-01,  4.740702807903e-01,  3.101026309773e+01,  6.065262556076e-01
  9.180000000633e-01,  4.843413531780e-01,  3.099999202535e+01,  6.263245344162e-01
  9.285000001546e-01,  4.945494830608e-01,  3.098978389546e+01,  6.451348066330e-01
  9.390000000130e-01,  5.049655437469e-01,  3.097936783478e+01,  6.647995710373e-01
  9.490000000224e-01,  5.151240825653e-01,  3.096920929596e+01,  6.806458234787e-01
  9.590000000317e-01,  5.253398418427e-01,  3.095899353668e+01,  6.972359418869e-01
  9.690000000410e-01,  5.354449748993e-01,  3.094888840362e+01,  7.131317853928e-01
  9.795000001322e-01,  5.458209514618e-01,  3.093851242706e+01,  7.303322553635e-01
  9.899999999907e-01,  5.560557842255e-01,  3.092827759430e+01,  7.491692304611e-01
  1.000500000082e+00,  5.663344860077e-01,  3.091799889252e+01,  7.671822309494e-01
  1.011000000173e+00,  5.767867565155e-01,  3.090754662201e+01,  7.834709882736e-01
  1.021000000183e+00,  5.868422985077e-01,  3.089749108002e+01,  7.985581159592e-01
  1.031000000192e+00,  5.968902111053e-01,  3.088744316742e+01,  8.152626752853e-01
  1.041000000201e+00,  6.069495677948e-01,  3.087738381073e+01,  8.326081037521e-01
  1.050999999978e+00,  6.170051097870e-01,  3.086732826874e+01,  8.502434492111e-01
  1.061500000069e+00,  6.274840831757e-01,  3.085684929535e+01,  8.679550886154e-01
  1.072000000160e+00,  6.378409862518e-01,  3.084649239227e+01,  8.878296613693e-01
  1.082500000019e+00,  6.481788158417e-01,  3.083615456268e+01,  9.053047895432e-01
  1.093000000110e+00,  6.584765911102e-01,  3.082585678741e+01,  9.231461286545e-01
  1.103500000201e+00,  6.687973141670e-01,  3.081553606436e+01,  9.415379762650e-01
  1.114000000060e+00,  6.791732907295e-01,  3.080516008779e+01,  9.601117372513e-01
  1.124500000151e+00,  6.896560788155e-01,  3.079467729971e+01,  9.767171144485e-01
  1.135000000009e+00,  7.001350522041e-01,  3.078419832632e+01,  9.947987794876e-01
  1.145000000019e+00,  7.101600766182e-01,  3.077417330191e+01,  1.012140393257e+00
  1.155000000028e+00,  7.202652096748e-01,  3.076406816885e+01,  1.029066205025e+00
  1.165000000037e+00,  7.303817868233e-01,  3.075395159170e+01,  1.047292828560e+00
  1.175500000129e+00,  7.408798336983e-01,  3.074345354483e+01,  1.067728161812e+00
  1.185999999987e+00,  7.512596249580e-01,  3.073307375357e+01,  1.087633252144e+00
  1.196500000078e+00,  7.615554928780e-01,  3.072277788565e+01,  1.107011914253e+00
  1.207000000170e+00,  7.717769742012e-01,  3.071255640432e+01,  1.126760601997e+00
  1.217500000028e+00,  7.821167111397e-01,  3.070221666738e+01,  1.145036816597e+00
  1.228000000119e+00,  7.925956845284e-01,  3.069173769400e+01,  1.163602948189e+00
  1.238000000129e+00,  8.026550412178e-01,  3.068167833731e+01,  1.181963086128e+00
  1.248000000138e+00,  8.127029538155e-01,  3.067163042471e+01,  1.200876355171e+00
  1.258000000147e+00,  8.227432370186e-01,  3.066159014151e+01,  1.219186902046e+00
  1.268500000006e+00,  8.332374691963e-01,  3.065109590933e+01,  1.238153576851e+00
  1.279000000097e+00,  8.437317013741e-01,  3.064060167715e+01,  1.256715893745e+00
  1.289500000188e+00,  8.542183041573e-01,  3.063011507437e+01,  1.274976849556e+00
  1.300000000047e+00,  8.647087216377e-01,  3.061962465689e+01,  1.294317364693e+00
  1.310500000138e+00,  8.750999569893e-01,  3.060923342153e+01,  1.313196301460e+00
  1.320999999996e+00,  8.854148983955e-01,  3.059891848013e+01,  1.334016919136e+00
  1.331500000088e+00,  8.957489132881e-01,  3.058858446524e+01,  1.354082226753e+00
  1.342000000179e+00,  9.061859250069e-01,  3.057814745352e+01,  1.372972607613e+00
  1.352000000188e+00,  9.162634015083e-01,  3.056806997702e+01,  1.391448020935e+00
  1.362000000197e+00,  9.265287518501e-01,  3.055780462667e+01,  1.410395622253e+00
  1.371999999974e+00,  9.368703961372e-01,  3.054746298239e+01,  1.427676200867e+00
  1.381999999983e+00,  9.470861554146e-01,  3.053724722311e+01,  1.446036338806e+00
  1.391999999993e+00,  9.571111798286e-01,  3.052722219870e+01,  1.465125083923e+00
  1.402500000084e+00,  9.674833416939e-01,  3.051685003683e+01,  1.484999656677e+00
  1.413000000175e+00,  9.778555035591e-01,  3.050647787496e+01,  1.505789756775e+00
  1.423500000034e+00,  9.882925152779e-01,  3.049604086325e+01,  1.526877403259e+00
  1.433500000043e+00,  9.983595013618e-01,  3.048597387716e+01,  1.545092582703e+00
  1.443500000052e+00,  1.008483648300e+00,  3.047584973022e+01,  1.564127922058e+00
  1.453500000061e+00,  1.018573522568e+00,  3.046575985596e+01,  1.582125663757e+00
  1.464000000153e+00,  1.028987646103e+00,  3.045534573242e+01,  1.601347923279e+00
  1.474500000011e+00,  1.039348363876e+00,  3.044498501465e+01,  1.621844291687e+00
  1.485000000102e+00,  1.049762487411e+00,  3.043457089111e+01,  1.642333030701e+00
  1.495500000194e+00,  1.060199499130e+00,  3.042413387939e+01,  1.661383628845e+00
  1.505500000203e+00,  1.070201635361e+00,  3.041413174316e+01,  1.679526329041e+00
  1.515499999980e+00,  1.080226659775e+00,  3.040410671875e+01,  1.697955131531e+00
  1.525499999989e+00,  1.090259313583e+00,  3.039407406494e+01,  1.714655876160e+00
  1.535499999998e+00,  1.100276708603e+00,  3.038405666992e+01,  1.733016014099e+00
  1.545500000007e+00,  1.110324621201e+00,  3.037400875732e+01,  1.751933097839e+00
  1.555500000017e+00,  1.120345830917e+00,  3.036398754761e+01,  1.771052360535e+00
  1.565500000026e+00,  1.130378484726e+00,  3.035395489380e+01,  1.789835929871e+00
  1.575500000035e+00,  1.140403509140e+00,  3.034392986938e+01,  1.809878349304e+00
  1.585500000045e+00,  1.150436162949e+00,  3.033389721558e+01,  1.831343650818e+00
  1.595500000054e+00,  1.160606145859e+00,  3.032372723267e+01,  1.851397514343e+00
  1.605500000063e+00,  1.170884847641e+00,  3.031344853088e+01,  1.870878338814e+00
  1.615500000073e+00,  1.181119680405e+00,  3.030321369812e+01,  1.889642834663e+00
  1.625500000082e+00,  1.191224813461e+00,  3.029310856506e+01,  1.909361004829e+00
  1.635500000091e+00,  1.201230764389e+00,  3.028310261413e+01,  1.926527142525e+00
  1.646000000183e+00,  1.211587667465e+00,  3.027274571106e+01,  1.946260571480e+00
  1.656500000041e+00,  1.221997976303e+00,  3.026233540222e+01,  1.966489911079e+00
  1.666500000050e+00,  1.232030630112e+00,  3.025230274841e+01,  1.986791729927e+00
  1.676500000060e+00,  1.242219686508e+00,  3.024211369202e+01,  2.004858016968e+00
  1.686500000069e+00,  1.252401113510e+00,  3.023193226501e+01,  2.024179458618e+00
  1.696500000078e+00,  1.262506246567e+00,  3.022182713196e+01,  2.043519973755e+00
  1.707000000170e+00,  1.272924184799e+00,  3.021140919372e+01,  2.064641952515e+00
  1.717500000028e+00,  1.283239126205e+00,  3.020109425232e+01,  2.085786819458e+00
  1.728000000119e+00,  1.293552160263e+00,  3.019078121826e+01,  2.106637954712e+00
  1.738499999978e+00,  1.303977727890e+00,  3.018035565063e+01,  2.126958847046e+00
  1.749000000069e+00,  1.314388036728e+00,  3.016994534180e+01,  2.146532058716e+00
  1.759500000160e+00,  1.324821233749e+00,  3.015951214477e+01,  2.166154861450e+00
  1.769500000170e+00,  1.334823369980e+00,  3.014951000854e+01,  2.183061599731e+00
  1.780000000028e+00,  1.345279455185e+00,  3.013905392334e+01,  2.202157974243e+00
  1.790500000119e+00,  1.355670690536e+00,  3.012866268799e+01,  2.222517013550e+00
  1.800999999978e+00,  1.366069555283e+00,  3.011826382324e+01,  2.244329452515e+00
  1.811500000069e+00,  1.376495122910e+00,  3.010783825561e+01,  2.264543533325e+00
  1.822000000160e+00,  1.386981725693e+00,  3.009735165283e+01,  2.286024093628e+00
  1.832000000170e+00,  1.397075414658e+00,  3.008725796387e+01,  2.305315017700e+00
  1.842000000179e+00,  1.407241582870e+00,  3.007709179565e+01,  2.324132919312e+00
  1.852000000188e+00,  1.417386293411e+00,  3.006694708511e+01,  2.341744422913e+00
  1.862500000047e+00,  1.427853822708e+00,  3.005647955582e+01,  2.362816810608e+00
  1.873000000138e+00,  1.438130617142e+00,  3.004620276138e+01,  2.384743690491e+00
  1.883499999996e+00,  1.448401689529e+00,  3.003593168899e+01,  2.406174659729e+00
  1.894000000088e+00,  1.458752870560e+00,  3.002558050796e+01,  2.425808906555e+00
  1.904500000179e+00,  1.468951463699e+00,  3.001538191482e+01,  2.441746711731e+00
  1.916000000201e+00,  1.479264497757e+00,  3.000506888077e+01,  2.457627296448e+00
  1.930000000168e+00,  1.489369630814e+00,  2.999496374771e+01,  2.473118782043e+00
  1.947000000160e+00,  1.497000932693e+00,  2.998733244583e+01,  2.490645408630e+00
  2.047000000020e+00,  1.503304481506e+00,  2.998102889702e+01,  2.500370025635e+00
  2.147000000114e+00,  1.502607107162e+00,  2.998172627136e+01,  2.492006063461e+00
  2.246999999974e+00,  1.501821279526e+00,  2.998251209900e+01,  2.481696844101e+00
  2.347000000067e+00,  1.501257658005e+00,  2.998307572052e+01,  2.475568294525e+00
  2.447000000160e+00,  1.500781059265e+00,  2.998355231926e+01,  2.473035097122e+00
  2.547000000020e+00,  1.500521898270e+00,  2.998381148025e+01,  2.468142747879e+00
  2.647000000114e+00,  1.500361919403e+00,  2.998397145912e+01,  2.463745117188e+00
  2.746999999974e+00,  1.500156998634e+00,  2.998417637989e+01,  2.459875583649e+00
  2.847000000067e+00,  1.500139236450e+00,  2.998419414207e+01,  2.453812599182e+00
  2.947000000160e+00,  1.500079870224e+00,  2.998425350830e+01,  2.452287435532e+00
  3.047000000020e+00,  1.500038504601e+00,  2.998429487392e+01,  2.448362588882e+00
  3.147000000114e+00,  1.500000000000e+00,  2.998433337852e+01,  2.443839550018e+00
  3.246999999974e+00,  1.499992251396e+00,  2.998434112713e+01,  2.441478729248e+00
  3.347000000067e+00,  1.500004410744e+00,  2.998432896778e+01,  2.438562631607e+00
  3.447000000160e+00,  1.499988794327e+00,  2.998434458420e+01,  2.435831785202e+00
  3.547000000020e+00,  1.500022530556e+00,  2.998431084797e+01,  2.431222438812e+00
  3.647000000114e+00,  1.499985575676e+00,  2.998434780285e+01,  2.432848215103e+00
  3.746999999974e+00,  1.500010967255e+00,  2.998432241127e+01,  2.427721738815e+00
  3.847000000067e+00,  1.500036716461e+00,  2.998429666206e+01,  2.426424264908e+00
  3.947000000160e+00,  1.499984264374e+00,  2.998434911415e+01,  2.422018051147e+00
  4.047000000020e+00,  1.500006198883e+00,  2.998432717964e+01,  2.422710657120e+00
  4.147000000114e+00,  1.499997615814e+00,  2.998433576271e+01,  2.419805526733e+00
  4.246999999974e+00,  1.499995827675e+00,  2.998433755085e+01,  2.415492773056e+00
  4.347000000067e+00,  1.500024199486e+00,  2.998430917904e+01,  2.415884256363e+00
  4.447000000160e+00,  1.500000119209e+00,  2.998433325931e+01,  2.413986206055e+00
  4.547000000020e+00,  1.500012874603e+00,  2.998432050392e+01,  2.411083936691e+00
  4.647000000114e+00,  1.500027537346e+00,  2.998430584118e+01,  2.408920288086e+00
  4.746999999974e+00,  1.500026583672e+00,  2.998430679485e+01,  2.409583091736e+00
  4.847000000067e+00,  1.499982833862e+00,  2.998435054466e+01,  2.406310081482e+00
  4.947000000160e+00,  1.500027060509e+00,  2.998430631802e+01,  2.405512809753e+00
  5.047000000020e+00,  1.500009298325e+00,  2.998432408020e+01,  2.404339790344e+00
  5.147000000114e+00,  1.500030994415e+00,  2.998430238411e+01,  2.402846097946e+00
  5.246999999974e+00,  1.500006914139e+00,  2.998432646439e+01,  2.399214982986e+00
  5.347000000067e+00,  1.500033020973e+00,  2.998430035755e+01,  2.398680686951e+00
  5.447000000160e+00,  1.500021815300e+00,  2.998431156322e+01,  2.400500535965e+00
  5.547000000020e+00,  1.499990701675e+00,  2.998434267685e+01,  2.396941661835e+00
  5.647000000114e+00,  1.499997138977e+00,  2.998433623955e+01,  2.393935203552e+00
  5.746999999974e+00,  1.500005125999e+00,  2.998432825252e+01,  2.394937038422e+00
  5.847000000067e+00,  1.499980449677e+00,  2.998435292885e+01,  2.392816781998e+00
  5.947000000160e+00,  1.499982357025e+00,  2.998435102150e+01,  2.390221118927e+00
  6.047000000020e+00,  1.500012755394e+00,  2.998432062313e+01,  2.388173580170e+00
  6.147000000114e+00,  1.499998927116e+00,  2.998433445141e+01,  2.387456655502e+00
  6.246999999974e+00,  1.499994754791e+00,  2.998433862373e+01,  2.386960506439e+00
  6.347000000067e+00,  1.500001907349e+00,  2.998433147118e+01,  2.382153034210e+00
  6.447000000160e+00,  1.500026702881e+00,  2.998430667564e+01,  2.386218070984e+00
  6.547000000020e+00,  1.500031471252e+00,  2.998430190727e+01,  2.382881641388e+00
  6.647000000114e+00,  1.500018239021e+00,  2.998431513950e+01,  2.381952047348e+00
  6.746999999974e+00,  1.500011444092e+00,  2.998432193443e+01,  2.378440618515e+00
  6.847000000067e+00,  1.500025868416e+00,  2.998430751011e+01,  2.378740549088e+00
  6.947000000160e+00,  1.500026226044e+00,  2.998430715248e+01,  2.376647949219e+00
  7.047000000020e+00,  1.499998688698e+00,  2.998433468983e+01,  2.372682571411e+00
  7.147000000114e+00,  1.500005125999e+00,  2.998432825252e+01,  2.373929977417e+00
  7.246999999974e+00,  1.500017523766e+00,  2.998431585476e+01,  2.371349811554e+00
  7.347000000067e+00,  1.500003695488e+00,  2.998432968304e+01,  2.371876955032e+00
  7.447000000160e+00,  1.500013828278e+00,  2.998431955025e+01,  2.369416236877e+00
  7.547000000020e+00,  1.500017166138e+00,  2.998431621239e+01,  2.369906902313e+00
  7.647000000114e+00,  1.500014543533e+00,  2.998431883499e+01,  2.369526386261e+00
  7.746999999974e+00,  1.500008106232e+00,  2.998432527229e+01,  2.366520166397e+00
  7.847000000067e+00,  1.500008821487e+00,  2.998432455704e+01,  2.365514278412e+00
  7.947000000160e+00,  1.500012636185e+00,  2.998432074234e+01,  2.364277839661e+00
  8.047000000020e+00,  1.500025391579e+00,  2.998430798695e+01,  2.367499113083e+00
  8.147000000114e+00,  1.500000596046e+00,  2.998433278248e+01,  2.361725807190e+00
  8.246999999974e+00,  1.500005841255e+00,  2.998432753727e+01,  2.360965490341e+00
  8.347000000067e+00,  1.499998927116e+00,  2.998433445141e+01,  2.359941720963e+00
  8.447000000160e+00,  1.499991416931e+00,  2.998434196159e+01,  2.359941482544e+00
  8.547000000020e+00,  1.500005006790e+00,  2.998432837173e+01,  2.358945608139e+00
  8.647000000114e+00,  1.500012159348e+00,  2.998432121918e+01,  2.356064558029e+00
  8.746999999974e+00,  1.500034928322e+00,  2.998429845020e+01,  2.358065128326e+00
  8.847000000067e+00,  1.500018715858e+00,  2.998431466267e+01,  2.356168508530e+00
  8.947000000160e+00,  1.500010132790e+00,  2.998432324573e+01,  2.356432914734e+00
  9.047000000020e+00,  1.500010490417e+00,  2.998432288811e+01,  2.352894544601e+00
  9.147000000114e+00,  1.499981045723e+00,  2.998435233280e+01,  2.351518392563e+00
  9.246999999974e+00,  1.499980568886e+00,  2.998435280964e+01,  2.352494001389e+00
  9.347000000067e+00,  1.500036954880e+00,  2.998429642364e+01,  2.352245092392e+00
  9.447000000160e+00,  1.499996423721e+00,  2.998433695480e+01,  2.352305650711e+00
  9.547000000020e+00,  1.500015258789e+00,  2.998431811973e+01,  2.347610235214e+00
  9.647000000114e+00,  1.500016927719e+00,  2.998431645080e+01,  2.348567485809e+00
  9.746999999974e+00,  1.500015139580e+00,  2.998431823894e+01,  2.344579696655e+00
  9.847000000067e+00,  1.500002503395e+00,  2.998433087513e+01,  2.346614599228e+00
  9.947000000160e+00,  1.500003457069e+00,  2.998432992145e+01,  2.345144748688e+00
  1.004700000002e+01,  1.500018239021e+00,  2.998431513950e+01,  2.341097354889e+00
  1.014700000011e+01,  1.499967217445e+00,  2.998436616108e+01,  2.342875480652e+00
  1.024699999997e+01,  1.499995350838e+00,  2.998433802769e+01,  2.344390153885e+00
  1.034700000007e+01,  1.499997735023e+00,  2.998433564350e+01,  2.342811822891e+00
  1.044700000016e+01,  1.500041127205e+00,  2.998429225132e+01,  2.340057134628e+00
  1.054700000002e+01,  1.500013828278e+00,  2.998431955025e+01,  2.341613292694e+00
  1.064700000011e+01,  1.500015139580e+00,  2.998431823894e+01,  2.338611364365e+00
  1.074699999997e+01,  1.499977350235e+00,  2.998435602829e+01,  2.339025735855e+00
  1.084700000007e+01,  1.500008463860e+00,  2.998432491466e+01,  2.336897373199e+00
  1.094700000016e+01,  1.500013947487e+00,  2.998431943104e+01,  2.335304737091e+00
  1.104700000002e+01,  1.499989390373e+00,  2.998434398815e+01,  2.336737871170e+00
  1.114700000011e+01,  1.499998450279e+00,  2.998433492824e+01,  2.335239171982e+00
  1.124699999997e+01,  1.499983906746e+00,  2.998434947178e+01,  2.334125518799e+00
  1.134700000007e+01,  1.500037074089e+00,  2.998429630443e+01,  2.334630489349e+00
  1.144700000016e+01,  1.500001311302e+00,  2.998433206722e+01,  2.332945823669e+00
  1.154700000002e+01,  1.499998092651e+00,  2.998433528587e+01,  2.332515716553e+00
  1.164700000011e+01,  1.500001668930e+00,  2.998433170959e+01,  2.329588651657e+00
  1.174699999997e+01,  1.500001311302e+00,  2.998433206722e+01,  2.329205274582e+00
  1.184700000007e+01,  1.499986886978e+00,  2.998434649155e+01,  2.326625108719e+00
  1.194700000016e+01,  1.499985575676e+00,  2.998434780285e+01,  2.327744007111e+00
  1.204700000002e+01,  1.499982714653e+00,  2.998435066387e+01,  2.326504468918e+00
  1.214700000011e+01,  1.500023961067e+00,  2.998430941746e+01,  2.326038122177e+00
  1.224699999997e+01,  1.500015377998e+00,  2.998431800053e+01,  2.325246095657e+00
  1.234700000007e+01,  1.500007629395e+00,  2.998432574913e+01,  2.322996616364e+00
  1.244700000016e+01,  1.500011920929e+00,  2.998432145760e+01,  2.322276353836e+00
  1.254700000002e+01,  1.500043511391e+00,  2.998428986713e+01,  2.323200941086e+00
  1.264700000011e+01,  1.500040531158e+00,  2.998429284737e+01,  2.322151899338e+00
  1.274699999997e+01,  1.500012516975e+00,  2.998432086155e+01,  2.322961568832e+00
  1.284700000007e+01,  1.500003814697e+00,  2.998432956383e+01,  2.320776224136e+00
  1.294700000016e+01,  1.500004053116e+00,  2.998432932541e+01,  2.321604013443e+00
  1.304700000002e+01,  1.499986886978e+00,  2.998434649155e+01,  2.323618650436e+00
  1.314700000011e+01,  1.499994039536e+00,  2.998433933899e+01,  2.321578025818e+00
  1.324699999997e+01,  1.500003218651e+00,  2.998433015987e+01,  2.319327354431e+00
  1.334700000007e+01,  1.500020027161e+00,  2.998431335136e+01,  2.319042444229e+00
  1.344700000016e+01,  1.500013232231e+00,  2.998432014629e+01,  2.316730737686e+00
  1.354700000002e+01,  1.500014543533e+00,  2.998431883499e+01,  2.317410469055e+00
  1.364700000011e+01,  1.499990344048e+00,  2.998434303448e+01,  2.317133426666e+00
  1.374699999997e+01,  1.499986290932e+00,  2.998434708759e+01,  2.313818693161e+00
  1.384700000007e+01,  1.500028014183e+00,  2.998430536434e+01,  2.316483736038e+00
  1.394700000016e+01,  1.499991297722e+00,  2.998434208080e+01,  2.315822362900e+00
  1.404700000002e+01,  1.500007867813e+00,  2.998432551071e+01,  2.313668489456e+00
  1.414700000011e+01,  1.500004529953e+00,  2.998432884857e+01,  2.313503742218e+00
  1.424699999997e+01,  1.500013828278e+00,  2.998431955025e+01,  2.312862634659e+00
  1.434700000007e+01,  1.499999880791e+00,  2.998433349773e+01,  2.311720848083e+00
  1.444700000016e+01,  1.499994397163e+00,  2.998433898136e+01,  2.312376499176e+00
  1.454700000002e+01,  1.500030398369e+00,  2.998430298016e+01,  2.311321496964e+00
  1.464700000011e+01,  1.500022292137e+00,  2.998431108639e+01,  2.310390710831e+00
  1.474699999997e+01,  1.500009298325e+00,  2.998432408020e+01,  2.312443494797e+00
  1.484700000007e+01,  1.499982118607e+00,  2.998435125992e+01,  2.310090303421e+00
  1.494700000016e+01,  1.499991416931e+00,  2.998434196159e+01,  2.308043956757e+00
  1.504700000002e+01,  1.500029325485e+00,  2.998430405304e+01,  2.305664300919e+00
  1.514700000011e+01,  1.500023007393e+00,  2.998431037113e+01,  2.307476520538e+00
  1.524699999997e+01,  1.499996900558e+00,  2.998433647797e+01,  2.308704376221e+00
  1.534700000007e+01,  1.500011920929e+00,  2.998432145760e+01,  2.308471441269e+00
  1.544700000016e+01,  1.500012159348e+00,  2.998432121918e+01,  2.306535720825e+00
  1.554700000002e+01,  1.499987602234e+00,  2.998434577629e+01,  2.306156396866e+00
  1.564700000011e+01,  1.500012159348e+00,  2.998432121918e+01,  2.305307626724e+00
  1.574699999997e+01,  1.499990820885e+00,  2.998434255764e+01,  2.303418397903e+00
  1.584700000007e+01,  1.499974131584e+00,  2.998435924694e+01,  2.303864717484e+00
  1.594700000016e+01,  1.500016570091e+00,  2.998431680843e+01,  2.302010536194e+00
  1.604700000002e+01,  1.500011682510e+00,  2.998432169601e+01,  2.302162885666e+00
  1.614700000011e+01,  1.500011801720e+00,  2.998432157680e+01,  2.302676677704e+00
  1.624699999997e+01,  1.500014185905e+00,  2.998431919262e+01,  2.299341917038e+00
  1.634700000007e+01,  1.499999761581e+00,  2.998433361694e+01,  2.299474954605e+00
  1.644700000016e+01,  1.499986171722e+00,  2.998434720680e+01,  2.297836303711e+00
  1.654700000002e+01,  1.499997735023e+00,  2.998433564350e+01,  2.297554254532e+00
  1.664700000011e+01,  1.500014901161e+00,  2.998431847736e+01,  2.297907590866e+00
  1.674699999997e+01,  1.500028610229e+00,  2.998430476829e+01,  2.297576189041e+00
  1.684700000007e+01,  1.500029206276e+00,  2.998430417225e+01,  2.297116994858e+00
  1.694700000016e+01,  1.500019907951e+00,  2.998431347057e+01,  2.294731378555e+00
  1.704700000002e+01,  1.500006079674e+00,  2.998432729885e+01,  2.296289920807e+00
  1.714700000011e+01,  1.500033974648e+00,  2.998429940388e+01,  2.293456554413e+00
  1.724699999997e+01,  1.500010967255e+00,  2.998432241127e+01,  2.295514822006e+00
  1.734700000007e+01,  1.500012755394e+00,  2.998432062313e+01,  2.295853614807e+00
  1.744700000016e+01,  1.500010132790e+00,  2.998432324573e+01,  2.292226076126e+00
  1.754700000002e+01,  1.500005006790e+00,  2.998432837173e+01,  2.292534112930e+00
  1.764700000011e+01,  1.500014185905e+00,  2.998431919262e+01,  2.294116020203e+00
  1.774699999997e+01,  1.500033020973e+00,  2.998430035755e+01,  2.293118238449e+00
  1.784700000007e+01,  1.499990344048e+00,  2.998434303448e+01,  2.292228698730e+00
  1.794700000016e+01,  1.500014543533e+00,  2.998431883499e+01,  2.292897224426e+00
  1.804700000002e+01,  1.499986290932e+00,  2.998434708759e+01,  2.291323661804e+00
  1.814700000011e+01,  1.499994277954e+00,  2.998433910057e+01,  2.291183233261e+00
  1.824699999997e+01,  1.499997258186e+00,  2.998433612034e+01,  2.289799928665e+00
  1.834700000007e+01,  1.500014424324e+00,  2.998431895420e+01,  2.288143634796e+00
  1.844700000016e+01,  1.499999523163e+00,  2.998433385536e+01,  2.288729429245e+00
  1.854700000002e+01,  1.500009059906e+00,  2.998432431862e+01,  2.285390138626e+00
  1.864700000011e+01,  1.499990463257e+00,  2.998434291527e+01,  2.286990404129e+00
  1.874699999997e+01,  1.499999880791e+00,  2.998433349773e+01,  2.285654306412e+00
  1.884700000007e+01,  1.499981880188e+00,  2.998435149834e+01,  2.286341667175e+00
  1.894700000016e+01,  1.499989390373e+00,  2.998434398815e+01,  2.286127567291e+00
  1.904700000002e+01,  1.499990344048e+00,  2.998434303448e+01,  2.285757064819e+00
  1.914700000011e+01,  1.499975085258e+00,  2.998435829327e+01,  2.283136606216e+00
  1.924699999997e+01,  1.499990344048e+00,  2.998434303448e+01,  2.284929513931e+00
  1.934700000007e+01,  1.500011920929e+00,  2.998432145760e+01,  2.280619144440e+00
  1.944700000016e+01,  1.499994754791e+00,  2.998433862373e+01,  2.282950401306e+00
  1.954700000002e+01,  1.499971508980e+00,  2.998436186954e+01,  2.281124591827e+00
  1.964700000011e+01,  1.500004887581e+00,  2.998432849094e+01,  2.281520366669e+00
  1.974699999997e+01,  1.500004887581e+00,  2.998432849094e+01,  2.279274225235e+00
  1.984700000007e+01,  1.500011086464e+00,  2.998432229206e+01,  2.284653425217e+00
  1.994700000016e+01,  1.500004529953e+00,  2.998432884857e+01,  2.281150817871e+00
  2.004700000002e+01,  1.499988675117e+00,  2.998434470341e+01,  2.280180215836e+00
  2.014700000011e+01,  1.499970912933e+00,  2.998436246559e+01,  2.279309511185e+00
  2.024699999997e+01,  1.499981760979e+00,  2.998435161755e+01,  2.279527425766e+00
  2.034700000007e+01,  1.500025749207e+00,  2.998430762932e+01,  2.278563737869e+00
  2.044700000016e+01,  1.500015377998e+00,  2.998431800053e+01,  2.275426387787e+00
  2.054700000002e+01,  1.499997258186e+00,  2.998433612034e+01,  2.277848243713e+00
  2.064700000011e+01,  1.500003337860e+00,  2.998433004066e+01,  2.275590181351e+00
  2.074699999997e+01,  1.499986648560e+00,  2.998434672996e+01,  2.277446985245e+00
  2.084700000007e+01,  1.500011444092e+00,  2.998432193443e+01,  2.274104118347e+00
  2.094700000016e+01,  1.500017166138e+00,  2.998431621239e+01,  2.272533178329e+00
  2.104700000002e+01,  1.500006794930e+00,  2.998432658359e+01,  2.276132822037e+00
  2.114700000011e+01,  1.499978899956e+00,  2.998435447857e+01,  2.276445627213e+00
  2.124699999997e+01,  1.499963521957e+00,  2.998436985657e+01,  2.275475740433e+00
  2.134700000007e+01,  1.500010013580e+00,  2.998432336494e+01,  2.273650646210e+00
  2.144700000016e+01,  1.500018119812e+00,  2.998431525871e+01,  2.274196624756e+00
  2.154700000002e+01,  1.500020146370e+00,  2.998431323215e+01,  2.270823955536e+00
  2.164700000011e+01,  1.499983787537e+00,  2.998434959099e+01,  2.272461891174e+00
  2.174699999997e+01,  1.499978661537e+00,  2.998435471699e+01,  2.273143768311e+00
  2.184700000007e+01,  1.500028610229e+00,  2.998430476829e+01,  2.270433425903e+00
  2.194700000016e+01,  1.500007867813e+00,  2.998432551071e+01,  2.272306203842e+00
  2.204700000002e+01,  1.500017046928e+00,  2.998431633160e+01,  2.271536588669e+00
  2.214700000011e+01,  1.500019192696e+00,  2.998431418583e+01,  2.271100759506e+00
  2.224699999997e+01,  1.500001907349e+00,  2.998433147118e+01,  2.268828868866e+00
  2.234700000007e+01,  1.499998569489e+00,  2.998433480904e+01,  2.268372774124e+00
  2.244700000016e+01,  1.500003814697e+00,  2.998432956383e+01,  2.271145105362e+00
  2.254700000002e+01,  1.500023961067e+00,  2.998430941746e+01,  2.268610954285e+00
  2.264700000011e+01,  1.499992132187e+00,  2.998434124634e+01,  2.267008781433e+00
  2.274699999997e+01,  1.500033974648e+00,  2.998429940388e+01,  2.266934156418e+00
  2.284700000007e+01,  1.499978661537e+00,  2.998435471699e+01,  2.267930030823e+00
  2.294700000016e+01,  1.499989509583e+00,  2.998434386894e+01,  2.266518831253e+00
  2.304700000002e+01,  1.500015854836e+00,  2.998431752369e+01,  2.266536951065e+00
  2.314700000011e+01,  1.500013947487e+00,  2.998431943104e+01,  2.264720678329e+00
  2.324699999997e+01,  1.499970436096e+00,  2.998436294243e+01,  2.265028238297e+00
  2.334700000007e+01,  1.499986886978e+00,  2.998434649155e+01,  2.263811111450e+00
  2.344700000016e+01,  1.499997735023e+00,  2.998433564350e+01,  2.263721942902e+00
  2.354700000002e+01,  1.499974846840e+00,  2.998435853168e+01,  2.263389825821e+00
  2.364700000011e+01,  1.500003337860e+00,  2.998433004066e+01,  2.262171506882e+00
  2.374699999997e+01,  1.500012993813e+00,  2.998432038471e+01,  2.262652158737e+00
  2.384700000007e+01,  1.499982237816e+00,  2.998435114071e+01,  2.262671947479e+00
  2.394700000016e+01,  1.500003099442e+00,  2.998433027908e+01,  2.260416507721e+00
  2.404700000002e+01,  1.500041007996e+00,  2.998429237053e+01,  2.262226104736e+00
  2.414700000011e+01,  1.500028014183e+00,  2.998430536434e+01,  2.257410287857e+00
  2.424699999997e+01,  1.500026345253e+00,  2.998430703327e+01,  2.259473800659e+00
  2.434700000007e+01,  1.500011444092e+00,  2.998432193443e+01,  2.259748697281e+00
  2.444700000016e+01,  1.500019431114e+00,  2.998431394741e+01,  2.261435270309e+00
  2.454700000002e+01,  1.499985575676e+00,  2.998434780285e+01,  2.258812665939e+00
  2.464700000011e+01,  1.499998331070e+00,  2.998433504745e+01,  2.258604526520e+00
  2.474699999997e+01,  1.499991655350e+00,  2.998434172317e+01,  2.259643077850e+00
  2.484700000007e+01,  1.499995827675e+00,  2.998433755085e+01,  2.259927988052e+00
  2.494700000016e+01,  1.500015139580e+00,  2.998431823894e+01,  2.255815505981e+00
  2.504700000002e+01,  1.499999284744e+00,  2.998433409378e+01,  2.258524179459e+00
  2.514700000011e+01,  1.499995708466e+00,  2.998433767006e+01,  2.257838249207e+00
  2.524699999997e+01,  1.499990224838e+00,  2.998434315369e+01,  2.255778789520e+00
  2.534700000007e+01,  1.499989271164e+00,  2.998434410736e+01,  2.254041910172e+00
  2.544700000016e+01,  1.500001549721e+00,  2.998433182880e+01,  2.256355047226e+00
  2.554700000002e+01,  1.500012636185e+00,  2.998432074234e+01,  2.253607749939e+00
  2.564700000011e+01,  1.499996781349e+00,  2.998433659717e+01,  2.252539634705e+00
  2.574699999997e+01,  1.499976754189e+00,  2.998435662434e+01,  2.251504898071e+00
  2.584700000007e+01,  1.499970912933e+00,  2.998436246559e+01,  2.251389980316e+00
  2.594700000016e+01,  1.500001430511e+00,  2.998433194801e+01,  2.251624822617e+00
  2.604700000002e+01,  1.499989271164e+00,  2.998434410736e+01,  2.250870227814e+00
  2.614700000011e+01,  1.500054240227e+00,  2.998427913830e+01,  2.248183012009e+00
  2.624699999997e+01,  1.500008821487e+00,  2.998432455704e+01,  2.249183416367e+00
  2.634700000007e+01,  1.499975442886e+00,  2.998435793564e+01,  2.251186132431e+00
  2.644700000016e+01,  1.500012636185e+00,  2.998432074234e+01,  2.250387191772e+00
  2.654700000002e+01,  1.500019311905e+00,  2.998431406662e+01,  2.249995231628e+00
  2.664700000011e+01,  1.499983906746e+00,  2.998434947178e+01,  2.249051570892e+00
  2.674699999997e+01,  1.500010251999e+00,  2.998432312653e+01,  2.248842000961e+00
  2.684700000007e+01,  1.500010371208e+00,  2.998432300732e+01,  2.247542619705e+00
  2.694700000016e+01,  1.500028967857e+00,  2.998430441067e+01,  2.248477935791e+00
  2.704700000002e+01,  1.500020503998e+00,  2.998431287453e+01,  2.247454404831e+00
  2.714700000011e+01,  1.499994277954e+00,  2.998433910057e+01,  2.248149871826e+00
  2.724699999997e+01,  1.500007629395e+00,  2.998432574913e+01,  2.246273756027e+00
  2.734700000007e+01,  1.500035285950e+00,  2.998429809257e+01,  2.248031854630e+00
  2.744700000016e+01,  1.500005483627e+00,  2.998432789490e+01,  2.246264457703e+00
  2.754700000002e+01,  1.499986529350e+00,  2.998434684917e+01,  2.246744394302e+00
  2.764700000011e+01,  1.500000953674e+00,  2.998433242485e+01,  2.244378089905e+00
  2.774699999997e+01,  1.499995589256e+00,  2.998433778927e+01,  2.243626832962e+00
  2.784700000007e+01,  1.500015139580e+00,  2.998431823894e+01,  2.243002653122e+00
  2.794700000016e+01,  1.499973297119e+00,  2.998436008140e+01,  2.243041276932e+00
  2.804700000002e+01,  1.500007510185e+00,  2.998432586834e+01,  2.246218442917e+00
  2.814700000011e+01,  1.500009655952e+00,  2.998432372257e+01,  2.242997884750e+00
  2.824699999997e+01,  1.500017642975e+00,  2.998431573555e+01,  2.242421150208e+00
  2.834700000007e+01,  1.499986171722e+00,  2.998434720680e+01,  2.243834972382e+00
  2.844700000016e+01,  1.499994635582e+00,  2.998433874294e+01,  2.243703842163e+00
  2.854700000002e+01,  1.500001907349e+00,  2.998433147118e+01,  2.240722656250e+00
  2.864700000011e+01,  1.499991059303e+00,  2.998434231922e+01,  2.242773056030e+00
  2.874699999997e+01,  1.499990582466e+00,  2.998434279606e+01,  2.241636991501e+00
  2.884700000007e+01,  1.499979019165e+00,  2.998435435936e+01,  2.241950035095e+00
  2.894700000016e+01,  1.500041484833e+00,  2.998429189369e+01,  2.240679264069e+00
  2.904700000002e+01,  1.499983429909e+00,  2.998434994862e+01,  2.239657163620e+00
  2.914700000011e+01,  1.500018239021e+00,  2.998431513950e+01,  2.238568544388e+00
  2.924699999997e+01,  1.500009298325e+00,  2.998432408020e+01,  2.238437175751e+00
  2.934700000007e+01,  1.500011205673e+00,  2.998432217285e+01,  2.239399433136e+00
  2.944700000016e+01,  1.499997258186e+00,  2.998433612034e+01,  2.237640142441e+00
  2.954700000002e+01,  1.499977827072e+00,  2.998435555145e+01,  2.236791372299e+00
  2.964700000011e+01,  1.499985575676e+00,  2.998434780285e+01,  2.235075235367e+00
  2.974699999997e+01,  1.500005960464e+00,  2.998432741806e+01,  2.236213445663e+00
  2.984700000007e+01,  1.500012040138e+00,  2.998432133839e+01,  2.236139059067e+00
  2.994700000016e+01,  1.500031471252e+00,  2.998430190727e+01,  2.235531330109e+00
  3.004700000002e+01,  1.499991297722e+00,  2.998434208080e+01,  2.235778331757e+00
  3.014700000011e+01,  1.499994874001e+00,  2.998433850452e+01,  2.235292911530e+00
  3.024699999997e+01,  1.499978423119e+00,  2.998435495541e+01,  2.236722946167e+00
  3.034700000007e+01,  1.500002741814e+00,  2.998433063671e+01,  2.235229015350e+00
  3.044700000016e+01,  1.500000953674e+00,  2.998433242485e+01,  2.234368324280e+00
  3.054700000002e+01,  1.500007510185e+00,  2.998432586834e+01,  2.233420848846e+00
  3.064700000011e+01,  1.500008583069e+00,  2.998432479546e+01,  2.233274936676e+00
  3.074699999997e+01,  1.499988317490e+00,  2.998434506103e+01,  2.234494924545e+00
  3.084700000007e+01,  1.500020146370e+00,  2.998431323215e+01,  2.234827995300e+00
  3.094700000016e+01,  1.499976992607e+00,  2.998435638592e+01,  2.233709335327e+00
  3.104700000002e+01,  1.500015377998e+00,  2.998431800053e+01,  2.233784914017e+00
  3.114700000011e+01,  1.500006794930e+00,  2.998432658359e+01,  2.233652830124e+00
  3.124699999997e+01,  1.499995708466e+00,  2.998433767006e+01,  2.235411405563e+00
  3.134700000007e+01,  1.500030040741e+00,  2.998430333778e+01,  2.231290340424e+00
  3.144700000016e+01,  1.499981522560e+00,  2.998435185596e+01,  2.233618497849e+00
  3.154700000002e+01,  1.499996662140e+00,  2.998433671638e+01,  2.232196807861e+00
  3.164700000011e+01,  1.500027298927e+00,  2.998430607960e+01,  2.229911327362e+00
  3.174699999997e+01,  1.500011444092e+00,  2.998432193443e+01,  2.231005191803e+00
  3.184700000007e+01,  1.500007271767e+00,  2.998432610676e+01,  2.229348421097e+00
  3.194700000016e+01,  1.499983072281e+00,  2.998435030624e+01,  2.230675697327e+00
  3.204700000002e+01,  1.499982833862e+00,  2.998435054466e+01,  2.228106260300e+00
  3.214700000011e+01,  1.499999523163e+00,  2.998433385536e+01,  2.231902360916e+00
  3.224699999997e+01,  1.500046610832e+00,  2.998428676769e+01,  2.229772567749e+00
  3.234700000007e+01,  1.500025987625e+00,  2.998430739090e+01,  2.230166673660e+00
  3.244700000016e+01,  1.499968290329e+00,  2.998436508820e+01,  2.228420972824e+00
  3.254700000002e+01,  1.500017762184e+00,  2.998431561634e+01,  2.228575468063e+00
  3.264700000011e+01,  1.500000357628e+00,  2.998433302090e+01,  2.228671073914e+00
  3.274699999997e+01,  1.500028252602e+00,  2.998430512592e+01,  2.228305101395e+00
  3.284700000007e+01,  1.500002384186e+00,  2.998433099434e+01,  2.225350141525e+00
  3.294700000016e+01,  1.499977111816e+00,  2.998435626671e+01,  2.226351022720e+00
  3.304700000002e+01,  1.500005722046e+00,  2.998432765648e+01,  2.225694179535e+00
  3.314700000011e+01,  1.500028133392e+00,  2.998430524513e+01,  2.224290370941e+00
  3.324699999997e+01,  1.499982714653e+00,  2.998435066387e+01,  2.225178241730e+00
  3.334700000007e+01,  1.500003814697e+00,  2.998432956383e+01,  2.226442098618e+00
  3.344700000016e+01,  1.499973177910e+00,  2.998436020061e+01,  2.225641727448e+00
  3.354700000002e+01,  1.499988436699e+00,  2.998434494183e+01,  2.227687835693e+00
  3.364700000011e+01,  1.500029325485e+00,  2.998430405304e+01,  2.226244688034e+00
  3.374699999997e+01,  1.500016570091e+00,  2.998431680843e+01,  2.225820302963e+00
  3.384700000007e+01,  1.500002980232e+00,  2.998433039829e+01,  2.223472356796e+00
  3.394700000016e+01,  1.499999165535e+00,  2.998433421299e+01,  2.224361419678e+00
  3.404700000002e+01,  1.499948740005e+00,  2.998438463852e+01,  2.225052118301e+00
  3.414700000011e+01,  1.499967217445e+00,  2.998436616108e+01,  2.222117424011e+00
  3.424699999997e+01,  1.499974489212e+00,  2.998435888931e+01,  2.225596427917e+00
  3.434700000007e+01,  1.500027537346e+00,  2.998430584118e+01,  2.224852323532e+00
  3.444700000016e+01,  1.499984264374e+00,  2.998434911415e+01,  2.222471237183e+00
  3.454700000002e+01,  1.499973058701e+00,  2.998436031982e+01,  2.222241878510e+00
  3.464700000011e+01,  1.500000596046e+00,  2.998433278248e+01,  2.222373008728e+00
  3.474699999997e+01,  1.500002741814e+00,  2.998433063671e+01,  2.223644971848e+00
  3.484700000007e+01,  1.499984622002e+00,  2.998434875652e+01,  2.219438314438e+00
  3.494700000016e+01,  1.499997496605e+00,  2.998433588192e+01,  2.220784187317e+00
  3.504700000002e+01,  1.499976515770e+00,  2.998435686275e+01,  2.220934391022e+00
  3.514700000011e+01,  1.499996185303e+00,  2.998433719322e+01,  2.222239732742e+00
  3.524699999997e+01,  1.500004768372e+00,  2.998432861015e+01,  2.220846414566e+00
  3.534700000007e+01,  1.499995470047e+00,  2.998433790848e+01,  2.220783948898e+00
  3.544700000016e+01,  1.499997615814e+00,  2.998433576271e+01,  2.220355987549e+00
  3.554700000002e+01,  1.499986171722e+00,  2.998434720680e+01,  2.219747543335e+00
  3.564700000011e+01,  1.500007152557e+00,  2.998432622597e+01,  2.222069740295e+00
  3.574699999997e+01,  1.500014424324e+00,  2.998431895420e+01,  2.217357873917e+00
  3.584700000007e+01,  1.499989986420e+00,  2.998434339210e+01,  2.218668222427e+00
  3.594700000016e+01,  1.499983787537e+00,  2.998434959099e+01,  2.218673467636e+00
  3.604700000002e+01,  1.499992966652e+00,  2.998434041187e+01,  2.218339443207e+00
  3.614700000011e+01,  1.499992728233e+00,  2.998434065029e+01,  2.217619180679e+00
  3.624699999997e+01,  1.500006914139e+00,  2.998432646439e+01,  2.218234539032e+00
  3.634700000007e+01,  1.499991178513e+00,  2.998434220001e+01,  2.216150045395e+00
  3.644700000016e+01,  1.500002264977e+00,  2.998433111355e+01,  2.216968774796e+00
  3.654700000002e+01,  1.500026226044e+00,  2.998430715248e+01,  2.217644691467e+00
  3.664700000011e+01,  1.500005722046e+00,  2.998432765648e+01,  2.216077804565e+00
  3.674699999997e+01,  1.499998450279e+00,  2.998433492824e+01,  2.214187145233e+00
  3.684700000007e+01,  1.500004649162e+00,  2.998432872936e+01,  2.216589689255e+00
  3.694700000016e+01,  1.500000715256e+00,  2.998433266327e+01,  2.216118097305e+00
  3.704700000002e+01,  1.499996662140e+00,  2.998433671638e+01,  2.215681076050e+00
  3.714700000011e+01,  1.500017642975e+00,  2.998431573555e+01,  2.212766408920e+00
  3.724699999997e+01,  1.500008225441e+00,  2.998432515308e+01,  2.217820644379e+00
  3.734700000007e+01,  1.500007987022e+00,  2.998432539150e+01,  2.214580535889e+00
  3.744700000016e+01,  1.499999642372e+00,  2.998433373615e+01,  2.217430114746e+00
  3.754700000002e+01,  1.500006437302e+00,  2.998432694122e+01,  2.216091871262e+00
  3.764700000011e+01,  1.500009894371e+00,  2.998432348415e+01,  2.213778257370e+00
  3.774699999997e+01,  1.500008583069e+00,  2.998432479546e+01,  2.216338157654e+00
  3.784700000007e+01,  1.500025272369e+00,  2.998430810615e+01,  2.212715387344e+00
  3.794700000016e+01,  1.500004410744e+00,  2.998432896778e+01,  2.215019941330e+00
  3.804700000002e+01,  1.500014424324e+00,  2.998431895420e+01,  2.213514328003e+00
  3.814700000011e+01,  1.499992012978e+00,  2.998434136555e+01,  2.214606046677e+00
  3.824699999997e+01,  1.500019192696e+00,  2.998431418583e+01,  2.210663795471e+00
  3.834700000007e+01,  1.500001192093e+00,  2.998433218643e+01,  2.212705135345e+00
  3.844700000016e+01,  1.500014185905e+00,  2.998431919262e+01,  2.213424205780e+00
  3.854700000002e+01,  1.499999046326e+00,  2.998433433220e+01,  2.208863019943e+00
  3.864700000011e+01,  1.499989271164e+00,  2.998434410736e+01,  2.210859775543e+00
  3.874699999997e+01,  1.499980926514e+00,  2.998435245201e+01,  2.210710763931e+00
  3.884700000007e+01,  1.500008583069e+00,  2.998432479546e+01,  2.209612369537e+00
  3.894700000016e+01,  1.499998569489e+00,  2.998433480904e+01,  2.209151268005e+00
  3.904700000002e+01,  1.499993801117e+00,  2.998433957741e+01,  2.204737424850e+00
  3.914700000011e+01,  1.499964594841e+00,  2.998436878368e+01,  2.212315320969e+00
  3.924699999997e+01,  1.500004172325e+00,  2.998432920620e+01,  2.202584743500e+00
  3.934700000007e+01,  1.500012040138e+00,  2.998432133839e+01,  2.208029747009e+00
  3.944700000016e+01,  1.499997258186e+00,  2.998433612034e+01,  2.206372976303e+00
  3.954700000002e+01,  1.500016570091e+00,  2.998431680843e+01,  2.206153869629e+00
  3.964700000011e+01,  1.499979257584e+00,  2.998435412094e+01,  2.207527875900e+00
  3.974699999997e+01,  1.500030398369e+00,  2.998430298016e+01,  2.207430362701e+00
  3.984700000007e+01,  1.499970793724e+00,  2.998436258480e+01,  2.206983089447e+00
  3.994700000016e+01,  1.500019550323e+00,  2.998431382820e+01,  2.199784755707e+00
  4.004700000002e+01,  1.500046849251e+00,  2.998428652927e+01,  2.207715749741e+00
  4.014700000011e+01,  1.500014781952e+00,  2.998431859657e+01,  2.201632022858e+00
  4.024699999997e+01,  1.500006079674e+00,  2.998432729885e+01,  2.207401275635e+00
  4.034700000007e+01,  1.500020861626e+00,  2.998431251690e+01,  2.205092906952e+00
  4.044700000016e+01,  1.499999642372e+00,  2.998433373615e+01,  2.203212499619e+00
  4.054700000002e+01,  1.499997973442e+00,  2.998433540508e+01,  2.204012632370e+00
  4.064700000011e+01,  1.500026345253e+00,  2.998430703327e+01,  2.200740337372e+00
  4.074699999997e+01,  1.499975323677e+00,  2.998435805485e+01,  2.204284191132e+00
  4.084700000007e+01,  1.500014662743e+00,  2.998431871578e+01,  2.203302145004e+00
  4.094700000016e+01,  1.500003814697e+00,  2.998432956383e+01,  2.202440261841e+00
  4.104700000002e+01,  1.499973416328e+00,  2.998435996220e+01,  2.200482130051e+00
  4.114700000011e+01,  1.499978303909e+00,  2.998435507461e+01,  2.201911449432e+00
  4.124699999997e+01,  1.499985456467e+00,  2.998434792206e+01,  2.200758218765e+00
  4.134700000007e+01,  1.500027298927e+00,  2.998430607960e+01,  2.200367212296e+00
  4.144700000016e+01,  1.499982833862e+00,  2.998435054466e+01,  2.201872825623e+00
  4.154700000002e+01,  1.499976634979e+00,  2.998435674354e+01,  2.199285984039e+00
  4.164700000011e+01,  1.499982595444e+00,  2.998435078308e+01,  2.202395915985e+00
  4.174699999997e+01,  1.499998807907e+00,  2.998433457062e+01,  2.200464010239e+00
  4.184700000007e+01,  1.500006675720e+00,  2.998432670280e+01,  2.197305440903e+00
  4.194700000016e+01,  1.500000596046e+00,  2.998433278248e+01,  2.200848579407e+00
  4.204700000002e+01,  1.499984502792e+00,  2.998434887573e+01,  2.202268600464e+00
  4.214700000011e+01,  1.499981999397e+00,  2.998435137913e+01,  2.202466249466e+00
  4.224699999997e+01,  1.500005125999e+00,  2.998432825252e+01,  2.199928283691e+00
  4.234700000007e+01,  1.500025033951e+00,  2.998430834457e+01,  2.199256181717e+00
  4.244700000016e+01,  1.499988794327e+00,  2.998434458420e+01,  2.199742317200e+00
  4.254700000002e+01,  1.499992728233e+00,  2.998434065029e+01,  2.199384212494e+00
  4.264700000011e+01,  1.500005006790e+00,  2.998432837173e+01,  2.197100400925e+00
  4.274699999997e+01,  1.500005722046e+00,  2.998432765648e+01,  2.200458526611e+00
  4.284700000007e+01,  1.499997973442e+00,  2.998433540508e+01,  2.197385072708e+00
  4.294700000016e+01,  1.499998211861e+00,  2.998433516666e+01,  2.197256326675e+00
  4.304700000002e+01,  1.500033855438e+00,  2.998429952309e+01,  2.197520971298e+00
  4.314700000011e+01,  1.499967455864e+00,  2.998436592266e+01,  2.197968482971e+00
  4.324699999997e+01,  1.499963521957e+00,  2.998436985657e+01,  2.195225715637e+00
  4.334700000007e+01,  1.500007748604e+00,  2.998432562992e+01,  2.195111513138e+00
  4.344700000016e+01,  1.499995470047e+00,  2.998433790848e+01,  2.194957494736e+00
  4.354700000002e+01,  1.500011920929e+00,  2.998432145760e+01,  2.194339990616e+00
  4.364700000011e+01,  1.500002741814e+00,  2.998433063671e+01,  2.191936969757e+00
  4.374699999997e+01,  1.500001072884e+00,  2.998433230564e+01,  2.192686319351e+00
  4.384700000007e+01,  1.500010848045e+00,  2.998432253048e+01,  2.194190502167e+00
  4.394700000016e+01,  1.500005841255e+00,  2.998432753727e+01,  2.193150758743e+00
  4.404700000002e+01,  1.499991774559e+00,  2.998434160397e+01,  2.192709207535e+00
  4.414700000011e+01,  1.499993085861e+00,  2.998434029266e+01,  2.193932771683e+00
  4.424699999997e+01,  1.499981522560e+00,  2.998435185596e+01,  2.192909717560e+00
  4.434700000007e+01,  1.499992966652e+00,  2.998434041187e+01,  2.191347360611e+00
  4.444700000016e+01,  1.499981164932e+00,  2.998435221359e+01,  2.192137241364e+00
  4.454700000002e+01,  1.500034928322e+00,  2.998429845020e+01,  2.190928220749e+00
  4.464700000011e+01,  1.500012040138e+00,  2.998432133839e+01,  2.191640615463e+00
  4.474699999997e+01,  1.499985814095e+00,  2.998434756443e+01,  2.192233800888e+00
  4.484700000007e+01,  1.500016331673e+00,  2.998431704685e+01,  2.190610885620e+00
  4.494700000016e+01,  1.499981045723e+00,  2.998435233280e+01,  2.190836429596e+00
  4.504700000002e+01,  1.499987959862e+00,  2.998434541866e+01,  2.189960241318e+00
  4.514700000011e+01,  1.500000715256e+00,  2.998433266327e+01,  2.191085338593e+00
  4.524699999997e+01,  1.500002861023e+00,  2.998433051750e+01,  2.190211772919e+00
  4.534700000007e+01,  1.499991893768e+00,  2.998434148476e+01,  2.190515518188e+00
  4.544700000016e+01,  1.500019311905e+00,  2.998431406662e+01,  2.189743280411e+00
  4.554700000002e+01,  1.500017285347e+00,  2.998431609318e+01,  2.187897205353e+00
  4.564700000011e+01,  1.500008344650e+00,  2.998432503387e+01,  2.188190460205e+00
  4.574699999997e+01,  1.499996900558e+00,  2.998433647797e+01,  2.188268423080e+00
  4.584700000007e+01,  1.499981164932e+00,  2.998435221359e+01,  2.190816879272e+00
  4.594700000016e+01,  1.499997258186e+00,  2.998433612034e+01,  2.186638116837e+00
  4.604700000002e+01,  1.500007748604e+00,  2.998432562992e+01,  2.187515258789e+00
  4.614700000011e+01,  1.499997615814e+00,  2.998433576271e+01,  2.186342477798e+00
  4.624699999997e+01,  1.499996304512e+00,  2.998433707401e+01,  2.185097217560e+00
  4.634700000007e+01,  1.500022530556e+00,  2.998431084797e+01,  2.186390638351e+00
  4.644700000016e+01,  1.500027656555e+00,  2.998430572197e+01,  2.186206340790e+00
  4.654700000002e+01,  1.500006794930e+00,  2.998432658359e+01,  2.185649633408e+00
  4.664700000011e+01,  1.500003218651e+00,  2.998433015987e+01,  2.187919378281e+00
  4.674699999997e+01,  1.500017404556e+00,  2.998431597397e+01,  2.186677932739e+00
  4.684700000007e+01,  1.500025391579e+00,  2.998430798695e+01,  2.186428070068e+00
  4.694700000016e+01,  1.500015258789e+00,  2.998431811973e+01,  2.186956644058e+00
  4.704700000002e+01,  1.499993562698e+00,  2.998433981583e+01,  2.186855077744e+00
  4.714700000011e+01,  1.499970912933e+00,  2.998436246559e+01,  2.185706615448e+00
  4.724699999997e+01,  1.500019431114e+00,  2.998431394741e+01,  2.183714866638e+00
  4.734700000007e+01,  1.500009298325e+00,  2.998432408020e+01,  2.183903932571e+00
  4.744700000016e+01,  1.500027894974e+00,  2.998430548355e+01,  2.185429573059e+00
  4.754700000002e+01,  1.500018239021e+00,  2.998431513950e+01,  2.182251214981e+00
  4.764700000011e+01,  1.499985933304e+00,  2.998434744522e+01,  2.182824850082e+00
  4.774699999997e+01,  1.500000715256e+00,  2.998433266327e+01,  2.181890726089e+00
  4.784700000007e+01,  1.499979734421e+00,  2.998435364410e+01,  2.183508634567e+00
  4.794700000016e+01,  1.500022172928e+00,  2.998431120560e+01,  2.183795690536e+00
  4.804700000002e+01,  1.499984622002e+00,  2.998434875652e+01,  2.185394048691e+00
  4.814700000011e+01,  1.500013947487e+00,  2.998431943104e+01,  2.185986518860e+00
  4.824699999997e+01,  1.499974846840e+00,  2.998435853168e+01,  2.182781219482e+00
  4.834700000007e+01,  1.500027418137e+00,  2.998430596039e+01,  2.184311628342e+00
  4.844700000016e+01,  1.500035047531e+00,  2.998429833099e+01,  2.184700489044e+00
  4.854700000002e+01,  1.499985098839e+00,  2.998434827969e+01,  2.181499719620e+00
  4.864700000011e+01,  1.499987959862e+00,  2.998434541866e+01,  2.182602405548e+00
  4.874699999997e+01,  1.500020384789e+00,  2.998431299374e+01,  2.181479692459e+00
  4.884700000007e+01,  1.500011920929e+00,  2.998432145760e+01,  2.180481672287e+00
  4.894700000016e+01,  1.500017285347e+00,  2.998431609318e+01,  2.181546688080e+00
  4.904700000002e+01,  1.500011086464e+00,  2.998432229206e+01,  2.181506872177e+00
  4.914700000011e+01,  1.499965310097e+00,  2.998436806843e+01,  2.180008888245e+00
  4.924699999997e+01,  1.499997854233e+00,  2.998433552429e+01,  2.180782079697e+00
  4.934700000007e+01,  1.500038981438e+00,  2.998429439709e+01,  2.179551362991e+00
  4.944700000016e+01,  1.500015735626e+00,  2.998431764290e+01,  2.179973125458e+00
  4.954700000002e+01,  1.500014066696e+00,  2.998431931183e+01,  2.179918766022e+00
  4.964700000011e+01,  1.500012040138e+00,  2.998432133839e+01,  2.180089473724e+00
  4.974699999997e+01,  1.500016927719e+00,  2.998431645080e+01,  2.180038213730e+00
  4.984700000007e+01,  1.499988317490e+00,  2.998434506103e+01,  2.186423778534e+00
  4.994700000016e+01,  1.500007033348e+00,  2.998432634518e+01,  2.175110101700e+00
  5.004700000002e+01,  1.500007271767e+00,  2.998432610676e+01,  2.175757408142e+00
  5.014700000011e+01,  1.499995589256e+00,  2.998433778927e+01,  2.181526422501e+00
  5.024699999997e+01,  1.500019669533e+00,  2.998431370899e+01,  2.182194948196e+00
  5.034700000007e+01,  1.499998569489e+00,  2.998433480904e+01,  2.174304962158e+00
  5.044700000016e+01,  1.500004768372e+00,  2.998432861015e+01,  2.174533843994e+00
  5.054700000002e+01,  1.499991297722e+00,  2.998434208080e+01,  2.185548782349e+00
  5.064700000011e+01,  1.499983906746e+00,  2.998434947178e+01,  2.177234649658e+00
  5.074699999997e+01,  1.500007987022e+00,  2.998432539150e+01,  2.174875020981e+00
  5.084700000007e+01,  1.499958276749e+00,  2.998437510178e+01,  2.180172443390e+00
  5.094700000016e+01,  1.499971508980e+00,  2.998436186954e+01,  2.182289838791e+00
  5.104700000002e+01,  1.499963760376e+00,  2.998436961815e+01,  2.175279378891e+00
  5.114700000011e+01,  1.499997973442e+00,  2.998433540508e+01,  2.176620721817e+00
  5.124699999997e+01,  1.499999165535e+00,  2.998433421299e+01,  2.181374073029e+00
  5.134700000007e+01,  1.500020861626e+00,  2.998431251690e+01,  2.177841186523e+00
  5.144700000016e+01,  1.500004649162e+00,  2.998432872936e+01,  2.174441576004e+00
  5.154700000002e+01,  1.500010728836e+00,  2.998432264969e+01,  2.176741838455e+00
  5.164700000011e+01,  1.500023722649e+00,  2.998430965588e+01,  2.176093578339e+00
  5.174699999997e+01,  1.499983668327e+00,  2.998434971020e+01,  2.175073862076e+00
  5.184700000007e+01,  1.500004291534e+00,  2.998432908699e+01,  2.175687789917e+00
  5.194700000016e+01,  1.499986290932e+00,  2.998434708759e+01,  2.176200866699e+00
  5.204700000002e+01,  1.499987125397e+00,  2.998434625313e+01,  2.175756931305e+00
  5.214700000011e+01,  1.499988079071e+00,  2.998434529945e+01,  2.175209283829e+00
  5.224699999997e+01,  1.500025272369e+00,  2.998430810615e+01,  2.175320863724e+00
  5.234700000007e+01,  1.499971866608e+00,  2.998436151192e+01,  2.175816059113e+00
  5.244700000016e+01,  1.499980092049e+00,  2.998435328648e+01,  2.172322988510e+00
  5.254700000002e+01,  1.499995231628e+00,  2.998433814690e+01,  2.172399044037e+00
  5.264700000011e+01,  1.499987483025e+00,  2.998434589550e+01,  2.175300836563e+00
  5.274699999997e+01,  1.499995470047e+00,  2.998433790848e+01,  2.173703908920e+00
  5.284700000007e+01,  1.499974489212e+00,  2.998435888931e+01,  2.170918464661e+00
  5.294700000016e+01,  1.499965429306e+00,  2.998436794922e+01,  2.173719406128e+00
  5.304700000002e+01,  1.500030636787e+00,  2.998430274174e+01,  2.172719001770e+00
  5.314700000011e+01,  1.500022172928e+00,  2.998431120560e+01,  2.172420501709e+00
  5.324699999997e+01,  1.500034809113e+00,  2.998429856941e+01,  2.169271230698e+00
  5.334700000007e+01,  1.499961376190e+00,  2.998437200233e+01,  2.171175956726e+00
  5.344700000016e+01,  1.499985098839e+00,  2.998434827969e+01,  2.170033454895e+00
  5.354700000002e+01,  1.499988794327e+00,  2.998434458420e+01,  2.172372817993e+00
  5.364700000011e+01,  1.499986290932e+00,  2.998434708759e+01,  2.169917345047e+00
  5.374699999997e+01,  1.500000238419e+00,  2.998433314011e+01,  2.172642707825e+00
  5.384700000007e+01,  1.500006675720e+00,  2.998432670280e+01,  2.172629117966e+00
  5.394700000016e+01,  1.499996423721e+00,  2.998433695480e+01,  2.169778347015e+00
  5.404700000002e+01,  1.499988079071e+00,  2.998434529945e+01,  2.172287940979e+00
  5.414700000011e+01,  1.499984025955e+00,  2.998434935257e+01,  2.169352293015e+00
  5.424699999997e+01,  1.500008583069e+00,  2.998432479546e+01,  2.171596765518e+00
  5.434700000007e+01,  1.500008702278e+00,  2.998432467625e+01,  2.167020082474e+00
  5.444700000016e+01,  1.500014543533e+00,  2.998431883499e+01,  2.170416355133e+00
  5.454700000002e+01,  1.499985694885e+00,  2.998434768364e+01,  2.168975591660e+00
  5.464700000011e+01,  1.500025391579e+00,  2.998430798695e+01,  2.168151855469e+00
  5.474699999997e+01,  1.499981880188e+00,  2.998435149834e+01,  2.169624328613e+00
  5.484700000007e+01,  1.499976277351e+00,  2.998435710117e+01,  2.169541835785e+00
  5.494700000016e+01,  1.500015735626e+00,  2.998431764290e+01,  2.165012359619e+00
  5.504700000002e+01,  1.499991536140e+00,  2.998434184238e+01,  2.166786909103e+00
  5.514700000011e+01,  1.500005364418e+00,  2.998432801411e+01,  2.167216539383e+00
  5.524699999997e+01,  1.499992609024e+00,  2.998434076950e+01,  2.168493032455e+00
  5.534700000007e+01,  1.500008225441e+00,  2.998432515308e+01,  2.166466236115e+00
  5.544700000016e+01,  1.499997735023e+00,  2.998433564350e+01,  2.167166233063e+00
  5.554700000002e+01,  1.499994993210e+00,  2.998433838531e+01,  2.168150663376e+00
  5.564700000011e+01,  1.499974608421e+00,  2.998435877010e+01,  2.165234804153e+00
  5.574699999997e+01,  1.499999165535e+00,  2.998433421299e+01,  2.164818048477e+00
  5.584700000007e+01,  1.500003695488e+00,  2.998432968304e+01,  2.164768218994e+00
  5.594700000016e+01,  1.499965190887e+00,  2.998436818764e+01,  2.164776325226e+00
  5.604700000002e+01,  1.499987006187e+00,  2.998434637234e+01,  2.164589405060e+00
  5.614700000011e+01,  1.499993205070e+00,  2.998434017345e+01,  2.165265321732e+00
  5.624699999997e+01,  1.500006914139e+00,  2.998432646439e+01,  2.164831876755e+00
  5.634700000007e+01,  1.499973535538e+00,  2.998435984299e+01,  2.166458606720e+00
  5.644700000016e+01,  1.499995350838e+00,  2.998433802769e+01,  2.162102460861e+00
  5.654700000002e+01,  1.500038981438e+00,  2.998429439709e+01,  2.165637969971e+00
  5.664700000011e+01,  1.500025033951e+00,  2.998430834457e+01,  2.163158416748e+00
  5.674699999997e+01,  1.500023841858e+00,  2.998430953667e+01,  2.163415670395e+00
  5.684700000007e+01,  1.500046849251e+00,  2.998428652927e+01,  2.163965463638e+00
  5.694700000016e+01,  1.500035405159e+00,  2.998429797337e+01,  2.164670944214e+00
  5.704700000002e+01,  1.499989628792e+00,  2.998434374973e+01,  2.162645101547e+00
  5.714700000011e+01,  1.499995589256e+00,  2.998433778927e+01,  2.161385774612e+00
  5.724699999997e+01,  1.499977946281e+00,  2.998435543224e+01,  2.165683031082e+00
  5.734700000007e+01,  1.500007033348e+00,  2.998432634518e+01,  2.161992073059e+00
  5.744700000016e+01,  1.499994277954e+00,  2.998433910057e+01,  2.163039207458e+00
  5.754700000002e+01,  1.499971032143e+00,  2.998436234638e+01,  2.163444280624e+00
  5.764700000011e+01,  1.500005245209e+00,  2.998432813332e+01,  2.160957813263e+00
  5.774699999997e+01,  1.500005006790e+00,  2.998432837173e+01,  2.164665699005e+00
  5.784700000007e+01,  1.499982357025e+00,  2.998435102150e+01,  2.157868623734e+00
  5.794700000016e+01,  1.499991416931e+00,  2.998434196159e+01,  2.165199756622e+00
  5.804700000002e+01,  1.499979972839e+00,  2.998435340568e+01,  2.161819458008e+00
  5.814700000011e+01,  1.499981045723e+00,  2.998435233280e+01,  2.160958528519e+00
  5.824699999997e+01,  1.499997735023e+00,  2.998433564350e+01,  2.159085512161e+00
  5.834700000007e+01,  1.500014662743e+00,  2.998431871578e+01,  2.162153959274e+00
  5.844700000016e+01,  1.499995827675e+00,  2.998433755085e+01,  2.160614728928e+00
  5.854700000002e+01,  1.500020027161e+00,  2.998431335136e+01,  2.157326698303e+00
  5.864700000011e+01,  1.500011324883e+00,  2.998432205364e+01,  2.160403013229e+00
  5.874699999997e+01,  1.500000715256e+00,  2.998433266327e+01,  2.157340526581e+00
  5.884700000007e+01,  1.499962449074e+00,  2.998437092945e+01,  2.159947156906e+00
  5.894700000016e+01,  1.499992489815e+00,  2.998434088871e+01,  2.158259153366e+00
  5.904700000002e+01,  1.499994635582e+00,  2.998433874294e+01,  2.159170150757e+00
  5.914700000011e+01,  1.499984264374e+00,  2.998434911415e+01,  2.158193826675e+00
  5.924699999997e+01,  1.499979615211e+00,  2.998435376331e+01,  2.157384872437e+00
  5.934700000007e+01,  1.499980688095e+00,  2.998435269043e+01,  2.156723737717e+00
  5.944700000016e+01,  1.499985933304e+00,  2.998434744522e+01,  2.153191566467e+00
  5.954700000002e+01,  1.500016808510e+00,  2.998431657001e+01,  2.157826423645e+00
  5.964700000011e+01,  1.499998569489e+00,  2.998433480904e+01,  2.157071828842e+00
  5.974699999997e+01,  1.500009894371e+00,  2.998432348415e+01,  2.156330108643e+00
  5.984700000007e+01,  1.500013589859e+00,  2.998431978867e+01,  2.157581806183e+00
  5.994700000016e+01,  1.500003695488e+00,  2.998432968304e+01,  2.156086206436e+00
  6.004700000002e+01,  1.499999761581e+00,  2.998433361694e+01,  2.155438423157e+00
  6.014700000011e+01,  1.499983906746e+00,  2.998434947178e+01,  2.154052019119e+00
  6.024699999997e+01,  1.499980330467e+00,  2.998435304806e+01,  2.156235933304e+00
  6.034700000007e+01,  1.500016570091e+00,  2.998431680843e+01,  2.154084444046e+00
  6.044700000016e+01,  1.499979496002e+00,  2.998435388252e+01,  2.154664516449e+00
  6.054700000002e+01,  1.500020980835e+00,  2.998431239769e+01,  2.153463125229e+00
  6.064700000011e+01,  1.500021100044e+00,  2.998431227848e+01,  2.151604652405e+00
  6.074699999997e+01,  1.500005245209e+00,  2.998432813332e+01,  2.153482675552e+00
  6.084700000007e+01,  1.500003218651e+00,  2.998433015987e+01,  2.152095556259e+00
  6.094700000016e+01,  1.499973654747e+00,  2.998435972378e+01,  2.152686119080e+00
  6.104700000002e+01,  1.499989986420e+00,  2.998434339210e+01,  2.154325962067e+00
  6.114700000011e+01,  1.499975681305e+00,  2.998435769722e+01,  2.156136274338e+00
  6.124699999997e+01,  1.500008106232e+00,  2.998432527229e+01,  2.153243780136e+00
  6.134700000007e+01,  1.500004172325e+00,  2.998432920620e+01,  2.152731418610e+00
  6.144700000016e+01,  1.499990582466e+00,  2.998434279606e+01,  2.153580904007e+00
  6.154700000002e+01,  1.499969124794e+00,  2.998436425373e+01,  2.152265548706e+00
  6.164700000011e+01,  1.500005364418e+00,  2.998432801411e+01,  2.152087688446e+00
  6.174699999997e+01,  1.500016689301e+00,  2.998431668922e+01,  2.149772405624e+00
  6.184700000007e+01,  1.499993681908e+00,  2.998433969662e+01,  2.151150703430e+00
  6.194700000016e+01,  1.500009894371e+00,  2.998432348415e+01,  2.150141239166e+00
  6.204600000009e+01,  1.500012636185e+00,  2.998432074234e+01,  2.150890111923e+00
  6.204700000002e+01,  1.500011086464e+00,  2.998432229206e+01,  2.150920152664e+00
  6.205000000005e+01,  1.500009179115e+00,  2.998432419941e+01,  2.151231527328e+00
  6.215000000014e+01,  1.499888062477e+00,  2.998444531605e+01,  2.153003931046e+00
  6.222600000002e+01,  1.489792943001e+00,  2.999454043552e+01,  2.149987220764e+00
  6.224900000007e+01,  1.479525685310e+00,  3.000480769321e+01,  2.123302936554e+00
  6.226050000009e+01,  1.469121098518e+00,  3.001521228001e+01,  2.095909595490e+00
  6.226850000001e+01,  1.458455204964e+00,  3.002587817356e+01,  2.088264942169e+00
  6.227500000014e+01,  1.448399662971e+00,  3.003593371555e+01,  2.077469348907e+00
  6.228150000004e+01,  1.437615513802e+00,  3.004671786472e+01,  2.059570789337e+00
  6.228750000009e+01,  1.427201390266e+00,  3.005713198826e+01,  2.045830249786e+00
  6.229350000015e+01,  1.416695713997e+00,  3.006763766453e+01,  2.030449390411e+00
  6.229950000020e+01,  1.406396031380e+00,  3.007793734714e+01,  2.016441822052e+00
  6.230600000010e+01,  1.395844578743e+00,  3.008848879978e+01,  2.000916004181e+00
  6.231300000008e+01,  1.385747075081e+00,  3.009858630344e+01,  1.984335303307e+00
  6.232100000000e+01,  1.375695347786e+00,  3.010863803074e+01,  1.952146887779e+00
  6.232949999999e+01,  1.365452885628e+00,  3.011888049290e+01,  1.923727393150e+00
  6.233799999999e+01,  1.354851841927e+00,  3.012948153660e+01,  1.898992896080e+00
  6.234600000014e+01,  1.344163060188e+00,  3.014017031834e+01,  1.871572852135e+00
  6.235300000012e+01,  1.333905339241e+00,  3.015042803928e+01,  1.855898261070e+00
  6.236000000010e+01,  1.323247075081e+00,  3.016108630344e+01,  1.844747900963e+00
  6.236700000009e+01,  1.312871098518e+00,  3.017146228001e+01,  1.826292395592e+00
  6.237450000015e+01,  1.302361607552e+00,  3.018197177097e+01,  1.808424353600e+00
  6.238250000007e+01,  1.292218327522e+00,  3.019211505100e+01,  1.789839148521e+00
  6.239199999999e+01,  1.281811833382e+00,  3.020252154514e+01,  1.773058295250e+00
  6.240450000018e+01,  1.271464467049e+00,  3.021286891148e+01,  1.743574500084e+00
  6.241850000015e+01,  1.261317372322e+00,  3.022301600620e+01,  1.708402991295e+00
  6.243050000002e+01,  1.250910878181e+00,  3.023342250034e+01,  1.684168219566e+00
  6.244050000003e+01,  1.240803837776e+00,  3.024352954075e+01,  1.666509985924e+00
  6.245000000019e+01,  1.230534672737e+00,  3.025379870579e+01,  1.649465918541e+00
  6.245950000011e+01,  1.220208287239e+00,  3.026412509128e+01,  1.632261633873e+00
  6.246950000012e+01,  1.209795832634e+00,  3.027453754589e+01,  1.612964153290e+00
  6.247999999998e+01,  1.199591517448e+00,  3.028474186108e+01,  1.593165874481e+00
  6.249100000015e+01,  1.189486384392e+00,  3.029484699413e+01,  1.571784496307e+00
  6.250200000009e+01,  1.179470896721e+00,  3.030486248180e+01,  1.551642894745e+00
  6.251300000004e+01,  1.169253230095e+00,  3.031508014843e+01,  1.531337261200e+00
  6.252399999998e+01,  1.158812403679e+00,  3.032552097485e+01,  1.513232707977e+00
  6.253450000007e+01,  1.148711085320e+00,  3.033562229320e+01,  1.492496013641e+00
  6.254500000016e+01,  1.138308405876e+00,  3.034602497265e+01,  1.471072673798e+00
  6.255500000017e+01,  1.127920985222e+00,  3.035641239330e+01,  1.448264598846e+00
  6.256450000009e+01,  1.117548823357e+00,  3.036678455517e+01,  1.430671215057e+00
  6.257350000017e+01,  1.107516169548e+00,  3.037681720898e+01,  1.411185741425e+00
  6.258250000002e+01,  1.097514033318e+00,  3.038681934521e+01,  1.393954753876e+00
  6.259200000018e+01,  1.087363123894e+00,  3.039697025463e+01,  1.374637126923e+00
  6.260200000019e+01,  1.077303767204e+00,  3.040702961132e+01,  1.354091167450e+00
  6.261250000005e+01,  1.067246317863e+00,  3.041708706066e+01,  1.333152294159e+00
  6.262300000014e+01,  1.057215571404e+00,  3.042711780712e+01,  1.312980175018e+00
  6.263350000000e+01,  1.046919703484e+00,  3.043741367504e+01,  1.293082714081e+00
  6.264350000001e+01,  1.036871790886e+00,  3.044746158764e+01,  1.274077892303e+00
  6.265350000001e+01,  1.026743769646e+00,  3.045758960888e+01,  1.255176067352e+00
  6.266350000002e+01,  1.016730189323e+00,  3.046760318920e+01,  1.235618114471e+00
  6.267400000012e+01,  1.006346583366e+00,  3.047798679516e+01,  1.216189861298e+00
  6.268449999997e+01,  9.960011243820e-01,  3.048833225414e+01,  1.197772502899e+00
  6.269500000007e+01,  9.855908155441e-01,  3.049874256298e+01,  1.178763866425e+00
  6.270500000007e+01,  9.755657911301e-01,  3.050876758739e+01,  1.159633159637e+00
  6.271500000008e+01,  9.654377698898e-01,  3.051889560863e+01,  1.140643596649e+00
  6.272500000009e+01,  9.553465247154e-01,  3.052898685381e+01,  1.120611310005e+00
  6.273500000010e+01,  9.452833533287e-01,  3.053905002520e+01,  1.100977063179e+00
  6.274500000011e+01,  9.351667761803e-01,  3.054916660234e+01,  1.083402752876e+00
  6.275500000012e+01,  9.250273108482e-01,  3.055930606768e+01,  1.067804455757e+00
  6.276500000013e+01,  9.150251746178e-01,  3.056930820391e+01,  1.049696087837e+00
  6.277549999999e+01,  9.046778082848e-01,  3.057965557024e+01,  1.029634594917e+00
  6.278600000008e+01,  8.943418860435e-01,  3.058999149248e+01,  1.009710431099e+00
  6.279650000017e+01,  8.839887976646e-01,  3.060034458086e+01,  9.903241991997e-01
  6.280700000003e+01,  8.736509680748e-01,  3.061068241045e+01,  9.710142016411e-01
  6.281750000012e+01,  8.632616400719e-01,  3.062107173845e+01,  9.519636034966e-01
  6.282799999998e+01,  8.527674078941e-01,  3.063156597063e+01,  9.337865710258e-01
  6.283850000007e+01,  8.423036932945e-01,  3.064202968523e+01,  9.134542346001e-01
  6.284900000016e+01,  8.318781256676e-01,  3.065245525286e+01,  8.926755785942e-01
  6.285950000002e+01,  8.214105963707e-01,  3.066292278215e+01,  8.726179003716e-01
  6.286950000003e+01,  8.113817572594e-01,  3.067295162126e+01,  8.537008166313e-01
  6.287950000004e+01,  8.012842535973e-01,  3.068304912493e+01,  8.370611071587e-01
  6.288950000005e+01,  7.911791205406e-01,  3.069315425798e+01,  8.209745287895e-01
  6.289950000006e+01,  7.810663580894e-01,  3.070326702043e+01,  8.048993945122e-01
  6.290950000007e+01,  7.710184454918e-01,  3.071331493303e+01,  7.894765734673e-01
  6.292000000016e+01,  7.606272101402e-01,  3.072370616838e+01,  7.724630236626e-01
  6.293050000002e+01,  7.503237128258e-01,  3.073400966570e+01,  7.547742724419e-01
  6.294100000011e+01,  7.399935126305e-01,  3.074433986589e+01,  7.369672656059e-01
  6.295150000020e+01,  7.295450568199e-01,  3.075478832170e+01,  7.199537158012e-01
  6.296149999998e+01,  7.194857001305e-01,  3.076484767839e+01,  7.020933032036e-01
  6.297149999999e+01,  7.093322873116e-01,  3.077500109121e+01,  6.849609017372e-01
  6.298149999999e+01,  6.992157101631e-01,  3.078511766836e+01,  6.668410897255e-01
  6.299150000000e+01,  6.891868710518e-01,  3.079514650747e+01,  6.483893990517e-01
  6.300200000009e+01,  6.787307858467e-01,  3.080560259268e+01,  6.288085579872e-01
  6.301250000019e+01,  6.682441830635e-01,  3.081608919546e+01,  6.110435128212e-01
  6.302250000020e+01,  6.582077145576e-01,  3.082612566397e+01,  5.950141549110e-01
  6.303249999997e+01,  6.481025815010e-01,  3.083623079702e+01,  5.792899727821e-01
  6.304249999998e+01,  6.379554867744e-01,  3.084637789175e+01,  5.642905831337e-01
  6.305249999999e+01,  6.277816891670e-01,  3.085655168936e+01,  5.499129891396e-01
  6.306250000000e+01,  6.177375912666e-01,  3.086659578726e+01,  5.346999764442e-01
  6.307300000009e+01,  6.073883175850e-01,  3.087694506094e+01,  5.164847970009e-01
  6.308350000018e+01,  5.971000790596e-01,  3.088723329946e+01,  4.986243844032e-01
  6.309400000004e+01,  5.867431759834e-01,  3.089759020254e+01,  4.824538826942e-01
  6.310450000013e+01,  5.763366818428e-01,  3.090799669668e+01,  4.660201668739e-01
  6.311450000014e+01,  5.663269162178e-01,  3.091800646231e+01,  4.513869881630e-01
  6.312450000015e+01,  5.562904477119e-01,  3.092804293081e+01,  4.360290169716e-01
  6.313450000016e+01,  5.462463498116e-01,  3.093808702871e+01,  4.191718697548e-01
  6.314450000017e+01,  5.362289547920e-01,  3.094810442373e+01,  4.017196297646e-01
  6.315500000003e+01,  5.257614254951e-01,  3.095857195303e+01,  3.838668465614e-01
  6.316550000012e+01,  5.153587460518e-01,  3.096897463247e+01,  3.667693734169e-01
  6.317599999998e+01,  5.048950314522e-01,  3.097943834707e+01,  3.516097664833e-01
  6.318650000007e+01,  4.944656491280e-01,  3.098986772940e+01,  3.364539742470e-01
  6.319700000016e+01,  4.840820431709e-01,  3.100025133535e+01,  3.217216134071e-01
  6.320750000002e+01,  4.737213253975e-01,  3.101061205313e+01,  3.058143258095e-01
  6.321800000011e+01,  4.632804989815e-01,  3.102105287954e+01,  2.897697091103e-01
  6.322850000020e+01,  4.528010189533e-01,  3.103153235957e+01,  2.746755182743e-01
  6.323900000006e+01,  4.423182308674e-01,  3.104201514766e+01,  2.600614130497e-01
  6.324950000015e+01,  4.318888485432e-01,  3.105244452998e+01,  2.449399679899e-01
  6.326000000001e+01,  4.214632809162e-01,  3.106287009761e+01,  2.293683737516e-01
  6.327050000010e+01,  4.110262691975e-01,  3.107330710933e+01,  2.134191244841e-01
  6.328050000011e+01,  4.010050594807e-01,  3.108332831904e+01,  1.981794089079e-01
  6.329050000012e+01,  3.908846676350e-01,  3.109344871089e+01,  1.838056296110e-01
  6.330050000013e+01,  3.807146847248e-01,  3.110361869380e+01,  1.699773520231e-01
  6.331050000014e+01,  3.706591427326e-01,  3.111367423579e+01,  1.579076498747e-01
  6.332100000000e+01,  3.602450191975e-01,  3.112408835933e+01,  1.436711996794e-01
  6.333150000009e+01,  3.498881161213e-01,  3.113444526240e+01,  1.293126791716e-01
  6.334150000010e+01,  3.398630917072e-01,  3.114447028682e+01,  1.171361654997e-01
  6.335150000011e+01,  3.297159969807e-01,  3.115461738154e+01,  1.047956198454e-01
  6.336150000012e+01,  3.195154964924e-01,  3.116481788203e+01,  9.261147677898e-02
  6.337150000012e+01,  3.093684017658e-01,  3.117496497676e+01,  8.044640719891e-02
  6.338150000013e+01,  2.992823421955e-01,  3.118505103633e+01,  6.888024508953e-02
  6.339150000014e+01,  2.892382442951e-01,  3.119509513423e+01,  5.697838962078e-02
  6.340150000015e+01,  2.791559994221e-01,  3.120517737910e+01,  4.526345431805e-02
  6.341150000016e+01,  2.689860165119e-01,  3.121534736201e+01,  3.515069186687e-02
  6.342150000017e+01,  2.587855160236e-01,  3.122554786250e+01,  2.577225677669e-02
  6.343150000018e+01,  2.487414181232e-01,  3.123559196040e+01,  1.549927797168e-02
  6.344200000004e+01,  2.384112179279e-01,  3.124592216060e+01,  3.355188993737e-03
  6.345250000013e+01,  2.280390560627e-01,  3.125629432246e+01, -6.133870687336e-03
  6.346299999999e+01,  2.176134884357e-01,  3.126671989009e+01, -1.742156036198e-02
  6.347300000000e+01,  2.075599730015e-01,  3.127677340552e+01, -2.604150958359e-02
  6.348300000001e+01,  1.974166929722e-01,  3.128691668555e+01, -3.452157974243e-02
  6.349300000002e+01,  1.872963011265e-01,  3.129703707740e+01, -3.954267501831e-02
  6.350350000011e+01,  1.769413053989e-01,  3.130739207313e+01, -4.628515243530e-02
  6.351400000020e+01,  1.666721403599e-01,  3.131766123816e+01, -5.348443984985e-02
  6.352450000006e+01,  1.561893522739e-01,  3.132814402625e+01, -4.933893680573e-02
  6.353450000007e+01,  1.461490690708e-01,  3.133818430945e+01, -4.042971134186e-02
  6.354450000008e+01,  1.361431181431e-01,  3.134819026038e+01, -3.096163459122e-02
  6.355500000017e+01,  1.256946623325e-01,  3.135863871619e+01, -2.174151130021e-02
  6.356550000003e+01,  1.152690947056e-01,  3.136906428382e+01, -1.143801398575e-02
  6.357600000012e+01,  1.048091948032e-01,  3.137952418372e+01, -1.056645996869e-02
  6.358600000013e+01,  9.464302659035e-02,  3.138969035193e+01, -9.212078526616e-03
  6.359600000014e+01,  8.453789353371e-02,  3.139979548499e+01, -9.153785184026e-03
  6.360600000015e+01,  7.451668381691e-02,  3.140981669471e+01, -9.472543373704e-03
  6.361650000000e+01,  6.408348679543e-02,  3.142024989173e+01, -1.097481884062e-02
  6.362650000001e+01,  5.393639579415e-02,  3.143039698273e+01, -1.093130744994e-02
  6.363650000002e+01,  4.363289847970e-02,  3.144070048004e+01, -7.991367951035e-03
  6.364650000003e+01,  3.348198905587e-02,  3.145085138947e+01, -5.800300743431e-03
  6.365749999997e+01,  2.309265919030e-02,  3.146124071933e+01, -2.437645336613e-03
  6.367050000001e+01,  1.292649190873e-02,  3.147140688662e+01,  4.891342017800e-03
  6.369449999998e+01,  2.817543921992e-03,  3.148151583460e+01, -1.469002687372e-03
  6.369700000016e+01,  2.243908820674e-03,  3.148208946970e+01, -2.250062068924e-03
  6.369800000009e+01,  2.034100471064e-03,  3.148229927805e+01, -2.464638790116e-03
  6.370600000001e+01,  6.527031655423e-04,  3.148368067536e+01, -4.075871314853e-03
  6.370900000003e+01,  2.578819985501e-04,  3.148407549653e+01, -4.728661384434e-03
  6.395000000019e+01, -2.095619216561e-03,  3.148642899774e+01, -9.498802013695e-03
  6.395100000012e+01, -2.089187502861e-03,  3.148642256603e+01, -9.513680823147e-03
