           Test time,     Standard travel,     Tool separation,      Standard force
                 0.0,                 0.0,  2.940360692503e+01, -4.683776199818e-02
                 0.0,                 0.0,  2.940360702188e+01, -4.689033329487e-02
                 0.0,                 0.0,  2.940359909435e+01, -4.712614044547e-02
                 0.0,                 0.0,  2.940361374266e+01, -4.719651862979e-02
                 0.0,                 0.0,  2.940360947347e+01, -4.715300723910e-02
                 0.0,                 0.0,  2.940362248375e+01, -4.726296290755e-02
  0.000000000000e+00,  0.000000000000e+00,  2.940362404325e+01, -4.695826396346e-02
  8.000001311302e-03,  3.582332283258e-06,  2.940362046092e+01, -4.724358394742e-02
  1.100000739098e-02,  3.194902092218e-06,  2.940362084835e+01, -4.760407283902e-02
  1.300001144409e-02,  4.685018211603e-06,  2.940361935823e+01, -4.766335338354e-02
  1.400001347065e-02,  5.337409675121e-06,  2.940361870584e+01, -4.765463620424e-02
  1.145000010729e-01, -2.820798181347e-05,  2.940365225123e+01, -4.646672308445e-02
  2.145000100136e-01,  2.714575566642e-05,  2.940359689750e+01, -4.445112124085e-02
  3.150000125170e-01, -6.373009000527e-06,  2.940363041626e+01, -4.516433924437e-02
  4.155000001192e-01, -5.787710051663e-06,  2.940362983096e+01, -4.366012290120e-02
  5.050000101328e-01,  1.010312978178e-02,  2.939352091347e+01, -4.381139203906e-02
  5.265000015497e-01,  2.045240439475e-02,  2.938317163886e+01, -1.884705945849e-02
  5.370000004768e-01,  3.078641928732e-02,  2.937283762396e+01, -8.074592798948e-03
  5.445000082254e-01,  4.104413837194e-02,  2.936257990488e+01, -1.805193349719e-02
  5.509999990463e-01,  5.105008929968e-02,  2.935257395395e+01, -2.106363698840e-02
  5.575000047684e-01,  6.169690936804e-02,  2.934192713388e+01, -2.212150581181e-02
  5.635000020266e-01,  7.188215106726e-02,  2.933174189218e+01, -2.649314887822e-02
  5.694999992847e-01,  8.215513080359e-02,  2.932146891245e+01, -2.831943519413e-02
  5.755000114441e-01,  9.223356097937e-02,  2.931139048227e+01, -3.349693492055e-02
  5.820000022650e-01,  1.025027260184e-01,  2.930112131723e+01, -3.697069361806e-02
  5.895000100136e-01,  1.129778847098e-01,  2.929064615854e+01, -3.258867934346e-02
  5.975000113249e-01,  1.229952797294e-01,  2.928062876352e+01, -1.788301952183e-02
  6.060000061989e-01,  1.333788931370e-01,  2.927024515012e+01, -8.704857900739e-03
  6.140000075102e-01,  1.434496939182e-01,  2.926017434933e+01, -2.252297475934e-03
  6.220000088215e-01,  1.539629995823e-01,  2.924966104367e+01, -1.157717895694e-03
  6.295000016689e-01,  1.640147268772e-01,  2.923960931637e+01, -3.686455020215e-04
  6.370000094175e-01,  1.740407198668e-01,  2.922958332339e+01,  3.100439906120e-03
  6.450000107288e-01,  1.846913546324e-01,  2.921893268862e+01,  5.842730402946e-03
  6.530000120401e-01,  1.951550692320e-01,  2.920846897402e+01,  6.410822272301e-03
  6.610000133514e-01,  2.051610201597e-01,  2.919846302309e+01,  5.816444754601e-03
  6.700000017881e-01,  2.154378145933e-01,  2.918818622866e+01,  8.187644183636e-03
  6.800000071526e-01,  2.256879061460e-01,  2.917793613711e+01,  1.543366163969e-02
  6.905000060797e-01,  2.356938570738e-01,  2.916793018618e+01,  2.254330366850e-02
  7.015000134706e-01,  2.459954470396e-01,  2.915762859621e+01,  2.883850783110e-02
  7.120000123978e-01,  2.560528814793e-01,  2.914757116177e+01,  3.379141539335e-02
  7.225000113249e-01,  2.664002478123e-01,  2.913722379544e+01,  3.726803511381e-02
  7.330000102520e-01,  2.768220007420e-01,  2.912680204251e+01,  4.102455824614e-02
  7.435000091791e-01,  2.871216833591e-01,  2.911650235989e+01,  4.507958143950e-02
  7.540000081062e-01,  2.972020208836e-01,  2.910642202237e+01,  5.200325697660e-02
  7.645000070333e-01,  3.073224127293e-01,  2.909630163052e+01,  5.810867995024e-02
  7.750000059605e-01,  3.176812231541e-01,  2.908594282010e+01,  6.234585493803e-02
  7.850000113249e-01,  3.276871740818e-01,  2.907593686917e+01,  6.649052351713e-02
  7.950000017881e-01,  3.377389013767e-01,  2.906588514188e+01,  7.133518904448e-02
  8.055000007153e-01,  3.481873571873e-01,  2.905543668606e+01,  7.549130171537e-02
  8.159999996424e-01,  3.583916723728e-01,  2.904523237088e+01,  8.241879194975e-02
  8.265000134706e-01,  3.685025274754e-01,  2.903512151578e+01,  8.972393721342e-02
  8.370000123978e-01,  3.788270056248e-01,  2.902479703763e+01,  9.507786482573e-02
  8.470000028610e-01,  3.888939917088e-01,  2.901473005154e+01,  9.750663489103e-02
  8.570000082254e-01,  3.990372717381e-01,  2.900458677151e+01,  1.016665622592e-01
  8.670000135899e-01,  4.091691076756e-01,  2.899445493558e+01,  1.071005985141e-01
  8.770000040531e-01,  4.192818701267e-01,  2.898434217313e+01,  1.120396777987e-01
  8.870000094175e-01,  4.293159544468e-01,  2.897430808881e+01,  1.177801638842e-01
  8.975000083447e-01,  4.396957457066e-01,  2.896392829755e+01,  1.248125582933e-01
  9.080000072718e-01,  4.500984251499e-01,  2.895352561810e+01,  1.310343295336e-01
  9.185000061989e-01,  4.605697691441e-01,  2.894305427411e+01,  1.362070590258e-01
  9.285000115633e-01,  4.705719053745e-01,  2.893305213788e+01,  1.405534297228e-01
  9.390000104904e-01,  4.810470640659e-01,  2.892257697919e+01,  1.475953608751e-01
  9.490000009537e-01,  4.911216795444e-01,  2.891250236371e+01,  1.534585505724e-01
  9.590000063181e-01,  5.012458562851e-01,  2.890237818697e+01,  1.592797785997e-01
  9.690000116825e-01,  5.113433599472e-01,  2.889228068330e+01,  1.651229411364e-01
  9.790000021458e-01,  5.213836431503e-01,  2.888224040010e+01,  1.709594279528e-01
  9.895000010729e-01,  5.318778753281e-01,  2.887174616792e+01,  1.758431941271e-01
  1.000000000000e+00,  5.423644781113e-01,  2.886125956514e+01,  1.815576106310e-01
  1.010499998927e+00,  5.527976751328e-01,  2.885082636812e+01,  1.878022700548e-01
  1.021000012755e+00,  5.631927251816e-01,  2.884043131807e+01,  1.959409266710e-01
  1.031500011683e+00,  5.735534429550e-01,  2.883007060030e+01,  2.036523371935e-01
  1.042000010610e+00,  5.838683843613e-01,  2.881975565889e+01,  2.102002650499e-01
  1.052500009537e+00,  5.940974950790e-01,  2.880952654817e+01,  2.167081385851e-01
  1.063000008464e+00,  6.043666601181e-01,  2.879925738313e+01,  2.237271815538e-01
  1.073500007391e+00,  6.147159337997e-01,  2.878890810945e+01,  2.305116206408e-01
  1.084000006318e+00,  6.251071691513e-01,  2.877851687410e+01,  2.377309352160e-01
  1.094500005245e+00,  6.355632543564e-01,  2.876806078890e+01,  2.458848506212e-01
  1.105000004172e+00,  6.460574865341e-01,  2.875756655672e+01,  2.553720176220e-01
  1.115000009537e+00,  6.560939550400e-01,  2.874753008821e+01,  2.622480094433e-01
  1.125000000000e+00,  6.661266088486e-01,  2.873749743440e+01,  2.682990729809e-01
  1.135499998927e+00,  6.766172647476e-01,  2.872700677850e+01,  2.755188643932e-01
  1.146000012755e+00,  6.870962381363e-01,  2.871652780512e+01,  2.829746901989e-01
  1.156500011683e+00,  6.975790262222e-01,  2.870604501703e+01,  2.898850142956e-01
  1.167000010610e+00,  7.080465555191e-01,  2.869557748773e+01,  2.974095046520e-01
  1.177000001073e+00,  7.181249856949e-01,  2.868549905756e+01,  3.045887649059e-01
  1.187000006437e+00,  7.282148599625e-01,  2.867540918329e+01,  3.107285201550e-01
  1.197000011802e+00,  7.382551431656e-01,  2.866536890009e+01,  3.169312179089e-01
  1.207500010729e+00,  7.486921548843e-01,  2.865493188837e+01,  3.244881331921e-01
  1.218000009656e+00,  7.591215372086e-01,  2.864450250604e+01,  3.333763778210e-01
  1.228500008583e+00,  7.695547342300e-01,  2.863406930902e+01,  3.416447341442e-01
  1.239000007510e+00,  7.800298929214e-01,  2.862359415033e+01,  3.510365188122e-01
  1.249000012875e+00,  7.900778055191e-01,  2.861354623773e+01,  3.590874373913e-01
  1.259000003338e+00,  8.002401590347e-01,  2.860338388422e+01,  3.650479018688e-01
  1.269000008702e+00,  8.103796243668e-01,  2.859324441889e+01,  3.712391555309e-01
  1.278999999166e+00,  8.204275369644e-01,  2.858319650629e+01,  3.792748153210e-01
  1.289500012994e+00,  8.309141397476e-01,  2.857270990350e+01,  3.865437209606e-01
  1.300000011921e+00,  8.414083719254e-01,  2.856221567133e+01,  3.955845534801e-01
  1.310500010848e+00,  8.518911600113e-01,  2.855173288324e+01,  4.050259292126e-01
  1.320500001311e+00,  8.619199991226e-01,  2.854170404413e+01,  4.133286178112e-01
  1.330500006676e+00,  8.719946146011e-01,  2.853162942865e+01,  4.202637374401e-01
  1.340500012040e+00,  8.820158243179e-01,  2.852160821893e+01,  4.276299178600e-01
  1.351000010967e+00,  8.924909830093e-01,  2.851113306024e+01,  4.344687163830e-01
  1.361500009894e+00,  9.029279947281e-01,  2.850069604852e+01,  4.435324370861e-01
  1.372000008821e+00,  9.133764505386e-01,  2.849024759271e+01,  4.519266784191e-01
  1.382500007749e+00,  9.238630533218e-01,  2.847976098993e+01,  4.606604278088e-01
  1.392500013113e+00,  9.338691234589e-01,  2.846975491979e+01,  4.685696959496e-01
  1.403000012040e+00,  9.443595409393e-01,  2.845926450231e+01,  4.767331480980e-01
  1.413500010967e+00,  9.548003673553e-01,  2.844882367590e+01,  4.816474318504e-01
  1.424000009894e+00,  9.649455547333e-01,  2.843867848852e+01,  4.872378706932e-01
  1.435500010848e+00,  9.752337932587e-01,  2.842839024999e+01,  4.925612807274e-01
  1.449000000954e+00,  9.854152202606e-01,  2.841820882299e+01,  4.984635710716e-01
  1.469500005245e+00,  9.955041408539e-01,  2.840811990240e+01,  5.056437849998e-01
  1.477000012994e+00,  9.976441860199e-01,  2.840597985723e+01,  5.083569884300e-01
  1.577500000596e+00,  1.003053784370e+00,  2.840057025888e+01,  5.118854045868e-01
  1.677500009537e+00,  1.002566218376e+00,  2.840105782488e+01,  5.074684619904e-01
  1.778000012040e+00,  1.001795768738e+00,  2.840182827451e+01,  5.032467842102e-01
  1.878499999642e+00,  1.001123547554e+00,  2.840250049570e+01,  4.996365010738e-01
  1.978500008583e+00,  1.000732302666e+00,  2.840289174059e+01,  4.966288805008e-01
  2.079000011086e+00,  1.000442028046e+00,  2.840318201521e+01,  4.944674372673e-01
  2.179500013590e+00,  1.000281691551e+00,  2.840334235170e+01,  4.921377003193e-01
  2.280000001192e+00,  1.000155329704e+00,  2.840346871355e+01,  4.928808808327e-01
  2.380000010133e+00,  1.000107169151e+00,  2.840351687410e+01,  4.884394705296e-01
  2.480500012636e+00,  1.000060200691e+00,  2.840356384256e+01,  4.911911785603e-01
  2.581000000238e+00,  1.000034451485e+00,  2.840358959177e+01,  4.865710735321e-01
  2.681000009179e+00,  1.000044703484e+00,  2.840357933977e+01,  4.829639494419e-01
  2.781500011683e+00,  1.000047206879e+00,  2.840357683637e+01,  4.829564094543e-01
  2.881999999285e+00,  1.000027775764e+00,  2.840359626749e+01,  4.794360399246e-01
  2.982000008225e+00,  1.000029206276e+00,  2.840359483698e+01,  4.806262850761e-01
  3.082500010729e+00,  1.000017404556e+00,  2.840360663870e+01,  4.794326126575e-01
  3.183000013232e+00,  1.000020861626e+00,  2.840360318163e+01,  4.807716906071e-01
  3.283500000834e+00,  1.000030875206e+00,  2.840359316805e+01,  4.789547324181e-01
  3.383500009775e+00,  1.000006318092e+00,  2.840361772516e+01,  4.788990318775e-01
  3.484000012279e+00,  1.000045657158e+00,  2.840357838609e+01,  4.796037077904e-01
  3.584499999881e+00,  1.000007033348e+00,  2.840361700990e+01,  4.765731692314e-01
  3.684500008821e+00,  1.000031471252e+00,  2.840359257200e+01,  4.741027057171e-01
  3.785000011325e+00,  1.000011682510e+00,  2.840361236074e+01,  4.744290113449e-01
  3.885499998927e+00,  1.000015974045e+00,  2.840360806921e+01,  4.750260412693e-01
  3.985500007868e+00,  1.000030040741e+00,  2.840359400251e+01,  4.749554991722e-01
  4.086000010371e+00,  9.999983310699e-01,  2.840362571218e+01,  4.738006591797e-01
  4.186500012875e+00,  1.000017166138e+00,  2.840360687711e+01,  4.761316180229e-01
  4.287000000477e+00,  1.000002264977e+00,  2.840362177828e+01,  4.710653424263e-01
  4.387000009418e+00,  9.999800324440e-01,  2.840364401081e+01,  4.721822738647e-01
  4.487500011921e+00,  1.000036239624e+00,  2.840358780363e+01,  4.734730720520e-01
  4.587999999523e+00,  1.000019788742e+00,  2.840360425451e+01,  4.721297025681e-01
  4.688000008464e+00,  9.999992251396e-01,  2.840362481811e+01,  4.690245091915e-01
  4.788500010967e+00,  1.000011801720e+00,  2.840361224153e+01,  4.697794616222e-01
  4.889000013471e+00,  9.999991059303e-01,  2.840362493732e+01,  4.684884250164e-01
  4.989500001073e+00,  1.000035524368e+00,  2.840358851888e+01,  4.693075418472e-01
  5.089500010014e+00,  1.000023961067e+00,  2.840360008218e+01,  4.699069559574e-01
  5.190000012517e+00,  1.000038623810e+00,  2.840358541944e+01,  4.680868387222e-01
  5.290500000119e+00,  1.000037789345e+00,  2.840358625391e+01,  4.655514657497e-01
  5.390500009060e+00,  1.000017404556e+00,  2.840360663870e+01,  4.660115838051e-01
  5.491000011563e+00,  1.000012755394e+00,  2.840361128786e+01,  4.668314158916e-01
  5.591499999166e+00,  1.000009655952e+00,  2.840361438730e+01,  4.651320576668e-01
  5.691500008106e+00,  1.000035524368e+00,  2.840358851888e+01,  4.638124108315e-01
  5.792000010610e+00,  9.999899268150e-01,  2.840363411644e+01,  4.629274308681e-01
  5.892500013113e+00,  9.999841451645e-01,  2.840363989809e+01,  4.653101265430e-01
  5.992500007153e+00,  1.000012278557e+00,  2.840361176470e+01,  4.643015861511e-01
  6.092500001192e+00,  1.000003457069e+00,  2.840362058618e+01,  4.632198810577e-01
  6.192500010133e+00,  1.000028610229e+00,  2.840359543302e+01,  4.629819095135e-01
  6.292500004172e+00,  1.000031709671e+00,  2.840359233358e+01,  4.628917574883e-01
  6.392500013113e+00,  1.000036716461e+00,  2.840358732679e+01,  4.623027741909e-01
  6.492500007153e+00,  1.000038743019e+00,  2.840358530023e+01,  4.618594348431e-01
  6.592500001192e+00,  1.000024437904e+00,  2.840359960535e+01,  4.644066095352e-01
  6.692500010133e+00,  1.000007867813e+00,  2.840361617544e+01,  4.598085284233e-01
  6.792500004172e+00,  1.000023245811e+00,  2.840360079744e+01,  4.598033726215e-01
  6.892500013113e+00,  1.000020980835e+00,  2.840360306242e+01,  4.608479142189e-01
  6.992500007153e+00,  1.000002145767e+00,  2.840362189748e+01,  4.579692780972e-01
  7.092500001192e+00,  9.999991655350e-01,  2.840362487772e+01,  4.599471986294e-01
  7.192500010133e+00,  1.000018477440e+00,  2.840360556581e+01,  4.593023061752e-01
  7.292500004172e+00,  1.000036120415e+00,  2.840358792284e+01,  4.605614542961e-01
  7.392500013113e+00,  1.000020146370e+00,  2.840360389688e+01,  4.614922702312e-01
  7.492500007153e+00,  1.000016093254e+00,  2.840360795000e+01,  4.591999650002e-01
  7.592500001192e+00,  9.999921917915e-01,  2.840363185146e+01,  4.598371982574e-01
  7.692500010133e+00,  9.999977350235e-01,  2.840362630823e+01,  4.578460454941e-01
  7.792500004172e+00,  9.999936223030e-01,  2.840363042095e+01,  4.569297432899e-01
  7.892500013113e+00,  1.000005125999e+00,  2.840361891725e+01,  4.559994339943e-01
  7.992500007153e+00,  9.999870657921e-01,  2.840363697746e+01,  4.584336578846e-01
  8.092500001192e+00,  1.000019311905e+00,  2.840360473135e+01,  4.564256966114e-01
  8.192500010133e+00,  1.000014662743e+00,  2.840360938051e+01,  4.572350084782e-01
  8.292500004172e+00,  1.000007152557e+00,  2.840361689069e+01,  4.565478563309e-01
  8.392500013113e+00,  9.999845623970e-01,  2.840363948086e+01,  4.560692310333e-01
  8.492500007153e+00,  1.000011563301e+00,  2.840361247995e+01,  4.549739956856e-01
  8.592500001192e+00,  9.999869465828e-01,  2.840363709667e+01,  4.553229510784e-01
  8.692500010133e+00,  9.999964237213e-01,  2.840362761953e+01,  4.551969170570e-01
  8.792500004172e+00,  1.000000000000e+00,  2.840362404325e+01,  4.523207843304e-01
  8.892500013113e+00,  1.000008702278e+00,  2.840361534097e+01,  4.533923566341e-01
  8.992500007153e+00,  1.000020384789e+00,  2.840360365846e+01,  4.521182477474e-01
  9.092500001192e+00,  9.999815225601e-01,  2.840364252069e+01,  4.529458880424e-01
  9.192500010133e+00,  1.000018119812e+00,  2.840360592344e+01,  4.532499909401e-01
  9.292500004172e+00,  1.000034689903e+00,  2.840358935335e+01,  4.516892433167e-01
  9.392500013113e+00,  1.000040292740e+00,  2.840358375051e+01,  4.534408450127e-01
  9.492500007153e+00,  1.000035643578e+00,  2.840358839967e+01,  4.523294866085e-01
  9.592500001192e+00,  1.000013351440e+00,  2.840361069181e+01,  4.533668160439e-01
  9.692500010133e+00,  1.000012874603e+00,  2.840361116865e+01,  4.517231583595e-01
  9.792500004172e+00,  9.999713897705e-01,  2.840365265348e+01,  4.518452584743e-01
  9.892500013113e+00,  9.999874830246e-01,  2.840363656023e+01,  4.537175595760e-01
  9.992500007153e+00,  1.000004172325e+00,  2.840361987093e+01,  4.529419541359e-01
  1.009250000119e+01,  9.999895691872e-01,  2.840363447406e+01,  4.504607915878e-01
  1.019250001013e+01,  9.999880790710e-01,  2.840363596418e+01,  4.545596241951e-01
  1.029250000417e+01,  9.999824762344e-01,  2.840364156702e+01,  4.540079832077e-01
  1.039250001311e+01,  9.999951720238e-01,  2.840362887123e+01,  4.508701264858e-01
  1.049250000715e+01,  9.999879598618e-01,  2.840363608339e+01,  4.516085088253e-01
  1.059250000119e+01,  1.000007033348e+00,  2.840361700990e+01,  4.505417943001e-01
  1.069250001013e+01,  1.000025749207e+00,  2.840359829405e+01,  4.499725997448e-01
  1.079250000417e+01,  9.999940991402e-01,  2.840362994411e+01,  4.498521089554e-01
  1.089250001311e+01,  1.000013113022e+00,  2.840361093023e+01,  4.509157836437e-01
  1.099250000715e+01,  1.000022172928e+00,  2.840360187032e+01,  4.509671032429e-01
  1.109250000119e+01,  1.000007152557e+00,  2.840361689069e+01,  4.494706988335e-01
  1.119250001013e+01,  1.000010251999e+00,  2.840361379125e+01,  4.488774240017e-01
  1.129250000417e+01,  9.999931454659e-01,  2.840363089779e+01,  4.508030712605e-01
  1.139250001311e+01,  1.000005364418e+00,  2.840361867883e+01,  4.504800438881e-01
  1.149250000715e+01,  1.000010490417e+00,  2.840361355283e+01,  4.501469433308e-01
  1.159250000119e+01,  9.999884963036e-01,  2.840363554695e+01,  4.508369863033e-01
  1.169250001013e+01,  9.999967217445e-01,  2.840362732151e+01,  4.494220316410e-01
  1.179250000417e+01,  1.000014901161e+00,  2.840360914209e+01,  4.461890757084e-01
  1.189250001311e+01,  1.000009655952e+00,  2.840361438730e+01,  4.476042091846e-01
  1.199250000715e+01,  9.999887347221e-01,  2.840363530853e+01,  4.474973082542e-01
  1.209250000119e+01,  9.999934434891e-01,  2.840363059976e+01,  4.488260746002e-01
  1.219250001013e+01,  1.000015974045e+00,  2.840360806921e+01,  4.484438598156e-01
  1.229250000417e+01,  1.000007629395e+00,  2.840361641386e+01,  4.482048153877e-01
  1.239250001311e+01,  9.999728202820e-01,  2.840365122297e+01,  4.462115764618e-01
  1.249250000715e+01,  9.999888539314e-01,  2.840363518932e+01,  4.483540356159e-01
  1.259250000119e+01,  9.999829530716e-01,  2.840364109018e+01,  4.493430256844e-01
  1.269250001013e+01,  1.000011324883e+00,  2.840361271837e+01,  4.458028376102e-01
  1.279250000417e+01,  1.000031113625e+00,  2.840359292963e+01,  4.453706741333e-01
  1.289250001311e+01,  1.000023245811e+00,  2.840360079744e+01,  4.442985951900e-01
  1.299250000715e+01,  1.000019907951e+00,  2.840360413530e+01,  4.449292421341e-01
  1.309250000119e+01,  9.999947547913e-01,  2.840362928846e+01,  4.454525411129e-01
  1.319250001013e+01,  9.999982118607e-01,  2.840362583139e+01,  4.427723288536e-01
  1.329250000417e+01,  1.000025272369e+00,  2.840359877088e+01,  4.444080889225e-01
  1.339250001311e+01,  1.000008702278e+00,  2.840361534097e+01,  4.422280788422e-01
  1.349250000715e+01,  1.000012159348e+00,  2.840361188390e+01,  4.425845444202e-01
  1.359250000119e+01,  1.000001549721e+00,  2.840362249353e+01,  4.425753951073e-01
  1.369250001013e+01,  1.000002622604e+00,  2.840362142065e+01,  4.450972378254e-01
  1.379250000417e+01,  1.000004172325e+00,  2.840361987093e+01,  4.424313902855e-01
  1.389250001311e+01,  1.000002145767e+00,  2.840362189748e+01,  4.447867870331e-01
  1.399250000715e+01,  1.000022530556e+00,  2.840360151270e+01,  4.417683184147e-01
  1.409250000119e+01,  9.999849796295e-01,  2.840363906362e+01,  4.418414831161e-01
  1.419250001013e+01,  1.000001430511e+00,  2.840362261274e+01,  4.422477781773e-01
  1.429250000417e+01,  1.000004529953e+00,  2.840361951330e+01,  4.448715150356e-01
  1.439250001311e+01,  1.000014305115e+00,  2.840360973814e+01,  4.444320499897e-01
  1.449250000715e+01,  9.999896287918e-01,  2.840363441446e+01,  4.431530535221e-01
  1.459250000119e+01,  1.000012516975e+00,  2.840361152628e+01,  4.453932344913e-01
  1.469250001013e+01,  1.000028491020e+00,  2.840359555223e+01,  4.438924193382e-01
  1.479250000417e+01,  1.000006318092e+00,  2.840361772516e+01,  4.436857104301e-01
  1.489250001311e+01,  9.999573230743e-01,  2.840366672018e+01,  4.433712065220e-01
  1.499250000715e+01,  1.000007748604e+00,  2.840361629465e+01,  4.445361196995e-01
  1.509250000119e+01,  1.000001907349e+00,  2.840362213590e+01,  4.442176520824e-01
  1.519250001013e+01,  1.000041246414e+00,  2.840358279684e+01,  4.446064829826e-01
  1.529250000417e+01,  1.000007867813e+00,  2.840361617544e+01,  4.427389800549e-01
  1.539250001311e+01,  1.000020384789e+00,  2.840360365846e+01,  4.429206848145e-01
  1.549250000715e+01,  1.000002503395e+00,  2.840362153986e+01,  4.409607350826e-01
  1.559250000119e+01,  9.999912977219e-01,  2.840363274553e+01,  4.408755004406e-01
  1.569250001013e+01,  1.000020861626e+00,  2.840360318163e+01,  4.408991634846e-01
  1.579250000417e+01,  1.000015377998e+00,  2.840360866525e+01,  4.425909817219e-01
  1.589250001311e+01,  1.000025868416e+00,  2.840359817484e+01,  4.409388899803e-01
  1.599250000715e+01,  1.000009536743e+00,  2.840361450651e+01,  4.423385560513e-01
  1.609250000119e+01,  9.999981522560e-01,  2.840362589100e+01,  4.409191310406e-01
  1.619250001013e+01,  1.000019431114e+00,  2.840360461214e+01,  4.417255222797e-01
  1.629250000417e+01,  1.000020265579e+00,  2.840360377767e+01,  4.421095550060e-01
  1.639250001311e+01,  9.999974370003e-01,  2.840362660625e+01,  4.408484101295e-01
  1.649250000715e+01,  1.000007033348e+00,  2.840361700990e+01,  4.412513077259e-01
  1.659250000119e+01,  1.000007033348e+00,  2.840361700990e+01,  4.390968680382e-01
  1.669250001013e+01,  1.000001430511e+00,  2.840362261274e+01,  4.418700039387e-01
  1.679250000417e+01,  9.999931454659e-01,  2.840363089779e+01,  4.409289658070e-01
  1.689250001311e+01,  1.000000715256e+00,  2.840362332800e+01,  4.417363405228e-01
  1.699250000715e+01,  9.999824762344e-01,  2.840364156702e+01,  4.404543340206e-01
  1.709250000119e+01,  9.999821782112e-01,  2.840364186504e+01,  4.412542283535e-01
  1.719250001013e+01,  9.999972581863e-01,  2.840362678507e+01,  4.423752725124e-01
  1.729250000417e+01,  9.999861717224e-01,  2.840363787153e+01,  4.380923807621e-01
  1.739250001311e+01,  1.000005722046e+00,  2.840361832121e+01,  4.386641383171e-01
  1.749250000715e+01,  9.999935030937e-01,  2.840363054016e+01,  4.380452930927e-01
  1.759250000119e+01,  1.000024437904e+00,  2.840359960535e+01,  4.393604099751e-01
  1.769250001013e+01,  1.000007629395e+00,  2.840361641386e+01,  4.382452070713e-01
  1.779250000417e+01,  1.000029325485e+00,  2.840359471777e+01,  4.384703636169e-01
  1.789250001311e+01,  1.000019788742e+00,  2.840360425451e+01,  4.379207491875e-01
  1.799250000715e+01,  1.000006914139e+00,  2.840361712911e+01,  4.371257126331e-01
  1.809250000119e+01,  1.000016450882e+00,  2.840360759237e+01,  4.391466975212e-01
  1.819250001013e+01,  1.000009775162e+00,  2.840361426809e+01,  4.368491768837e-01
  1.829250000417e+01,  1.000013113022e+00,  2.840361093023e+01,  4.374257624149e-01
  1.839250001311e+01,  1.000035881996e+00,  2.840358816126e+01,  4.355005025864e-01
  1.849250000715e+01,  1.000010132790e+00,  2.840361391046e+01,  4.364620745182e-01
  1.859250000119e+01,  9.999863505363e-01,  2.840363769272e+01,  4.356384277344e-01
  1.869250001013e+01,  1.000025153160e+00,  2.840359889009e+01,  4.355754554272e-01
  1.879250000417e+01,  1.000005483627e+00,  2.840361855962e+01,  4.369754195213e-01
  1.889250001311e+01,  1.000003337860e+00,  2.840362070539e+01,  4.353883564472e-01
  1.899250000715e+01,  1.000000000000e+00,  2.840362404325e+01,  4.359380006790e-01
  1.909250000119e+01,  1.000010251999e+00,  2.840361379125e+01,  4.367054700851e-01
  1.919250001013e+01,  1.000004887581e+00,  2.840361915567e+01,  4.350845217705e-01
  1.929250000417e+01,  1.000004291534e+00,  2.840361975172e+01,  4.340330660343e-01
  1.939250001311e+01,  1.000013470650e+00,  2.840361057260e+01,  4.343843162060e-01
  1.949250000715e+01,  1.000008583069e+00,  2.840361546018e+01,  4.339055418968e-01
  1.959250000119e+01,  1.000010609627e+00,  2.840361343363e+01,  4.373106062412e-01
  1.969250001013e+01,  1.000004172325e+00,  2.840361987093e+01,  4.337225556374e-01
  1.979250000417e+01,  1.000038981438e+00,  2.840358506181e+01,  4.342726171017e-01
  1.989250001311e+01,  9.999904632568e-01,  2.840363358000e+01,  4.354725778103e-01
  1.999250000715e+01,  1.000012516975e+00,  2.840361152628e+01,  4.329133331776e-01
  2.009250000119e+01,  1.000044226646e+00,  2.840357981661e+01,  4.343489706516e-01
  2.019250001013e+01,  9.999981522560e-01,  2.840362589100e+01,  4.342702329159e-01
  2.029250000417e+01,  1.000029444695e+00,  2.840359459856e+01,  4.335407316685e-01
  2.039250001311e+01,  1.000025749207e+00,  2.840359829405e+01,  4.310114979744e-01
  2.049250000715e+01,  1.000025629997e+00,  2.840359841325e+01,  4.323219954967e-01
  2.059250000119e+01,  1.000010490417e+00,  2.840361355283e+01,  4.331185221672e-01
  2.069250001013e+01,  1.000021576881e+00,  2.840360246637e+01,  4.312211573124e-01
  2.079250000417e+01,  9.999973773956e-01,  2.840362666586e+01,  4.349410533905e-01
  2.089250001311e+01,  9.999869465828e-01,  2.840363709667e+01,  4.320000708103e-01
  2.099250000715e+01,  1.000018477440e+00,  2.840360556581e+01,  4.340941905975e-01
  2.109250000119e+01,  9.999915957451e-01,  2.840363244751e+01,  4.334546923637e-01
  2.119250001013e+01,  9.999790787697e-01,  2.840364496448e+01,  4.318575263023e-01
  2.129250000417e+01,  1.000017762184e+00,  2.840360628107e+01,  4.306558668613e-01
  2.139250001311e+01,  9.999787807465e-01,  2.840364526251e+01,  4.332864284515e-01
  2.149250000715e+01,  1.000022053719e+00,  2.840360198953e+01,  4.325735569000e-01
  2.159250000119e+01,  9.999948740005e-01,  2.840362916925e+01,  4.306843876839e-01
  2.169250001013e+01,  1.000030398369e+00,  2.840359364488e+01,  4.319700598717e-01
  2.179250000417e+01,  1.000014066696e+00,  2.840360997656e+01,  4.327109456062e-01
  2.189250001311e+01,  9.999826550484e-01,  2.840364138820e+01,  4.342631399632e-01
  2.199250000715e+01,  1.000000596046e+00,  2.840362344721e+01,  4.302504956722e-01
  2.209250000119e+01,  9.999777674675e-01,  2.840364627578e+01,  4.312541782856e-01
  2.219250001013e+01,  1.000036478043e+00,  2.840358756521e+01,  4.311795830727e-01
  2.229250000417e+01,  1.000012516975e+00,  2.840361152628e+01,  4.291065037251e-01
  2.239250001311e+01,  1.000007987022e+00,  2.840361605623e+01,  4.279623627663e-01
  2.249250000715e+01,  1.000009417534e+00,  2.840361462572e+01,  4.304587543011e-01
  2.259250000119e+01,  9.999995231628e-01,  2.840362452009e+01,  4.330392777920e-01
  2.269250001013e+01,  9.999771118164e-01,  2.840364693144e+01,  4.296238720417e-01
  2.279250000417e+01,  9.999936223030e-01,  2.840363042095e+01,  4.318196177483e-01
  2.289250001311e+01,  9.999741911888e-01,  2.840364985206e+01,  4.314751327038e-01
  2.299250000715e+01,  1.000042200089e+00,  2.840358184316e+01,  4.296621382236e-01
  2.309250000119e+01,  1.000012993813e+00,  2.840361104944e+01,  4.300707876682e-01
  2.319250001013e+01,  1.000038862228e+00,  2.840358518102e+01,  4.290833771229e-01
  2.329250000417e+01,  1.000024199486e+00,  2.840359984377e+01,  4.308401048183e-01
  2.339250001311e+01,  1.000024437904e+00,  2.840359960535e+01,  4.288233220577e-01
  2.349250000715e+01,  1.000019907951e+00,  2.840360413530e+01,  4.279281795025e-01
  2.359250000119e+01,  1.000020623207e+00,  2.840360342005e+01,  4.267968237400e-01
  2.369250001013e+01,  1.000008821487e+00,  2.840361522176e+01,  4.279617071152e-01
  2.379250000417e+01,  1.000001907349e+00,  2.840362213590e+01,  4.285679757595e-01
  2.389250001311e+01,  1.000022292137e+00,  2.840360175111e+01,  4.293038547039e-01
  2.399250000715e+01,  1.000014662743e+00,  2.840360938051e+01,  4.267587065697e-01
  2.409250000119e+01,  9.999941587448e-01,  2.840362988451e+01,  4.264999330044e-01
  2.419250001013e+01,  9.999940395355e-01,  2.840363000372e+01,  4.278027415276e-01
  2.429250000417e+01,  9.999973773956e-01,  2.840362666586e+01,  4.284349083900e-01
  2.439250001311e+01,  9.999833703041e-01,  2.840364067295e+01,  4.289246499538e-01
  2.449250000715e+01,  1.000013232231e+00,  2.840361081102e+01,  4.316951632500e-01
  2.459250000119e+01,  1.000006437302e+00,  2.840361760595e+01,  4.281962513924e-01
  2.469250001013e+01,  9.999979734421e-01,  2.840362606981e+01,  4.301211833954e-01
  2.479250000417e+01,  9.999972581863e-01,  2.840362678507e+01,  4.288625121117e-01
  2.489250001311e+01,  9.999942183495e-01,  2.840362982490e+01,  4.270417392254e-01
  2.499250000715e+01,  9.999888539314e-01,  2.840363518932e+01,  4.260516464710e-01
  2.509250000119e+01,  9.999971985817e-01,  2.840362684467e+01,  4.275462925434e-01
  2.519250001013e+01,  1.000026583672e+00,  2.840359745958e+01,  4.272437393665e-01
  2.529250000417e+01,  1.000003337860e+00,  2.840362070539e+01,  4.260089397430e-01
  2.539250001311e+01,  9.999821186066e-01,  2.840364192465e+01,  4.275725483894e-01
  2.549250000715e+01,  9.999755620956e-01,  2.840364848116e+01,  4.266816973686e-01
  2.559250000119e+01,  9.999819993973e-01,  2.840364204385e+01,  4.265360534191e-01
  2.569250001013e+01,  1.000019311905e+00,  2.840360473135e+01,  4.263404011726e-01
  2.579250000417e+01,  1.000010132790e+00,  2.840361391046e+01,  4.252098500729e-01
  2.589250001311e+01,  1.000018835068e+00,  2.840360520818e+01,  4.264336824417e-01
  2.599250000715e+01,  9.999974370003e-01,  2.840362660625e+01,  4.255873858929e-01
  2.609250000119e+01,  9.999867081642e-01,  2.840363733509e+01,  4.249701499939e-01
  2.619250001013e+01,  1.000003695488e+00,  2.840362034776e+01,  4.253725111485e-01
  2.629250000417e+01,  9.999753236771e-01,  2.840364871958e+01,  4.244131147861e-01
  2.639250001311e+01,  9.999914765358e-01,  2.840363256672e+01,  4.256832599640e-01
  2.649250000715e+01,  1.000008463860e+00,  2.840361557939e+01,  4.238534569740e-01
  2.659250000119e+01,  1.000023245811e+00,  2.840360079744e+01,  4.253630638123e-01
  2.669250001013e+01,  9.999790787697e-01,  2.840364496448e+01,  4.257626235485e-01
  2.679250000417e+01,  1.000038266182e+00,  2.840358577707e+01,  4.239394366741e-01
  2.689250001311e+01,  1.000015258789e+00,  2.840360878446e+01,  4.242878258228e-01
  2.699250000715e+01,  1.000011444092e+00,  2.840361259916e+01,  4.236404001713e-01
  2.709250000119e+01,  1.000004172325e+00,  2.840361987093e+01,  4.225854873657e-01
  2.719250001013e+01,  1.000017523766e+00,  2.840360651949e+01,  4.238812923431e-01
  2.729250000417e+01,  1.000025391579e+00,  2.840359865167e+01,  4.229063689709e-01
  2.739250001311e+01,  9.999944567680e-01,  2.840362958648e+01,  4.245310127735e-01
  2.749250000715e+01,  9.999712109566e-01,  2.840365283230e+01,  4.214549064636e-01
  2.759250000119e+01,  1.000030636787e+00,  2.840359340646e+01,  4.232968986034e-01
  2.769250001013e+01,  1.000018000603e+00,  2.840360604265e+01,  4.232245981693e-01
  2.779250000417e+01,  1.000032782555e+00,  2.840359126070e+01,  4.220103621483e-01
  2.789250001311e+01,  1.000015616417e+00,  2.840360842684e+01,  4.229580163956e-01
  2.799250000715e+01,  1.000029563904e+00,  2.840359447935e+01,  4.237259328365e-01
  2.809250000119e+01,  9.999924898148e-01,  2.840363155344e+01,  4.245941042900e-01
  2.819250001013e+01,  9.999871253967e-01,  2.840363691786e+01,  4.220936298370e-01
  2.829250000417e+01,  1.000011205673e+00,  2.840361283758e+01,  4.207954406738e-01
  2.839250001311e+01,  1.000008225441e+00,  2.840361581781e+01,  4.221088290215e-01
  2.849250000715e+01,  1.000017166138e+00,  2.840360687711e+01,  4.215903282166e-01
  2.859250000119e+01,  9.999738335609e-01,  2.840365020969e+01,  4.215393364429e-01
  2.869250001013e+01,  9.999911785126e-01,  2.840363286474e+01,  4.200167953968e-01
  2.879250000417e+01,  1.000001430511e+00,  2.840362261274e+01,  4.211864173412e-01
  2.889250001311e+01,  1.000014543533e+00,  2.840360949972e+01,  4.201739132404e-01
  2.899250000715e+01,  1.000017285347e+00,  2.840360675791e+01,  4.207833707333e-01
  2.909250000119e+01,  9.999715685844e-01,  2.840365247467e+01,  4.189638793468e-01
  2.919250001013e+01,  1.000009179115e+00,  2.840361486414e+01,  4.207065105438e-01
  2.929250000417e+01,  1.000000715256e+00,  2.840362332800e+01,  4.186181128025e-01
  2.939250001311e+01,  1.000023722649e+00,  2.840360032060e+01,  4.179110825062e-01
  2.949250000715e+01,  1.000041007996e+00,  2.840358303526e+01,  4.188716411591e-01
  2.959250000119e+01,  1.000010132790e+00,  2.840361391046e+01,  4.208405911922e-01
  2.969250001013e+01,  1.000008225441e+00,  2.840361581781e+01,  4.218018651009e-01
  2.979250000417e+01,  9.999829530716e-01,  2.840364109018e+01,  4.215554893017e-01
  2.989250001311e+01,  1.000009179115e+00,  2.840361486414e+01,  4.218806624413e-01
  2.999250000715e+01,  9.999653697014e-01,  2.840365867355e+01,  4.185143113136e-01
  3.009250000119e+01,  9.999698996544e-01,  2.840365414360e+01,  4.186707437038e-01
  3.019250001013e+01,  1.000009059906e+00,  2.840361498335e+01,  4.192753136158e-01
  3.029250000417e+01,  9.999945163727e-01,  2.840362952688e+01,  4.210423827171e-01
  3.039250001311e+01,  1.000003457069e+00,  2.840362058618e+01,  4.207409322262e-01
  3.049250000715e+01,  1.000006079674e+00,  2.840361796358e+01,  4.199106693268e-01
  3.059250000119e+01,  9.999639391899e-01,  2.840366010406e+01,  4.210500121117e-01
  3.069250001013e+01,  9.999669790268e-01,  2.840365706423e+01,  4.199232459068e-01
  3.079250000417e+01,  9.999603629112e-01,  2.840366368034e+01,  4.187354445457e-01
  3.089250001311e+01,  9.999857544899e-01,  2.840363828876e+01,  4.214710295200e-01
  3.099250000715e+01,  1.000002384186e+00,  2.840362165907e+01,  4.183057546616e-01
  3.109250000119e+01,  1.000003218651e+00,  2.840362082460e+01,  4.204187691212e-01
  3.119250001013e+01,  9.999951720238e-01,  2.840362887123e+01,  4.187543690205e-01
  3.129250000417e+01,  9.999834895134e-01,  2.840364055374e+01,  4.177587330341e-01
  3.139250001311e+01,  1.000018715858e+00,  2.840360532739e+01,  4.197149276733e-01
  3.149250000715e+01,  1.000001668930e+00,  2.840362237432e+01,  4.185653328896e-01
  3.159250000119e+01,  1.000018239021e+00,  2.840360580423e+01,  4.179962873459e-01
  3.169250001013e+01,  1.000017046928e+00,  2.840360699632e+01,  4.183578193188e-01
  3.179250000417e+01,  1.000007987022e+00,  2.840361605623e+01,  4.196704328060e-01
  3.189250001311e+01,  1.000022649765e+00,  2.840360139349e+01,  4.177047014236e-01
  3.199250000715e+01,  9.999826550484e-01,  2.840364138820e+01,  4.177730679512e-01
  3.209250000119e+01,  1.000001788139e+00,  2.840362225511e+01,  4.175066351891e-01
  3.219250001013e+01,  9.999937415123e-01,  2.840363030174e+01,  4.179536104202e-01
  3.229250000417e+01,  1.000000476837e+00,  2.840362356641e+01,  4.149231612682e-01
  3.239250001311e+01,  9.999680519104e-01,  2.840365599134e+01,  4.146059453487e-01
  3.249250000715e+01,  9.999785423279e-01,  2.840364550092e+01,  4.186232089996e-01
  3.259250000119e+01,  9.999754428864e-01,  2.840364860037e+01,  4.188284873962e-01
  3.269250001013e+01,  1.000025391579e+00,  2.840359865167e+01,  4.175249934196e-01
  3.279250000417e+01,  1.000030159950e+00,  2.840359388330e+01,  4.164282381535e-01
  3.289250001311e+01,  9.999994635582e-01,  2.840362457969e+01,  4.179431200027e-01
  3.299250000715e+01,  9.999660253525e-01,  2.840365801790e+01,  4.193596243858e-01
  3.309250000119e+01,  1.000021100044e+00,  2.840360294321e+01,  4.195980429649e-01
  3.319250001013e+01,  1.000013709068e+00,  2.840361033418e+01,  4.163662791252e-01
  3.329250000417e+01,  1.000014662743e+00,  2.840360938051e+01,  4.160521030426e-01
  3.339250001311e+01,  9.999772906303e-01,  2.840364675262e+01,  4.169690907001e-01
  3.349250000715e+01,  1.000000476837e+00,  2.840362356641e+01,  4.170293807983e-01
  3.359250000119e+01,  1.000008940697e+00,  2.840361510256e+01,  4.176110327244e-01
  3.369250001013e+01,  1.000014305115e+00,  2.840360973814e+01,  4.172365069389e-01
  3.379250000417e+01,  9.999818205833e-01,  2.840364222267e+01,  4.166670739651e-01
  3.389250001311e+01,  1.000004291534e+00,  2.840361975172e+01,  4.162241518497e-01
  3.399250000715e+01,  1.000004649162e+00,  2.840361939409e+01,  4.162075817585e-01
  3.409250000119e+01,  1.000013947487e+00,  2.840361009577e+01,  4.160920679569e-01
  3.419250001013e+01,  9.999877214432e-01,  2.840363632181e+01,  4.159937500954e-01
  3.429250000417e+01,  9.999936819077e-01,  2.840363036134e+01,  4.165342152119e-01
  3.439250001311e+01,  1.000003337860e+00,  2.840362070539e+01,  4.142135381699e-01
  3.449250000715e+01,  1.000013351440e+00,  2.840361069181e+01,  4.168031513691e-01
  3.459250000119e+01,  1.000022888184e+00,  2.840360115507e+01,  4.166357517242e-01
  3.469250001013e+01,  1.000035881996e+00,  2.840358816126e+01,  4.172876775265e-01
  3.479250000417e+01,  9.999828934669e-01,  2.840364114979e+01,  4.151071012020e-01
  3.489250001311e+01,  1.000014305115e+00,  2.840360973814e+01,  4.129141569138e-01
  3.499250000715e+01,  1.000003457069e+00,  2.840362058618e+01,  4.154035747051e-01
  3.509250000119e+01,  9.999846816063e-01,  2.840363936165e+01,  4.164702296257e-01
  3.519250001013e+01,  9.999887347221e-01,  2.840363530853e+01,  4.153816103935e-01
  3.529250000417e+01,  1.000002384186e+00,  2.840362165907e+01,  4.160687327385e-01
  3.539250001311e+01,  1.000019073486e+00,  2.840360496977e+01,  4.157261550426e-01
  3.549250000715e+01,  9.999900460243e-01,  2.840363399723e+01,  4.139938056469e-01
  3.559250000119e+01,  9.999960660934e-01,  2.840362797716e+01,  4.163485169411e-01
  3.569250001013e+01,  1.000000596046e+00,  2.840362344721e+01,  4.123966991901e-01
  3.579250000417e+01,  9.999793767929e-01,  2.840364466646e+01,  4.142142534256e-01
  3.589250001311e+01,  1.000006198883e+00,  2.840361784437e+01,  4.144780635834e-01
  3.599250000715e+01,  9.999777674675e-01,  2.840364627578e+01,  4.139105379581e-01
  3.609250000119e+01,  1.000015139580e+00,  2.840360890367e+01,  4.119381606579e-01
  3.619250001013e+01,  1.000003933907e+00,  2.840362010935e+01,  4.150569438934e-01
  3.629250000417e+01,  9.999817609787e-01,  2.840364228227e+01,  4.156717061996e-01
  3.639250001311e+01,  9.999877214432e-01,  2.840363632181e+01,  4.122243225574e-01
  3.649250000715e+01,  9.999715685844e-01,  2.840365247467e+01,  4.142118096352e-01
  3.659250000119e+01,  9.999763965607e-01,  2.840364764669e+01,  4.119846522808e-01
  3.669250001013e+01,  1.000009536743e+00,  2.840361450651e+01,  4.134257435799e-01
  3.679250000417e+01,  1.000043869019e+00,  2.840358017423e+01,  4.129813015461e-01
  3.689250001311e+01,  9.999952316284e-01,  2.840362881162e+01,  4.117082059383e-01
  3.699250000715e+01,  9.999838471413e-01,  2.840364019611e+01,  4.126001000404e-01
  3.709250000119e+01,  9.999801516533e-01,  2.840364389160e+01,  4.127091169357e-01
  3.719250001013e+01,  9.999904036522e-01,  2.840363363960e+01,  4.139468371868e-01
  3.729250000417e+01,  1.000014185905e+00,  2.840360985735e+01,  4.136309027672e-01
  3.739250001311e+01,  1.000009059906e+00,  2.840361498335e+01,  4.137576222420e-01
  3.749250000715e+01,  1.000002741814e+00,  2.840362130144e+01,  4.117969572544e-01
  3.759250000119e+01,  1.000006318092e+00,  2.840361772516e+01,  4.130062758923e-01
  3.769250001013e+01,  1.000022292137e+00,  2.840360175111e+01,  4.135307073593e-01
  3.779250000417e+01,  9.999738931656e-01,  2.840365015009e+01,  4.125166535378e-01
  3.789250001311e+01,  1.000031709671e+00,  2.840359233358e+01,  4.109448492527e-01
  3.799250000715e+01,  9.999734163284e-01,  2.840365062692e+01,  4.105445146561e-01
  3.809250000119e+01,  9.999840259552e-01,  2.840364001730e+01,  4.116919934750e-01
  3.819250001013e+01,  9.999923706055e-01,  2.840363167265e+01,  4.091764986515e-01
  3.829250000417e+01,  9.999793767929e-01,  2.840364466646e+01,  4.118507504463e-01
  3.839250001311e+01,  9.999973773956e-01,  2.840362666586e+01,  4.105408787727e-01
  3.849250000715e+01,  9.999909996986e-01,  2.840363304355e+01,  4.113729298115e-01
  3.859250000119e+01,  9.999668598175e-01,  2.840365718343e+01,  4.094396829605e-01
  3.869250001013e+01,  9.999756217003e-01,  2.840364842155e+01,  4.101139008999e-01
  3.879250000417e+01,  1.000025868416e+00,  2.840359817484e+01,  4.124031960964e-01
  3.889250001311e+01,  9.999920129776e-01,  2.840363203027e+01,  4.108633399010e-01
  3.899250000715e+01,  9.999833106995e-01,  2.840364073255e+01,  4.114817678928e-01
  3.909250000119e+01,  1.000012397766e+00,  2.840361164549e+01,  4.116571247578e-01
  3.919250001013e+01,  9.999759197235e-01,  2.840364812353e+01,  4.110807180405e-01
  3.929250000417e+01,  9.999884963036e-01,  2.840363554695e+01,  4.105394184589e-01
  3.939250001311e+01,  9.999871253967e-01,  2.840363691786e+01,  4.087099730968e-01
  3.949250000715e+01,  9.999992847443e-01,  2.840362475851e+01,  4.104912877083e-01
  3.959250000119e+01,  9.999982118607e-01,  2.840362583139e+01,  4.103487133980e-01
  3.969250001013e+01,  9.999974966049e-01,  2.840362654665e+01,  4.106832742691e-01
  3.979250000417e+01,  1.000011324883e+00,  2.840361271837e+01,  4.086715877056e-01
  3.989250001311e+01,  1.000027179718e+00,  2.840359686353e+01,  4.092434942722e-01
  3.999250000715e+01,  9.999985098839e-01,  2.840362553337e+01,  4.109441936016e-01
  4.009250000119e+01,  9.999876618385e-01,  2.840363638141e+01,  4.105361402035e-01
  4.019250001013e+01,  9.999627470970e-01,  2.840366129616e+01,  4.097131490707e-01
  4.029250000417e+01,  1.000001430511e+00,  2.840362261274e+01,  4.102027118206e-01
  4.039250001311e+01,  1.000001549721e+00,  2.840362249353e+01,  4.094319939613e-01
  4.049250000715e+01,  1.000028014183e+00,  2.840359602907e+01,  4.086361229420e-01
  4.059250000119e+01,  1.000024914742e+00,  2.840359912851e+01,  4.093803167343e-01
  4.069250001013e+01,  1.000017881393e+00,  2.840360616186e+01,  4.076667129993e-01
  4.079250000417e+01,  9.999809265137e-01,  2.840364311674e+01,  4.065846800804e-01
  4.089250001311e+01,  9.999861717224e-01,  2.840363787153e+01,  4.073778986931e-01
  4.099250000715e+01,  1.000007033348e+00,  2.840361700990e+01,  4.065946638584e-01
  4.109250000119e+01,  9.999806284904e-01,  2.840364341476e+01,  4.079369902611e-01
  4.119250001013e+01,  9.999831914902e-01,  2.840364085176e+01,  4.064609110355e-01
  4.129250000417e+01,  1.000019431114e+00,  2.840360461214e+01,  4.075863659382e-01
  4.139250001311e+01,  9.999959468842e-01,  2.840362809637e+01,  4.089314043522e-01
  4.149250000715e+01,  1.000001549721e+00,  2.840362249353e+01,  4.074762463570e-01
  4.159250000119e+01,  1.000034570694e+00,  2.840358947256e+01,  4.073278605938e-01
  4.169250001013e+01,  9.999838471413e-01,  2.840364019611e+01,  4.066649079323e-01
  4.179250000417e+01,  9.999958872795e-01,  2.840362815597e+01,  4.078340530396e-01
  4.189250001311e+01,  9.999954104424e-01,  2.840362863281e+01,  4.079495966434e-01
  4.199250000715e+01,  9.999854564667e-01,  2.840363858679e+01,  4.087136387825e-01
  4.209250000119e+01,  1.000016212463e+00,  2.840360783079e+01,  4.059391319752e-01
  4.219250001013e+01,  1.000002026558e+00,  2.840362201669e+01,  4.066967070103e-01
  4.229250000417e+01,  9.999994635582e-01,  2.840362457969e+01,  4.065937399864e-01
  4.239250001311e+01,  1.000026702881e+00,  2.840359734037e+01,  4.073510468006e-01
  4.249250000715e+01,  1.000011444092e+00,  2.840361259916e+01,  4.074943363667e-01
  4.259250000119e+01,  9.999955892563e-01,  2.840362845400e+01,  4.051056802273e-01
  4.269250001013e+01,  1.000012278557e+00,  2.840361176470e+01,  4.056786298752e-01
  4.279250000417e+01,  9.999821186066e-01,  2.840364192465e+01,  4.070109724998e-01
  4.289250001311e+01,  1.000016450882e+00,  2.840360759237e+01,  4.061467051506e-01
  4.299250000715e+01,  1.000010967255e+00,  2.840361307600e+01,  4.047861993313e-01
  4.309250000119e+01,  1.000020742416e+00,  2.840360330084e+01,  4.054811000824e-01
  4.319250001013e+01,  9.999984502792e-01,  2.840362559297e+01,  4.065160751343e-01
  4.329250000417e+01,  1.000019907951e+00,  2.840360413530e+01,  4.061163663864e-01
  4.339250001311e+01,  1.000013351440e+00,  2.840361069181e+01,  4.082143008709e-01
  4.349250000715e+01,  9.999933242798e-01,  2.840363071897e+01,  4.068063199520e-01
  4.359250000119e+01,  1.000026226044e+00,  2.840359781721e+01,  4.080698490143e-01
  4.369250001013e+01,  9.999884963036e-01,  2.840363554695e+01,  4.061707854271e-01
  4.379250000417e+01,  1.000035285950e+00,  2.840358875730e+01,  4.066153466702e-01
  4.389250001311e+01,  9.999871850014e-01,  2.840363685825e+01,  4.071749150753e-01
  4.399250000715e+01,  1.000004768372e+00,  2.840361927488e+01,  4.069365561008e-01
  4.409250000119e+01,  1.000004291534e+00,  2.840361975172e+01,  4.056599140167e-01
  4.419250001013e+01,  1.000000238419e+00,  2.840362380483e+01,  4.045834541321e-01
  4.429250000417e+01,  9.999731183052e-01,  2.840365092495e+01,  4.059831798077e-01
  4.439250001311e+01,  1.000016570091e+00,  2.840360747316e+01,  4.046032428741e-01
  4.449250000715e+01,  9.999891519547e-01,  2.840363489130e+01,  4.051223099232e-01
  4.459250000119e+01,  1.000034093857e+00,  2.840358994940e+01,  4.067050516605e-01
  4.469250001013e+01,  1.000008702278e+00,  2.840361534097e+01,  4.021944999695e-01
  4.479250000417e+01,  9.999907016754e-01,  2.840363334158e+01,  4.021202027798e-01
  4.489250001311e+01,  9.999887347221e-01,  2.840363530853e+01,  4.031374454498e-01
  4.499250000715e+01,  1.000000834465e+00,  2.840362320879e+01,  4.032767117023e-01
  4.509250000119e+01,  1.000008225441e+00,  2.840361581781e+01,  4.040990173817e-01
  4.519250001013e+01,  1.000005364418e+00,  2.840361867883e+01,  4.059419333935e-01
  4.529250000417e+01,  1.000025272369e+00,  2.840359877088e+01,  4.041712284088e-01
  4.539250001311e+01,  1.000011920929e+00,  2.840361212232e+01,  4.040418565273e-01
  4.549250000715e+01,  1.000021457672e+00,  2.840360258558e+01,  4.018427729607e-01
  4.559250000119e+01,  9.999951124191e-01,  2.840362893083e+01,  4.051591157913e-01
  4.569250001013e+01,  9.999835491180e-01,  2.840364049413e+01,  4.018695950508e-01
  4.579250000417e+01,  1.000002264977e+00,  2.840362177828e+01,  4.026727974415e-01
  4.589250001311e+01,  1.000000953674e+00,  2.840362308958e+01,  4.038183093071e-01
  4.599250000715e+01,  9.999785423279e-01,  2.840364550092e+01,  4.079728722572e-01
  4.609250000119e+01,  9.999888539314e-01,  2.840363518932e+01,  4.045079350471e-01
  4.619250001013e+01,  9.999768137932e-01,  2.840364722946e+01,  4.046344757080e-01
  4.629250000417e+01,  9.999870061874e-01,  2.840363703706e+01,  4.026871323586e-01
  4.639250001311e+01,  9.999920129776e-01,  2.840363203027e+01,  4.017803966999e-01
  4.649250000715e+01,  1.000029921532e+00,  2.840359412172e+01,  4.017189145088e-01
  4.659250000119e+01,  9.999916553497e-01,  2.840363238790e+01,  4.031614661217e-01
  4.669250001013e+01,  1.000001072884e+00,  2.840362297037e+01,  4.030583202839e-01
  4.679250000417e+01,  9.999703168869e-01,  2.840365372637e+01,  4.030872583389e-01
  4.689250001311e+01,  1.000007510185e+00,  2.840361653307e+01,  4.014848172665e-01
  4.699250000715e+01,  1.000017166138e+00,  2.840360687711e+01,  4.030496776104e-01
  4.709250000119e+01,  9.999909400940e-01,  2.840363310316e+01,  4.011084735394e-01
  4.719250001013e+01,  9.999953508377e-01,  2.840362869241e+01,  4.015152156353e-01
  4.729250000417e+01,  1.000001430511e+00,  2.840362261274e+01,  4.020018279552e-01
  4.739250001311e+01,  1.000032186508e+00,  2.840359185674e+01,  4.004023969173e-01
  4.749250000715e+01,  1.000025987625e+00,  2.840359805563e+01,  4.028845131397e-01
  4.759250000119e+01,  9.999873042107e-01,  2.840363673904e+01,  4.002409279346e-01
  4.769250001013e+01,  1.000007629395e+00,  2.840361641386e+01,  4.011843204498e-01
  4.779250000417e+01,  9.999709725380e-01,  2.840365307071e+01,  4.011415839195e-01
  4.789250001311e+01,  9.999995231628e-01,  2.840362452009e+01,  4.016032516956e-01
  4.799250000715e+01,  9.999851584435e-01,  2.840363888481e+01,  3.989020586014e-01
  4.809250000119e+01,  9.999703764915e-01,  2.840365366676e+01,  4.001764059067e-01
  4.819250001013e+01,  1.000003218651e+00,  2.840362082460e+01,  4.010244309902e-01
  4.829250000417e+01,  1.000002026558e+00,  2.840362201669e+01,  4.000721275806e-01
  4.839250001311e+01,  1.000024676323e+00,  2.840359936693e+01,  4.000709354877e-01
  4.849250000715e+01,  1.000007629395e+00,  2.840361641386e+01,  4.009181857109e-01
  4.859250000119e+01,  9.999887347221e-01,  2.840363530853e+01,  3.994814157486e-01
  4.869250001013e+01,  9.999796748161e-01,  2.840364436844e+01,  3.992226421833e-01
  4.879250000417e+01,  9.999850392342e-01,  2.840363900402e+01,  4.003819227219e-01
  4.889250001311e+01,  9.999998211861e-01,  2.840362422207e+01,  3.993839919567e-01
  4.899250000715e+01,  9.999753236771e-01,  2.840364871958e+01,  3.990852534771e-01
  4.909250000119e+01,  9.999572038651e-01,  2.840366683939e+01,  3.985218703747e-01
  4.919250001013e+01,  9.999971985817e-01,  2.840362684467e+01,  3.978865146637e-01
  4.929250000417e+01,  9.999961256981e-01,  2.840362791755e+01,  4.017011225224e-01
  4.939250001311e+01,  1.000023841858e+00,  2.840360020139e+01,  4.004855453968e-01
  4.949250000715e+01,  9.999812841415e-01,  2.840364275911e+01,  4.005570709705e-01
  4.959250000119e+01,  9.999669790268e-01,  2.840365706423e+01,  3.981203734875e-01
  4.969250001013e+01,  9.999829530716e-01,  2.840364109018e+01,  3.971209824085e-01
  4.979250000417e+01,  9.999813437462e-01,  2.840364269951e+01,  3.969997465611e-01
  4.989250001311e+01,  1.000002145767e+00,  2.840362189748e+01,  3.978362679482e-01
  4.999250000715e+01,  1.000004529953e+00,  2.840361951330e+01,  3.962669670582e-01
  5.009250000119e+01,  1.000017762184e+00,  2.840360628107e+01,  3.957579731941e-01
  5.019250001013e+01,  1.000005483627e+00,  2.840361855962e+01,  3.990558385849e-01
  5.029250000417e+01,  1.000028491020e+00,  2.840359555223e+01,  3.995130956173e-01
  5.039250001311e+01,  1.000034213066e+00,  2.840358983019e+01,  3.980270326138e-01
  5.049250000715e+01,  1.000001668930e+00,  2.840362237432e+01,  3.974545300007e-01
  5.059250000119e+01,  9.999790787697e-01,  2.840364496448e+01,  3.958292305470e-01
  5.069250001013e+01,  9.999873638153e-01,  2.840363667944e+01,  3.961674273014e-01
  5.079250000417e+01,  9.999884366989e-01,  2.840363560655e+01,  3.953564465046e-01
  5.089250001311e+01,  1.000008225441e+00,  2.840361581781e+01,  3.975710868835e-01
  5.099250000715e+01,  9.999905228615e-01,  2.840363352039e+01,  3.990793228149e-01
  5.109250000119e+01,  9.999894499779e-01,  2.840363459327e+01,  3.959454596043e-01
  5.119250001013e+01,  1.000005125999e+00,  2.840361891725e+01,  3.982536494732e-01
  5.129250000417e+01,  9.999900460243e-01,  2.840363399723e+01,  3.987390398979e-01
  5.139250001311e+01,  9.999864101410e-01,  2.840363763311e+01,  3.985363841057e-01
  5.149250000715e+01,  9.999983310699e-01,  2.840362571218e+01,  3.977216482162e-01
  5.159250000119e+01,  9.999762177467e-01,  2.840364782551e+01,  3.961529731750e-01
  5.169250001013e+01,  1.000004291534e+00,  2.840361975172e+01,  3.976969420910e-01
  5.179250000417e+01,  1.000014901161e+00,  2.840360914209e+01,  3.960829675198e-01
  5.189250001311e+01,  9.999924302101e-01,  2.840363161304e+01,  3.944683372974e-01
  5.199250000715e+01,  1.000025391579e+00,  2.840359865167e+01,  3.939686417580e-01
  5.209250000119e+01,  1.000012755394e+00,  2.840361128786e+01,  3.940483927727e-01
  5.219250001013e+01,  1.000013828278e+00,  2.840361021497e+01,  3.961337804794e-01
  5.229250000417e+01,  9.999939203262e-01,  2.840363012293e+01,  3.955673873425e-01
  5.239250001311e+01,  9.999878406525e-01,  2.840363620260e+01,  3.958010673523e-01
  5.249250000715e+01,  9.999979734421e-01,  2.840362606981e+01,  3.951730132103e-01
  5.259250000119e+01,  9.999830722809e-01,  2.840364097097e+01,  3.951606452465e-01
  5.269250001013e+01,  9.999670982361e-01,  2.840365694502e+01,  3.972519636154e-01
  5.279250000417e+01,  9.999966025352e-01,  2.840362744072e+01,  3.946259617805e-01
  5.289250001311e+01,  9.999957084656e-01,  2.840362833479e+01,  3.949197232723e-01
  5.299250000715e+01,  9.999898672104e-01,  2.840363417604e+01,  3.951460421085e-01
  5.309250000119e+01,  9.999902248383e-01,  2.840363381841e+01,  3.967804312706e-01
  5.319250001013e+01,  9.999991655350e-01,  2.840362487772e+01,  3.986727893353e-01
  5.329250000417e+01,  9.999974966049e-01,  2.840362654665e+01,  3.962528705597e-01
  5.339250001311e+01,  1.000009775162e+00,  2.840361426809e+01,  3.964415788651e-01
  5.349250000715e+01,  1.000000834465e+00,  2.840362320879e+01,  3.981525599957e-01
  5.359250000119e+01,  1.000016331673e+00,  2.840360771158e+01,  3.954196274281e-01
  5.369250001013e+01,  1.000019669533e+00,  2.840360437372e+01,  3.964865505695e-01
  5.379250000417e+01,  1.000010251999e+00,  2.840361379125e+01,  3.987167477608e-01
  5.389250001311e+01,  1.000012516975e+00,  2.840361152628e+01,  3.947498798370e-01
  5.399250000715e+01,  1.000008225441e+00,  2.840361581781e+01,  3.956548869610e-01
  5.409250000119e+01,  1.000000715256e+00,  2.840362332800e+01,  3.954352438450e-01
  5.419250001013e+01,  9.999852776527e-01,  2.840363876560e+01,  3.947720825672e-01
  5.429250000417e+01,  1.000020980835e+00,  2.840360306242e+01,  3.958047926426e-01
  5.439250001311e+01,  9.999799728394e-01,  2.840364407041e+01,  3.953750133514e-01
  5.449250000715e+01,  9.999970793724e-01,  2.840362696388e+01,  3.947372734547e-01
  5.459250000119e+01,  9.999881982803e-01,  2.840363584497e+01,  3.939183950424e-01
  5.469250001013e+01,  1.000008583069e+00,  2.840361546018e+01,  3.929188251495e-01
  5.479250000417e+01,  9.999816417694e-01,  2.840364240148e+01,  3.941253423691e-01
  5.489250001311e+01,  9.999927282333e-01,  2.840363131502e+01,  3.925748169422e-01
  5.499250000715e+01,  1.000008940697e+00,  2.840361510256e+01,  3.929382562637e-01
  5.509250000119e+01,  1.000020623207e+00,  2.840360342005e+01,  3.928298056126e-01
  5.519250001013e+01,  9.999933242798e-01,  2.840363071897e+01,  3.939269185066e-01
  5.529250000417e+01,  9.999908804893e-01,  2.840363316276e+01,  3.919927179813e-01
  5.539250001311e+01,  1.000011682510e+00,  2.840361236074e+01,  3.943075239658e-01
  5.549250000715e+01,  9.999930262566e-01,  2.840363101700e+01,  3.949226438999e-01
  5.559250000119e+01,  1.000007152557e+00,  2.840361689069e+01,  3.923479318619e-01
  5.569250001013e+01,  1.000018477440e+00,  2.840360556581e+01,  3.944137394428e-01
  5.579250000417e+01,  1.000009894371e+00,  2.840361414888e+01,  3.926751911640e-01
  5.589250001311e+01,  1.000012993813e+00,  2.840361104944e+01,  3.938242495060e-01
  5.599250000715e+01,  1.000006437302e+00,  2.840361760595e+01,  3.955738246441e-01
  5.609250000119e+01,  9.999951720238e-01,  2.840362887123e+01,  3.929747939110e-01
  5.619250001013e+01,  1.000003814697e+00,  2.840362022855e+01,  3.953628838062e-01
  5.629250000417e+01,  1.000002980232e+00,  2.840362106302e+01,  3.924441933632e-01
  5.639250001311e+01,  9.999954700470e-01,  2.840362857321e+01,  3.938390910625e-01
  5.649250000715e+01,  1.000033259392e+00,  2.840359078386e+01,  3.921691775322e-01
  5.659250000119e+01,  1.000004649162e+00,  2.840361939409e+01,  3.904562592506e-01
  5.669250001013e+01,  1.000016093254e+00,  2.840360795000e+01,  3.899446427822e-01
  5.679250000417e+01,  9.999951720238e-01,  2.840362887123e+01,  3.898046016693e-01
  5.689250001311e+01,  9.999663829803e-01,  2.840365766027e+01,  3.902505636215e-01
  5.699250000715e+01,  9.999744892120e-01,  2.840364955404e+01,  3.898567557335e-01
  5.709250000119e+01,  1.000003337860e+00,  2.840362070539e+01,  3.908734023571e-01
  5.719250001013e+01,  1.000005125999e+00,  2.840361891725e+01,  3.907969892025e-01
  5.729250000417e+01,  9.999797940254e-01,  2.840364424923e+01,  3.906950950623e-01
  5.739250001311e+01,  1.000011324883e+00,  2.840361271837e+01,  3.903801739216e-01
  5.749250000715e+01,  1.000012636185e+00,  2.840361140707e+01,  3.893437981606e-01
  5.759250000119e+01,  9.999964237213e-01,  2.840362761953e+01,  3.908951580524e-01
  5.769250001013e+01,  9.999931454659e-01,  2.840363089779e+01,  3.914994299412e-01
  5.779250000417e+01,  1.000009894371e+00,  2.840361414888e+01,  3.894365131855e-01
  5.789250001311e+01,  1.000019907951e+00,  2.840360413530e+01,  3.912356793880e-01
  5.799250000715e+01,  9.999905228615e-01,  2.840363352039e+01,  3.874965608120e-01
  5.809250000119e+01,  1.000030875206e+00,  2.840359316805e+01,  3.885822594166e-01
  5.819250001013e+01,  9.999918937683e-01,  2.840363214948e+01,  3.912325203419e-01
  5.829250000417e+01,  1.000018835068e+00,  2.840360520818e+01,  3.919984102249e-01
  5.839250001311e+01,  9.999955296516e-01,  2.840362851360e+01,  3.894793987274e-01
  5.849250000715e+01,  9.999917149544e-01,  2.840363232830e+01,  3.907339572906e-01
  5.859250000119e+01,  9.999948740005e-01,  2.840362916925e+01,  3.896051347256e-01
  5.869250001013e+01,  1.000016927719e+00,  2.840360711553e+01,  3.915246129036e-01
  5.879250000417e+01,  1.000030159950e+00,  2.840359388330e+01,  3.892507851124e-01
  5.889250001311e+01,  1.000007271767e+00,  2.840361677149e+01,  3.898824453354e-01
  5.899250000715e+01,  1.000007987022e+00,  2.840361605623e+01,  3.877776265144e-01
  5.909250000119e+01,  9.999785423279e-01,  2.840364550092e+01,  3.880955874920e-01
  5.919250001013e+01,  1.000009775162e+00,  2.840361426809e+01,  3.871462941170e-01
  5.929250000417e+01,  1.000001907349e+00,  2.840362213590e+01,  3.879599869251e-01
  5.939250001311e+01,  1.000019431114e+00,  2.840360461214e+01,  3.901414275169e-01
  5.949250000715e+01,  9.999938011169e-01,  2.840363024214e+01,  3.887668251991e-01
  5.959250000119e+01,  9.999908208847e-01,  2.840363322237e+01,  3.891462981701e-01
  5.969250001013e+01,  9.999755024910e-01,  2.840364854076e+01,  3.887991607189e-01
  5.979250000417e+01,  1.000015139580e+00,  2.840360890367e+01,  3.876668512821e-01
  5.989250001311e+01,  9.999880790710e-01,  2.840363596418e+01,  3.881238102913e-01
  5.999250000715e+01,  1.000006198883e+00,  2.840361784437e+01,  3.849256932735e-01
  6.009250000119e+01,  1.000016212463e+00,  2.840360783079e+01,  3.887554705143e-01
  6.019250001013e+01,  1.000006556511e+00,  2.840361748674e+01,  3.878523111343e-01
  6.029250000417e+01,  9.999766349792e-01,  2.840364740827e+01,  3.875738680363e-01
  6.039250001311e+01,  1.000001311302e+00,  2.840362273195e+01,  3.864459991455e-01
  6.049250000715e+01,  9.999976754189e-01,  2.840362636783e+01,  3.860261738300e-01
  6.059250000119e+01,  1.000006556511e+00,  2.840361748674e+01,  3.863354325294e-01
  6.069250001013e+01,  1.000002741814e+00,  2.840362130144e+01,  3.882260918617e-01
  6.079250000417e+01,  9.999911189079e-01,  2.840363292434e+01,  3.892667591572e-01
  6.089250001311e+01,  9.999920725822e-01,  2.840363197067e+01,  3.878656923771e-01
  6.099250000715e+01,  1.000000476837e+00,  2.840362356641e+01,  3.892674744129e-01
  6.109250000119e+01,  1.000000000000e+00,  2.840362404325e+01,  3.867519795895e-01
  6.119250001013e+01,  1.000016450882e+00,  2.840360759237e+01,  3.876744210720e-01
  6.129250000417e+01,  9.999763965607e-01,  2.840364764669e+01,  3.857851326466e-01
  6.139250001311e+01,  9.999769330025e-01,  2.840364711025e+01,  3.877080082893e-01
  6.149250000715e+01,  1.000007748604e+00,  2.840361629465e+01,  3.880831599236e-01
  6.159250000119e+01,  9.999886155128e-01,  2.840363542774e+01,  3.870623707771e-01
  6.159600000083e+01,  9.999874830246e-01,  2.840363656023e+01,  3.875473141670e-01
  6.159700000286e+01,  9.999902248383e-01,  2.840363381841e+01,  3.877504467964e-01
  6.160000000894e+01,  9.999992847443e-01,  2.840362475851e+01,  3.882535099983e-01
  6.170000000298e+01,  9.999113678932e-01,  2.840371267536e+01,  3.874903917313e-01
  6.177549999952e+01,  9.898740053177e-01,  2.841375003793e+01,  3.858696520329e-01
  6.179900000989e+01,  9.798442125320e-01,  2.842377983072e+01,  3.643895685673e-01
  6.181050001085e+01,  9.696151018143e-01,  2.843400894144e+01,  3.444329798222e-01
  6.181850001216e+01,  9.589225053787e-01,  2.844470153787e+01,  3.485795557499e-01
  6.182500000298e+01,  9.488631486893e-01,  2.845476089456e+01,  3.496079146862e-01
  6.183150000870e+01,  9.381057024002e-01,  2.846551834085e+01,  3.452067077160e-01
  6.183750000596e+01,  9.278098344803e-01,  2.847581420877e+01,  3.410906493664e-01
  6.184350000322e+01,  9.173766374588e-01,  2.848624740579e+01,  3.370546996593e-01
  6.184950000048e+01,  9.071189165115e-01,  2.849650512674e+01,  3.367163836956e-01
  6.185600000620e+01,  8.966017961502e-01,  2.850702224710e+01,  3.340160548687e-01
  6.186300000548e+01,  8.865920305252e-01,  2.851703201273e+01,  3.308386504650e-01
  6.187100000679e+01,  8.765364885330e-01,  2.852708755472e+01,  3.038153350353e-01
  6.187900000811e+01,  8.664046525955e-01,  2.853721939066e+01,  2.897467315197e-01
  6.188650000095e+01,  8.563719987869e-01,  2.854725204447e+01,  2.815527617931e-01
  6.189400000870e+01,  8.459349870682e-01,  2.855768905618e+01,  2.756876647472e-01
  6.190150000155e+01,  8.353377580643e-01,  2.856828628519e+01,  2.697405517101e-01
  6.190900000930e+01,  8.248130083084e-01,  2.857881103494e+01,  2.650446593761e-01
  6.191650000215e+01,  8.146849870682e-01,  2.858893905618e+01,  2.610974013805e-01
  6.192500001192e+01,  8.041411638260e-01,  2.859948287943e+01,  2.572412192822e-01
  6.193450000882e+01,  7.938605546951e-01,  2.860976348856e+01,  2.465963065624e-01
  6.194500000775e+01,  7.837096452713e-01,  2.861991439798e+01,  2.333707511425e-01
  6.195600000024e+01,  7.734805345535e-01,  2.863014350870e+01,  2.191571891308e-01
  6.196649999917e+01,  7.634307146072e-01,  2.864019332864e+01,  2.086229026318e-01
  6.197650000453e+01,  7.533599138260e-01,  2.865026412943e+01,  2.020139396191e-01
  6.198650000989e+01,  7.431250810623e-01,  2.866049896219e+01,  1.960496604443e-01
  6.199700000882e+01,  7.326613664627e-01,  2.867096267679e+01,  1.878747642040e-01
  6.200750000775e+01,  7.226169705391e-01,  2.868100707271e+01,  1.788025945425e-01
  6.201800000668e+01,  7.125652432442e-01,  2.869105880001e+01,  1.678773015738e-01
  6.202850000560e+01,  7.020767331123e-01,  2.870154731014e+01,  1.600266546011e-01
  6.203850001097e+01,  6.917427182198e-01,  2.871188132503e+01,  1.538048833609e-01
  6.204850000143e+01,  6.813781857491e-01,  2.872224585750e+01,  1.477357000113e-01
  6.205850000679e+01,  6.712539792061e-01,  2.873237006405e+01,  1.411839574575e-01
  6.206900000572e+01,  6.609790921211e-01,  2.874264495113e+01,  1.316128820181e-01
  6.207950000465e+01,  6.508224606514e-01,  2.875280158260e+01,  1.220170110464e-01
  6.209000000358e+01,  6.404731869698e-01,  2.876315085628e+01,  1.137543767691e-01
  6.210000000894e+01,  6.303642392159e-01,  2.877325980404e+01,  1.053753942251e-01
  6.210999999940e+01,  6.200492978096e-01,  2.878357474544e+01,  9.883318841457e-02
  6.212000000477e+01,  6.097686886787e-01,  2.879385535457e+01,  9.193430840969e-02
  6.213000001013e+01,  5.996826291084e-01,  2.880394141414e+01,  8.338175714016e-02
  6.214050000906e+01,  5.892570614815e-01,  2.881436698177e+01,  7.523165643215e-02
  6.215100000799e+01,  5.788200497627e-01,  2.882480399349e+01,  6.697665154934e-02
  6.216150000691e+01,  5.683258175850e-01,  2.883529822567e+01,  5.981455743313e-02
  6.217200000584e+01,  5.578811764717e-01,  2.884574286678e+01,  5.110369622707e-02
  6.218250000477e+01,  5.475395321846e-01,  2.885608451107e+01,  4.363261163235e-02
  6.219300000370e+01,  5.373104214668e-01,  2.886631362179e+01,  3.439913690090e-02
  6.220350000262e+01,  5.271595120430e-01,  2.887646453121e+01,  2.540980279446e-02
  6.221400000155e+01,  5.168979763985e-01,  2.888672606685e+01,  1.670657098293e-02
  6.222450000048e+01,  5.064609646797e-01,  2.889716307857e+01,  9.132489562035e-03
  6.223450000584e+01,  4.963406026363e-01,  2.890728344062e+01,  1.314267516136e-03
  6.224450001121e+01,  4.861324727535e-01,  2.891749157050e+01, -5.832567811012e-03
  6.225450000167e+01,  4.759052693844e-01,  2.892771877387e+01, -1.226414740086e-02
  6.226450000703e+01,  4.656940698624e-01,  2.893792997339e+01, -1.851531118155e-02
  6.227450001240e+01,  4.555889368057e-01,  2.894803510645e+01, -2.558013051748e-02
  6.228500001132e+01,  4.451290369034e-01,  2.895849500635e+01, -3.356810659170e-02
  6.229550001025e+01,  4.347759485245e-01,  2.896884809473e+01, -4.242201894522e-02
  6.230600000918e+01,  4.244152307510e-01,  2.897920881250e+01, -5.073996633291e-02
  6.231650000811e+01,  4.140754938126e-01,  2.898954854944e+01, -6.062766164541e-02
  6.232700000703e+01,  4.036079645157e-01,  2.900001607874e+01, -6.839438527822e-02
  6.233700001240e+01,  3.935867547989e-01,  2.901003728845e+01, -7.667800039053e-02
  6.234700000286e+01,  3.835006952286e-01,  2.902012334802e+01, -8.372374624014e-02
  6.235700000823e+01,  3.734527826309e-01,  2.903017126062e+01, -9.021254628897e-02
  6.236750000715e+01,  3.630081415176e-01,  2.904061590173e+01, -9.799262136221e-02
  6.237800000608e+01,  3.526970148087e-01,  2.905092702844e+01, -1.072833165526e-01
  6.238850000501e+01,  3.422905206680e-01,  2.906133352258e+01, -1.169421300292e-01
  6.239850001037e+01,  3.321968317032e-01,  2.907142721155e+01, -1.251513510942e-01
  6.240850000083e+01,  3.219772577286e-01,  2.908164678552e+01, -1.325747519732e-01
  6.241850000620e+01,  3.117424249649e-01,  2.909188161829e+01, -1.397769004107e-01
  6.242850001156e+01,  3.015495538712e-01,  2.910207448938e+01, -1.472765952349e-01
  6.243850000203e+01,  2.914596796036e-01,  2.911216436365e+01, -1.543471366167e-01
  6.244900000095e+01,  2.810302972794e-01,  2.912259374597e+01, -1.631724387407e-01
  6.245949999988e+01,  2.706047296524e-01,  2.913301931360e+01, -1.725565940142e-01
  6.246950000525e+01,  2.606025934219e-01,  2.914302144983e+01, -1.794116050005e-01
  6.247950001061e+01,  2.505470514297e-01,  2.915307699182e+01, -1.862389594316e-01
  6.248950000107e+01,  2.404648214579e-01,  2.916315922179e+01, -1.934468299150e-01
  6.249950000644e+01,  2.303902059793e-01,  2.917323383727e+01, -1.995131522417e-01
  6.250950001180e+01,  2.203621715307e-01,  2.918326187172e+01, -2.061183899641e-01
  6.251950000226e+01,  2.103409618139e-01,  2.919328308144e+01, -2.131565064192e-01
  6.252950000763e+01,  2.003121227026e-01,  2.920331192055e+01, -2.197311371565e-01
  6.253950001299e+01,  1.902718394995e-01,  2.921335220375e+01, -2.263668030500e-01
  6.254950000346e+01,  1.801972240210e-01,  2.922342681923e+01, -2.349956482649e-01
  6.255950000882e+01,  1.700768321753e-01,  2.923354721108e+01, -2.421195954084e-01
  6.256949999928e+01,  1.599526256323e-01,  2.924367141762e+01, -2.494438141584e-01
  6.257950000465e+01,  1.499237865210e-01,  2.925370025673e+01, -2.566002011299e-01
  6.259000000358e+01,  1.394562572241e-01,  2.926416778603e+01, -2.658889889717e-01
  6.260000000894e+01,  1.293930858374e-01,  2.927423095741e+01, -2.725837826729e-01
  6.260999999940e+01,  1.192726865411e-01,  2.928435135671e+01, -2.793033719063e-01
  6.262000000477e+01,  1.091255918145e-01,  2.929449845144e+01, -2.862556576729e-01
  6.263000001013e+01,  9.888694435358e-02,  2.930473709890e+01, -2.936847805977e-01
  6.264000000060e+01,  8.868644386530e-02,  2.931493759939e+01, -2.985475659370e-01
  6.265049999952e+01,  7.821128517389e-02,  2.932541275808e+01, -3.064191937447e-01
  6.266100001335e+01,  6.785819679499e-02,  2.933576584646e+01, -3.152139782906e-01
  6.267150001228e+01,  5.753562599421e-02,  2.934608841726e+01, -3.242910504341e-01
  6.268200001121e+01,  4.714820533991e-02,  2.935647583791e+01, -3.308075070381e-01
  6.269250001013e+01,  3.671119362116e-02,  2.936691284963e+01, -3.356073498726e-01
  6.270350000262e+01,  2.631232887506e-02,  2.937731171438e+01, -3.381212353706e-01
  6.271600000560e+01,  1.615951210260e-02,  2.938746453115e+01, -3.417537808418e-01
  6.273400001228e+01,  6.014325190336e-03,  2.939760971806e+01, -3.487494587898e-01
  6.274700000882e+01,  2.100922632962e-03,  2.940152312062e+01, -3.552106022835e-01
  6.274800001085e+01,  1.892067957669e-03,  2.940173197529e+01, -3.557236790657e-01
  6.275600001216e+01,  5.450030439533e-04,  2.940307904021e+01, -3.583920598030e-01
  6.275900000334e+01,  1.579066156410e-04,  2.940346613664e+01, -3.588031530380e-01
  6.297500000894e+01, -2.181129530072e-03,  2.940580517278e+01, -3.382766246796e-01
  6.297600001097e+01, -2.177942544222e-03,  2.940580198580e+01, -3.381154537201e-01
