           Test time,     Standard travel,     Tool separation,      Standard force
                 0.0,                 0.0,  2.940365319904e+01, -4.912912473083e-02
                 0.0,                 0.0,  2.940365506541e+01, -4.909824952483e-02
                 0.0,                 0.0,  2.940366258282e+01, -4.839761182666e-02
                 0.0,                 0.0,  2.940366479301e+01, -4.744393751025e-02
                 0.0,                 0.0,  2.940366886102e+01, -4.728991910815e-02
                 0.0,                 0.0,  2.940365494565e+01, -4.957173019648e-02
  0.000000000000e+00,  0.000000000000e+00,  2.940365582482e+01, -4.983682185411e-02
  8.000001311302e-03,  7.135793566704e-06,  2.940364868902e+01, -4.998907446861e-02
  1.099999248981e-02,  1.247646287084e-05,  2.940364334835e+01, -5.011501908302e-02
  1.299999654293e-02,  1.464923843741e-05,  2.940364117558e+01, -5.027785897255e-02
  1.399999856949e-02,  1.853844150901e-05,  2.940363728638e+01, -5.036059021950e-02
  1.145000010729e-01,  1.850506305345e-05,  2.940363731975e+01, -4.555900022388e-02
  2.149999886751e-01,  4.017098763143e-05,  2.940361565383e+01, -4.857398569584e-02
  3.149999976158e-01,  2.776385190373e-05,  2.940362806097e+01, -4.703545197845e-02
  4.155000001192e-01,  2.651641079865e-05,  2.940362930841e+01, -4.832788929343e-02
  5.160000026226e-01,  9.425992146134e-03,  2.939422983267e+01, -4.538895189762e-02
  5.384999960661e-01,  1.953398622572e-02,  2.938412183859e+01, -2.415348589420e-02
  5.494999885559e-01,  2.959525026381e-02,  2.937406057455e+01, -1.327587570995e-02
  5.574999898672e-01,  4.015051573515e-02,  2.936350530908e+01, -2.388359606266e-02
  5.644999891520e-01,  5.078207701445e-02,  2.935287374780e+01, -2.833725512028e-02
  5.709999948740e-01,  6.136404722929e-02,  2.934229177759e+01, -3.019119799137e-02
  5.769999921322e-01,  7.155691832304e-02,  2.933209890649e+01, -3.455711901188e-02
  5.829999893904e-01,  8.188330382109e-02,  2.932177252100e+01, -3.737045824528e-02
  5.890000015497e-01,  9.207617491484e-02,  2.931157964990e+01, -4.293228685856e-02
  5.954999923706e-01,  1.025704070926e-01,  2.930108541773e+01, -4.691745340824e-02
  6.024999916553e-01,  1.127442047000e-01,  2.929091162012e+01, -4.668380320072e-02
  6.104999929667e-01,  1.231583282351e-01,  2.928049749658e+01, -3.373290598392e-02
  6.184999942780e-01,  1.332062482834e-01,  2.927044957653e+01, -2.604819834232e-02
  6.264999955893e-01,  1.433800458908e-01,  2.926027577893e+01, -2.175189554691e-02
  6.344999969006e-01,  1.537827253342e-01,  2.924987309948e+01, -1.728869974613e-02
  6.419999897480e-01,  1.639336347580e-01,  2.923972219006e+01, -8.804812096059e-03
  6.489999890327e-01,  1.740235090256e-01,  2.922963231579e+01, -1.161385979503e-02
  6.560000032187e-01,  1.842677742243e-01,  2.921938805059e+01, -1.705906353891e-02
  6.634999960661e-01,  1.948306709528e-01,  2.920882515386e+01, -1.935789547861e-02
  6.714999973774e-01,  2.052180916071e-01,  2.919843773321e+01, -2.006093226373e-02
  6.805000007153e-01,  2.155559211969e-01,  2.918809990362e+01, -1.774445734918e-02
  6.909999996424e-01,  2.257831245661e-01,  2.917787270025e+01, -2.148573659360e-02
  7.049999982119e-01,  2.361247688532e-01,  2.916753105596e+01,  1.358578098007e-03
  7.179999947548e-01,  2.462623268366e-01,  2.915739349798e+01,  1.254517771304e-02
  7.290000021458e-01,  2.566058635712e-01,  2.914704996125e+01,  1.322440337390e-02
  7.389999926090e-01,  2.670428752899e-01,  2.913661294953e+01,  1.272111665457e-02
  7.484999895096e-01,  2.772815227509e-01,  2.912637430207e+01,  1.088088285178e-02
  7.584999948740e-01,  2.877147197723e-01,  2.911594110505e+01,  1.229018997401e-02
  7.689999938011e-01,  2.980449199677e-01,  2.910561090485e+01,  1.555485557765e-02
  7.800000011921e-01,  3.083198070526e-01,  2.909533601777e+01,  2.281994745135e-02
  7.909999936819e-01,  3.184325695038e-01,  2.908522325531e+01,  2.955002710223e-02
  8.020000010729e-01,  3.287093639374e-01,  2.907494646088e+01,  3.396601602435e-02
  8.125000000000e-01,  3.387877941132e-01,  2.906486803070e+01,  3.731865808368e-02
  8.229999989271e-01,  3.490855693817e-01,  2.905457025544e+01,  4.083747789264e-02
  8.334999978542e-01,  3.595492839813e-01,  2.904410654084e+01,  4.701251909137e-02
  8.435000032187e-01,  3.697268962860e-01,  2.903392892853e+01,  5.097312852740e-02
  8.534999936819e-01,  3.801867961884e-01,  2.902346902863e+01,  5.620593950152e-02
  8.629999905825e-01,  3.903758525848e-01,  2.901327997223e+01,  6.034870073199e-02
  8.725000023842e-01,  4.007060527802e-01,  2.900294977204e+01,  6.391353160143e-02
  8.819999992847e-01,  4.109942913055e-01,  2.899266153351e+01,  6.621760874987e-02
  8.914999961853e-01,  4.210345745087e-01,  2.898262125031e+01,  6.922072917223e-02
  9.015000015497e-01,  4.311664104462e-01,  2.897248941437e+01,  7.536906749010e-02
  9.120000004768e-01,  4.414637088776e-01,  2.896219211594e+01,  8.318047970533e-02
  9.224999994040e-01,  4.516489505768e-01,  2.895200687424e+01,  9.080605953932e-02
  9.329999983311e-01,  4.619581699371e-01,  2.894169765488e+01,  9.724908322096e-02
  9.429999887943e-01,  4.720022678375e-01,  2.893165355698e+01,  1.027651354671e-01
  9.529999941587e-01,  4.821836948395e-01,  2.892147212998e+01,  1.055594012141e-01
  9.629999995232e-01,  4.923079013824e-01,  2.891134792344e+01,  1.098661944270e-01
  9.734999984503e-01,  5.027601718903e-01,  2.890089565293e+01,  1.147723719478e-01
  9.839999973774e-01,  5.130178928375e-01,  2.889063793198e+01,  1.229262873530e-01
  9.944999963045e-01,  5.232756137848e-01,  2.888038021103e+01,  1.296239495277e-01
  1.004999995232e+00,  5.337316989899e-01,  2.886992412583e+01,  1.359820961952e-01
  1.015000000596e+00,  5.438330173492e-01,  2.885982280747e+01,  1.399303078651e-01
  1.024999991059e+00,  5.539000034332e-01,  2.884975582138e+01,  1.440272927284e-01
  1.035499989986e+00,  5.643789768219e-01,  2.883927684800e+01,  1.491389870644e-01
  1.045999988914e+00,  5.747530460358e-01,  2.882890277878e+01,  1.553016304970e-01
  1.056500002742e+00,  5.850355625153e-01,  2.881862026230e+01,  1.623855233192e-01
  1.067000001669e+00,  5.953848361969e-01,  2.880827098862e+01,  1.700111031532e-01
  1.077500000596e+00,  6.058714389801e-01,  2.879778438584e+01,  1.767488121986e-01
  1.087999999523e+00,  6.162703037262e-01,  2.878738552109e+01,  1.817031502724e-01
  1.098499998450e+00,  6.265738010406e-01,  2.877708202378e+01,  1.877933144569e-01
  1.108999997377e+00,  6.368029117584e-01,  2.876685291306e+01,  1.932798027992e-01
  1.119499996305e+00,  6.470263004303e-01,  2.875662952439e+01,  1.991353631020e-01
  1.129999995232e+00,  6.574079990387e-01,  2.874624782578e+01,  2.061191201210e-01
  1.140000000596e+00,  6.674902439117e-01,  2.873616558091e+01,  2.119002938271e-01
  1.149999991059e+00,  6.776258945465e-01,  2.872602993027e+01,  2.179408669472e-01
  1.159999996424e+00,  6.877149939537e-01,  2.871594083086e+01,  2.251541316509e-01
  1.170000001788e+00,  6.977171301842e-01,  2.870593869463e+01,  2.326175868511e-01
  1.180500000715e+00,  7.081159949303e-01,  2.869553982989e+01,  2.403442561626e-01
  1.190999999642e+00,  7.185072302818e-01,  2.868514859454e+01,  2.496959865093e-01
  1.200999990106e+00,  7.285093665123e-01,  2.867514645831e+01,  2.565605342388e-01
  1.210999995470e+00,  7.386030554771e-01,  2.866505276934e+01,  2.628872096539e-01
  1.221000000834e+00,  7.486891150475e-01,  2.865496670977e+01,  2.696144282818e-01
  1.230999991298e+00,  7.587370276451e-01,  2.864491879717e+01,  2.764770686626e-01
  1.240999996662e+00,  7.688116431236e-01,  2.863484418169e+01,  2.824670970440e-01
  1.251000002027e+00,  7.788862586021e-01,  2.862476956622e+01,  2.896406352520e-01
  1.260999992490e+00,  7.889074683189e-01,  2.861474835650e+01,  2.966177165508e-01
  1.270999997854e+00,  7.989210486412e-01,  2.860473477618e+01,  3.038904368877e-01
  1.281000003219e+00,  8.089346289635e-01,  2.859472119585e+01,  3.105299174786e-01
  1.291500002146e+00,  8.193792700768e-01,  2.858427655474e+01,  3.185693919659e-01
  1.302000001073e+00,  8.297666907310e-01,  2.857388913409e+01,  3.261015117168e-01
  1.312500000000e+00,  8.402189612389e-01,  2.856343686358e+01,  3.335115611553e-01
  1.322499990463e+00,  8.502859473228e-01,  2.855336987749e+01,  3.402330577374e-01
  1.332499995828e+00,  8.605017066002e-01,  2.854315411822e+01,  3.470003306866e-01
  1.342500001192e+00,  8.707022070885e-01,  2.853295361773e+01,  3.530704677105e-01
  1.352499991655e+00,  8.807577490807e-01,  2.852289807574e+01,  3.606788814068e-01
  1.362999990582e+00,  8.911413550377e-01,  2.851251446978e+01,  3.688442409039e-01
  1.373499989510e+00,  9.013361334801e-01,  2.850231969134e+01,  3.773643672466e-01
  1.384000003338e+00,  9.115080237389e-01,  2.849214780108e+01,  3.857700526714e-01
  1.394500002265e+00,  9.219221472740e-01,  2.848173367754e+01,  3.928634822369e-01
  1.404499992728e+00,  9.320321083069e-01,  2.847162371651e+01,  3.996149599552e-01
  1.414499998093e+00,  9.422211647034e-01,  2.846143466011e+01,  4.078795015812e-01
  1.424499988556e+00,  9.523949623108e-01,  2.845126086251e+01,  4.154192507267e-01
  1.435000002384e+00,  9.627785682678e-01,  2.844087725655e+01,  4.204508364201e-01
  1.445999994874e+00,  9.728093147278e-01,  2.843084651009e+01,  4.248210489750e-01
  1.458999991417e+00,  9.830040931702e-01,  2.842065173165e+01,  4.278409183025e-01
  1.476999998093e+00,  9.930453300476e-01,  2.841061049477e+01,  4.320409893990e-01
  1.490999996662e+00,  9.974875450134e-01,  2.840616827980e+01,  4.384458661079e-01
  1.591499999166e+00,  1.003105401993e+00,  2.840055042282e+01,  4.435853660107e-01
  1.692000001669e+00,  1.002601504326e+00,  2.840105432049e+01,  4.385567903519e-01
  1.792499989271e+00,  1.001790046692e+00,  2.840186577813e+01,  4.397773146629e-01
  1.892499998212e+00,  1.001206159592e+00,  2.840244966523e+01,  4.324057400227e-01
  1.993000000715e+00,  1.000760197639e+00,  2.840289562718e+01,  4.316008388996e-01
  2.093500003219e+00,  1.000452876091e+00,  2.840320294873e+01,  4.257437586784e-01
  2.193999990821e+00,  1.000294089317e+00,  2.840336173550e+01,  4.243705272675e-01
  2.293999999762e+00,  1.000161886215e+00,  2.840349393860e+01,  4.241617619991e-01
  2.394500002265e+00,  1.000132799149e+00,  2.840352302567e+01,  4.209887385368e-01
  2.494999989867e+00,  1.000051140785e+00,  2.840360468403e+01,  4.201783239841e-01
  2.594999998808e+00,  1.000012040138e+00,  2.840364378468e+01,  4.185930192471e-01
  2.695500001311e+00,  1.000015377998e+00,  2.840364044682e+01,  4.162735342979e-01
  2.795999988914e+00,  1.000036597252e+00,  2.840361922757e+01,  4.147393703461e-01
  2.895999997854e+00,  1.000013470650e+00,  2.840364235417e+01,  4.131958484650e-01
  2.996500000358e+00,  1.000006079674e+00,  2.840364974514e+01,  4.122147858143e-01
  3.097000002861e+00,  1.000022649765e+00,  2.840363317505e+01,  4.128835201263e-01
  3.197499990463e+00,  9.999940395355e-01,  2.840366178528e+01,  4.115029275417e-01
  3.297499999404e+00,  1.000018000603e+00,  2.840363782422e+01,  4.124434888363e-01
  3.398000001907e+00,  1.000015258789e+00,  2.840364056603e+01,  4.114965498447e-01
  3.498499989510e+00,  1.000004291534e+00,  2.840365153328e+01,  4.073362350464e-01
  3.598499998450e+00,  1.000021815300e+00,  2.840363400952e+01,  4.107635319233e-01
  3.699000000954e+00,  1.000004172325e+00,  2.840365165249e+01,  4.071294367313e-01
  3.799499988556e+00,  1.000010609627e+00,  2.840364521519e+01,  4.067360460758e-01
  3.899499997497e+00,  1.000026345253e+00,  2.840362947956e+01,  4.082357287407e-01
  4.000000000000e+00,  1.000011324883e+00,  2.840364449994e+01,  4.068676233292e-01
  4.100500002503e+00,  1.000017046928e+00,  2.840363877789e+01,  4.069949984550e-01
  4.200999990106e+00,  1.000024318695e+00,  2.840363150612e+01,  4.057799875736e-01
  4.300999999046e+00,  1.000043749809e+00,  2.840361207501e+01,  4.049334526062e-01
  4.401500001550e+00,  1.000040531158e+00,  2.840361529366e+01,  4.053371250629e-01
  4.501999989152e+00,  1.000039935112e+00,  2.840361588971e+01,  4.089067280293e-01
  4.601999998093e+00,  1.000020623207e+00,  2.840363520161e+01,  4.026618301868e-01
  4.702500000596e+00,  1.000025629997e+00,  2.840363019482e+01,  4.050462245941e-01
  4.803000003099e+00,  1.000023126602e+00,  2.840363269822e+01,  4.022656679153e-01
  4.903499990702e+00,  1.000017404556e+00,  2.840363842026e+01,  4.030935466290e-01
  5.003499999642e+00,  1.000032782555e+00,  2.840362304226e+01,  4.036854207516e-01
  5.104000002146e+00,  1.000018000603e+00,  2.840363782422e+01,  4.023923575878e-01
  5.204499989748e+00,  1.000013113022e+00,  2.840364271180e+01,  4.028405845165e-01
  5.304499998689e+00,  1.000031828880e+00,  2.840362399594e+01,  3.981604576111e-01
  5.405000001192e+00,  1.000019907951e+00,  2.840363591687e+01,  3.990497291088e-01
  5.505499988794e+00,  1.000005602837e+00,  2.840365022198e+01,  3.991406261921e-01
  5.605499997735e+00,  1.000009536743e+00,  2.840364628807e+01,  3.986657857895e-01
  5.706000000238e+00,  1.000002980232e+00,  2.840365284459e+01,  3.974893391132e-01
  5.806500002742e+00,  9.999974370003e-01,  2.840365838782e+01,  3.977763652802e-01
  5.906999990344e+00,  1.000018358231e+00,  2.840363746659e+01,  3.983652293682e-01
  6.006999999285e+00,  9.999752640724e-01,  2.840368056075e+01,  3.977423906326e-01
  6.106999993324e+00,  1.000013232231e+00,  2.840364259259e+01,  3.997516334057e-01
  6.207000002265e+00,  1.000018239021e+00,  2.840363758580e+01,  3.956038355827e-01
  6.306999996305e+00,  1.000007867813e+00,  2.840364795700e+01,  3.971523940563e-01
  6.406999990344e+00,  1.000007510185e+00,  2.840364831463e+01,  3.958008587360e-01
  6.506999999285e+00,  1.000039935112e+00,  2.840361588971e+01,  3.988166451454e-01
  6.606999993324e+00,  1.000017046928e+00,  2.840363877789e+01,  3.948745131493e-01
  6.707000002265e+00,  9.999952912331e-01,  2.840366053358e+01,  3.956224620342e-01
  6.806999996305e+00,  9.999899268150e-01,  2.840366589800e+01,  3.953747749329e-01
  6.906999990344e+00,  9.999828934669e-01,  2.840367293135e+01,  3.933873474598e-01
  7.006999999285e+00,  1.000024199486e+00,  2.840363162533e+01,  3.947805762291e-01
  7.106999993324e+00,  9.999992251396e-01,  2.840365659968e+01,  3.920683264732e-01
  7.207000002265e+00,  9.999852180481e-01,  2.840367060677e+01,  3.950478732586e-01
  7.306999996305e+00,  1.000038385391e+00,  2.840361743943e+01,  3.943544328213e-01
  7.406999990344e+00,  9.999789595604e-01,  2.840367686526e+01,  3.944065570831e-01
  7.506999999285e+00,  1.000005006790e+00,  2.840365081803e+01,  3.924096226692e-01
  7.606999993324e+00,  9.999828934669e-01,  2.840367293135e+01,  3.924949169159e-01
  7.707000002265e+00,  1.000012397766e+00,  2.840364342705e+01,  3.959393501282e-01
  7.806999996305e+00,  1.000025749207e+00,  2.840363007561e+01,  3.924805819988e-01
  7.906999990344e+00,  1.000015735626e+00,  2.840364008919e+01,  3.935502171516e-01
  8.006999999285e+00,  1.000021338463e+00,  2.840363448635e+01,  3.919731378555e-01
  8.106999993324e+00,  1.000009179115e+00,  2.840364664570e+01,  3.931815922260e-01
  8.207000002265e+00,  1.000012159348e+00,  2.840364366547e+01,  3.905219137669e-01
  8.306999996305e+00,  9.999923706055e-01,  2.840366345421e+01,  3.912766575813e-01
  8.406999990344e+00,  9.999988675117e-01,  2.840365695731e+01,  3.913040161133e-01
  8.506999999285e+00,  1.000003218651e+00,  2.840365260617e+01,  3.937247395515e-01
  8.606999993324e+00,  1.000022649765e+00,  2.840363317505e+01,  3.926918804646e-01
  8.707000002265e+00,  9.999415874481e-01,  2.840371423737e+01,  3.905391097069e-01
  8.806999996305e+00,  9.999765753746e-01,  2.840367924944e+01,  3.896963894367e-01
  8.906999990344e+00,  9.999883770943e-01,  2.840366744772e+01,  3.914200961590e-01
  9.006999999285e+00,  1.000007867813e+00,  2.840364795700e+01,  3.894880414009e-01
  9.106999993324e+00,  1.000013589859e+00,  2.840364223496e+01,  3.897022306919e-01
  9.207000002265e+00,  9.999925494194e-01,  2.840366327540e+01,  3.900834619999e-01
  9.306999996305e+00,  9.999786615372e-01,  2.840367716328e+01,  3.899279236794e-01
  9.406999990344e+00,  9.999952912331e-01,  2.840366053358e+01,  3.905963301659e-01
  9.506999999285e+00,  1.000019431114e+00,  2.840363639370e+01,  3.902463614941e-01
  9.606999993324e+00,  1.000028133392e+00,  2.840362769143e+01,  3.896139562130e-01
  9.707000002265e+00,  1.000041365623e+00,  2.840361445919e+01,  3.898421823978e-01
  9.806999996305e+00,  1.000052332878e+00,  2.840360349194e+01,  3.911285102367e-01
  9.906999990344e+00,  1.000036835670e+00,  2.840361898915e+01,  3.900602161884e-01
  1.000699999928e+01,  1.000013113022e+00,  2.840364271180e+01,  3.904448747635e-01
  1.010699999332e+01,  1.000018358231e+00,  2.840363746659e+01,  3.905831575394e-01
  1.020700000226e+01,  1.000011920929e+00,  2.840364390389e+01,  3.888767659664e-01
  1.030699999630e+01,  1.000004768372e+00,  2.840365105645e+01,  3.870106935501e-01
  1.040699999034e+01,  9.999619722366e-01,  2.840369385258e+01,  3.884616792202e-01
  1.050699999928e+01,  1.000008583069e+00,  2.840364724175e+01,  3.872500658035e-01
  1.060699999332e+01,  1.000002145767e+00,  2.840365367905e+01,  3.883398473263e-01
  1.070700000226e+01,  9.999872446060e-01,  2.840366858021e+01,  3.875466883183e-01
  1.080699999630e+01,  1.000016927719e+00,  2.840363889710e+01,  3.884676098824e-01
  1.090699999034e+01,  1.000010132790e+00,  2.840364569203e+01,  3.902350664139e-01
  1.100699999928e+01,  9.999933838844e-01,  2.840366244093e+01,  3.895066678524e-01
  1.110699999332e+01,  9.999954700470e-01,  2.840366035477e+01,  3.894911110401e-01
  1.120700000226e+01,  1.000009894371e+00,  2.840364593045e+01,  3.884876370430e-01
  1.130699999630e+01,  1.000038623810e+00,  2.840361720101e+01,  3.876194357872e-01
  1.140699999034e+01,  9.999780654907e-01,  2.840367775933e+01,  3.871294260025e-01
  1.150699999928e+01,  1.000013828278e+00,  2.840364199654e+01,  3.888325989246e-01
  1.160699999332e+01,  1.000036597252e+00,  2.840361922757e+01,  3.877656459808e-01
  1.170700000226e+01,  1.000023245811e+00,  2.840363257901e+01,  3.863417804241e-01
  1.180699999630e+01,  1.000001668930e+00,  2.840365415589e+01,  3.866257965565e-01
  1.190699999034e+01,  9.999858140945e-01,  2.840367001072e+01,  3.880769014359e-01
  1.200699999928e+01,  9.999991059303e-01,  2.840365671889e+01,  3.867594599724e-01
  1.210699999332e+01,  1.000018358231e+00,  2.840363746659e+01,  3.858863711357e-01
  1.220700000226e+01,  1.000034451485e+00,  2.840362137333e+01,  3.837074935436e-01
  1.230699999630e+01,  1.000034928322e+00,  2.840362089650e+01,  3.841851651669e-01
  1.240699999034e+01,  9.999806880951e-01,  2.840367513672e+01,  3.869171738625e-01
  1.250699999928e+01,  1.000050187111e+00,  2.840360563771e+01,  3.827120959759e-01
  1.260699999332e+01,  1.000011920929e+00,  2.840364390389e+01,  3.835579454899e-01
  1.270700000226e+01,  1.000027537346e+00,  2.840362828747e+01,  3.860388398170e-01
  1.280699999630e+01,  9.999901056290e-01,  2.840366571919e+01,  3.851227164268e-01
  1.290699999034e+01,  1.000017166138e+00,  2.840363865868e+01,  3.857796192169e-01
  1.300699999928e+01,  1.000003695488e+00,  2.840365212933e+01,  3.840519189835e-01
  1.310699999332e+01,  9.999805688858e-01,  2.840367525593e+01,  3.851072192192e-01
  1.320700000226e+01,  9.999948740005e-01,  2.840366095082e+01,  3.817761540413e-01
  1.330699999630e+01,  9.999907612801e-01,  2.840366506354e+01,  3.819205760956e-01
  1.340699999034e+01,  1.000002622604e+00,  2.840365320221e+01,  3.839686512947e-01
  1.350699999928e+01,  9.999966025352e-01,  2.840365922228e+01,  3.849750459194e-01
  1.360699999332e+01,  9.999976158142e-01,  2.840365820900e+01,  3.825834989548e-01
  1.370700000226e+01,  9.999842047691e-01,  2.840367162005e+01,  3.851850032806e-01
  1.380699999630e+01,  9.999833106995e-01,  2.840367251412e+01,  3.850420117378e-01
  1.390699999034e+01,  1.000005245209e+00,  2.840365057961e+01,  3.816231489182e-01
  1.400699999928e+01,  9.999956488609e-01,  2.840366017596e+01,  3.824885189533e-01
  1.410699999332e+01,  1.000000715256e+00,  2.840365510956e+01,  3.810834884644e-01
  1.420700000226e+01,  1.000000119209e+00,  2.840365570561e+01,  3.799371123314e-01
  1.430699999630e+01,  9.999825358391e-01,  2.840367328898e+01,  3.813282549381e-01
  1.440699999034e+01,  9.999855160713e-01,  2.840367030875e+01,  3.810968101025e-01
  1.450699999928e+01,  1.000028848648e+00,  2.840362697617e+01,  3.838044703007e-01
  1.460699999332e+01,  1.000013113022e+00,  2.840364271180e+01,  3.824603855610e-01
  1.470700000226e+01,  1.000019788742e+00,  2.840363603608e+01,  3.824749290943e-01
  1.480699999630e+01,  1.000004768372e+00,  2.840365105645e+01,  3.814318478107e-01
  1.490699999034e+01,  9.999651908875e-01,  2.840369063393e+01,  3.798941373825e-01
  1.500699999928e+01,  9.999768137932e-01,  2.840367901102e+01,  3.816938102245e-01
  1.510699999332e+01,  1.000006198883e+00,  2.840364962593e+01,  3.797242939472e-01
  1.520700000226e+01,  1.000002026558e+00,  2.840365379826e+01,  3.802378773689e-01
  1.530699999630e+01,  9.999856948853e-01,  2.840367012993e+01,  3.796418607235e-01
  1.540699999034e+01,  1.000011086464e+00,  2.840364473835e+01,  3.791899085045e-01
  1.550699999928e+01,  9.999956488609e-01,  2.840366017596e+01,  3.814572095871e-01
  1.560699999332e+01,  1.000007510185e+00,  2.840364831463e+01,  3.801003992558e-01
  1.570700000226e+01,  9.999915361404e-01,  2.840366428868e+01,  3.805395364761e-01
  1.580699999630e+01,  9.999989271164e-01,  2.840365689770e+01,  3.794962167740e-01
  1.590699999034e+01,  1.000005722046e+00,  2.840365010277e+01,  3.783401846886e-01
  1.600699999928e+01,  9.999748468399e-01,  2.840368097798e+01,  3.812577724457e-01
  1.610699999332e+01,  9.999745488167e-01,  2.840368127600e+01,  3.804564774036e-01
  1.620700000226e+01,  9.999935626984e-01,  2.840366226212e+01,  3.790434598923e-01
  1.630699999630e+01,  1.000010490417e+00,  2.840364533440e+01,  3.785656988621e-01
  1.640699999034e+01,  1.000015020370e+00,  2.840364080445e+01,  3.793539404869e-01
  1.650699999928e+01,  1.000032424927e+00,  2.840362339989e+01,  3.793067634106e-01
  1.660699999332e+01,  1.000018715858e+00,  2.840363710896e+01,  3.806766569614e-01
  1.670700000226e+01,  1.000010848045e+00,  2.840364497677e+01,  3.772609233856e-01
  1.680699999630e+01,  9.999924898148e-01,  2.840366333500e+01,  3.806683123112e-01
  1.690699999034e+01,  9.999881982803e-01,  2.840366762654e+01,  3.783205747604e-01
  1.700699999928e+01,  1.000018954277e+00,  2.840363687054e+01,  3.764490783215e-01
  1.710699999332e+01,  1.000021338463e+00,  2.840363448635e+01,  3.762025833130e-01
  1.720700000226e+01,  9.999986886978e-01,  2.840365713612e+01,  3.772498071194e-01
  1.730699999630e+01,  1.000003099442e+00,  2.840365272538e+01,  3.772561252117e-01
  1.740699999034e+01,  1.000001788139e+00,  2.840365403668e+01,  3.789309263229e-01
  1.750699999928e+01,  1.000002264977e+00,  2.840365355984e+01,  3.772141933441e-01
  1.760699999332e+01,  1.000024557114e+00,  2.840363126770e+01,  3.769157826900e-01
  1.770700000226e+01,  1.000015258789e+00,  2.840364056603e+01,  3.781707584858e-01
  1.780699999630e+01,  1.000004649162e+00,  2.840365117566e+01,  3.768083453178e-01
  1.790699999034e+01,  9.999940395355e-01,  2.840366178528e+01,  3.765381872654e-01
  1.800699999928e+01,  9.999927282333e-01,  2.840366309658e+01,  3.779524862766e-01
  1.810699999332e+01,  1.000005245209e+00,  2.840365057961e+01,  3.753640651703e-01
  1.820700000226e+01,  9.999954700470e-01,  2.840366035477e+01,  3.752146661282e-01
  1.830699999630e+01,  1.000005722046e+00,  2.840365010277e+01,  3.758957087994e-01
  1.840699999034e+01,  9.999897480011e-01,  2.840366607682e+01,  3.774450421333e-01
  1.850699999928e+01,  1.000014185905e+00,  2.840364163891e+01,  3.771152496338e-01
  1.860699999332e+01,  1.000016570091e+00,  2.840363925473e+01,  3.764463663101e-01
  1.870700000226e+01,  9.999982714653e-01,  2.840365755335e+01,  3.754068315029e-01
  1.880699999630e+01,  1.000004529953e+00,  2.840365129486e+01,  3.768319189548e-01
  1.890699999034e+01,  9.999924898148e-01,  2.840366333500e+01,  3.771373629570e-01
  1.900699999928e+01,  1.000000953674e+00,  2.840365487114e+01,  3.741586208344e-01
  1.910699999332e+01,  1.000009298325e+00,  2.840364652649e+01,  3.784005641937e-01
  1.920700000226e+01,  1.000002503395e+00,  2.840365332142e+01,  3.739542663097e-01
  1.930699999630e+01,  1.000021338463e+00,  2.840363448635e+01,  3.760072886944e-01
  1.940699999034e+01,  1.000016331673e+00,  2.840363949315e+01,  3.757065832615e-01
  1.950699999928e+01,  9.999968409538e-01,  2.840365898386e+01,  3.731490075588e-01
  1.960699999332e+01,  9.999930858612e-01,  2.840366273896e+01,  3.720621466637e-01
  1.970700000226e+01,  9.999865889549e-01,  2.840366923586e+01,  3.736124336720e-01
  1.980699999630e+01,  1.000001907349e+00,  2.840365391747e+01,  3.751474320889e-01
  1.990699999034e+01,  9.999852180481e-01,  2.840367060677e+01,  3.728378117085e-01
  2.000699999928e+01,  9.999908804893e-01,  2.840366494433e+01,  3.732975721359e-01
  2.010699999332e+01,  1.000011444092e+00,  2.840364438073e+01,  3.736276626587e-01
  2.020700000226e+01,  1.000003337860e+00,  2.840365248696e+01,  3.723196387291e-01
  2.030699999630e+01,  1.000008225441e+00,  2.840364759938e+01,  3.729692101479e-01
  2.040699999034e+01,  1.000011324883e+00,  2.840364449994e+01,  3.741357326508e-01
  2.050699999928e+01,  1.000012755394e+00,  2.840364306942e+01,  3.740775883198e-01
  2.060699999332e+01,  9.999906420708e-01,  2.840366518275e+01,  3.730562031269e-01
  2.070700000226e+01,  1.000005125999e+00,  2.840365069882e+01,  3.734881579876e-01
  2.080699999630e+01,  1.000008583069e+00,  2.840364724175e+01,  3.724872767925e-01
  2.090699999034e+01,  1.000026106834e+00,  2.840362971798e+01,  3.712601065636e-01
  2.100699999928e+01,  9.999984502792e-01,  2.840365737454e+01,  3.729996085167e-01
  2.110699999332e+01,  1.000001311302e+00,  2.840365451352e+01,  3.745913207531e-01
  2.120700000226e+01,  1.000001549721e+00,  2.840365427510e+01,  3.721619248390e-01
  2.130699999630e+01,  9.999946951866e-01,  2.840366112963e+01,  3.723863661289e-01
  2.140699999034e+01,  1.000020265579e+00,  2.840363555924e+01,  3.734653294086e-01
  2.150699999928e+01,  1.000015616417e+00,  2.840364020840e+01,  3.700652122498e-01
  2.160699999332e+01,  9.999941587448e-01,  2.840366166607e+01,  3.737500011921e-01
  2.170700000226e+01,  9.999862909317e-01,  2.840366953389e+01,  3.721292912960e-01
  2.180699999630e+01,  9.999917745590e-01,  2.840366405026e+01,  3.735710978508e-01
  2.190699999034e+01,  9.999911785126e-01,  2.840366464631e+01,  3.729990720749e-01
  2.200699999928e+01,  1.000005960464e+00,  2.840364986435e+01,  3.737988173962e-01
  2.210699999332e+01,  1.000003576279e+00,  2.840365224854e+01,  3.721883893013e-01
  2.220700000226e+01,  9.999948740005e-01,  2.840366095082e+01,  3.739906847477e-01
  2.230699999630e+01,  1.000028252602e+00,  2.840362757222e+01,  3.726677298546e-01
  2.240699999034e+01,  9.999984502792e-01,  2.840365737454e+01,  3.729789853096e-01
  2.250699999928e+01,  1.000016808510e+00,  2.840363901631e+01,  3.724323809147e-01
  2.260699999332e+01,  9.999898672104e-01,  2.840366595761e+01,  3.718144595623e-01
  2.270700000226e+01,  1.000015020370e+00,  2.840364080445e+01,  3.733453452587e-01
  2.280699999630e+01,  1.000029325485e+00,  2.840362649933e+01,  3.715949356556e-01
  2.290699999034e+01,  9.999980926514e-01,  2.840365773217e+01,  3.730498850346e-01
  2.300699999928e+01,  1.000010371208e+00,  2.840364545361e+01,  3.729472458363e-01
  2.310699999332e+01,  9.999992847443e-01,  2.840365654007e+01,  3.716457784176e-01
  2.320700000226e+01,  1.000038266182e+00,  2.840361755864e+01,  3.704369962215e-01
  2.330699999630e+01,  1.000012636185e+00,  2.840364318863e+01,  3.684985041618e-01
  2.340699999034e+01,  1.000014781952e+00,  2.840364104287e+01,  3.699896037579e-01
  2.350699999928e+01,  1.000017046928e+00,  2.840363877789e+01,  3.710941076279e-01
  2.360699999332e+01,  9.999900460243e-01,  2.840366577879e+01,  3.702414929867e-01
  2.370700000226e+01,  1.000001668930e+00,  2.840365415589e+01,  3.699983358383e-01
  2.380699999630e+01,  9.999889135361e-01,  2.840366691128e+01,  3.696085512638e-01
  2.390699999034e+01,  9.999642968178e-01,  2.840369152800e+01,  3.714500367641e-01
  2.400699999928e+01,  1.000020384789e+00,  2.840363544003e+01,  3.712372183800e-01
  2.410699999332e+01,  9.999889135361e-01,  2.840366691128e+01,  3.724438846111e-01
  2.420700000226e+01,  1.000009298325e+00,  2.840364652649e+01,  3.715522289276e-01
  2.430699999630e+01,  1.000011205673e+00,  2.840364461914e+01,  3.713090419769e-01
  2.440699999034e+01,  1.000004649162e+00,  2.840365117566e+01,  3.711327314377e-01
  2.450699999928e+01,  1.000019907951e+00,  2.840363591687e+01,  3.683018386364e-01
  2.460699999332e+01,  9.999734163284e-01,  2.840368240849e+01,  3.709775507450e-01
  2.470700000226e+01,  1.000002622604e+00,  2.840365320221e+01,  3.715929389000e-01
  2.480699999630e+01,  9.999853372574e-01,  2.840367048756e+01,  3.717993795872e-01
  2.490699999034e+01,  1.000002861023e+00,  2.840365296379e+01,  3.712635934353e-01
  2.500699999928e+01,  9.999935030937e-01,  2.840366232172e+01,  3.707481026649e-01
  2.510699999332e+01,  1.000003337860e+00,  2.840365248696e+01,  3.682090640068e-01
  2.520700000226e+01,  9.999942183495e-01,  2.840366160647e+01,  3.671683371067e-01
  2.530699999630e+01,  1.000017285347e+00,  2.840363853947e+01,  3.684612810612e-01
  2.540699999034e+01,  1.000012755394e+00,  2.840364306942e+01,  3.697913587093e-01
  2.550699999928e+01,  1.000002622604e+00,  2.840365320221e+01,  3.672364652157e-01
  2.560699999332e+01,  1.000003337860e+00,  2.840365248696e+01,  3.671723604202e-01
  2.570700000226e+01,  1.000000596046e+00,  2.840365522877e+01,  3.674449920654e-01
  2.580699999630e+01,  1.000001072884e+00,  2.840365475193e+01,  3.672676980495e-01
  2.590699999034e+01,  1.000005722046e+00,  2.840365010277e+01,  3.674610257149e-01
  2.600699999928e+01,  9.999898076057e-01,  2.840366601721e+01,  3.661563396454e-01
  2.610699999332e+01,  9.999945163727e-01,  2.840366130845e+01,  3.662126958370e-01
  2.620700000226e+01,  1.000012159348e+00,  2.840364366547e+01,  3.661884069443e-01
  2.630699999630e+01,  1.000006794930e+00,  2.840364902989e+01,  3.644565641880e-01
  2.640699999034e+01,  1.000007390976e+00,  2.840364843384e+01,  3.663273453712e-01
  2.650699999928e+01,  1.000003576279e+00,  2.840365224854e+01,  3.690106570721e-01
  2.660699999332e+01,  1.000002026558e+00,  2.840365379826e+01,  3.676975071430e-01
  2.670700000226e+01,  1.000004410744e+00,  2.840365141407e+01,  3.684277236462e-01
  2.680699999630e+01,  1.000035762787e+00,  2.840362006203e+01,  3.662873804569e-01
  2.690699999034e+01,  9.999985098839e-01,  2.840365731493e+01,  3.665037751198e-01
  2.700699999928e+01,  9.999981522560e-01,  2.840365767256e+01,  3.659153282642e-01
  2.710699999332e+01,  9.999728798866e-01,  2.840368294493e+01,  3.658815920353e-01
  2.720700000226e+01,  9.999782443047e-01,  2.840367758051e+01,  3.649669885635e-01
  2.730699999630e+01,  9.999802708626e-01,  2.840367555396e+01,  3.662003278732e-01
  2.740699999034e+01,  9.999744296074e-01,  2.840368139521e+01,  3.652896583080e-01
  2.750699999928e+01,  1.000009894371e+00,  2.840364593045e+01,  3.677169978619e-01
  2.760699999332e+01,  1.000003218651e+00,  2.840365260617e+01,  3.663933873177e-01
  2.770700000226e+01,  1.000005245209e+00,  2.840365057961e+01,  3.649653494358e-01
  2.780699999630e+01,  1.000004529953e+00,  2.840365129486e+01,  3.654476702213e-01
  2.790699999034e+01,  1.000014543533e+00,  2.840364128128e+01,  3.682231009007e-01
  2.800699999928e+01,  1.000001072884e+00,  2.840365475193e+01,  3.656540811062e-01
  2.810699999332e+01,  1.000013470650e+00,  2.840364235417e+01,  3.663229346275e-01
  2.820700000226e+01,  9.999994039536e-01,  2.840365642086e+01,  3.651406466961e-01
  2.830699999630e+01,  9.999982118607e-01,  2.840365761296e+01,  3.648258745670e-01
  2.840699999034e+01,  9.999734759331e-01,  2.840368234888e+01,  3.654132783413e-01
  2.850699999928e+01,  1.000009775162e+00,  2.840364604966e+01,  3.646737933159e-01
  2.860699999332e+01,  1.000010967255e+00,  2.840364485756e+01,  3.659277856350e-01
  2.870700000226e+01,  9.999952912331e-01,  2.840366053358e+01,  3.663841485977e-01
  2.880699999630e+01,  9.999847412109e-01,  2.840367108361e+01,  3.668588697910e-01
  2.890699999034e+01,  1.000005960464e+00,  2.840364986435e+01,  3.658933043480e-01
  2.900699999928e+01,  1.000011563301e+00,  2.840364426152e+01,  3.635900914669e-01
  2.910699999332e+01,  9.999848008156e-01,  2.840367102400e+01,  3.662088811398e-01
  2.920700000226e+01,  1.000016331673e+00,  2.840363949315e+01,  3.644680976868e-01
  2.930699999630e+01,  9.999989867210e-01,  2.840365683810e+01,  3.637316226959e-01
  2.940699999034e+01,  9.999973177910e-01,  2.840365850703e+01,  3.641251325607e-01
  2.950699999928e+01,  9.999995231628e-01,  2.840365630165e+01,  3.653125762939e-01
  2.960699999332e+01,  1.000006794930e+00,  2.840364902989e+01,  3.627212941647e-01
  2.970700000226e+01,  9.999853968620e-01,  2.840367042796e+01,  3.615643382072e-01
  2.980699999630e+01,  9.999836087227e-01,  2.840367221610e+01,  3.622753024101e-01
  2.990699999034e+01,  9.999785423279e-01,  2.840367728249e+01,  3.622866272926e-01
  3.000699999928e+01,  9.999712109566e-01,  2.840368461386e+01,  3.626660704613e-01
  3.010699999332e+01,  9.999707937241e-01,  2.840368503109e+01,  3.644402921200e-01
  3.020700000226e+01,  9.999822378159e-01,  2.840367358700e+01,  3.635879456997e-01
  3.030699999630e+01,  9.999923706055e-01,  2.840366345421e+01,  3.624029159546e-01
  3.040699999034e+01,  9.999892711639e-01,  2.840366655365e+01,  3.619989156723e-01
  3.050699999928e+01,  9.999917149544e-01,  2.840366410986e+01,  3.626456558704e-01
  3.060699999332e+01,  9.999995231628e-01,  2.840365630165e+01,  3.661279976368e-01
  3.070700000226e+01,  9.999673962593e-01,  2.840368842856e+01,  3.639253973961e-01
  3.080699999630e+01,  1.000025510788e+00,  2.840363031403e+01,  3.630061745644e-01
  3.090699999034e+01,  1.000036954880e+00,  2.840361886994e+01,  3.624354898930e-01
  3.100699999928e+01,  1.000033974648e+00,  2.840362185017e+01,  3.644745051861e-01
  3.110699999332e+01,  1.000033497810e+00,  2.840362232701e+01,  3.635231554508e-01
  3.120700000226e+01,  1.000021815300e+00,  2.840363400952e+01,  3.638156056404e-01
  3.130699999630e+01,  9.999837279320e-01,  2.840367209689e+01,  3.640432655811e-01
  3.140699999034e+01,  1.000012636185e+00,  2.840364318863e+01,  3.630097210407e-01
  3.150699999928e+01,  1.000025749207e+00,  2.840363007561e+01,  3.624961674213e-01
  3.160699999332e+01,  1.000006198883e+00,  2.840364962593e+01,  3.644704520702e-01
  3.170700000226e+01,  9.999899864197e-01,  2.840366583840e+01,  3.614538013935e-01
  3.180699999630e+01,  1.000002741814e+00,  2.840365308300e+01,  3.614911437035e-01
  3.190699999034e+01,  9.999927282333e-01,  2.840366309658e+01,  3.617557883263e-01
  3.200699999928e+01,  9.999945759773e-01,  2.840366124884e+01,  3.632656037807e-01
  3.210699999332e+01,  9.999970197678e-01,  2.840365880505e+01,  3.617727458477e-01
  3.220700000226e+01,  1.000051617622e+00,  2.840360420720e+01,  3.642961084843e-01
  3.230699999630e+01,  9.999821186066e-01,  2.840367370621e+01,  3.636233210564e-01
  3.240699999034e+01,  1.000008702278e+00,  2.840364712254e+01,  3.648693561554e-01
  3.250699999928e+01,  9.999761581421e-01,  2.840367966668e+01,  3.637283146381e-01
  3.260699999332e+01,  9.999980926514e-01,  2.840365773217e+01,  3.642593324184e-01
  3.270700000226e+01,  9.999938011169e-01,  2.840366202370e+01,  3.651651144028e-01
  3.280699999630e+01,  9.999935626984e-01,  2.840366226212e+01,  3.635537028313e-01
  3.290699999034e+01,  9.999912381172e-01,  2.840366458670e+01,  3.646020591259e-01
  3.300699999928e+01,  9.999992251396e-01,  2.840365659968e+01,  3.619759082794e-01
  3.310699999332e+01,  9.999809861183e-01,  2.840367483870e+01,  3.621284067631e-01
  3.320700000226e+01,  9.999887943268e-01,  2.840366703049e+01,  3.629086315632e-01
  3.330699999630e+01,  9.999930858612e-01,  2.840366273896e+01,  3.614348173141e-01
  3.340699999034e+01,  9.999808669090e-01,  2.840367495791e+01,  3.619675636292e-01
  3.350699999928e+01,  1.000002503395e+00,  2.840365332142e+01,  3.613542914391e-01
  3.360699999332e+01,  1.000023126602e+00,  2.840363269822e+01,  3.620699346066e-01
  3.370700000226e+01,  1.000003576279e+00,  2.840365224854e+01,  3.625238239765e-01
  3.380699999630e+01,  1.000030755997e+00,  2.840362506882e+01,  3.602243661880e-01
  3.390699999034e+01,  1.000013232231e+00,  2.840364259259e+01,  3.594569861889e-01
  3.400699999928e+01,  1.000004053116e+00,  2.840365177170e+01,  3.606570363045e-01
  3.410699999332e+01,  9.999787807465e-01,  2.840367704407e+01,  3.606168031693e-01
  3.420700000226e+01,  1.000015139580e+00,  2.840364068524e+01,  3.617134392262e-01
  3.430699999630e+01,  1.000003099442e+00,  2.840365272538e+01,  3.597303032875e-01
  3.440699999034e+01,  1.000012397766e+00,  2.840364342705e+01,  3.630291819572e-01
  3.450699999928e+01,  1.000002622604e+00,  2.840365320221e+01,  3.604457080364e-01
  3.460699999332e+01,  1.000017642975e+00,  2.840363818184e+01,  3.603452444077e-01
  3.470700000226e+01,  1.000021457672e+00,  2.840363436715e+01,  3.575539588928e-01
  3.480699999630e+01,  9.999982714653e-01,  2.840365755335e+01,  3.599119484425e-01
  3.490699999034e+01,  1.000011205673e+00,  2.840364461914e+01,  3.610534667969e-01
  3.500699999928e+01,  9.999839663506e-01,  2.840367185847e+01,  3.604153096676e-01
  3.510699999332e+01,  9.999709129333e-01,  2.840368491188e+01,  3.614718019962e-01
  3.520700000226e+01,  9.999889731407e-01,  2.840366685168e+01,  3.603554069996e-01
  3.530699999630e+01,  9.999835491180e-01,  2.840367227570e+01,  3.619986772537e-01
  3.540699999034e+01,  1.000025272369e+00,  2.840363055245e+01,  3.614138066769e-01
  3.550699999928e+01,  9.999970793724e-01,  2.840365874545e+01,  3.616602420807e-01
  3.560699999332e+01,  9.999992251396e-01,  2.840365659968e+01,  3.605263233185e-01
  3.570700000226e+01,  9.999920129776e-01,  2.840366381184e+01,  3.617378175259e-01
  3.580699999630e+01,  1.000002622604e+00,  2.840365320221e+01,  3.624027967453e-01
  3.590699999034e+01,  9.999930262566e-01,  2.840366279856e+01,  3.595420420170e-01
  3.600699999928e+01,  1.000000119209e+00,  2.840365570561e+01,  3.591943085194e-01
  3.610699999332e+01,  1.000027060509e+00,  2.840362876431e+01,  3.596680760384e-01
  3.620700000226e+01,  1.000022888184e+00,  2.840363293663e+01,  3.618333041668e-01
  3.630699999630e+01,  9.999558329582e-01,  2.840369999186e+01,  3.601921200752e-01
  3.640699999034e+01,  1.000028967857e+00,  2.840362685696e+01,  3.601287305355e-01
  3.650699999928e+01,  1.000002861023e+00,  2.840365296379e+01,  3.596306145191e-01
  3.660699999332e+01,  1.000019788742e+00,  2.840363603608e+01,  3.615742623806e-01
  3.670700000226e+01,  9.999793171883e-01,  2.840367650763e+01,  3.577229082584e-01
  3.680699999630e+01,  9.999958276749e-01,  2.840365999714e+01,  3.582262396812e-01
  3.690699999034e+01,  1.000000357628e+00,  2.840365546719e+01,  3.591806590557e-01
  3.700699999928e+01,  9.999943375587e-01,  2.840366148726e+01,  3.611680567265e-01
  3.710699999332e+01,  9.999743103981e-01,  2.840368151442e+01,  3.603046536446e-01
  3.720700000226e+01,  1.000022053719e+00,  2.840363377110e+01,  3.570967316628e-01
  3.730699999630e+01,  1.000018715858e+00,  2.840363710896e+01,  3.579883575439e-01
  3.740699999034e+01,  1.000015854836e+00,  2.840363996998e+01,  3.594058156013e-01
  3.750699999928e+01,  9.999922513962e-01,  2.840366357342e+01,  3.603191971779e-01
  3.760699999332e+01,  9.999637007713e-01,  2.840369212405e+01,  3.583919405937e-01
  3.770700000226e+01,  1.000024676323e+00,  2.840363114849e+01,  3.588680028915e-01
  3.780699999630e+01,  9.999732375145e-01,  2.840368258730e+01,  3.588199615479e-01
  3.790699999034e+01,  9.999921917915e-01,  2.840366363303e+01,  3.589064478874e-01
  3.800699999928e+01,  9.999986886978e-01,  2.840365713612e+01,  3.600541651249e-01
  3.810699999332e+01,  9.999898076057e-01,  2.840366601721e+01,  3.593032658100e-01
  3.820700000226e+01,  9.999752640724e-01,  2.840368056075e+01,  3.571781218052e-01
  3.830699999630e+01,  9.999909400940e-01,  2.840366488472e+01,  3.594359457493e-01
  3.840699999034e+01,  1.000013947487e+00,  2.840364187733e+01,  3.595040738583e-01
  3.850699999928e+01,  1.000016093254e+00,  2.840363973156e+01,  3.585604429245e-01
  3.860699999332e+01,  1.000007152557e+00,  2.840364867226e+01,  3.586355745792e-01
  3.870700000226e+01,  9.999853372574e-01,  2.840367048756e+01,  3.596165478230e-01
  3.880699999630e+01,  1.000028014183e+00,  2.840362781063e+01,  3.584465682507e-01
  3.890699999034e+01,  9.999966025352e-01,  2.840365922228e+01,  3.572071492672e-01
  3.900699999928e+01,  1.000005006790e+00,  2.840365081803e+01,  3.572046458721e-01
  3.910699999332e+01,  9.999978542328e-01,  2.840365797058e+01,  3.576372861862e-01
  3.920700000226e+01,  1.000022888184e+00,  2.840363293663e+01,  3.581733703613e-01
  3.930699999630e+01,  1.000003337860e+00,  2.840365248696e+01,  3.562812209129e-01
  3.940699999034e+01,  1.000022888184e+00,  2.840363293663e+01,  3.555293679237e-01
  3.950699999928e+01,  1.000004410744e+00,  2.840365141407e+01,  3.564004004002e-01
  3.960699999332e+01,  1.000022888184e+00,  2.840363293663e+01,  3.546105325222e-01
  3.970700000226e+01,  1.000031471252e+00,  2.840362435357e+01,  3.554762303829e-01
  3.980699999630e+01,  9.999899268150e-01,  2.840366589800e+01,  3.552289903164e-01
  3.990699999034e+01,  1.000006318092e+00,  2.840364950673e+01,  3.553445637226e-01
  4.000699999928e+01,  9.999991059303e-01,  2.840365671889e+01,  3.555419147015e-01
  4.010699999332e+01,  9.999735951424e-01,  2.840368222968e+01,  3.548141419888e-01
  4.020700000226e+01,  9.999634027481e-01,  2.840369242207e+01,  3.535080552101e-01
  4.030699999630e+01,  9.999802708626e-01,  2.840367555396e+01,  3.552446663380e-01
  4.040699999034e+01,  9.999833106995e-01,  2.840367251412e+01,  3.550362288952e-01
  4.050699999928e+01,  9.999953508377e-01,  2.840366047398e+01,  3.543840050697e-01
  4.060699999332e+01,  9.999632835388e-01,  2.840369254128e+01,  3.538247644901e-01
  4.070700000226e+01,  1.000025272369e+00,  2.840363055245e+01,  3.531849980354e-01
  4.080699999630e+01,  1.000003218651e+00,  2.840365260617e+01,  3.553986549377e-01
  4.090699999034e+01,  9.999939203262e-01,  2.840366190449e+01,  3.541553318501e-01
  4.100699999928e+01,  9.999883770943e-01,  2.840366744772e+01,  3.546732068062e-01
  4.110699999332e+01,  9.999822974205e-01,  2.840367352740e+01,  3.553767204285e-01
  4.120700000226e+01,  9.999890327454e-01,  2.840366679207e+01,  3.564226031303e-01
  4.130699999630e+01,  1.000004172325e+00,  2.840365165249e+01,  3.544621169567e-01
  4.140699999034e+01,  1.000008344650e+00,  2.840364748017e+01,  3.554396033287e-01
  4.150699999928e+01,  1.000013589859e+00,  2.840364223496e+01,  3.567262887955e-01
  4.160699999332e+01,  9.999895095825e-01,  2.840366631524e+01,  3.554156720638e-01
  4.170700000226e+01,  9.999688267708e-01,  2.840368699805e+01,  3.546027243137e-01
  4.180699999630e+01,  1.000029444695e+00,  2.840362638012e+01,  3.546878397465e-01
  4.190699999034e+01,  1.000006437302e+00,  2.840364938752e+01,  3.555454015732e-01
  4.200699999928e+01,  1.000010013580e+00,  2.840364581124e+01,  3.546618819237e-01
  4.210699999332e+01,  1.000009655952e+00,  2.840364616887e+01,  3.528237938881e-01
  4.220700000226e+01,  1.000017523766e+00,  2.840363830105e+01,  3.542639017105e-01
  4.230699999630e+01,  1.000003457069e+00,  2.840365236775e+01,  3.531399667263e-01
  4.240699999034e+01,  1.000011801720e+00,  2.840364402310e+01,  3.548498153687e-01
  4.250699999928e+01,  9.999893903732e-01,  2.840366643444e+01,  3.522255420685e-01
  4.260699999332e+01,  1.000016450882e+00,  2.840363937394e+01,  3.510293960571e-01
  4.270700000226e+01,  1.000018477440e+00,  2.840363734738e+01,  3.533139824867e-01
  4.280699999630e+01,  9.999797344208e-01,  2.840367609040e+01,  3.524085581303e-01
  4.290699999034e+01,  9.999958276749e-01,  2.840365999714e+01,  3.509311079979e-01
  4.300699999928e+01,  1.000011444092e+00,  2.840364438073e+01,  3.522895872593e-01
  4.310699999332e+01,  9.999782443047e-01,  2.840367758051e+01,  3.515813350677e-01
  4.320700000226e+01,  9.999957084656e-01,  2.840366011635e+01,  3.527817726135e-01
  4.330699999630e+01,  1.000007629395e+00,  2.840364819542e+01,  3.523789048195e-01
  4.340699999034e+01,  1.000015735626e+00,  2.840364008919e+01,  3.535770475864e-01
  4.350699999928e+01,  1.000016570091e+00,  2.840363925473e+01,  3.533014655113e-01
  4.360699999332e+01,  9.999992251396e-01,  2.840365659968e+01,  3.510720729828e-01
  4.370700000226e+01,  9.999727010727e-01,  2.840368312375e+01,  3.513797521591e-01
  4.380699999630e+01,  9.999906420708e-01,  2.840366518275e+01,  3.513318896294e-01
  4.390699999034e+01,  9.999958276749e-01,  2.840365999714e+01,  3.536234796047e-01
  4.400699999928e+01,  1.000007152557e+00,  2.840364867226e+01,  3.530586957932e-01
  4.410699999332e+01,  1.000015258789e+00,  2.840364056603e+01,  3.499235808849e-01
  4.420700000226e+01,  1.000012516975e+00,  2.840364330784e+01,  3.523427248001e-01
  4.430699999630e+01,  1.000010609627e+00,  2.840364521519e+01,  3.501494526863e-01
  4.440699999034e+01,  9.999809861183e-01,  2.840367483870e+01,  3.504514098167e-01
  4.450699999928e+01,  1.000000834465e+00,  2.840365499035e+01,  3.486303091049e-01
  4.460699999332e+01,  1.000029921532e+00,  2.840362590329e+01,  3.498370647430e-01
  4.470700000226e+01,  9.999924302101e-01,  2.840366339461e+01,  3.517041504383e-01
  4.480699999630e+01,  1.000002384186e+00,  2.840365344063e+01,  3.511903285980e-01
  4.490699999034e+01,  1.000017166138e+00,  2.840363865868e+01,  3.523063957691e-01
  4.500699999928e+01,  1.000007271767e+00,  2.840364855305e+01,  3.523960411549e-01
  4.510699999332e+01,  1.000028371811e+00,  2.840362745301e+01,  3.503701984882e-01
  4.520700000226e+01,  9.999820590019e-01,  2.840367376582e+01,  3.494448959827e-01
  4.530699999630e+01,  9.999731183052e-01,  2.840368270651e+01,  3.507376611233e-01
  4.540699999034e+01,  9.999831318855e-01,  2.840367269293e+01,  3.496930599213e-01
  4.550699999928e+01,  1.000002622604e+00,  2.840365320221e+01,  3.493815362453e-01
  4.560699999332e+01,  1.000013589859e+00,  2.840364223496e+01,  3.514747023582e-01
  4.570700000226e+01,  1.000020265579e+00,  2.840363555924e+01,  3.489059805870e-01
  4.580699999630e+01,  1.000007867813e+00,  2.840364795700e+01,  3.520447611809e-01
  4.590699999034e+01,  1.000014066696e+00,  2.840364175812e+01,  3.513247370720e-01
  4.600699999928e+01,  9.999879598618e-01,  2.840366786496e+01,  3.514348864555e-01
  4.610699999332e+01,  1.000011324883e+00,  2.840364449994e+01,  3.486827611923e-01
  4.620700000226e+01,  1.000005960464e+00,  2.840364986435e+01,  3.484545946121e-01
  4.630699999630e+01,  9.999864697456e-01,  2.840366935507e+01,  3.483860790730e-01
  4.640699999034e+01,  1.000005245209e+00,  2.840365057961e+01,  3.481115698814e-01
  4.650699999928e+01,  1.000011324883e+00,  2.840364449994e+01,  3.486138582230e-01
  4.660699999332e+01,  1.000016808510e+00,  2.840363901631e+01,  3.502050042152e-01
  4.670700000226e+01,  9.999996423721e-01,  2.840365618245e+01,  3.510605692863e-01
  4.680699999630e+01,  9.999759793282e-01,  2.840367984549e+01,  3.488819599152e-01
  4.690699999034e+01,  1.000012636185e+00,  2.840364318863e+01,  3.502016365528e-01
  4.700699999928e+01,  1.000001668930e+00,  2.840365415589e+01,  3.490709960461e-01
  4.710699999332e+01,  1.000016093254e+00,  2.840363973156e+01,  3.496826589108e-01
  4.720700000226e+01,  1.000004529953e+00,  2.840365129486e+01,  3.498145341873e-01
  4.730699999630e+01,  1.000002861023e+00,  2.840365296379e+01,  3.493377864361e-01
  4.740699999034e+01,  9.999881982803e-01,  2.840366762654e+01,  3.493107557297e-01
  4.750699999928e+01,  9.999846816063e-01,  2.840367114321e+01,  3.500319719315e-01
  4.760699999332e+01,  1.000018477440e+00,  2.840363734738e+01,  3.489879071712e-01
  4.770700000226e+01,  1.000003814697e+00,  2.840365201012e+01,  3.487453758717e-01
  4.780699999630e+01,  1.000021934509e+00,  2.840363389031e+01,  3.462706804276e-01
  4.790699999034e+01,  9.999847412109e-01,  2.840367108361e+01,  3.491532206535e-01
  4.800699999928e+01,  9.999989867210e-01,  2.840365683810e+01,  3.491525650024e-01
  4.810699999332e+01,  9.999760389328e-01,  2.840367978588e+01,  3.495964109898e-01
  4.820700000226e+01,  1.000007390976e+00,  2.840364843384e+01,  3.503911793232e-01
  4.830699999630e+01,  1.000016212463e+00,  2.840363961235e+01,  3.499826192856e-01
  4.840699999034e+01,  9.999698400497e-01,  2.840368598477e+01,  3.481546640396e-01
  4.850699999928e+01,  1.000002145767e+00,  2.840365367905e+01,  3.473980724812e-01
  4.860699999332e+01,  1.000014543533e+00,  2.840364128128e+01,  3.477126955986e-01
  4.870700000226e+01,  9.999824762344e-01,  2.840367334858e+01,  3.491844236851e-01
  4.880699999630e+01,  1.000003457069e+00,  2.840365236775e+01,  3.464828431606e-01
  4.890699999034e+01,  1.000000596046e+00,  2.840365522877e+01,  3.456698656082e-01
  4.900699999928e+01,  9.999808073044e-01,  2.840367501751e+01,  3.487569391727e-01
  4.910699999332e+01,  1.000002741814e+00,  2.840365308300e+01,  3.487489521503e-01
  4.920700000226e+01,  1.000050306320e+00,  2.840360551850e+01,  3.498246669769e-01
  4.930699999630e+01,  9.999687671661e-01,  2.840368705765e+01,  3.480867743492e-01
  4.940699999034e+01,  9.999921321869e-01,  2.840366369263e+01,  3.500277400017e-01
  4.950699999928e+01,  9.999963641167e-01,  2.840365946070e+01,  3.505088090897e-01
  4.960699999332e+01,  1.000002741814e+00,  2.840365308300e+01,  3.492451012135e-01
  4.970700000226e+01,  1.000003218651e+00,  2.840365260617e+01,  3.522475957870e-01
  4.980699999630e+01,  1.000015735626e+00,  2.840364008919e+01,  3.527616560459e-01
  4.990699999034e+01,  1.000024557114e+00,  2.840363126770e+01,  3.512424826622e-01
  5.000699999928e+01,  9.999970793724e-01,  2.840365874545e+01,  3.485593199730e-01
  5.010699999332e+01,  9.999852776527e-01,  2.840367054717e+01,  3.487993478775e-01
  5.020700000226e+01,  1.000010967255e+00,  2.840364485756e+01,  3.491104543209e-01
  5.030699999630e+01,  9.999905824661e-01,  2.840366524235e+01,  3.453371822834e-01
  5.040699999034e+01,  9.999976158142e-01,  2.840365820900e+01,  3.471907973289e-01
  5.050699999928e+01,  1.000002980232e+00,  2.840365284459e+01,  3.478017747402e-01
  5.060699999332e+01,  1.000004172325e+00,  2.840365165249e+01,  3.483830392361e-01
  5.070700000226e+01,  9.999826550484e-01,  2.840367316977e+01,  3.463329076767e-01
  5.080699999630e+01,  1.000011801720e+00,  2.840364402310e+01,  3.476794958115e-01
  5.090699999034e+01,  1.000010132790e+00,  2.840364569203e+01,  3.472984731197e-01
  5.100699999928e+01,  1.000008106232e+00,  2.840364771859e+01,  3.458094298840e-01
  5.110699999332e+01,  1.000018358231e+00,  2.840363746659e+01,  3.463416993618e-01
  5.120700000226e+01,  9.999654293060e-01,  2.840369039551e+01,  3.444410860538e-01
  5.130699999630e+01,  9.999746084213e-01,  2.840368121640e+01,  3.449341356754e-01
  5.140699999034e+01,  9.999871253967e-01,  2.840366869942e+01,  3.446319699287e-01
  5.150699999928e+01,  9.999806880951e-01,  2.840367513672e+01,  3.465549647808e-01
  5.160699999332e+01,  9.999835491180e-01,  2.840367227570e+01,  3.454248905182e-01
  5.170700000226e+01,  1.000024795532e+00,  2.840363102929e+01,  3.477808535099e-01
  5.180699999630e+01,  9.999992251396e-01,  2.840365659968e+01,  3.455421626568e-01
  5.190699999034e+01,  9.999921321869e-01,  2.840366369263e+01,  3.437287807465e-01
  5.200699999928e+01,  9.999760985374e-01,  2.840367972628e+01,  3.459830284119e-01
  5.210699999332e+01,  9.999973177910e-01,  2.840365850703e+01,  3.468090891838e-01
  5.220700000226e+01,  9.999785423279e-01,  2.840367728249e+01,  3.462597727776e-01
  5.230699999630e+01,  1.000012755394e+00,  2.840364306942e+01,  3.469056189060e-01
  5.240699999034e+01,  1.000015020370e+00,  2.840364080445e+01,  3.468297421932e-01
  5.250699999928e+01,  9.999932646751e-01,  2.840366256014e+01,  3.467709720135e-01
  5.260699999332e+01,  1.000016331673e+00,  2.840363949315e+01,  3.476722836494e-01
  5.270700000226e+01,  1.000010609627e+00,  2.840364521519e+01,  3.452642560005e-01
  5.280699999630e+01,  9.999960660934e-01,  2.840365975872e+01,  3.463233709335e-01
  5.290699999034e+01,  1.000008225441e+00,  2.840364759938e+01,  3.452313244343e-01
  5.300699999928e+01,  1.000007629395e+00,  2.840364819542e+01,  3.465734422207e-01
  5.310699999332e+01,  9.999980330467e-01,  2.840365779177e+01,  3.483549952507e-01
  5.320700000226e+01,  9.999985098839e-01,  2.840365731493e+01,  3.472651243210e-01
  5.330699999630e+01,  1.000011444092e+00,  2.840364438073e+01,  3.452046215534e-01
  5.340699999034e+01,  1.000004649162e+00,  2.840365117566e+01,  3.453567028046e-01
  5.350699999928e+01,  1.000021934509e+00,  2.840363389031e+01,  3.451927900314e-01
  5.360699999332e+01,  1.000008225441e+00,  2.840364759938e+01,  3.459509015083e-01
  5.370700000226e+01,  9.999717473984e-01,  2.840368407742e+01,  3.444231152534e-01
  5.380699999630e+01,  1.000008344650e+00,  2.840364748017e+01,  3.457896709442e-01
  5.390699999034e+01,  9.999502301216e-01,  2.840370559470e+01,  3.446979522705e-01
  5.400699999928e+01,  1.000000953674e+00,  2.840365487114e+01,  3.434405326843e-01
  5.410699999332e+01,  9.999693036079e-01,  2.840368652121e+01,  3.456521928310e-01
  5.420700000226e+01,  9.999889731407e-01,  2.840366685168e+01,  3.459860980511e-01
  5.430699999630e+01,  1.000009894371e+00,  2.840364593045e+01,  3.469206690788e-01
  5.440699999034e+01,  9.999936223030e-01,  2.840366220251e+01,  3.467703163624e-01
  5.450699999928e+01,  9.999998211861e-01,  2.840365600363e+01,  3.473547101021e-01
  5.460699999332e+01,  1.000008344650e+00,  2.840364748017e+01,  3.453903794289e-01
  5.470700000226e+01,  1.000023126602e+00,  2.840363269822e+01,  3.460972309113e-01
  5.480699999630e+01,  1.000005841255e+00,  2.840364998356e+01,  3.440718948841e-01
  5.490699999034e+01,  9.999829530716e-01,  2.840367287175e+01,  3.450519144535e-01
  5.500699999928e+01,  9.999888539314e-01,  2.840366697089e+01,  3.447279632092e-01
  5.510699999332e+01,  9.999848008156e-01,  2.840367102400e+01,  3.443279266357e-01
  5.520700000226e+01,  9.999912977219e-01,  2.840366452710e+01,  3.451854586601e-01
  5.530699999630e+01,  1.000007510185e+00,  2.840364831463e+01,  3.426613211632e-01
  5.540699999034e+01,  1.000002861023e+00,  2.840365296379e+01,  3.437858223915e-01
  5.550699999928e+01,  9.999896883965e-01,  2.840366613642e+01,  3.431498706341e-01
  5.560699999332e+01,  9.999926090240e-01,  2.840366321579e+01,  3.441663980484e-01
  5.570700000226e+01,  9.999843239784e-01,  2.840367150084e+01,  3.448941707611e-01
  5.580699999630e+01,  9.999831914902e-01,  2.840367263333e+01,  3.437814414501e-01
  5.590699999034e+01,  1.000003218651e+00,  2.840365260617e+01,  3.440178334713e-01
  5.600699999928e+01,  1.000002861023e+00,  2.840365296379e+01,  3.441748321056e-01
  5.610699999332e+01,  1.000001430511e+00,  2.840365439431e+01,  3.456834852695e-01
  5.620700000226e+01,  1.000029206276e+00,  2.840362661854e+01,  3.446819186211e-01
  5.630699999630e+01,  1.000014781952e+00,  2.840364104287e+01,  3.446562290192e-01
  5.640699999034e+01,  9.999922513962e-01,  2.840366357342e+01,  3.441025018692e-01
  5.650699999928e+01,  9.999887943268e-01,  2.840366703049e+01,  3.470508158207e-01
  5.660699999332e+01,  1.000006675720e+00,  2.840364914910e+01,  3.421609401703e-01
  5.670700000226e+01,  9.999816417694e-01,  2.840367418305e+01,  3.415939211845e-01
  5.680699999630e+01,  9.999857544899e-01,  2.840367007033e+01,  3.443537056446e-01
  5.690699999034e+01,  1.000025272369e+00,  2.840363055245e+01,  3.445068001747e-01
  5.700699999928e+01,  1.000015735626e+00,  2.840364008919e+01,  3.441268205643e-01
  5.710699999332e+01,  1.000021457672e+00,  2.840363436715e+01,  3.423818051815e-01
  5.720700000226e+01,  9.999966025352e-01,  2.840365922228e+01,  3.440979719162e-01
  5.730699999630e+01,  9.999910593033e-01,  2.840366476551e+01,  3.424893915653e-01
  5.740699999034e+01,  1.000017166138e+00,  2.840363865868e+01,  3.432701826096e-01
  5.750699999928e+01,  9.999788403511e-01,  2.840367698447e+01,  3.445318639278e-01
  5.760699999332e+01,  1.000022888184e+00,  2.840363293663e+01,  3.429386913776e-01
  5.770700000226e+01,  1.000017642975e+00,  2.840363818184e+01,  3.445428013802e-01
  5.780699999630e+01,  9.999893903732e-01,  2.840366643444e+01,  3.416832685471e-01
  5.790699999034e+01,  1.000015497208e+00,  2.840364032761e+01,  3.443526029587e-01
  5.800699999928e+01,  9.999763369560e-01,  2.840367948786e+01,  3.416092395782e-01
  5.810699999332e+01,  9.999980926514e-01,  2.840365773217e+01,  3.447034358978e-01
  5.820700000226e+01,  9.999999403954e-01,  2.840365588442e+01,  3.432508409023e-01
  5.830699999630e+01,  9.999971389771e-01,  2.840365868584e+01,  3.407316505909e-01
  5.840699999034e+01,  1.000006198883e+00,  2.840364962593e+01,  3.435145914555e-01
  5.850699999928e+01,  1.000047326088e+00,  2.840360849873e+01,  3.425241410732e-01
  5.860699999332e+01,  1.000019311905e+00,  2.840363651291e+01,  3.417471349239e-01
  5.870700000226e+01,  1.000001549721e+00,  2.840365427510e+01,  3.423039019108e-01
  5.880699999630e+01,  1.000012159348e+00,  2.840364366547e+01,  3.442648351192e-01
  5.890699999034e+01,  9.999992251396e-01,  2.840365659968e+01,  3.426331281662e-01
  5.900699999928e+01,  9.999822974205e-01,  2.840367352740e+01,  3.410977125168e-01
  5.910699999332e+01,  9.999946355820e-01,  2.840366118924e+01,  3.411637246609e-01
  5.920700000226e+01,  9.999696612358e-01,  2.840368616358e+01,  3.452753722668e-01
  5.930699999630e+01,  1.000001549721e+00,  2.840365427510e+01,  3.437185585499e-01
  5.940699999034e+01,  1.000003814697e+00,  2.840365201012e+01,  3.410408496857e-01
  5.950699999928e+01,  9.999741911888e-01,  2.840368163363e+01,  3.431810438633e-01
  5.960699999332e+01,  9.999862313271e-01,  2.840366959349e+01,  3.436774611473e-01
  5.970700000226e+01,  1.000006794930e+00,  2.840364902989e+01,  3.414475917816e-01
  5.980699999630e+01,  9.999768733978e-01,  2.840367895142e+01,  3.398223519325e-01
  5.990699999034e+01,  9.999881386757e-01,  2.840366768614e+01,  3.407082557678e-01
  6.000699999928e+01,  9.999862313271e-01,  2.840366959349e+01,  3.402077853680e-01
  6.010699999332e+01,  1.000000596046e+00,  2.840365522877e+01,  3.412138819695e-01
  6.020700000226e+01,  9.999976754189e-01,  2.840365814940e+01,  3.425817489624e-01
  6.030699999630e+01,  1.000020503998e+00,  2.840363532082e+01,  3.427228629589e-01
  6.040699999034e+01,  9.999704957008e-01,  2.840368532912e+01,  3.430622220039e-01
  6.050699999928e+01,  9.999902844429e-01,  2.840366554037e+01,  3.411310911179e-01
  6.060699999332e+01,  1.000002384186e+00,  2.840365344063e+01,  3.415167927742e-01
  6.070700000226e+01,  1.000012159348e+00,  2.840364366547e+01,  3.428899049759e-01
  6.080699999630e+01,  9.999849796295e-01,  2.840367084519e+01,  3.441214859486e-01
  6.090699999034e+01,  9.999920725822e-01,  2.840366375224e+01,  3.428235948086e-01
  6.100699999928e+01,  9.999874234200e-01,  2.840366840140e+01,  3.448519110680e-01
  6.110699999332e+01,  1.000010967255e+00,  2.840364485756e+01,  3.422980606556e-01
  6.120700000226e+01,  9.999955296516e-01,  2.840366029517e+01,  3.404804170132e-01
  6.130699999630e+01,  9.999883770943e-01,  2.840366744772e+01,  3.412377536297e-01
  6.140699999034e+01,  1.000001549721e+00,  2.840365427510e+01,  3.413046300411e-01
  6.150699999928e+01,  1.000003457069e+00,  2.840365236775e+01,  3.424769937992e-01
  6.160699999332e+01,  9.999748468399e-01,  2.840368097798e+01,  3.420094847679e-01
  6.160899999738e+01,  9.999752640724e-01,  2.840368056075e+01,  3.417286276817e-01
  6.160999999940e+01,  9.999772310257e-01,  2.840367859379e+01,  3.415951132774e-01
  6.161299999058e+01,  9.999788999557e-01,  2.840367692486e+01,  3.413004279137e-01
  6.171299999952e+01,  9.999150633812e-01,  2.840374076144e+01,  3.403600156307e-01
  6.178749999404e+01,  9.897946715355e-01,  2.841386115328e+01,  3.397482633591e-01
  6.181099998951e+01,  9.797753691673e-01,  2.842388045565e+01,  3.187733888626e-01
  6.182249999046e+01,  9.694909453392e-01,  2.843416487948e+01,  2.988301515579e-01
  6.183049999177e+01,  9.587869048119e-01,  2.844486892001e+01,  3.023685216904e-01
  6.183699999750e+01,  9.486855864525e-01,  2.845497023837e+01,  3.039041757584e-01
  6.184350000322e+01,  9.378823637962e-01,  2.846577346102e+01,  3.014665842056e-01
  6.184950000048e+01,  9.275216460228e-01,  2.847613417879e+01,  2.982918024063e-01
  6.185549999774e+01,  9.170235991478e-01,  2.848663222567e+01,  2.949162721634e-01
  6.186149999499e+01,  9.066628813744e-01,  2.849699294344e+01,  2.964735925198e-01
  6.186800000072e+01,  8.961190581322e-01,  2.850753676669e+01,  2.944241464138e-01
  6.187500000000e+01,  8.860711455345e-01,  2.851758467928e+01,  2.900300920010e-01
  6.188300000131e+01,  8.760308623314e-01,  2.852762496249e+01,  2.661500871181e-01
  6.189149999619e+01,  8.654374480247e-01,  2.853821837679e+01,  2.486101090908e-01
  6.189949999750e+01,  8.549126982689e-01,  2.854874312655e+01,  2.416253983974e-01
  6.190699999034e+01,  8.446664214134e-01,  2.855898940340e+01,  2.316919267178e-01
  6.191399998963e+01,  8.346566557884e-01,  2.856899916903e+01,  2.236190736294e-01
  6.192099998891e+01,  8.242272734642e-01,  2.857942855135e+01,  2.232839465141e-01
  6.192800000310e+01,  8.139695525169e-01,  2.858968627230e+01,  2.222644686699e-01
  6.193549999595e+01,  8.036240935326e-01,  2.860003173129e+01,  2.209658026695e-01
  6.194399999082e+01,  7.932557463646e-01,  2.861040007845e+01,  2.131542563438e-01
  6.195350000262e+01,  7.832383513451e-01,  2.862041747347e+01,  2.036365866661e-01
  6.196499998868e+01,  7.730264067650e-01,  2.863062941805e+01,  1.944078803062e-01
  6.197800000012e+01,  7.628907561302e-01,  2.864076506869e+01,  1.728395819664e-01
  6.198999999464e+01,  7.524537444115e-01,  2.865120208041e+01,  1.615328192711e-01
  6.200049999356e+01,  7.420548796654e-01,  2.866160094515e+01,  1.571792960167e-01
  6.200999999046e+01,  7.320336699486e-01,  2.867162215487e+01,  1.531733870506e-01
  6.201950000226e+01,  7.220277190208e-01,  2.868162810580e+01,  1.484536528587e-01
  6.202949999273e+01,  7.118126153946e-01,  2.869184320942e+01,  1.420930474997e-01
  6.203999999166e+01,  7.015224695206e-01,  2.870213335530e+01,  1.346467584372e-01
  6.205099999905e+01,  6.911274194717e-01,  2.871252840535e+01,  1.254571527243e-01
  6.206199999154e+01,  6.808868646622e-01,  2.872276896016e+01,  1.188949197531e-01
  6.207299999893e+01,  6.705738306046e-01,  2.873308199421e+01,  1.114200204611e-01
  6.208399999142e+01,  6.601673364639e-01,  2.874348848835e+01,  1.027816385031e-01
  6.209449999034e+01,  6.500374078751e-01,  2.875361841694e+01,  9.274707734585e-02
  6.210449999571e+01,  6.399589776993e-01,  2.876369684712e+01,  8.394847810268e-02
  6.211450000107e+01,  6.294265985489e-01,  2.877422922627e+01,  7.622371613979e-02
  6.212399999797e+01,  6.191421747208e-01,  2.878451365010e+01,  7.050167024136e-02
  6.213349999487e+01,  6.087700128555e-01,  2.879488581196e+01,  6.490074098110e-02
  6.214299999177e+01,  5.984550714493e-01,  2.880520075337e+01,  5.988203361630e-02
  6.215249998868e+01,  5.884453058243e-01,  2.881521051899e+01,  5.385481193662e-02
  6.216249999404e+01,  5.783554315567e-01,  2.882530039326e+01,  4.562650993466e-02
  6.217299999297e+01,  5.680862665176e-01,  2.883556955830e+01,  3.506170585752e-02
  6.218349999189e+01,  5.578247308731e-01,  2.884583109394e+01,  2.652059681714e-02
  6.219399999082e+01,  5.475269556046e-01,  2.885612886921e+01,  1.752554066479e-02
  6.220449998975e+01,  5.370975732803e-01,  2.886655825154e+01,  1.039968710393e-02
  6.221449999511e+01,  5.269924402237e-01,  2.887666338459e+01,  4.620420280844e-03
  6.222450000048e+01,  5.168796777725e-01,  2.888677614705e+01, -1.692903460935e-03
  6.223499999940e+01,  5.064731836319e-01,  2.889718264119e+01, -9.184968657792e-03
  6.224549999833e+01,  4.961811602116e-01,  2.890747466461e+01, -1.798547618091e-02
  6.225599999726e+01,  4.857670366764e-01,  2.891788878814e+01, -2.635682933033e-02
  6.226600000262e+01,  4.756847918034e-01,  2.892797103301e+01, -3.166307136416e-02
  6.227599999309e+01,  4.655522704124e-01,  2.893810355441e+01, -3.798087313771e-02
  6.228599999845e+01,  4.553937315941e-01,  2.894826209322e+01, -4.457076266408e-02
  6.229599998891e+01,  4.453191161156e-01,  2.895833670870e+01, -5.086310580373e-02
  6.230650000274e+01,  4.349774718285e-01,  2.896867835299e+01, -5.988105013967e-02
  6.231700000167e+01,  4.247178435326e-01,  2.897893798129e+01, -6.946738064289e-02
  6.232750000060e+01,  4.143113493919e-01,  2.898934447543e+01, -7.664664089680e-02
  6.233749999106e+01,  4.042863249779e-01,  2.899936949984e+01, -8.443243801594e-02
  6.234749999642e+01,  3.942422270775e-01,  2.900941359774e+01, -9.111388027668e-02
  6.235799999535e+01,  3.837556242943e-01,  2.901990020052e+01, -9.806425869465e-02
  6.236849999428e+01,  3.733720183372e-01,  2.903028380648e+01, -1.061399728060e-01
  6.237899999321e+01,  3.630227446556e-01,  2.904063308016e+01, -1.152227669954e-01
  6.238949999213e+01,  3.525399565697e-01,  2.905111586825e+01, -1.222933083773e-01
  6.239949999750e+01,  3.423852324486e-01,  2.906127059237e+01, -1.287077218294e-01
  6.240950000286e+01,  3.322381377220e-01,  2.907141768710e+01, -1.351526528597e-01
  6.241949999332e+01,  3.221711516380e-01,  2.908148467318e+01, -1.424482613802e-01
  6.242949999869e+01,  3.121690154076e-01,  2.909148680941e+01, -1.492937356234e-01
  6.243999999762e+01,  3.017205595970e-01,  2.910193526522e+01, -1.561563760042e-01
  6.245049999654e+01,  2.912911772728e-01,  2.911236464754e+01, -1.651342660189e-01
  6.246050000191e+01,  2.812241911888e-01,  2.912243163363e+01, -1.723554879427e-01
  6.247049999237e+01,  2.710580229759e-01,  2.913259780184e+01, -1.770838052034e-01
  6.248049999774e+01,  2.609109282494e-01,  2.914274489657e+01, -1.837309151888e-01
  6.249050000310e+01,  2.507943511009e-01,  2.915286147372e+01, -1.906698495150e-01
  6.250049999356e+01,  2.407769411802e-01,  2.916287888364e+01, -1.968172341585e-01
  6.251099999249e+01,  2.303704470396e-01,  2.917328537778e+01, -2.049387246370e-01
  6.252149999142e+01,  2.198991030455e-01,  2.918375672177e+01, -2.146433144808e-01
  6.253149999678e+01,  2.097782939672e-01,  2.919387753085e+01, -2.203310430050e-01
  6.254150000215e+01,  1.996960490942e-01,  2.920395977572e+01, -2.260731160641e-01
  6.255149999261e+01,  1.896519511938e-01,  2.921400387362e+01, -2.336090505123e-01
  6.256149999797e+01,  1.795697063208e-01,  2.922408611850e+01, -2.407520711422e-01
  6.257150000334e+01,  1.694645732641e-01,  2.923419125155e+01, -2.472465932369e-01
  6.258149999380e+01,  1.594166606665e-01,  2.924423916415e+01, -2.549389302731e-01
  6.259149999917e+01,  1.493344157934e-01,  2.925432140902e+01, -2.629879415035e-01
  6.260149998963e+01,  1.392369121313e-01,  2.926441891269e+01, -2.688101232052e-01
  6.261149999499e+01,  1.291966289282e-01,  2.927445919589e+01, -2.747114598751e-01
  6.262150000036e+01,  1.191754192114e-01,  2.928448040561e+01, -2.801063954830e-01
  6.263149999082e+01,  1.091160625219e-01,  2.929453976230e+01, -2.872456014156e-01
  6.264149999619e+01,  9.897659718990e-02,  2.930467922763e+01, -2.930096089840e-01
  6.265150000155e+01,  8.883331716061e-02,  2.931482250766e+01, -2.994850575924e-01
  6.266200000048e+01,  7.836578786373e-02,  2.932529003695e+01, -3.072117269039e-01
  6.267249999940e+01,  6.809471547604e-02,  2.933556110934e+01, -3.157909810543e-01
  6.268299999833e+01,  5.778740346432e-02,  2.934586842135e+01, -3.246601521969e-01
  6.269299998879e+01,  4.770134389400e-02,  2.935595448092e+01, -3.291080892086e-01
  6.270299999416e+01,  3.764580190182e-02,  2.936601002292e+01, -3.319228589535e-01
  6.271349999309e+01,  2.763221971691e-02,  2.937602360510e+01, -3.339877426624e-01
  6.272599999607e+01,  1.733253709972e-02,  2.938632328772e+01, -3.365400135517e-01
  6.274449999630e+01,  7.198793813586e-03,  2.939645703100e+01, -3.431697189808e-01
  6.276500000060e+01,  1.986010000110e-03,  2.940166981482e+01, -3.509795367718e-01
  6.276600000262e+01,  1.822454971261e-03,  2.940183336985e+01, -3.509906828403e-01
  6.277399998903e+01,  7.252526120283e-04,  2.940293057221e+01, -3.522900640965e-01
  6.277699999511e+01,  3.910278901458e-04,  2.940326479693e+01, -3.524963855743e-01
  6.299199999869e+01, -2.249448560178e-03,  2.940590527338e+01, -3.382392823696e-01
  6.299300000072e+01, -2.249977551401e-03,  2.940590580237e+01, -3.381255567074e-01
