           Test time,     Standard travel,     Tool separation,      Standard force
                 0.0,                 0.0,  2.868172726982e+01, -4.446239676327e-03
                 0.0,                 0.0,  2.868172588774e+01, -4.454852547497e-03
                 0.0,                 0.0,  2.868172937461e+01, -5.949737038463e-03
                 0.0,                 0.0,  2.868173416906e+01, -6.092773284763e-03
                 0.0,                 0.0,  2.868173618817e+01, -6.203161086887e-03
                 0.0,                 0.0,  2.872791564447e+01, -7.395023014396e-03
  0.000000000000e+00,  0.000000000000e+00,  2.872791924526e+01, -8.165591396391e-03
  8.000001311302e-03, -3.621447831392e-06,  2.872792286670e+01, -9.516471065581e-03
  1.099999248981e-02,  3.551598638296e-06,  2.872791569366e+01, -9.732120670378e-03
  1.299999654293e-02,  5.537178367376e-06,  2.872791370808e+01, -9.985798038542e-03
  1.399999856949e-02,  5.529727786779e-06,  2.872791371553e+01, -1.011597458273e-02
  1.145000010729e-01,  2.060458064079e-05,  2.872789864068e+01, -8.043942041695e-03
  2.149999886751e-01, -1.319604052696e-05,  2.872793244130e+01, -1.029929053038e-02
  3.149999976158e-01,  1.815766881919e-05,  2.872790108759e+01, -9.291647002101e-03
  4.155000001192e-01,  2.132428489858e-04,  2.872770600241e+01, -1.201703213155e-02
  4.459999948740e-01,  1.067314296961e-02,  2.871724610229e+01,  7.930830866098e-02
  4.514999985695e-01,  2.071724087000e-02,  2.870720200439e+01,  9.943512827158e-02
  4.554999917746e-01,  3.113899379969e-02,  2.869678025146e+01,  9.271172434092e-02
  4.589999914169e-01,  4.216346889734e-02,  2.868575577636e+01,  8.244255930185e-02
  4.619999974966e-01,  5.277595669031e-02,  2.867514328857e+01,  7.502678781748e-02
  4.649999886751e-01,  6.431923061609e-02,  2.866360001464e+01,  6.997994333506e-02
  4.675000011921e-01,  7.457313686609e-02,  2.865334610839e+01,  6.754044443369e-02
  4.699999988079e-01,  8.537635952234e-02,  2.864254288573e+01,  6.666509062052e-02
  4.724999964237e-01,  9.665260463953e-02,  2.863126664062e+01,  6.733099371195e-02
  4.749999940395e-01,  1.084323897958e-01,  2.861948685546e+01,  6.890837103128e-02
  4.774999916553e-01,  1.206546798348e-01,  2.860726456542e+01,  7.033316046000e-02
  4.794999957085e-01,  1.307559907436e-01,  2.859716325451e+01,  7.087627798319e-02
  4.814999997616e-01,  1.411319673061e-01,  2.858678727795e+01,  7.001367956400e-02
  4.834999889135e-01,  1.517826020718e-01,  2.857613664318e+01,  6.868425756693e-02
  4.854999929667e-01,  1.626316010952e-01,  2.856528764416e+01,  6.717554479837e-02
  4.874999970198e-01,  1.736789643764e-01,  2.855424028088e+01,  6.344095617533e-02
  4.895000010729e-01,  1.848331391811e-01,  2.854308610607e+01,  5.530802160501e-02
  4.914999902248e-01,  1.960025727749e-01,  2.853191667248e+01,  4.528299719095e-02
  4.934999942780e-01,  2.071262300014e-01,  2.852079301525e+01,  3.406778723001e-02
  4.954999983311e-01,  2.181583344936e-01,  2.850976091076e+01,  2.224222756922e-02
  4.974999874830e-01,  2.289768159389e-01,  2.849894242932e+01,  1.356760598719e-02
  4.994999915361e-01,  2.395053803921e-01,  2.848841386486e+01,  1.078645326197e-02
  5.014999955893e-01,  2.497592866421e-01,  2.847815995861e+01,  1.458970643580e-02
  5.039999932051e-01,  2.621951997280e-01,  2.846572404553e+01,  2.528611756861e-02
  5.064999908209e-01,  2.743106782436e-01,  2.845360856701e+01,  3.880540281534e-02
  5.089999884367e-01,  2.861820161343e-01,  2.844173722912e+01,  5.275193601847e-02
  5.115000009537e-01,  2.979160249233e-01,  2.843000322033e+01,  6.610337644815e-02
  5.139999985695e-01,  3.095737397671e-01,  2.841834550549e+01,  7.805100828409e-02
  5.164999961853e-01,  3.212314546108e-01,  2.840668779065e+01,  8.867112547159e-02
  5.189999938011e-01,  3.329349458218e-01,  2.839498429943e+01,  9.791795164347e-02
  5.214999914169e-01,  3.447147309780e-01,  2.838320451428e+01,  1.060356274247e-01
  5.239999890327e-01,  3.565860688686e-01,  2.837133317639e+01,  1.132454052567e-01
  5.265000015497e-01,  3.685489594936e-01,  2.835937028576e+01,  1.194252148271e-01
  5.289999991655e-01,  3.806186616421e-01,  2.834730058361e+01,  1.245483532548e-01
  5.314999967813e-01,  3.927799165249e-01,  2.833513932873e+01,  1.292137354612e-01
  5.339999943972e-01,  4.050174653530e-01,  2.832290177990e+01,  1.332878321409e-01
  5.364999920130e-01,  4.173160493374e-01,  2.831060319592e+01,  1.374878138304e-01
  5.389999896288e-01,  4.296604096889e-01,  2.829825883557e+01,  1.415962427855e-01
  5.414999872446e-01,  4.420658051968e-01,  2.828585344006e+01,  1.463722437620e-01
  5.439999997616e-01,  4.544864594936e-01,  2.827343278576e+01,  1.517891138792e-01
  5.464999973774e-01,  4.669376313686e-01,  2.826098161389e+01,  1.568588465452e-01
  5.489999949932e-01,  4.793888032436e-01,  2.824853044201e+01,  1.615814417601e-01
  5.514999926090e-01,  4.918399751186e-01,  2.823607927014e+01,  1.661857813597e-01
  5.539999902248e-01,  5.042911767960e-01,  2.822362806846e+01,  1.705955713987e-01
  5.564999878407e-01,  5.167423486710e-01,  2.821117689659e+01,  1.763939112425e-01
  5.590000003576e-01,  5.291782617569e-01,  2.819874098350e+01,  1.832374781370e-01
  5.614999979734e-01,  5.416294336319e-01,  2.818628981162e+01,  1.889824122190e-01
  5.639999955893e-01,  5.540958642960e-01,  2.817382338096e+01,  1.942543238401e-01
  5.664999932051e-01,  5.665470361710e-01,  2.816137220909e+01,  1.993049830198e-01
  5.689999908209e-01,  5.789676904678e-01,  2.814895155479e+01,  2.051567286253e-01
  5.714999884367e-01,  5.913730859756e-01,  2.813654615928e+01,  2.112983912230e-01
  5.740000009537e-01,  6.037784814835e-01,  2.812414076377e+01,  2.175163477659e-01
  5.764999985695e-01,  6.161533594131e-01,  2.811176588584e+01,  2.241157740355e-01
  5.789999961853e-01,  6.285282373428e-01,  2.809939100791e+01,  2.314628809690e-01
  5.814999938011e-01,  6.408725976944e-01,  2.808704664756e+01,  2.384208887815e-01
  5.839999914169e-01,  6.532322168350e-01,  2.807468702842e+01,  2.449135035276e-01
  5.864999890327e-01,  6.655918359756e-01,  2.806232740928e+01,  2.512382566929e-01
  5.890000015497e-01,  6.779667139053e-01,  2.804995253135e+01,  2.579292356968e-01
  5.914999991655e-01,  6.903263330460e-01,  2.803759291221e+01,  2.642463743687e-01
  5.939999967813e-01,  7.026859521866e-01,  2.802523329307e+01,  2.712120115757e-01
  5.964999943972e-01,  7.150760889053e-01,  2.801284315635e+01,  2.778114378452e-01
  5.989999920130e-01,  7.274509668350e-01,  2.800046827842e+01,  2.837852537632e-01
  6.014999896288e-01,  7.398411035538e-01,  2.798807814170e+01,  2.900413572788e-01
  6.039999872446e-01,  7.522159814835e-01,  2.797570326377e+01,  2.967552244663e-01
  6.064999997616e-01,  7.646213769913e-01,  2.796329786826e+01,  3.037132322788e-01
  6.089999973774e-01,  7.770267724991e-01,  2.795089247276e+01,  3.100151121616e-01
  6.114999949932e-01,  7.894474267960e-01,  2.793847181846e+01,  3.165153563023e-01
  6.139999926090e-01,  8.018680810928e-01,  2.792605116416e+01,  3.236412107944e-01
  6.164999902248e-01,  8.143039941788e-01,  2.791361525108e+01,  3.312095701694e-01
  6.189999878407e-01,  8.267856836319e-01,  2.790113356162e+01,  3.385032713413e-01
  6.215000003576e-01,  8.392826318741e-01,  2.788863661338e+01,  3.451637327671e-01
  6.234999895096e-01,  8.492923974991e-01,  2.787862684776e+01,  3.501075804234e-01
  6.254999935627e-01,  8.593326807022e-01,  2.786858656455e+01,  3.553184568882e-01
  6.274999976158e-01,  8.693882226944e-01,  2.785853102256e+01,  3.601478636265e-01
  6.295000016689e-01,  8.794590234756e-01,  2.784846022178e+01,  3.647712767124e-01
  6.314999908209e-01,  8.895450830460e-01,  2.783837416221e+01,  3.700813353062e-01
  6.334999948740e-01,  8.996311426163e-01,  2.782828810264e+01,  3.757499754429e-01
  6.354999989271e-01,  9.097324609756e-01,  2.781818678428e+01,  3.808692991734e-01
  6.374999880791e-01,  9.198337793350e-01,  2.780808546592e+01,  3.856910765171e-01
  6.394999921322e-01,  9.299503564835e-01,  2.779796888877e+01,  3.906578123569e-01
  6.414999961853e-01,  9.400669336319e-01,  2.778785231162e+01,  3.958610594273e-01
  6.435000002384e-01,  9.501835107803e-01,  2.777773573448e+01,  4.007591307163e-01
  6.454999893904e-01,  9.603000879288e-01,  2.776761915733e+01,  4.060615599155e-01
  6.474999934435e-01,  9.704319238663e-01,  2.775748732139e+01,  4.117149412632e-01
  6.494999974966e-01,  9.805790185928e-01,  2.774734022666e+01,  4.172309935093e-01
  6.515000015497e-01,  9.907261133194e-01,  2.773719313194e+01,  4.221900999546e-01
  6.534999907017e-01,  1.000903725624e+00,  2.772701551963e+01,  4.268211424351e-01
  6.554999947548e-01,  1.011081337929e+00,  2.771683790733e+01,  4.312767088413e-01
  6.574999988079e-01,  1.021256804466e+00,  2.770666244079e+01,  4.359141588211e-01
  6.594999879599e-01,  1.031419157982e+00,  2.769650008727e+01,  4.414836168289e-01
  6.614999920130e-01,  1.041596770287e+00,  2.768632247497e+01,  4.474116563797e-01
  6.634999960661e-01,  1.051774382591e+00,  2.767614486266e+01,  4.534617662430e-01
  6.655000001192e-01,  1.061951994896e+00,  2.766596725036e+01,  4.591838121414e-01
  6.674999892712e-01,  1.072144865990e+00,  2.765577437927e+01,  4.647914171219e-01
  6.694999933243e-01,  1.082352995872e+00,  2.764556624938e+01,  4.705897569656e-01
  6.714999973774e-01,  1.092576384544e+00,  2.763534286071e+01,  4.759989976883e-01
  6.735000014305e-01,  1.102799773216e+00,  2.762511947204e+01,  4.810801744461e-01
  6.754999905825e-01,  1.113023161888e+00,  2.761489608337e+01,  4.857951402664e-01
  6.774999946356e-01,  1.123261809349e+00,  2.760465743591e+01,  4.906245470047e-01
  6.794999986887e-01,  1.133500456810e+00,  2.759441878845e+01,  4.953624010086e-01
  6.814999878407e-01,  1.143739104271e+00,  2.758418014099e+01,  5.001689195633e-01
  6.834999918938e-01,  1.153962492943e+00,  2.757395675231e+01,  5.051738023758e-01
  6.854999959469e-01,  1.164185881615e+00,  2.756373336364e+01,  5.102626085281e-01
  6.875000000000e-01,  1.174394011497e+00,  2.755352523376e+01,  5.151454210281e-01
  6.894999891520e-01,  1.184586882591e+00,  2.754333236266e+01,  5.200129747391e-01
  6.914999932051e-01,  1.194764494896e+00,  2.753315475036e+01,  5.254679918289e-01
  6.934999972582e-01,  1.204926848412e+00,  2.752299239684e+01,  5.309840440750e-01
  6.955000013113e-01,  1.215073943138e+00,  2.751284530212e+01,  5.367976427078e-01
  6.974999904633e-01,  1.225221037865e+00,  2.750269820739e+01,  5.426951646805e-01
  6.994999945164e-01,  1.235337615013e+00,  2.749258163024e+01,  5.480281114578e-01
  7.014999985695e-01,  1.245454192162e+00,  2.748246505309e+01,  5.530101060867e-01
  7.034999877214e-01,  1.255540251732e+00,  2.747237899352e+01,  5.582209825516e-01
  7.054999917746e-01,  1.265611052513e+00,  2.746230819274e+01,  5.637828111649e-01
  7.074999958277e-01,  1.275666594505e+00,  2.745225265075e+01,  5.689097642899e-01
  7.094999998808e-01,  1.285706877708e+00,  2.744221236755e+01,  5.738688707352e-01
  7.114999890327e-01,  1.295716643333e+00,  2.743220260192e+01,  5.792933702469e-01
  7.134999930859e-01,  1.305726408958e+00,  2.742219283630e+01,  5.848780870438e-01
  7.159999907017e-01,  1.318208098412e+00,  2.740971114684e+01,  5.916453599930e-01
  7.184999883175e-01,  1.330659270287e+00,  2.739725997497e+01,  5.979624986649e-01
  7.210000008345e-01,  1.343064665794e+00,  2.738485457946e+01,  6.044856309891e-01
  7.234999984503e-01,  1.355439543724e+00,  2.737247970153e+01,  6.119548082352e-01
  7.259999960661e-01,  1.367799162865e+00,  2.736012008239e+01,  6.199351549149e-01
  7.284999936819e-01,  1.380128264427e+00,  2.734779098083e+01,  6.276484727859e-01
  7.309999912977e-01,  1.392457365990e+00,  2.733546187927e+01,  6.350260972977e-01
  7.334999889135e-01,  1.404801726341e+00,  2.732311751891e+01,  6.421824693680e-01
  7.360000014305e-01,  1.417115569115e+00,  2.731080367614e+01,  6.501170396805e-01
  7.384999990463e-01,  1.429459929466e+00,  2.729845931579e+01,  6.582118272781e-01
  7.409999966621e-01,  1.441819548607e+00,  2.728609969665e+01,  6.650248765945e-01
  7.434999942780e-01,  1.454179167747e+00,  2.727374007751e+01,  6.713267564774e-01
  7.459999918938e-01,  1.466554045677e+00,  2.726136519958e+01,  6.770335435867e-01
  7.484999895096e-01,  1.478944182396e+00,  2.724897506286e+01,  6.834117174149e-01
  7.509999871254e-01,  1.491349577904e+00,  2.723656966735e+01,  6.902171373367e-01
  7.534999996424e-01,  1.503754973412e+00,  2.722416427184e+01,  6.973582506180e-01
  7.559999972582e-01,  1.516190886497e+00,  2.721172835876e+01,  7.043391466141e-01
  7.584999948740e-01,  1.528626799583e+00,  2.719929244567e+01,  7.112361192703e-01
  7.609999924898e-01,  1.541062712669e+00,  2.718685653259e+01,  7.168513536453e-01
  7.634999901056e-01,  1.553513884544e+00,  2.717440536071e+01,  7.220088243484e-01
  7.659999877214e-01,  1.565949797630e+00,  2.716196944763e+01,  7.275019884109e-01
  7.685000002384e-01,  1.578355193138e+00,  2.714956405212e+01,  7.334681749344e-01
  7.709999978542e-01,  1.590745329857e+00,  2.713717391540e+01,  7.397395372391e-01
  7.734999954700e-01,  1.603120207787e+00,  2.712479903747e+01,  7.462626695633e-01
  7.759999930859e-01,  1.615449309349e+00,  2.711246993591e+01,  7.528239488602e-01
  7.784999907017e-01,  1.627778410912e+00,  2.710014083434e+01,  7.600337266922e-01
  7.809999883175e-01,  1.640076994896e+00,  2.708784225036e+01,  7.676249742508e-01
  7.835000008345e-01,  1.652375578880e+00,  2.707554366638e+01,  7.749034166336e-01
  7.859999984503e-01,  1.664674162865e+00,  2.706324508239e+01,  7.820979356766e-01
  7.884999960661e-01,  1.676942229271e+00,  2.705097701599e+01,  7.892771959305e-01
  7.909999936819e-01,  1.689240813255e+00,  2.703867843200e+01,  7.969218492508e-01
  7.934999912977e-01,  1.701539397240e+00,  2.702637984802e+01,  8.045741319656e-01
  7.959999889135e-01,  1.713853240013e+00,  2.701406600524e+01,  8.122569322586e-01
  7.985000014305e-01,  1.726167082787e+00,  2.700175216247e+01,  8.196345567703e-01
  8.009999990463e-01,  1.738496184349e+00,  2.698942306091e+01,  8.277751207352e-01
  8.034999966621e-01,  1.750825285912e+00,  2.697709395934e+01,  8.352748155594e-01
  8.059999942780e-01,  1.763184905052e+00,  2.696473434020e+01,  8.416987657547e-01
  8.084999918938e-01,  1.775544524193e+00,  2.695237472106e+01,  8.485652208328e-01
  8.109999895096e-01,  1.787934660912e+00,  2.693998458434e+01,  8.561259508133e-01
  8.134999871254e-01,  1.800340056419e+00,  2.692757918884e+01,  8.634043931961e-01
  8.159999996424e-01,  1.812760710716e+00,  2.691515853454e+01,  8.707515001297e-01
  8.184999972582e-01,  1.825211882591e+00,  2.690270736266e+01,  8.777552843094e-01
  8.209999948740e-01,  1.837663054466e+00,  2.689025619079e+01,  8.846141099930e-01
  8.234999924898e-01,  1.850144743919e+00,  2.687777450134e+01,  8.909312486649e-01
  8.259999901056e-01,  1.862641692162e+00,  2.686527755309e+01,  8.973933458328e-01
  8.284999877214e-01,  1.875138640404e+00,  2.685278060485e+01,  9.040538072586e-01
  8.310000002384e-01,  1.887620329857e+00,  2.684029891540e+01,  9.105998277664e-01
  8.334999978542e-01,  1.900117278099e+00,  2.682780196716e+01,  9.171839952469e-01
  8.359999954700e-01,  1.912598967552e+00,  2.681532027770e+01,  9.232951402664e-01
  8.384999930859e-01,  1.925065398216e+00,  2.680285384704e+01,  9.294291734695e-01
  8.409999907017e-01,  1.937501311302e+00,  2.679041793395e+01,  9.365397691727e-01
  8.434999883175e-01,  1.949937224388e+00,  2.677798202087e+01,  9.441233873367e-01
  8.460000008345e-01,  1.962342619896e+00,  2.676557662536e+01,  9.519053697586e-01
  8.484999984503e-01,  1.974732756615e+00,  2.675318648864e+01,  9.597178697586e-01
  8.509999960661e-01,  1.987122893333e+00,  2.674079635192e+01,  9.669963121414e-01
  8.534999936819e-01,  1.999513030052e+00,  2.672840621520e+01,  9.744273424149e-01
  8.559999912977e-01,  2.011887788773e+00,  2.671603145648e+01,  9.821406602859e-01
  8.584999889135e-01,  2.024277925491e+00,  2.670364131976e+01,  9.899379014969e-01
  8.610000014305e-01,  2.036652803421e+00,  2.669126644184e+01,  9.982386827469e-01
  8.634999990463e-01,  2.049042940140e+00,  2.667887630512e+01,  1.006425023079e+00
  8.659999966621e-01,  2.061448335648e+00,  2.666647090961e+01,  1.014283299446e+00
  8.684999942780e-01,  2.073884248734e+00,  2.665403499652e+01,  1.022011876106e+00
  8.709999918938e-01,  2.086350679398e+00,  2.664156856586e+01,  1.029122471809e+00
  8.734999895096e-01,  2.098832368851e+00,  2.662908687641e+01,  1.036042332649e+00
  8.754999935627e-01,  2.108842134476e+00,  2.661907711078e+01,  1.041367650032e+00
  8.774999976158e-01,  2.118851900101e+00,  2.660906734516e+01,  1.046662449837e+00
  8.795000016689e-01,  2.128876924515e+00,  2.659904232074e+01,  1.052239537239e+00
  8.814999908209e-01,  2.138886690140e+00,  2.658903255512e+01,  1.058037877083e+00
  8.834999948740e-01,  2.148911714554e+00,  2.657900753070e+01,  1.063843846321e+00
  8.854999989271e-01,  2.158936738968e+00,  2.656898250629e+01,  1.069871068001e+00
  8.874999880791e-01,  2.168961763382e+00,  2.655895748187e+01,  1.075791478157e+00
  8.894999921322e-01,  2.178986787796e+00,  2.654893245746e+01,  1.081215977669e+00
  8.914999961853e-01,  2.189027070999e+00,  2.653889217426e+01,  1.086136937141e+00
  8.935000002384e-01,  2.199052095413e+00,  2.652886714984e+01,  1.090745091438e+00
  8.954999893904e-01,  2.209061861038e+00,  2.651885738422e+01,  1.095185399055e+00
  8.974999934435e-01,  2.219086885452e+00,  2.650883235980e+01,  1.099923253059e+00
  8.994999974966e-01,  2.229096651077e+00,  2.649882259418e+01,  1.105134129524e+00
  9.019999951124e-01,  2.241578340530e+00,  2.648634090473e+01,  1.112321019173e+00
  9.044999927282e-01,  2.254044771194e+00,  2.647387447406e+01,  1.119904637337e+00
  9.070000052452e-01,  2.266489982605e+00,  2.646142926265e+01,  1.127708196640e+00
  9.094999879599e-01,  2.278910636902e+00,  2.644900860835e+01,  1.135192632675e+00
  9.120000004768e-01,  2.291316032410e+00,  2.643660321285e+01,  1.142425298691e+00
  9.144999980927e-01,  2.303721427917e+00,  2.642419781734e+01,  1.150314092636e+00
  9.169999957085e-01,  2.316111564636e+00,  2.641180768062e+01,  1.157958745956e+00
  9.194999933243e-01,  2.328486442566e+00,  2.639943280269e+01,  1.166213750839e+00
  9.219999909401e-01,  2.340876579285e+00,  2.638704266597e+01,  1.175155401230e+00
  9.244999885559e-01,  2.353251457214e+00,  2.637466778804e+01,  1.183891057968e+00
  9.270000010729e-01,  2.365656852722e+00,  2.636226239253e+01,  1.191817998886e+00
  9.294999986887e-01,  2.378077507019e+00,  2.634984173824e+01,  1.199226140976e+00
  9.319999963045e-01,  2.390513420105e+00,  2.633740582515e+01,  1.206023931503e+00
  9.344999939203e-01,  2.402949333191e+00,  2.632496991207e+01,  1.212768316269e+00
  9.369999915361e-01,  2.415400505066e+00,  2.631251874019e+01,  1.220138311386e+00
  9.394999891520e-01,  2.427836418152e+00,  2.630008282710e+01,  1.227782964706e+00
  9.420000016689e-01,  2.440287590027e+00,  2.628763165523e+01,  1.235313177109e+00
  9.444999992847e-01,  2.452738761902e+00,  2.627518048335e+01,  1.243942022324e+00
  9.469999969006e-01,  2.465189933777e+00,  2.626272931148e+01,  1.252586126328e+00
  9.494999945164e-01,  2.477671623230e+00,  2.625024762203e+01,  1.259956121445e+00
  9.519999921322e-01,  2.490168571472e+00,  2.623775067378e+01,  1.266776800156e+00
  9.544999897480e-01,  2.502650260925e+00,  2.622526898433e+01,  1.273574590683e+00
  9.564999938011e-01,  2.512660026550e+00,  2.621525921871e+01,  1.278991460800e+00
  9.584999978542e-01,  2.522669792175e+00,  2.620524945308e+01,  1.284187078476e+00
  9.609999954700e-01,  2.535166740417e+00,  2.619275250484e+01,  1.290916204453e+00
  9.629999995232e-01,  2.545176506042e+00,  2.618274273921e+01,  1.296836614609e+00
  9.649999886751e-01,  2.555186271667e+00,  2.617273297359e+01,  1.302772283554e+00
  9.675000011921e-01,  2.567667961121e+00,  2.616025128414e+01,  1.310294866562e+00
  9.699999988079e-01,  2.580164909363e+00,  2.614775433589e+01,  1.317924261093e+00
  9.724999964237e-01,  2.592661857605e+00,  2.613525738765e+01,  1.325332403183e+00
  9.745000004768e-01,  2.602671623230e+00,  2.612524762203e+01,  1.331596136093e+00
  9.764999896288e-01,  2.612681388855e+00,  2.611523785640e+01,  1.338134527206e+00
  9.784999936819e-01,  2.622691154480e+00,  2.610522809078e+01,  1.344703435898e+00
  9.804999977350e-01,  2.632700920105e+00,  2.609521832515e+01,  1.350890874863e+00
  9.824999868870e-01,  2.642741203308e+00,  2.608517804195e+01,  1.357452154160e+00
  9.844999909401e-01,  2.652766227722e+00,  2.607515301753e+01,  1.364196538925e+00
  9.864999949932e-01,  2.662806510925e+00,  2.606511273433e+01,  1.370857000351e+00
  9.884999990463e-01,  2.672877311707e+00,  2.605504193355e+01,  1.377479314804e+00
  9.904999881983e-01,  2.682963371277e+00,  2.604495587398e+01,  1.384414434433e+00
  9.924999922514e-01,  2.693064689636e+00,  2.603485455562e+01,  1.391067266464e+00
  9.944999963045e-01,  2.703166007996e+00,  2.602475323726e+01,  1.396819829941e+00
  9.965000003576e-01,  2.713297843933e+00,  2.601462140132e+01,  1.402480840683e+00
  9.984999895096e-01,  2.723429679871e+00,  2.600448956539e+01,  1.408210515976e+00
  1.000499993563e+00,  2.733576774597e+00,  2.599434247066e+01,  1.414016485214e+00
  1.002499997616e+00,  2.743708610535e+00,  2.598421063472e+01,  1.419341802597e+00
  1.004500001669e+00,  2.753840446472e+00,  2.597407879878e+01,  1.424270391464e+00
  1.006499990821e+00,  2.763957023621e+00,  2.596396222164e+01,  1.429015874863e+00
  1.008499994874e+00,  2.774043083191e+00,  2.595387616207e+01,  1.434074163437e+00
  1.010499998927e+00,  2.784083366394e+00,  2.594383587886e+01,  1.438918828964e+00
  1.012999996543e+00,  2.796534538269e+00,  2.593138470699e+01,  1.443813085556e+00
  1.015499994159e+00,  2.808894157410e+00,  2.591902508785e+01,  1.447852849960e+00
  1.017999991775e+00,  2.821101188660e+00,  2.590681805660e+01,  1.451514959335e+00
  1.020499989390e+00,  2.833094596863e+00,  2.589482464839e+01,  1.454057455063e+00
  1.022999987006e+00,  2.844859123230e+00,  2.588306012203e+01,  1.456392049789e+00
  1.025499999523e+00,  2.856348991394e+00,  2.587157025386e+01,  1.459233999252e+00
  1.027999997139e+00,  2.867503166199e+00,  2.586041607906e+01,  1.461877584457e+00
  1.030499994755e+00,  2.878306388855e+00,  2.584961285640e+01,  1.464578390121e+00
  1.032999992371e+00,  2.888697624207e+00,  2.583922162105e+01,  1.467033147812e+00
  1.035999998450e+00,  2.900599479675e+00,  2.582731976558e+01,  1.469821691513e+00
  1.038999989629e+00,  2.911799430847e+00,  2.581611981441e+01,  1.471782445908e+00
  1.041999995708e+00,  2.922236442566e+00,  2.580568280269e+01,  1.474080801010e+00
  1.045499995351e+00,  2.933421134949e+00,  2.579449811031e+01,  1.477784872055e+00
  1.048999994993e+00,  2.943491935730e+00,  2.578442730953e+01,  1.483087301254e+00
  1.052999988198e+00,  2.953616142273e+00,  2.577430310298e+01,  1.489682912827e+00
  1.057999998331e+00,  2.964304924011e+00,  2.576361432124e+01,  1.498426198959e+00
  1.063999995589e+00,  2.974417686462e+00,  2.575350155879e+01,  1.508691549301e+00
  1.072999998927e+00,  2.984738349915e+00,  2.574318089534e+01,  1.526056051254e+00
  1.093999996781e+00,  2.994774818420e+00,  2.573314442684e+01,  1.556054830551e+00
  1.111999988556e+00,  2.997941017151e+00,  2.572997822811e+01,  1.559575200081e+00
  1.211999997497e+00,  3.002156496048e+00,  2.572576274921e+01,  1.548182368279e+00
  1.312500000000e+00,  3.001849412918e+00,  2.572606983234e+01,  1.535685658455e+00
  1.412999987602e+00,  3.001329183578e+00,  2.572659006168e+01,  1.530603051186e+00
  1.512999996543e+00,  3.000846385956e+00,  2.572707285930e+01,  1.521914601326e+00
  1.613499999046e+00,  3.000560998917e+00,  2.572735824634e+01,  1.516856908798e+00
  1.714000001550e+00,  3.000378131866e+00,  2.572754111339e+01,  1.511430740356e+00
  1.814499989152e+00,  3.000242471695e+00,  2.572767677356e+01,  1.505858659744e+00
  1.914499998093e+00,  3.000145435333e+00,  2.572777380992e+01,  1.504425287247e+00
  2.015000000596e+00,  3.000127792358e+00,  2.572779145290e+01,  1.498833417892e+00
  2.115499988198e+00,  3.000075340271e+00,  2.572784390499e+01,  1.496358871460e+00
  2.215499997139e+00,  3.000046253204e+00,  2.572787299205e+01,  1.492656230927e+00
  2.315999999642e+00,  3.000007390976e+00,  2.572791185428e+01,  1.487385988235e+00
  2.416499987245e+00,  3.000060081482e+00,  2.572785916377e+01,  1.484344601631e+00
  2.516499996185e+00,  3.000025033951e+00,  2.572789421131e+01,  1.481016635895e+00
  2.616999998689e+00,  3.000033378601e+00,  2.572788586665e+01,  1.482149839401e+00
  2.717500001192e+00,  3.000032901764e+00,  2.572788634349e+01,  1.477141141891e+00
  2.817999988794e+00,  3.000018358231e+00,  2.572790088703e+01,  1.476557254791e+00
  2.917999997735e+00,  3.000033855438e+00,  2.572788538982e+01,  1.471788406372e+00
  3.018500000238e+00,  3.000015974045e+00,  2.572790327121e+01,  1.471234917641e+00
  3.118999987841e+00,  3.000014543533e+00,  2.572790470172e+01,  1.469218015671e+00
  3.218999996781e+00,  3.000032186508e+00,  2.572788705875e+01,  1.467233300209e+00
  3.319499999285e+00,  3.000002622604e+00,  2.572791662265e+01,  1.468144297600e+00
  3.419999986887e+00,  3.000037193298e+00,  2.572788205196e+01,  1.467157006264e+00
  3.519999995828e+00,  3.000026702881e+00,  2.572789254238e+01,  1.463917493820e+00
  3.620499998331e+00,  3.000039577484e+00,  2.572787966777e+01,  1.461576104164e+00
  3.721000000834e+00,  2.999995470047e+00,  2.572792377521e+01,  1.461830377579e+00
  3.821499988437e+00,  3.000011920929e+00,  2.572790732433e+01,  1.460423707962e+00
  3.921499997377e+00,  3.000018596649e+00,  2.572790064861e+01,  1.459105014801e+00
  4.021999999881e+00,  3.000016927719e+00,  2.572790231754e+01,  1.458270907402e+00
  4.122499987483e+00,  3.000002622604e+00,  2.572791662265e+01,  1.456923842430e+00
  4.222499996424e+00,  3.000037908554e+00,  2.572788133670e+01,  1.455413341522e+00
  4.322999998927e+00,  3.000002622604e+00,  2.572791662265e+01,  1.452928662300e+00
  4.423500001431e+00,  3.000042438507e+00,  2.572787680675e+01,  1.454471945763e+00
  4.523999989033e+00,  2.999984502792e+00,  2.572793474246e+01,  1.450593590736e+00
  4.623999997973e+00,  2.999991178513e+00,  2.572792806674e+01,  1.449052095413e+00
  4.724500000477e+00,  3.000046491623e+00,  2.572787275363e+01,  1.448872208595e+00
  4.824999988079e+00,  3.000027418137e+00,  2.572789182712e+01,  1.448468446732e+00
  4.924999997020e+00,  3.000008821487e+00,  2.572791042377e+01,  1.447107434273e+00
  5.025499999523e+00,  3.000023365021e+00,  2.572789588024e+01,  1.446161746979e+00
  5.125999987125e+00,  3.000021934509e+00,  2.572789731075e+01,  1.446591377258e+00
  5.225999996066e+00,  3.000022411346e+00,  2.572789683391e+01,  1.445407748222e+00
  5.326499998569e+00,  3.000042200089e+00,  2.572787704517e+01,  1.447250485420e+00
  5.427000001073e+00,  3.000005960464e+00,  2.572791328479e+01,  1.443044424057e+00
  5.527499988675e+00,  3.000025510788e+00,  2.572789373447e+01,  1.442929148674e+00
  5.627499997616e+00,  3.000019073486e+00,  2.572790017177e+01,  1.442919731140e+00
  5.728000000119e+00,  3.000001192093e+00,  2.572791805316e+01,  1.439352989197e+00
  5.828499987721e+00,  3.000021219254e+00,  2.572789802600e+01,  1.440955638885e+00
  5.928499996662e+00,  3.000000476837e+00,  2.572791876842e+01,  1.441748261452e+00
  6.028499990702e+00,  3.000008344650e+00,  2.572791090061e+01,  1.437277555466e+00
  6.128499999642e+00,  2.999984502792e+00,  2.572793474246e+01,  1.437388062477e+00
  6.228499993682e+00,  3.000015258789e+00,  2.572790398647e+01,  1.434753417969e+00
  6.328499987721e+00,  2.999994039536e+00,  2.572792520572e+01,  1.435380697250e+00
  6.428499996662e+00,  3.000000000000e+00,  2.572791924526e+01,  1.436114668846e+00
  6.528499990702e+00,  3.000035524368e+00,  2.572788372089e+01,  1.435323476791e+00
  6.628499999642e+00,  2.999989271164e+00,  2.572792997409e+01,  1.432712912560e+00
  6.728499993682e+00,  3.000002384186e+00,  2.572791686107e+01,  1.436308622360e+00
  6.828499987721e+00,  3.000000476837e+00,  2.572791876842e+01,  1.430408716202e+00
  6.928499996662e+00,  3.000010728836e+00,  2.572790851642e+01,  1.433465719223e+00
  7.028499990702e+00,  3.000009775162e+00,  2.572790947009e+01,  1.429925084114e+00
  7.128499999642e+00,  3.000014543533e+00,  2.572790470172e+01,  1.430299162865e+00
  7.228499993682e+00,  3.000008106232e+00,  2.572791113902e+01,  1.429544091225e+00
  7.328499987721e+00,  2.999984741211e+00,  2.572793450405e+01,  1.429071664810e+00
  7.428499996662e+00,  3.000007152557e+00,  2.572791209270e+01,  1.428370594978e+00
  7.528499990702e+00,  3.000030517578e+00,  2.572788872768e+01,  1.424209833145e+00
  7.628499999642e+00,  3.000016212463e+00,  2.572790303279e+01,  1.426571011543e+00
  7.728499993682e+00,  3.000016450882e+00,  2.572790279437e+01,  1.422208547592e+00
  7.828499987721e+00,  2.999986410141e+00,  2.572793283512e+01,  1.424657702446e+00
  7.928499996662e+00,  2.999993801117e+00,  2.572792544414e+01,  1.422596335411e+00
  8.028499990702e+00,  3.000004768372e+00,  2.572791447688e+01,  1.423457145691e+00
  8.128499999642e+00,  3.000006675720e+00,  2.572791256954e+01,  1.423525094986e+00
  8.228499993682e+00,  2.999976396561e+00,  2.572794284870e+01,  1.421368360519e+00
  8.328499987721e+00,  3.000017881393e+00,  2.572790136386e+01,  1.421826481819e+00
  8.428499996662e+00,  3.000004529953e+00,  2.572791471530e+01,  1.419694185257e+00
  8.528499990702e+00,  3.000009775162e+00,  2.572790947009e+01,  1.423000812531e+00
  8.628499999642e+00,  3.000006437302e+00,  2.572791280795e+01,  1.419682741165e+00
  8.728499993682e+00,  2.999992609024e+00,  2.572792663623e+01,  1.418735146523e+00
  8.828499987721e+00,  3.000021457672e+00,  2.572789778758e+01,  1.416651248932e+00
  8.928499996662e+00,  3.000002384186e+00,  2.572791686107e+01,  1.419211149216e+00
  9.028499990702e+00,  3.000000715256e+00,  2.572791853000e+01,  1.418209433556e+00
  9.128499999642e+00,  3.000016212463e+00,  2.572790303279e+01,  1.414477944374e+00
  9.228499993682e+00,  3.000004291534e+00,  2.572791495372e+01,  1.416910648346e+00
  9.328499987721e+00,  2.999999046326e+00,  2.572792019893e+01,  1.415733695030e+00
  9.428499996662e+00,  2.999984025955e+00,  2.572793521930e+01,  1.415070891380e+00
  9.528499990702e+00,  2.999998331070e+00,  2.572792091419e+01,  1.414217114449e+00
  9.628499999642e+00,  3.000015974045e+00,  2.572790327121e+01,  1.413855910301e+00
  9.728499993682e+00,  3.000001907349e+00,  2.572791733791e+01,  1.410588860512e+00
  9.828499987721e+00,  2.999991893768e+00,  2.572792735149e+01,  1.410866737366e+00
  9.928499996662e+00,  2.999994039536e+00,  2.572792520572e+01,  1.411505699158e+00
  1.002849999070e+01,  2.999986171722e+00,  2.572793307353e+01,  1.411734700203e+00
  1.012849999964e+01,  3.000008106232e+00,  2.572791113902e+01,  1.410154819489e+00
  1.022849999368e+01,  3.000009536743e+00,  2.572790970851e+01,  1.408366799355e+00
  1.032849998772e+01,  3.000020980835e+00,  2.572789826442e+01,  1.409561395645e+00
  1.042849999666e+01,  3.000017166138e+00,  2.572790207912e+01,  1.406363844872e+00
  1.052849999070e+01,  3.000020027161e+00,  2.572789921810e+01,  1.406650185585e+00
  1.062849999964e+01,  3.000005006790e+00,  2.572791423847e+01,  1.407271146774e+00
  1.072849999368e+01,  3.000005006790e+00,  2.572791423847e+01,  1.405140876770e+00
  1.082849998772e+01,  3.000002622604e+00,  2.572791662265e+01,  1.409080862999e+00
  1.092849999666e+01,  3.000014305115e+00,  2.572790494014e+01,  1.406223058701e+00
  1.102849999070e+01,  3.000027656555e+00,  2.572789158870e+01,  1.406553506851e+00
  1.112849999964e+01,  3.000005006790e+00,  2.572791423847e+01,  1.404809117317e+00
  1.122849999368e+01,  3.000020027161e+00,  2.572789921810e+01,  1.403263092041e+00
  1.132849998772e+01,  2.999987840652e+00,  2.572793140460e+01,  1.404263377190e+00
  1.142849999666e+01,  2.999973297119e+00,  2.572794594814e+01,  1.403238773346e+00
  1.152849999070e+01,  2.999982118607e+00,  2.572793712665e+01,  1.402087926865e+00
  1.162849999964e+01,  3.000008106232e+00,  2.572791113902e+01,  1.401626110077e+00
  1.172849999368e+01,  2.999979019165e+00,  2.572794022609e+01,  1.402418375015e+00
  1.182849998772e+01,  3.000003099442e+00,  2.572791614581e+01,  1.401488065720e+00
  1.192849999666e+01,  2.999982118607e+00,  2.572793712665e+01,  1.399654150009e+00
  1.202849999070e+01,  3.000015020370e+00,  2.572790422489e+01,  1.403124809265e+00
  1.212849999964e+01,  2.999973297119e+00,  2.572794594814e+01,  1.401323795319e+00
  1.222849999368e+01,  3.000011920929e+00,  2.572790732433e+01,  1.401836276054e+00
  1.232849998772e+01,  3.000020980835e+00,  2.572789826442e+01,  1.398397207260e+00
  1.242849999666e+01,  3.000009536743e+00,  2.572790970851e+01,  1.399249792099e+00
  1.252849999070e+01,  2.999996662140e+00,  2.572792258312e+01,  1.399141311646e+00
  1.262849999964e+01,  3.000008106232e+00,  2.572791113902e+01,  1.397405147552e+00
  1.272849999368e+01,  2.999974250793e+00,  2.572794499446e+01,  1.395211815834e+00
  1.282849998772e+01,  2.999986648560e+00,  2.572793259670e+01,  1.396064996719e+00
  1.292849999666e+01,  2.999987602234e+00,  2.572793164302e+01,  1.394037842751e+00
  1.302849999070e+01,  3.000002861023e+00,  2.572791638423e+01,  1.395122051239e+00
  1.312849999964e+01,  3.000023126602e+00,  2.572789611865e+01,  1.395862102509e+00
  1.322849999368e+01,  3.000025033951e+00,  2.572789421131e+01,  1.394043207169e+00
  1.332849998772e+01,  3.000006675720e+00,  2.572791256954e+01,  1.395845770836e+00
  1.342849999666e+01,  3.000009775162e+00,  2.572790947009e+01,  1.394366145134e+00
  1.352849999070e+01,  2.999972343445e+00,  2.572794690181e+01,  1.394169330597e+00
  1.362849999964e+01,  2.999968290329e+00,  2.572795095493e+01,  1.395739674568e+00
  1.372849999368e+01,  3.000025510788e+00,  2.572789373447e+01,  1.393143057823e+00
  1.382849998772e+01,  3.000020265579e+00,  2.572789897968e+01,  1.393574237823e+00
  1.392849999666e+01,  3.000006675720e+00,  2.572791256954e+01,  1.390670657158e+00
  1.402849999070e+01,  2.999991178513e+00,  2.572792806674e+01,  1.391949534416e+00
  1.412849999964e+01,  2.999999523163e+00,  2.572791972209e+01,  1.392352581024e+00
  1.422849999368e+01,  3.000022172928e+00,  2.572789707233e+01,  1.391626238823e+00
  1.432849998772e+01,  3.000002145767e+00,  2.572791709949e+01,  1.392078518867e+00
  1.442849999666e+01,  2.999984979630e+00,  2.572793426563e+01,  1.388352394104e+00
  1.452849999070e+01,  2.999995470047e+00,  2.572792377521e+01,  1.388892650604e+00
  1.462849999964e+01,  3.000016212463e+00,  2.572790303279e+01,  1.389828205109e+00
  1.472849999368e+01,  3.000004529953e+00,  2.572791471530e+01,  1.389150381088e+00
  1.482849998772e+01,  3.000020503998e+00,  2.572789874126e+01,  1.388872981071e+00
  1.492849999666e+01,  3.000023603439e+00,  2.572789564182e+01,  1.386107087135e+00
  1.502849999070e+01,  3.000016450882e+00,  2.572790279437e+01,  1.387492537498e+00
  1.512849999964e+01,  3.000014066696e+00,  2.572790517856e+01,  1.387176036835e+00
  1.522849999368e+01,  2.999990940094e+00,  2.572792830516e+01,  1.386145591736e+00
  1.532849998772e+01,  3.000012636185e+00,  2.572790660907e+01,  1.384403228760e+00
  1.542849999666e+01,  3.000000476837e+00,  2.572791876842e+01,  1.386418581009e+00
  1.552849999070e+01,  3.000001907349e+00,  2.572791733791e+01,  1.384719967842e+00
  1.562849999964e+01,  3.000008821487e+00,  2.572791042377e+01,  1.386005997658e+00
  1.572849999368e+01,  3.000021934509e+00,  2.572789731075e+01,  1.383747458458e+00
  1.582849998772e+01,  3.000014543533e+00,  2.572790470172e+01,  1.386010885239e+00
  1.592849999666e+01,  2.999965429306e+00,  2.572795381595e+01,  1.384870529175e+00
  1.602849999070e+01,  2.999995946884e+00,  2.572792329837e+01,  1.382201552391e+00
  1.612849999964e+01,  3.000019311905e+00,  2.572789993335e+01,  1.383883118629e+00
  1.622849999368e+01,  3.000010490417e+00,  2.572790875484e+01,  1.384404420853e+00
  1.632849998772e+01,  3.000004053116e+00,  2.572791519214e+01,  1.383128166199e+00
  1.642849999666e+01,  2.999986410141e+00,  2.572793283512e+01,  1.382999062538e+00
  1.652849999070e+01,  2.999985218048e+00,  2.572793402721e+01,  1.381221532822e+00
  1.662849999964e+01,  2.999988317490e+00,  2.572793092777e+01,  1.382287621498e+00
  1.672849999368e+01,  2.999996900558e+00,  2.572792234470e+01,  1.379590630531e+00
  1.682849998772e+01,  3.000023841858e+00,  2.572789540340e+01,  1.381767034531e+00
  1.692849999666e+01,  3.000003337860e+00,  2.572791590740e+01,  1.381636857986e+00
  1.702849999070e+01,  2.999998569489e+00,  2.572792067577e+01,  1.378875732422e+00
  1.712849999964e+01,  3.000004768372e+00,  2.572791447688e+01,  1.379618287086e+00
  1.722849999368e+01,  3.000002384186e+00,  2.572791686107e+01,  1.378221750259e+00
  1.732849998772e+01,  3.000021219254e+00,  2.572789802600e+01,  1.378754615784e+00
  1.742849999666e+01,  3.000016450882e+00,  2.572790279437e+01,  1.377185106277e+00
  1.752849999070e+01,  2.999999046326e+00,  2.572792019893e+01,  1.377012968063e+00
  1.762849999964e+01,  3.000004529953e+00,  2.572791471530e+01,  1.377965092659e+00
  1.772849999368e+01,  3.000034809113e+00,  2.572788443614e+01,  1.379110336304e+00
  1.782849998772e+01,  3.000001907349e+00,  2.572791733791e+01,  1.374513387680e+00
  1.792849999666e+01,  2.999997138977e+00,  2.572792210628e+01,  1.378501057625e+00
  1.802849999070e+01,  3.000012159348e+00,  2.572790708591e+01,  1.377411365509e+00
  1.812849999964e+01,  3.000060319901e+00,  2.572785892536e+01,  1.375690937042e+00
  1.822849999368e+01,  2.999994516373e+00,  2.572792472888e+01,  1.373712658882e+00
  1.832849998772e+01,  3.000005006790e+00,  2.572791423847e+01,  1.375678658485e+00
  1.842849999666e+01,  2.999992609024e+00,  2.572792663623e+01,  1.375835299492e+00
  1.852849999070e+01,  3.000024795532e+00,  2.572789444972e+01,  1.373390674591e+00
  1.862849999964e+01,  2.999996423721e+00,  2.572792282153e+01,  1.373932242393e+00
  1.872849999368e+01,  3.000022888184e+00,  2.572789635707e+01,  1.372887134552e+00
  1.882849998772e+01,  2.999991893768e+00,  2.572792735149e+01,  1.372839570045e+00
  1.892849999666e+01,  2.999985218048e+00,  2.572793402721e+01,  1.374322652817e+00
  1.902849999070e+01,  2.999980926514e+00,  2.572793831874e+01,  1.372418761253e+00
  1.912849999964e+01,  2.999997377396e+00,  2.572792186786e+01,  1.371611833572e+00
  1.922849999368e+01,  2.999990224838e+00,  2.572792902042e+01,  1.372311592102e+00
  1.932849998772e+01,  3.000002145767e+00,  2.572791709949e+01,  1.373034715652e+00
  1.942849999666e+01,  3.000011682510e+00,  2.572790756275e+01,  1.372281551361e+00
  1.952849999070e+01,  2.999999284744e+00,  2.572791996051e+01,  1.372122406960e+00
  1.962849999964e+01,  3.000001907349e+00,  2.572791733791e+01,  1.373244166374e+00
  1.972849999368e+01,  2.999978065491e+00,  2.572794117977e+01,  1.373873353004e+00
  1.982849998772e+01,  2.999988317490e+00,  2.572793092777e+01,  1.372810602188e+00
  1.992849999666e+01,  2.999998331070e+00,  2.572792091419e+01,  1.370610833168e+00
  2.002849999070e+01,  3.000005006790e+00,  2.572791423847e+01,  1.370942115784e+00
  2.012849999964e+01,  3.000018596649e+00,  2.572790064861e+01,  1.369948744774e+00
  2.022849999368e+01,  2.999992370605e+00,  2.572792687465e+01,  1.370450496674e+00
  2.032849998772e+01,  3.000008106232e+00,  2.572791113902e+01,  1.369100213051e+00
  2.042849999666e+01,  3.000011205673e+00,  2.572790803958e+01,  1.368905186653e+00
  2.052849999070e+01,  3.000020503998e+00,  2.572789874126e+01,  1.369205236435e+00
  2.062849999964e+01,  2.999994039536e+00,  2.572792520572e+01,  1.369167804718e+00
  2.072849999368e+01,  2.999983072281e+00,  2.572793617298e+01,  1.370059132576e+00
  2.082849998772e+01,  3.000002145767e+00,  2.572791709949e+01,  1.368513464928e+00
  2.092849999666e+01,  3.000019073486e+00,  2.572790017177e+01,  1.366513848305e+00
  2.102849999070e+01,  2.999987363815e+00,  2.572793188144e+01,  1.364108562469e+00
  2.112849999964e+01,  3.000018358231e+00,  2.572790088703e+01,  1.364353179932e+00
  2.122849999368e+01,  2.999984979630e+00,  2.572793426563e+01,  1.364232540131e+00
  2.132849998772e+01,  2.999989032745e+00,  2.572793021251e+01,  1.362569332123e+00
  2.142849999666e+01,  3.000020980835e+00,  2.572789826442e+01,  1.364423274994e+00
  2.152849999070e+01,  3.000023126602e+00,  2.572789611865e+01,  1.362894415855e+00
  2.162849999964e+01,  2.999977111816e+00,  2.572794213344e+01,  1.363580226898e+00
  2.172849999368e+01,  3.000036478043e+00,  2.572788276721e+01,  1.361994028091e+00
  2.182849998772e+01,  2.999982357025e+00,  2.572793688823e+01,  1.365402460098e+00
  2.192849999666e+01,  3.000014066696e+00,  2.572790517856e+01,  1.363538026810e+00
  2.202849999070e+01,  2.999988555908e+00,  2.572793068935e+01,  1.363162636757e+00
  2.212849999964e+01,  2.999988079071e+00,  2.572793116619e+01,  1.362437963486e+00
  2.222849999368e+01,  2.999963283539e+00,  2.572795596172e+01,  1.361235380173e+00
  2.232849998772e+01,  2.999999761581e+00,  2.572791948367e+01,  1.362185239792e+00
  2.242849999666e+01,  3.000022172928e+00,  2.572789707233e+01,  1.361815929413e+00
  2.252849999070e+01,  2.999996423721e+00,  2.572792282153e+01,  1.361903786659e+00
  2.262849999964e+01,  3.000031709671e+00,  2.572788753559e+01,  1.362032532692e+00
  2.272849999368e+01,  3.000010013580e+00,  2.572790923168e+01,  1.360858559608e+00
  2.282849998772e+01,  2.999997615814e+00,  2.572792162944e+01,  1.359107375145e+00
  2.292849999666e+01,  2.999969244003e+00,  2.572795000125e+01,  1.358277201653e+00
  2.302849999070e+01,  3.000001668930e+00,  2.572791757633e+01,  1.359841585159e+00
  2.312849999964e+01,  2.999998807907e+00,  2.572792043735e+01,  1.356329798698e+00
  2.322849999368e+01,  2.999979734421e+00,  2.572793951084e+01,  1.356030702591e+00
  2.332849998772e+01,  2.999955654144e+00,  2.572796359111e+01,  1.358940601349e+00
  2.342849999666e+01,  2.999989032745e+00,  2.572793021251e+01,  1.357252717018e+00
  2.352849999070e+01,  3.000005245209e+00,  2.572791400005e+01,  1.359741568565e+00
  2.362849999964e+01,  2.999988794327e+00,  2.572793045093e+01,  1.356823444366e+00
  2.372849999368e+01,  2.999985218048e+00,  2.572793402721e+01,  1.358491897583e+00
  2.382849998772e+01,  2.999995231628e+00,  2.572792401363e+01,  1.356541037560e+00
  2.392849999666e+01,  2.999980926514e+00,  2.572793831874e+01,  1.356417417526e+00
  2.402849999070e+01,  3.000001192093e+00,  2.572791805316e+01,  1.358060598373e+00
  2.412849999964e+01,  3.000007629395e+00,  2.572791161586e+01,  1.356932282448e+00
  2.422849999368e+01,  2.999999284744e+00,  2.572791996051e+01,  1.355280518532e+00
  2.432849998772e+01,  3.000021696091e+00,  2.572789754917e+01,  1.355690002441e+00
  2.442849999666e+01,  3.000013113022e+00,  2.572790613223e+01,  1.354643464088e+00
  2.452849999070e+01,  2.999995231628e+00,  2.572792401363e+01,  1.355626702309e+00
  2.462849999964e+01,  3.000019788742e+00,  2.572789945651e+01,  1.353914260864e+00
  2.472849999368e+01,  3.000011920929e+00,  2.572790732433e+01,  1.356675386429e+00
  2.482849998772e+01,  2.999996423721e+00,  2.572792282153e+01,  1.354588270187e+00
  2.492849999666e+01,  3.000003576279e+00,  2.572791566898e+01,  1.353674650192e+00
  2.502849999070e+01,  3.000010728836e+00,  2.572790851642e+01,  1.353805661201e+00
  2.512849999964e+01,  3.000022649765e+00,  2.572789659549e+01,  1.355943441391e+00
  2.522849999368e+01,  3.000056743622e+00,  2.572786250163e+01,  1.354094982147e+00
  2.532849998772e+01,  3.000000238419e+00,  2.572791900684e+01,  1.355337023735e+00
  2.542849999666e+01,  2.999980211258e+00,  2.572793903400e+01,  1.354482412338e+00
  2.552849999070e+01,  3.000000953674e+00,  2.572791829158e+01,  1.355022668839e+00
  2.562849999964e+01,  3.000021696091e+00,  2.572789754917e+01,  1.353292465210e+00
  2.572849999368e+01,  3.000000476837e+00,  2.572791876842e+01,  1.354127287865e+00
  2.582849998772e+01,  2.999994754791e+00,  2.572792449046e+01,  1.352231025696e+00
  2.592849999666e+01,  3.000015974045e+00,  2.572790327121e+01,  1.353440403938e+00
  2.602849999070e+01,  3.000007629395e+00,  2.572791161586e+01,  1.352783799171e+00
  2.612849999964e+01,  3.000018596649e+00,  2.572790064861e+01,  1.350013136864e+00
  2.622849999368e+01,  3.000002622604e+00,  2.572791662265e+01,  1.351827621460e+00
  2.632849998772e+01,  3.000003814697e+00,  2.572791543056e+01,  1.351232528687e+00
  2.642849999666e+01,  2.999984025955e+00,  2.572793521930e+01,  1.350771069527e+00
  2.652849999070e+01,  3.000005006790e+00,  2.572791423847e+01,  1.350430011749e+00
  2.662849999964e+01,  3.000007390976e+00,  2.572791185428e+01,  1.350276470184e+00
  2.672849999368e+01,  2.999999523163e+00,  2.572791972209e+01,  1.349957585335e+00
  2.682849998772e+01,  2.999981403351e+00,  2.572793784191e+01,  1.350319027901e+00
  2.692849999666e+01,  3.000018358231e+00,  2.572790088703e+01,  1.348823785782e+00
  2.702849999070e+01,  2.999988555908e+00,  2.572793068935e+01,  1.350603580475e+00
  2.712849999964e+01,  2.999988555908e+00,  2.572793068935e+01,  1.348421096802e+00
  2.722849999368e+01,  2.999973535538e+00,  2.572794570972e+01,  1.347461819649e+00
  2.732849998772e+01,  2.999991178513e+00,  2.572792806674e+01,  1.347009062767e+00
  2.742849999666e+01,  3.000003576279e+00,  2.572791566898e+01,  1.348392367363e+00
  2.752849999070e+01,  2.999999523163e+00,  2.572791972209e+01,  1.348254084587e+00
  2.762849999964e+01,  2.999993562698e+00,  2.572792568256e+01,  1.347444415092e+00
  2.772849999368e+01,  3.000031232834e+00,  2.572788801242e+01,  1.347043275833e+00
  2.782849998772e+01,  2.999999523163e+00,  2.572791972209e+01,  1.347813010216e+00
  2.792849999666e+01,  2.999957561493e+00,  2.572796168376e+01,  1.347178816795e+00
  2.802849999070e+01,  2.999999046326e+00,  2.572792019893e+01,  1.347841024399e+00
  2.812849999964e+01,  3.000008583069e+00,  2.572791066219e+01,  1.346833586693e+00
  2.822849999368e+01,  3.000004529953e+00,  2.572791471530e+01,  1.345409035683e+00
  2.832849998772e+01,  3.000006675720e+00,  2.572791256954e+01,  1.347197055817e+00
  2.842849999666e+01,  2.999981641769e+00,  2.572793760349e+01,  1.345317125320e+00
  2.852849999070e+01,  3.000025272369e+00,  2.572789397289e+01,  1.346405625343e+00
  2.862849999964e+01,  3.000005483627e+00,  2.572791376163e+01,  1.346013307571e+00
  2.872849999368e+01,  3.000002145767e+00,  2.572791709949e+01,  1.345299243927e+00
  2.882849998772e+01,  2.999996185303e+00,  2.572792305995e+01,  1.344998478889e+00
  2.892849999666e+01,  2.999978542328e+00,  2.572794070293e+01,  1.345963001251e+00
  2.902849999070e+01,  3.000002622604e+00,  2.572791662265e+01,  1.345867276192e+00
  2.912849999964e+01,  3.000018358231e+00,  2.572790088703e+01,  1.344828605652e+00
  2.922849999368e+01,  3.000007152557e+00,  2.572791209270e+01,  1.346491694450e+00
  2.932849998772e+01,  3.000018596649e+00,  2.572790064861e+01,  1.344862937927e+00
  2.942849999666e+01,  3.000011682510e+00,  2.572790756275e+01,  1.341167807579e+00
  2.952849999070e+01,  2.999981641769e+00,  2.572793760349e+01,  1.343196988106e+00
  2.962849999964e+01,  2.999982833862e+00,  2.572793641139e+01,  1.340773105621e+00
  2.972849999368e+01,  3.000000000000e+00,  2.572791924526e+01,  1.342164278030e+00
  2.982849998772e+01,  3.000017404556e+00,  2.572790184070e+01,  1.341629981995e+00
  2.992849999666e+01,  3.000001668930e+00,  2.572791757633e+01,  1.345081329346e+00
  3.002849999070e+01,  3.000029087067e+00,  2.572789015819e+01,  1.341936588287e+00
  3.012849999964e+01,  3.000018358231e+00,  2.572790088703e+01,  1.343482732773e+00
  3.022849999368e+01,  2.999978542328e+00,  2.572794070293e+01,  1.340926527977e+00
  3.032849998772e+01,  3.000001430511e+00,  2.572791781474e+01,  1.340189099312e+00
  3.042849999666e+01,  3.000005006790e+00,  2.572791423847e+01,  1.344022870064e+00
  3.052849999070e+01,  2.999996662140e+00,  2.572792258312e+01,  1.339553833008e+00
  3.062849999964e+01,  3.000050306320e+00,  2.572786893894e+01,  1.339976787567e+00
  3.072849999368e+01,  3.000025749207e+00,  2.572789349605e+01,  1.341792821884e+00
  3.082849998772e+01,  2.999981403351e+00,  2.572793784191e+01,  1.341017603874e+00
  3.092849999666e+01,  3.000012397766e+00,  2.572790684749e+01,  1.341452360153e+00
  3.102849999070e+01,  3.000046968460e+00,  2.572787227680e+01,  1.339949131012e+00
  3.112849999964e+01,  2.999974250793e+00,  2.572794499446e+01,  1.341604113579e+00
  3.122849999368e+01,  3.000006914139e+00,  2.572791233112e+01,  1.337907910347e+00
  3.132849998772e+01,  3.000020980835e+00,  2.572789826442e+01,  1.340573549271e+00
  3.142849999666e+01,  3.000051736832e+00,  2.572786750842e+01,  1.339039564133e+00
  3.152849999070e+01,  3.000007390976e+00,  2.572791185428e+01,  1.337799787521e+00
  3.162849999964e+01,  3.000036716461e+00,  2.572788252879e+01,  1.339859485626e+00
  3.172849999368e+01,  2.999992370605e+00,  2.572792687465e+01,  1.339880228043e+00
  3.182849998772e+01,  3.000004768372e+00,  2.572791447688e+01,  1.338044166565e+00
  3.192849999666e+01,  2.999993801117e+00,  2.572792544414e+01,  1.337013363838e+00
  3.202849999070e+01,  2.999980211258e+00,  2.572793903400e+01,  1.339365482330e+00
  3.212849999964e+01,  3.000014066696e+00,  2.572790517856e+01,  1.338786721230e+00
  3.222849999368e+01,  3.000022172928e+00,  2.572789707233e+01,  1.335943222046e+00
  3.232849998772e+01,  2.999998092651e+00,  2.572792115260e+01,  1.336594104767e+00
  3.242849999666e+01,  3.000030279160e+00,  2.572788896610e+01,  1.336576819420e+00
  3.252849999070e+01,  2.999971389771e+00,  2.572794785549e+01,  1.335459589958e+00
  3.262849999964e+01,  2.999983787537e+00,  2.572793545772e+01,  1.335005879402e+00
  3.272849999368e+01,  3.000010967255e+00,  2.572790827800e+01,  1.332715392113e+00
  3.282849998772e+01,  2.999998092651e+00,  2.572792115260e+01,  1.334743022919e+00
  3.292849999666e+01,  2.999991416931e+00,  2.572792782832e+01,  1.334748625755e+00
  3.302849999070e+01,  2.999995231628e+00,  2.572792401363e+01,  1.336066365242e+00
  3.312849999964e+01,  2.999987840652e+00,  2.572793140460e+01,  1.337107777596e+00
  3.322849999368e+01,  2.999985456467e+00,  2.572793378879e+01,  1.336486816406e+00
  3.332849998772e+01,  3.000013113022e+00,  2.572790613223e+01,  1.336544752121e+00
  3.342849999666e+01,  2.999989986420e+00,  2.572792925884e+01,  1.336226105690e+00
  3.352849999070e+01,  2.999987602234e+00,  2.572793164302e+01,  1.333449721336e+00
  3.362849999964e+01,  3.000008106232e+00,  2.572791113902e+01,  1.335221290588e+00
  3.372849999368e+01,  2.999978780746e+00,  2.572794046451e+01,  1.333712697029e+00
  3.382849998772e+01,  3.000036001205e+00,  2.572788324405e+01,  1.334037423134e+00
  3.392849999666e+01,  2.999998092651e+00,  2.572792115260e+01,  1.331468343735e+00
  3.402849999070e+01,  3.000003576279e+00,  2.572791566898e+01,  1.330757856369e+00
  3.412849999964e+01,  2.999982118607e+00,  2.572793712665e+01,  1.331744074821e+00
  3.422849999368e+01,  2.999988079071e+00,  2.572793116619e+01,  1.331405878067e+00
  3.432849998772e+01,  3.000029087067e+00,  2.572789015819e+01,  1.332080245018e+00
  3.442849999666e+01,  3.000006198883e+00,  2.572791304637e+01,  1.332584500313e+00
  3.452849999070e+01,  2.999987363815e+00,  2.572793188144e+01,  1.331704854965e+00
  3.462849999964e+01,  2.999984502792e+00,  2.572793474246e+01,  1.330089569092e+00
  3.472849999368e+01,  2.999983787537e+00,  2.572793545772e+01,  1.331518054008e+00
  3.482849998772e+01,  2.999976634979e+00,  2.572794261028e+01,  1.332062005997e+00
  3.492849999666e+01,  2.999986410141e+00,  2.572793283512e+01,  1.330940723419e+00
  3.502849999070e+01,  3.000024318695e+00,  2.572789492656e+01,  1.329231142998e+00
  3.512849999964e+01,  2.999982595444e+00,  2.572793664981e+01,  1.329618692398e+00
  3.522849999368e+01,  3.000013351440e+00,  2.572790589382e+01,  1.330197930336e+00
  3.532849998772e+01,  2.999985218048e+00,  2.572793402721e+01,  1.328742146492e+00
  3.542849999666e+01,  2.999984979630e+00,  2.572793426563e+01,  1.331213235855e+00
  3.552849999070e+01,  2.999954462051e+00,  2.572796478320e+01,  1.329045176506e+00
  3.562849999964e+01,  3.000032901764e+00,  2.572788634349e+01,  1.329406380653e+00
  3.572849999368e+01,  3.000000953674e+00,  2.572791829158e+01,  1.328613758087e+00
  3.582849998772e+01,  3.000018835068e+00,  2.572790041019e+01,  1.328356623650e+00
  3.592849999666e+01,  3.000025749207e+00,  2.572789349605e+01,  1.327736854553e+00
  3.602849999070e+01,  2.999969005585e+00,  2.572795023967e+01,  1.327635645866e+00
  3.612849999964e+01,  3.000007629395e+00,  2.572791161586e+01,  1.327937960625e+00
  3.622849999368e+01,  3.000007152557e+00,  2.572791209270e+01,  1.328597187996e+00
  3.632849998772e+01,  2.999999761581e+00,  2.572791948367e+01,  1.327741146088e+00
  3.642849999666e+01,  3.000013113022e+00,  2.572790613223e+01,  1.329574823380e+00
  3.652849999070e+01,  3.000009298325e+00,  2.572790994693e+01,  1.327821135521e+00
  3.662849999964e+01,  2.999985694885e+00,  2.572793355037e+01,  1.328479409218e+00
  3.672849999368e+01,  3.000012159348e+00,  2.572790708591e+01,  1.326460838318e+00
  3.682849998772e+01,  2.999991893768e+00,  2.572792735149e+01,  1.327512145042e+00
  3.692849999666e+01,  2.999988079071e+00,  2.572793116619e+01,  1.327431082726e+00
  3.702849999070e+01,  2.999996423721e+00,  2.572792282153e+01,  1.324927330017e+00
  3.712849999964e+01,  3.000013351440e+00,  2.572790589382e+01,  1.326465368271e+00
  3.722849999368e+01,  3.000004529953e+00,  2.572791471530e+01,  1.327366471291e+00
  3.732849998772e+01,  3.000022172928e+00,  2.572789707233e+01,  1.327692151070e+00
  3.742849999666e+01,  2.999987602234e+00,  2.572793164302e+01,  1.326361775398e+00
  3.752849999070e+01,  2.999991416931e+00,  2.572792782832e+01,  1.324394226074e+00
  3.762849999964e+01,  2.999969244003e+00,  2.572795000125e+01,  1.328187346458e+00
  3.772849999368e+01,  3.000027894974e+00,  2.572789135028e+01,  1.326400995255e+00
  3.782849998772e+01,  2.999954938889e+00,  2.572796430637e+01,  1.325609326363e+00
  3.792849999666e+01,  3.000024318695e+00,  2.572789492656e+01,  1.325321555138e+00
  3.802849999070e+01,  2.999996662140e+00,  2.572792258312e+01,  1.328354597092e+00
  3.812849999964e+01,  2.999994277954e+00,  2.572792496730e+01,  1.324344277382e+00
  3.822849999368e+01,  2.999973535538e+00,  2.572794570972e+01,  1.325953125954e+00
  3.832849998772e+01,  2.999985456467e+00,  2.572793378879e+01,  1.328677654266e+00
  3.842849999666e+01,  2.999983787537e+00,  2.572793545772e+01,  1.327631473541e+00
  3.852849999070e+01,  3.000008106232e+00,  2.572791113902e+01,  1.323951840401e+00
  3.862849999964e+01,  2.999992847443e+00,  2.572792639781e+01,  1.324625611305e+00
  3.872849999368e+01,  3.000007867813e+00,  2.572791137744e+01,  1.323344707489e+00
  3.882849998772e+01,  3.000012636185e+00,  2.572790660907e+01,  1.323255658150e+00
  3.892849999666e+01,  3.000008583069e+00,  2.572791066219e+01,  1.323199272156e+00
  3.902849999070e+01,  2.999972105026e+00,  2.572794714023e+01,  1.325764894485e+00
  3.912849999964e+01,  3.000011682510e+00,  2.572790756275e+01,  1.324774503708e+00
  3.922849999368e+01,  3.000022411346e+00,  2.572789683391e+01,  1.323281168938e+00
  3.932849998772e+01,  2.999986648560e+00,  2.572793259670e+01,  1.320703506470e+00
  3.942849999666e+01,  3.000030994415e+00,  2.572788825084e+01,  1.321874499321e+00
  3.952849999070e+01,  3.000015735626e+00,  2.572790350963e+01,  1.319991946220e+00
  3.962849999964e+01,  2.999985456467e+00,  2.572793378879e+01,  1.323784351349e+00
  3.972849999368e+01,  3.000020265579e+00,  2.572789897968e+01,  1.320799827576e+00
  3.982849998772e+01,  3.000008344650e+00,  2.572791090061e+01,  1.321262240410e+00
  3.992849999666e+01,  3.000025987625e+00,  2.572789325763e+01,  1.320681214333e+00
  4.002849999070e+01,  3.000027179718e+00,  2.572789206554e+01,  1.319869160652e+00
  4.012849999964e+01,  3.000032663345e+00,  2.572788658191e+01,  1.321709156036e+00
  4.022849999368e+01,  3.000036239624e+00,  2.572788300563e+01,  1.319981455803e+00
  4.032849998772e+01,  2.999974966049e+00,  2.572794427921e+01,  1.318129777908e+00
  4.042849999666e+01,  3.000000238419e+00,  2.572791900684e+01,  1.317262411118e+00
  4.052849999070e+01,  2.999977827072e+00,  2.572794141818e+01,  1.318760871887e+00
  4.062849999964e+01,  2.999981880188e+00,  2.572793736507e+01,  1.318775773048e+00
  4.072849999368e+01,  2.999991178513e+00,  2.572792806674e+01,  1.319228172302e+00
  4.082849998772e+01,  2.999983072281e+00,  2.572793617298e+01,  1.320103049278e+00
  4.092849999666e+01,  2.999998807907e+00,  2.572792043735e+01,  1.320311784744e+00
  4.102849999070e+01,  2.999993324280e+00,  2.572792592098e+01,  1.317602276802e+00
  4.112849999964e+01,  3.000009536743e+00,  2.572790970851e+01,  1.318890094757e+00
  4.122849999368e+01,  3.000008106232e+00,  2.572791113902e+01,  1.317834615707e+00
  4.132849998772e+01,  2.999993562698e+00,  2.572792568256e+01,  1.317623853683e+00
  4.142849999666e+01,  3.000019073486e+00,  2.572790017177e+01,  1.319507479668e+00
  4.152849999070e+01,  2.999978303909e+00,  2.572794094135e+01,  1.316808342934e+00
  4.162849999964e+01,  3.000000476837e+00,  2.572791876842e+01,  1.319885969162e+00
  4.172849999368e+01,  2.999998092651e+00,  2.572792115260e+01,  1.319187402725e+00
  4.182849998772e+01,  2.999969720840e+00,  2.572794952442e+01,  1.316784739494e+00
  4.192849999666e+01,  3.000023841858e+00,  2.572789540340e+01,  1.317406654358e+00
  4.202849999070e+01,  3.000005245209e+00,  2.572791400005e+01,  1.316896796227e+00
  4.212849999964e+01,  2.999992132187e+00,  2.572792711307e+01,  1.320071578026e+00
  4.222849999368e+01,  3.000015974045e+00,  2.572790327121e+01,  1.318376183510e+00
  4.232849998772e+01,  3.000002145767e+00,  2.572791709949e+01,  1.317659497261e+00
  4.242849999666e+01,  2.999981403351e+00,  2.572793784191e+01,  1.318804860115e+00
  4.252849999070e+01,  2.999979496002e+00,  2.572793974925e+01,  1.318165183067e+00
  4.262849999964e+01,  2.999974250793e+00,  2.572794499446e+01,  1.316642045975e+00
  4.272849999368e+01,  3.000019073486e+00,  2.572790017177e+01,  1.318890571594e+00
  4.282849998772e+01,  3.000023126602e+00,  2.572789611865e+01,  1.316853761673e+00
  4.292849999666e+01,  2.999974250793e+00,  2.572794499446e+01,  1.317063570023e+00
  4.302849999070e+01,  3.000000476837e+00,  2.572791876842e+01,  1.316709518433e+00
  4.312849999964e+01,  3.000035047531e+00,  2.572788419772e+01,  1.317232131958e+00
  4.322849999368e+01,  3.000011920929e+00,  2.572790732433e+01,  1.317813396454e+00
  4.332849998772e+01,  3.000010013580e+00,  2.572790923168e+01,  1.316409111023e+00
  4.342849999666e+01,  2.999984979630e+00,  2.572793426563e+01,  1.315094590187e+00
  4.352849999070e+01,  2.999988555908e+00,  2.572793068935e+01,  1.314293980598e+00
  4.362849999964e+01,  2.999987840652e+00,  2.572793140460e+01,  1.314683079720e+00
  4.372849999368e+01,  2.999971389771e+00,  2.572794785549e+01,  1.313535451889e+00
  4.382849998772e+01,  3.000015974045e+00,  2.572790327121e+01,  1.314931988716e+00
  4.392849999666e+01,  2.999985694885e+00,  2.572793355037e+01,  1.315711021423e+00
  4.402849999070e+01,  3.000017881393e+00,  2.572790136386e+01,  1.315744400024e+00
  4.412849999964e+01,  3.000037670135e+00,  2.572788157512e+01,  1.314145445824e+00
  4.422849999368e+01,  3.000037670135e+00,  2.572788157512e+01,  1.313278913498e+00
  4.432849998772e+01,  2.999992132187e+00,  2.572792711307e+01,  1.312080979347e+00
  4.442849999666e+01,  3.000042676926e+00,  2.572787656833e+01,  1.312554836273e+00
  4.452849999070e+01,  2.999996900558e+00,  2.572792234470e+01,  1.314468145370e+00
  4.462849999964e+01,  2.999984025955e+00,  2.572793521930e+01,  1.312765955925e+00
  4.472849999368e+01,  2.999964475632e+00,  2.572795476962e+01,  1.313943147659e+00
  4.482849998772e+01,  2.999983787537e+00,  2.572793545772e+01,  1.313122868538e+00
  4.492849999666e+01,  3.000025033951e+00,  2.572789421131e+01,  1.312522768974e+00
  4.502849999070e+01,  2.999998569489e+00,  2.572792067577e+01,  1.311679601669e+00
  4.512849999964e+01,  3.000003099442e+00,  2.572791614581e+01,  1.310881853104e+00
  4.522849999368e+01,  3.000025033951e+00,  2.572789421131e+01,  1.310261368752e+00
  4.532849998772e+01,  2.999972343445e+00,  2.572794690181e+01,  1.308882713318e+00
  4.542849999666e+01,  3.000010251999e+00,  2.572790899326e+01,  1.311982870102e+00
  4.552849999070e+01,  2.999997615814e+00,  2.572792162944e+01,  1.309553384781e+00
  4.562849999964e+01,  3.000023126602e+00,  2.572789611865e+01,  1.308741211891e+00
  4.572849999368e+01,  3.000012397766e+00,  2.572790684749e+01,  1.308266043663e+00
  4.582849998772e+01,  2.999971628189e+00,  2.572794761707e+01,  1.309588074684e+00
  4.592849999666e+01,  3.000005722046e+00,  2.572791352321e+01,  1.310672044754e+00
  4.602849999070e+01,  2.999983787537e+00,  2.572793545772e+01,  1.309592962265e+00
  4.612849999964e+01,  2.999984025955e+00,  2.572793521930e+01,  1.308706521988e+00
  4.622849999368e+01,  3.000005245209e+00,  2.572791400005e+01,  1.309736490250e+00
  4.632849998772e+01,  3.000015735626e+00,  2.572790350963e+01,  1.311153054237e+00
  4.642849999666e+01,  3.000002145767e+00,  2.572791709949e+01,  1.311062097549e+00
  4.652849999070e+01,  3.000031948090e+00,  2.572788729717e+01,  1.307584643364e+00
  4.662849999964e+01,  3.000003337860e+00,  2.572791590740e+01,  1.308314681053e+00
  4.672849999368e+01,  2.999994516373e+00,  2.572792472888e+01,  1.307411789894e+00
  4.682849998772e+01,  3.000006675720e+00,  2.572791256954e+01,  1.307580709457e+00
  4.692849999666e+01,  2.999990224838e+00,  2.572792902042e+01,  1.307009816170e+00
  4.702849999070e+01,  3.000009536743e+00,  2.572790970851e+01,  1.307292342186e+00
  4.712849999964e+01,  3.000015497208e+00,  2.572790374805e+01,  1.306373715401e+00
  4.722849999368e+01,  3.000004053116e+00,  2.572791519214e+01,  1.309039354324e+00
  4.732849998772e+01,  2.999995708466e+00,  2.572792353679e+01,  1.305648446083e+00
  4.742849999666e+01,  2.999995946884e+00,  2.572792329837e+01,  1.307492733002e+00
  4.752849999070e+01,  3.000016689301e+00,  2.572790255596e+01,  1.304328322411e+00
  4.762849999964e+01,  2.999991893768e+00,  2.572792735149e+01,  1.305599689484e+00
  4.772849999368e+01,  3.000041246414e+00,  2.572787799884e+01,  1.306847333908e+00
  4.782849998772e+01,  3.000023365021e+00,  2.572789588024e+01,  1.307386398315e+00
  4.792849999666e+01,  3.000002384186e+00,  2.572791686107e+01,  1.308484315872e+00
  4.802849999070e+01,  2.999989986420e+00,  2.572792925884e+01,  1.306068778038e+00
  4.812849999964e+01,  3.000031471252e+00,  2.572788777400e+01,  1.307707071304e+00
  4.822849999368e+01,  2.999969959259e+00,  2.572794928600e+01,  1.304991960526e+00
  4.832849998772e+01,  3.000023841858e+00,  2.572789540340e+01,  1.306516647339e+00
  4.842849999666e+01,  2.999999046326e+00,  2.572792019893e+01,  1.305345058441e+00
  4.852849999070e+01,  3.000016212463e+00,  2.572790303279e+01,  1.305505037308e+00
  4.862849999964e+01,  2.999999046326e+00,  2.572792019893e+01,  1.308344841003e+00
  4.872849999368e+01,  3.000002861023e+00,  2.572791638423e+01,  1.304643630981e+00
  4.882849998772e+01,  3.000003099442e+00,  2.572791614581e+01,  1.305266141891e+00
  4.892849999666e+01,  2.999992847443e+00,  2.572792639781e+01,  1.305387735367e+00
  4.902849999070e+01,  2.999997377396e+00,  2.572792186786e+01,  1.303449034691e+00
  4.912849999964e+01,  3.000010967255e+00,  2.572790827800e+01,  1.305139183998e+00
  4.922849999368e+01,  3.000006198883e+00,  2.572791304637e+01,  1.302007198334e+00
  4.932849998772e+01,  2.999985694885e+00,  2.572793355037e+01,  1.300740480423e+00
  4.942849999666e+01,  2.999996185303e+00,  2.572792305995e+01,  1.301849722862e+00
  4.952849999070e+01,  3.000037670135e+00,  2.572788157512e+01,  1.303474187851e+00
  4.962849999964e+01,  2.999987602234e+00,  2.572793164302e+01,  1.303031802177e+00
  4.972849999368e+01,  3.000022649765e+00,  2.572789659549e+01,  1.303645968437e+00
  4.982849998772e+01,  3.000010967255e+00,  2.572790827800e+01,  1.304515004158e+00
  4.992849999666e+01,  3.000021696091e+00,  2.572789754917e+01,  1.300985693932e+00
  5.002849999070e+01,  3.000009536743e+00,  2.572790970851e+01,  1.301966309547e+00
  5.012849999964e+01,  3.000032424927e+00,  2.572788682033e+01,  1.302757978439e+00
  5.022849999368e+01,  3.000003814697e+00,  2.572791543056e+01,  1.301768779755e+00
  5.032849998772e+01,  3.000003814697e+00,  2.572791543056e+01,  1.303024053574e+00
  5.042849999666e+01,  3.000015258789e+00,  2.572790398647e+01,  1.305191636086e+00
  5.052849999070e+01,  3.000020027161e+00,  2.572789921810e+01,  1.303651809692e+00
  5.062849999964e+01,  3.000028133392e+00,  2.572789111186e+01,  1.304082870483e+00
  5.072849999368e+01,  2.999980926514e+00,  2.572793831874e+01,  1.303482890129e+00
  5.082849998772e+01,  3.000001192093e+00,  2.572791805316e+01,  1.304827928543e+00
  5.092849999666e+01,  3.000005245209e+00,  2.572791400005e+01,  1.306013464928e+00
  5.102849999070e+01,  3.000029563904e+00,  2.572788968135e+01,  1.303598880768e+00
  5.112849999964e+01,  3.000029325485e+00,  2.572788991977e+01,  1.301350355148e+00
  5.122849999368e+01,  2.999960184097e+00,  2.572795906116e+01,  1.301669836044e+00
  5.132849998772e+01,  2.999991178513e+00,  2.572792806674e+01,  1.303543567657e+00
  5.142849999666e+01,  2.999983787537e+00,  2.572793545772e+01,  1.305610418320e+00
  5.152849999070e+01,  3.000022411346e+00,  2.572789683391e+01,  1.304483056068e+00
  5.162849999964e+01,  2.999999761581e+00,  2.572791948367e+01,  1.303347945213e+00
  5.172849999368e+01,  2.999998569489e+00,  2.572792067577e+01,  1.301584243774e+00
  5.182849998772e+01,  2.999995470047e+00,  2.572792377521e+01,  1.304522752762e+00
  5.192849999666e+01,  2.999990940094e+00,  2.572792830516e+01,  1.304892182350e+00
  5.202849999070e+01,  3.000010013580e+00,  2.572790923168e+01,  1.304871439934e+00
  5.212849999964e+01,  3.000003814697e+00,  2.572791543056e+01,  1.304074645042e+00
  5.222849999368e+01,  2.999971866608e+00,  2.572794737865e+01,  1.303047418594e+00
  5.232849998772e+01,  2.999999046326e+00,  2.572792019893e+01,  1.304708480835e+00
  5.242849999666e+01,  3.000012397766e+00,  2.572790684749e+01,  1.301842331886e+00
  5.252849999070e+01,  2.999990701675e+00,  2.572792854358e+01,  1.304145932198e+00
  5.262849999964e+01,  3.000008583069e+00,  2.572791066219e+01,  1.302630662918e+00
  5.272849999368e+01,  2.999972105026e+00,  2.572794714023e+01,  1.300919055939e+00
  5.282849998772e+01,  3.000020265579e+00,  2.572789897968e+01,  1.299979448318e+00
  5.292849999666e+01,  2.999987840652e+00,  2.572793140460e+01,  1.301751017570e+00
  5.302849999070e+01,  2.999987840652e+00,  2.572793140460e+01,  1.299419760704e+00
  5.312849999964e+01,  2.999987125397e+00,  2.572793211986e+01,  1.299730777740e+00
  5.322849999368e+01,  3.000007867813e+00,  2.572791137744e+01,  1.299773216248e+00
  5.332849998772e+01,  3.000006914139e+00,  2.572791233112e+01,  1.297286868095e+00
  5.342849999666e+01,  3.000030755997e+00,  2.572788848926e+01,  1.301003217697e+00
  5.352849999070e+01,  2.999996423721e+00,  2.572792282153e+01,  1.297201514244e+00
  5.362849999964e+01,  2.999994039536e+00,  2.572792520572e+01,  1.298933267593e+00
  5.372849999368e+01,  2.999997138977e+00,  2.572792210628e+01,  1.298976898193e+00
  5.382849998772e+01,  3.000020742416e+00,  2.572789850284e+01,  1.298109173775e+00
  5.392849999666e+01,  3.000008344650e+00,  2.572791090061e+01,  1.296966791153e+00
  5.402849999070e+01,  3.000003099442e+00,  2.572791614581e+01,  1.298158407211e+00
  5.412849999964e+01,  3.000032186508e+00,  2.572788705875e+01,  1.297466397285e+00
  5.422849999368e+01,  3.000009298325e+00,  2.572790994693e+01,  1.295104026794e+00
  5.432849998772e+01,  3.000015974045e+00,  2.572790327121e+01,  1.298725008965e+00
  5.442849999666e+01,  3.000002145767e+00,  2.572791709949e+01,  1.298528909683e+00
  5.452849999070e+01,  2.999983549118e+00,  2.572793569614e+01,  1.298274636269e+00
  5.462849999964e+01,  3.000007629395e+00,  2.572791161586e+01,  1.298122048378e+00
  5.472849999368e+01,  2.999974012375e+00,  2.572794523288e+01,  1.299214243889e+00
  5.482849998772e+01,  2.999989032745e+00,  2.572793021251e+01,  1.298407077789e+00
  5.492849999666e+01,  2.999992609024e+00,  2.572792663623e+01,  1.297506690025e+00
  5.502849999070e+01,  3.000017881393e+00,  2.572790136386e+01,  1.298631668091e+00
  5.512849999964e+01,  3.000026941299e+00,  2.572789230396e+01,  1.298096179962e+00
  5.522849999368e+01,  2.999982833862e+00,  2.572793641139e+01,  1.295904159546e+00
  5.532849998772e+01,  3.000011920929e+00,  2.572790732433e+01,  1.293647170067e+00
  5.542849999666e+01,  3.000008583069e+00,  2.572791066219e+01,  1.295154690742e+00
  5.552849999070e+01,  3.000014305115e+00,  2.572790494014e+01,  1.294950246811e+00
  5.562849999964e+01,  3.000016927719e+00,  2.572790231754e+01,  1.294512510300e+00
  5.572849999368e+01,  3.000000953674e+00,  2.572791829158e+01,  1.295576691628e+00
  5.582849998772e+01,  3.000018835068e+00,  2.572790041019e+01,  1.295405864716e+00
  5.592849999666e+01,  3.000034332275e+00,  2.572788491298e+01,  1.293406963348e+00
  5.602849999070e+01,  2.999998569489e+00,  2.572792067577e+01,  1.293831229210e+00
  5.612849999964e+01,  3.000022172928e+00,  2.572789707233e+01,  1.293333768845e+00
  5.622849999368e+01,  2.999979257584e+00,  2.572793998767e+01,  1.293844223022e+00
  5.632849998772e+01,  2.999988794327e+00,  2.572793045093e+01,  1.293605327606e+00
  5.642849999666e+01,  2.999989986420e+00,  2.572792925884e+01,  1.293298363686e+00
  5.652849999070e+01,  2.999986886978e+00,  2.572793235828e+01,  1.294337272644e+00
  5.662849999964e+01,  2.999983072281e+00,  2.572793617298e+01,  1.295186758041e+00
  5.672849999368e+01,  3.000017166138e+00,  2.572790207912e+01,  1.292894959450e+00
  5.682849998772e+01,  3.000003099442e+00,  2.572791614581e+01,  1.292636036873e+00
  5.692849999666e+01,  3.000003337860e+00,  2.572791590740e+01,  1.293157219887e+00
  5.702849999070e+01,  2.999995231628e+00,  2.572792401363e+01,  1.291601896286e+00
  5.712849999964e+01,  3.000033140182e+00,  2.572788610507e+01,  1.294807314873e+00
  5.722849999368e+01,  3.000008344650e+00,  2.572791090061e+01,  1.293162226677e+00
  5.732849998772e+01,  2.999979496002e+00,  2.572793974925e+01,  1.292067289352e+00
  5.742849999666e+01,  2.999988317490e+00,  2.572793092777e+01,  1.293090939522e+00
  5.752849999070e+01,  2.999995470047e+00,  2.572792377521e+01,  1.292015790939e+00
  5.762849999964e+01,  2.999996423721e+00,  2.572792282153e+01,  1.291321039200e+00
  5.772849999368e+01,  3.000010251999e+00,  2.572790899326e+01,  1.294085502625e+00
  5.782849998772e+01,  2.999993562698e+00,  2.572792568256e+01,  1.292473077774e+00
  5.792849999666e+01,  2.999982833862e+00,  2.572793641139e+01,  1.292891979218e+00
  5.802849999070e+01,  3.000000476837e+00,  2.572791876842e+01,  1.291737198830e+00
  5.812849999964e+01,  2.999990463257e+00,  2.572792878200e+01,  1.292601108551e+00
  5.822849999368e+01,  2.999994993210e+00,  2.572792425205e+01,  1.291093587875e+00
  5.832849998772e+01,  3.000017642975e+00,  2.572790160228e+01,  1.289552688599e+00
  5.842849999666e+01,  2.999959707260e+00,  2.572795953800e+01,  1.289751052856e+00
  5.852849999070e+01,  2.999978780746e+00,  2.572794046451e+01,  1.291015267372e+00
  5.862849999964e+01,  3.000017881393e+00,  2.572790136386e+01,  1.291440367699e+00
  5.872849999368e+01,  2.999998569489e+00,  2.572792067577e+01,  1.290029048920e+00
  5.882849998772e+01,  2.999972820282e+00,  2.572794642497e+01,  1.289890766144e+00
  5.892849999666e+01,  3.000026941299e+00,  2.572789230396e+01,  1.288982748985e+00
  5.902849999070e+01,  3.000011205673e+00,  2.572790803958e+01,  1.288243412971e+00
  5.912849999964e+01,  2.999962806702e+00,  2.572795643855e+01,  1.289781928062e+00
  5.922849999368e+01,  3.000007629395e+00,  2.572791161586e+01,  1.288844943047e+00
  5.932849998772e+01,  2.999992609024e+00,  2.572792663623e+01,  1.289655089378e+00
  5.942849999666e+01,  2.999979496002e+00,  2.572793974925e+01,  1.288640737534e+00
  5.952849999070e+01,  2.999984979630e+00,  2.572793426563e+01,  1.289861321449e+00
  5.962849999964e+01,  3.000005006790e+00,  2.572791423847e+01,  1.288044452667e+00
  5.972849999368e+01,  2.999980449677e+00,  2.572793879558e+01,  1.287293672562e+00
  5.982849998772e+01,  2.999971866608e+00,  2.572794737865e+01,  1.290543317795e+00
  5.992849999666e+01,  2.999979496002e+00,  2.572793974925e+01,  1.291651010513e+00
  6.002849999070e+01,  2.999979734421e+00,  2.572793951084e+01,  1.289944529533e+00
  6.012849999964e+01,  3.000014781952e+00,  2.572790446330e+01,  1.288169980049e+00
  6.022849999368e+01,  3.000022888184e+00,  2.572789635707e+01,  1.289931893349e+00
  6.032849998772e+01,  3.000001192093e+00,  2.572791805316e+01,  1.286251664162e+00
  6.042849999666e+01,  3.000000953674e+00,  2.572791829158e+01,  1.286458253860e+00
  6.052849999070e+01,  3.000018358231e+00,  2.572790088703e+01,  1.285554051399e+00
  6.062849999964e+01,  3.000005722046e+00,  2.572791352321e+01,  1.285282373428e+00
  6.072849999368e+01,  3.000027656555e+00,  2.572789158870e+01,  1.283686161041e+00
  6.082849998772e+01,  3.000001668930e+00,  2.572791757633e+01,  1.285062670708e+00
  6.092849999666e+01,  2.999976158142e+00,  2.572794308711e+01,  1.286023020744e+00
  6.102849999070e+01,  3.000014066696e+00,  2.572790517856e+01,  1.286179542542e+00
  6.112849999964e+01,  2.999988794327e+00,  2.572793045093e+01,  1.286421775818e+00
  6.120799998939e+01,  3.000003576279e+00,  2.572791566898e+01,  1.285853505135e+00
  6.120899999142e+01,  3.000008106232e+00,  2.572791113902e+01,  1.285934805870e+00
  6.121199999750e+01,  2.999994039536e+00,  2.572792520572e+01,  1.286253094673e+00
  6.131199999154e+01,  2.999907732010e+00,  2.572801151325e+01,  1.285068631172e+00
  6.138749998808e+01,  2.989895343781e+00,  2.573802390148e+01,  1.285480141640e+00
  6.140899999440e+01,  2.979860782623e+00,  2.574805846263e+01,  1.260509133339e+00
  6.141999998689e+01,  2.969702243805e+00,  2.575821700145e+01,  1.242509484291e+00
  6.142749999464e+01,  2.959623813629e+00,  2.576829543163e+01,  1.247514605522e+00
  6.143400000036e+01,  2.949526309967e+00,  2.577839293529e+01,  1.250544309616e+00
  6.144049999118e+01,  2.938715457916e+00,  2.578920378734e+01,  1.249344587326e+00
  6.144649998844e+01,  2.928423404694e+00,  2.579949584056e+01,  1.246742963791e+00
  6.145250000060e+01,  2.917990207672e+00,  2.580992903758e+01,  1.245787143707e+00
  6.145849999785e+01,  2.907736301422e+00,  2.582018294383e+01,  1.248396396637e+00
  6.146499998868e+01,  2.897222995758e+00,  2.583069624950e+01,  1.245249152184e+00
  6.147199998796e+01,  2.887049198151e+00,  2.584087004711e+01,  1.245378375053e+00
  6.147999998927e+01,  2.876928806305e+00,  2.585099043895e+01,  1.222787737846e+00
  6.148849999905e+01,  2.866507053375e+00,  2.586141219188e+01,  1.209375262260e+00
  6.149650000036e+01,  2.856352329254e+00,  2.587156691600e+01,  1.200590014458e+00
  6.150399999321e+01,  2.846346378326e+00,  2.588157286693e+01,  1.191438555717e+00
  6.151099999249e+01,  2.836325168610e+00,  2.589159407665e+01,  1.183139681816e+00
  6.151799999177e+01,  2.825727939606e+00,  2.590219130565e+01,  1.186823368073e+00
  6.152499999106e+01,  2.815245151520e+00,  2.591267409374e+01,  1.187389731407e+00
  6.153249999881e+01,  2.804690361023e+00,  2.592322888423e+01,  1.185244202614e+00
  6.154050000012e+01,  2.794543266296e+00,  2.593337597896e+01,  1.179944634438e+00
  6.154999999702e+01,  2.784148216248e+00,  2.594377102901e+01,  1.173473954201e+00
  6.156199999154e+01,  2.773827552795e+00,  2.595409169246e+01,  1.168567299843e+00
  6.157649999857e+01,  2.763691902161e+00,  2.596422734310e+01,  1.141574501991e+00
  6.158900000155e+01,  2.753275871277e+00,  2.597464337398e+01,  1.133953690529e+00
  6.159950000048e+01,  2.742930412292e+00,  2.598498883296e+01,  1.131503462791e+00
  6.160899999738e+01,  2.732848167419e+00,  2.599507107784e+01,  1.127811789513e+00
  6.161849999428e+01,  2.722655296326e+00,  2.600526394893e+01,  1.127238869667e+00
  6.162849999964e+01,  2.712489128113e+00,  2.601543011714e+01,  1.122306466103e+00
  6.163899999857e+01,  2.702464103699e+00,  2.602545514156e+01,  1.115374207497e+00
  6.164999999106e+01,  2.692387580872e+00,  2.603553166438e+01,  1.106258988380e+00
  6.166099999845e+01,  2.682284355164e+00,  2.604563489009e+01,  1.099738717079e+00
  6.167199999094e+01,  2.671982765198e+00,  2.605593648006e+01,  1.093461632729e+00
  6.168249998987e+01,  2.661873817444e+00,  2.606604542781e+01,  1.084178566933e+00
  6.169249999523e+01,  2.651803016663e+00,  2.607611622859e+01,  1.080040574074e+00
  6.170250000060e+01,  2.641545295715e+00,  2.608637394954e+01,  1.073842644691e+00
  6.171199999750e+01,  2.631489753723e+00,  2.609642949153e+01,  1.064509987831e+00
  6.172100000083e+01,  2.621449470520e+00,  2.610646977474e+01,  1.062093853951e+00
  6.172999998927e+01,  2.611329078674e+00,  2.611659016658e+01,  1.062548875809e+00
  6.173950000107e+01,  2.601220130920e+00,  2.612669911434e+01,  1.056521654129e+00
  6.174949999154e+01,  2.591134071350e+00,  2.613678517391e+01,  1.048447847366e+00
  6.175999999046e+01,  2.580903053284e+00,  2.614701619197e+01,  1.040635347366e+00
  6.177049998939e+01,  2.570902824402e+00,  2.615701642085e+01,  1.030442476273e+00
  6.178099998832e+01,  2.560596704483e+00,  2.616732254077e+01,  1.022844552994e+00
  6.179099999368e+01,  2.550380945206e+00,  2.617753830005e+01,  1.017837762833e+00
  6.180099999905e+01,  2.540024042130e+00,  2.618789520313e+01,  1.013195276260e+00
  6.181099998951e+01,  2.529831171036e+00,  2.619808807422e+01,  1.009474515915e+00
  6.182149998844e+01,  2.519541025162e+00,  2.620837822009e+01,  1.002872228622e+00
  6.183199998736e+01,  2.509472131729e+00,  2.621844711353e+01,  9.926717877388e-01
  6.184250000119e+01,  2.499115228653e+00,  2.622880401660e+01,  9.858053326607e-01
  6.185249999166e+01,  2.488971948624e+00,  2.623894729663e+01,  9.804046750069e-01
  6.186249999702e+01,  2.478729486465e+00,  2.624918975879e+01,  9.759786725044e-01
  6.187249998748e+01,  2.468662500381e+00,  2.625925674487e+01,  9.708326458931e-01
  6.188300000131e+01,  2.458362817764e+00,  2.626955642749e+01,  9.646480679512e-01
  6.189350000024e+01,  2.448250055313e+00,  2.627966918994e+01,  9.567602276802e-01
  6.190399999917e+01,  2.437977075577e+00,  2.628994216968e+01,  9.505279660225e-01
  6.191449999809e+01,  2.427520990372e+00,  2.630039825488e+01,  9.441917538643e-01
  6.192449998856e+01,  2.417473077774e+00,  2.631044616748e+01,  9.390543103218e-01
  6.193499998748e+01,  2.407036066055e+00,  2.632088317920e+01,  9.336593747139e-01
  6.194550000131e+01,  2.396713495255e+00,  2.633120575000e+01,  9.279955029488e-01
  6.195600000024e+01,  2.386463403702e+00,  2.634145584155e+01,  9.214952588081e-01
  6.196649999917e+01,  2.376062631607e+00,  2.635185661365e+01,  9.145677685738e-01
  6.197649998963e+01,  2.365877389908e+00,  2.636204185535e+01,  9.096420407295e-01
  6.198649999499e+01,  2.355596780777e+00,  2.637232246448e+01,  9.047105908394e-01
  6.199650000036e+01,  2.345457315445e+00,  2.638246192981e+01,  8.989198803902e-01
  6.200699999928e+01,  2.334997415543e+00,  2.639292182971e+01,  8.919942975044e-01
  6.201749999821e+01,  2.324621438980e+00,  2.640329780628e+01,  8.853662610054e-01
  6.202799999714e+01,  2.314272165298e+00,  2.641364707996e+01,  8.773325085640e-01
  6.203849999607e+01,  2.303791999817e+00,  2.642412724544e+01,  8.698717355728e-01
  6.204850000143e+01,  2.293675422668e+00,  2.643424382259e+01,  8.641411066055e-01
  6.205849999189e+01,  2.283524513245e+00,  2.644439473201e+01,  8.576656579971e-01
  6.206849999726e+01,  2.273400306702e+00,  2.645451893855e+01,  8.514877557755e-01
  6.207849998772e+01,  2.263169288635e+00,  2.646474995662e+01,  8.467851877213e-01
  6.208849999309e+01,  2.252923011780e+00,  2.647499623348e+01,  8.432508707047e-01
  6.209849999845e+01,  2.242825508118e+00,  2.648509373714e+01,  8.369232416153e-01
  6.210899999738e+01,  2.232392311096e+00,  2.649552693416e+01,  8.309007883072e-01
  6.211949999630e+01,  2.222035408020e+00,  2.650588383724e+01,  8.237100839615e-01
  6.212999999523e+01,  2.211777687073e+00,  2.651614155818e+01,  8.176122903824e-01
  6.214049999416e+01,  2.201430320740e+00,  2.652648892452e+01,  8.103071451187e-01
  6.215049999952e+01,  2.191340446472e+00,  2.653657879878e+01,  8.059183359146e-01
  6.216049998999e+01,  2.181094169617e+00,  2.654682507564e+01,  8.011156320572e-01
  6.217049999535e+01,  2.170905113220e+00,  2.655701413204e+01,  7.974601984024e-01
  6.218050000072e+01,  2.160895347595e+00,  2.656702389766e+01,  7.906948328018e-01
  6.219099999964e+01,  2.150546073914e+00,  2.657737317134e+01,  7.838093042374e-01
  6.220149999857e+01,  2.140189170837e+00,  2.658773007442e+01,  7.770878076553e-01
  6.221199999750e+01,  2.129698753357e+00,  2.659822049190e+01,  7.723070383072e-01
  6.222199998796e+01,  2.119608879089e+00,  2.660831036617e+01,  7.669550180435e-01
  6.223199999332e+01,  2.109507560730e+00,  2.661841168453e+01,  7.620388269424e-01
  6.224249999225e+01,  2.099024772644e+00,  2.662889447261e+01,  7.567878961563e-01
  6.225299999118e+01,  2.088784217834e+00,  2.663913502742e+01,  7.502142190933e-01
  6.226349999011e+01,  2.078656196594e+00,  2.664926304866e+01,  7.422510385513e-01
  6.227399998903e+01,  2.068335533142e+00,  2.665958371211e+01,  7.365137338638e-01
  6.228399999440e+01,  2.058243989944e+00,  2.666967525531e+01,  7.315819859505e-01
  6.229399999976e+01,  2.048047304153e+00,  2.667987194110e+01,  7.269881367683e-01
  6.230399999022e+01,  2.037869691849e+00,  2.669004955341e+01,  7.209361195564e-01
  6.231399999559e+01,  2.027756929398e+00,  2.670016231586e+01,  7.154143452644e-01
  6.232449999452e+01,  2.017297029495e+00,  2.671062221576e+01,  7.088683247566e-01
  6.233499999344e+01,  2.006856203079e+00,  2.672106304218e+01,  7.024634480476e-01
  6.234499999881e+01,  1.996754765511e+00,  2.673116447975e+01,  6.970084309578e-01
  6.235499998927e+01,  1.986573338509e+00,  2.674134590675e+01,  6.933444142342e-01
  6.236499999464e+01,  1.976472020149e+00,  2.675144722511e+01,  6.890595555305e-01
  6.237549999356e+01,  1.966035008430e+00,  2.676188423683e+01,  6.825078129768e-01
  6.238599999249e+01,  1.955685734749e+00,  2.677223351051e+01,  6.757062077522e-01
  6.239649999142e+01,  1.945183873177e+00,  2.678273537208e+01,  6.686509251595e-01
  6.240649999678e+01,  1.934971928596e+00,  2.679294731666e+01,  6.640418171883e-01
  6.241649998724e+01,  1.924759984016e+00,  2.680315926124e+01,  6.598151326180e-01
  6.242649999261e+01,  1.914696812630e+00,  2.681322243263e+01,  6.544516682625e-01
  6.243699999154e+01,  1.904389500618e+00,  2.682352974464e+01,  6.471598744392e-01
  6.244749999046e+01,  1.894196629524e+00,  2.683372261573e+01,  6.395133137703e-01
  6.245799998939e+01,  1.883853077888e+00,  2.684406616737e+01,  6.310389637947e-01
  6.246799999475e+01,  1.873690724373e+00,  2.685422852088e+01,  6.253350377083e-01
  6.247800000012e+01,  1.863314747810e+00,  2.686460449745e+01,  6.215909123421e-01
  6.248799999058e+01,  1.852980732918e+00,  2.687493851234e+01,  6.179049611092e-01
  6.249849998951e+01,  1.842494130135e+00,  2.688542511512e+01,  6.131861805916e-01
  6.250899998844e+01,  1.832369923592e+00,  2.689554932166e+01,  6.070063710213e-01
  6.251999999583e+01,  1.821910023689e+00,  2.690600922157e+01,  5.986769795418e-01
  6.253049999475e+01,  1.811686635017e+00,  2.691623261024e+01,  5.926011204720e-01
  6.254050000012e+01,  1.801653981209e+00,  2.692626526405e+01,  5.886033177376e-01
  6.255049999058e+01,  1.791453480721e+00,  2.693646576454e+01,  5.846093297005e-01
  6.256049999595e+01,  1.781291127205e+00,  2.694662811805e+01,  5.788710713387e-01
  6.257050000131e+01,  1.771224141121e+00,  2.695669510414e+01,  5.732300877571e-01
  6.258100000024e+01,  1.760779500008e+00,  2.696713974525e+01,  5.661690831184e-01
  6.259149999917e+01,  1.750376820564e+00,  2.697754242469e+01,  5.593217015266e-01
  6.260199999809e+01,  1.739901661873e+00,  2.698801758338e+01,  5.529778599739e-01
  6.261199998856e+01,  1.729785084724e+00,  2.699813416053e+01,  5.487201809883e-01
  6.262199999392e+01,  1.719664692879e+00,  2.700825455238e+01,  5.457275509834e-01
  6.263199999928e+01,  1.709662556648e+00,  2.701825668861e+01,  5.398109555244e-01
  6.264249999821e+01,  1.699236989021e+00,  2.702868225623e+01,  5.327976346016e-01
  6.265249998868e+01,  1.689219594002e+00,  2.703869965125e+01,  5.269172787666e-01
  6.266249999404e+01,  1.679103016853e+00,  2.704881622840e+01,  5.218418240547e-01
  6.267249999940e+01,  1.668921589851e+00,  2.705899765540e+01,  5.159700512886e-01
  6.268249998987e+01,  1.658793568611e+00,  2.706912567664e+01,  5.115402340889e-01
  6.269249999523e+01,  1.648753285408e+00,  2.707916595985e+01,  5.081823468208e-01
  6.270299999416e+01,  1.638369679451e+00,  2.708954956581e+01,  5.033786892891e-01
  6.271349999309e+01,  1.628142476082e+00,  2.709977676917e+01,  4.963730275631e-01
  6.272399999201e+01,  1.617962956429e+00,  2.710995628883e+01,  4.893597066402e-01
  6.273449999094e+01,  1.607514500618e+00,  2.712040474464e+01,  4.828985631466e-01
  6.274449999630e+01,  1.597394108772e+00,  2.713052513648e+01,  4.783514440060e-01
  6.275450000167e+01,  1.587193608284e+00,  2.714072563697e+01,  4.734314382076e-01
  6.276449999213e+01,  1.576928257942e+00,  2.715099098731e+01,  4.699462354183e-01
  6.277449999750e+01,  1.566704869270e+00,  2.716121437599e+01,  4.662164151669e-01
  6.278449998796e+01,  1.556686162949e+00,  2.717123308231e+01,  4.609227478504e-01
  6.279499998689e+01,  1.546294927597e+00,  2.718162431766e+01,  4.526429474354e-01
  6.280499999225e+01,  1.536254644394e+00,  2.719166460086e+01,  4.459462463856e-01
  6.281499999762e+01,  1.526065587997e+00,  2.720185365726e+01,  4.413514435291e-01
  6.282499998808e+01,  1.515769720078e+00,  2.721214952518e+01,  4.364342987537e-01
  6.283499999344e+01,  1.505454778671e+00,  2.722246446658e+01,  4.330239593983e-01
  6.284499999881e+01,  1.495219945908e+00,  2.723269929935e+01,  4.293172657490e-01
  6.285549999774e+01,  1.484748601913e+00,  2.724317064334e+01,  4.237363636494e-01
  6.286599999666e+01,  1.474464178085e+00,  2.725345506717e+01,  4.163015186787e-01
  6.287649999559e+01,  1.464183568954e+00,  2.726373567630e+01,  4.102323353291e-01
  6.288699999452e+01,  1.453765630722e+00,  2.727415361453e+01,  4.044568836689e-01
  6.289699999988e+01,  1.443671941757e+00,  2.728424730350e+01,  3.994176685810e-01
  6.290699999034e+01,  1.433459997177e+00,  2.729445924808e+01,  3.956306278706e-01
  6.291699999571e+01,  1.423312902451e+00,  2.730460634281e+01,  3.905065357685e-01
  6.292700000107e+01,  1.413287878036e+00,  2.731463136722e+01,  3.851058781147e-01
  6.293750000000e+01,  1.402925252914e+00,  2.732499399234e+01,  3.794486820698e-01
  6.294799999893e+01,  1.392682790756e+00,  2.733523645450e+01,  3.734424412251e-01
  6.295849999785e+01,  1.382415533066e+00,  2.734550371219e+01,  3.668487370014e-01
  6.296899999678e+01,  1.371936559677e+00,  2.735598268558e+01,  3.621223270893e-01
  6.297899998724e+01,  1.361743688583e+00,  2.736617555667e+01,  3.572366535664e-01
  6.298899999261e+01,  1.351413488388e+00,  2.737650575687e+01,  3.522250950336e-01
  6.299899999797e+01,  1.341121435165e+00,  2.738679781009e+01,  3.478925526142e-01
  6.300899998844e+01,  1.330993413925e+00,  2.739692583133e+01,  3.426635563374e-01
  6.301949998736e+01,  1.320552587509e+00,  2.740736665775e+01,  3.361194431782e-01
  6.303000000119e+01,  1.310199499130e+00,  2.741771974613e+01,  3.307874500751e-01
  6.304050000012e+01,  1.299836635590e+00,  2.742808260967e+01,  3.251426815987e-01
  6.305049999058e+01,  1.289800167084e+00,  2.743811907817e+01,  3.205717206001e-01
  6.306049999595e+01,  1.279668331146e+00,  2.744825091411e+01,  3.159893155098e-01
  6.307050000131e+01,  1.269578456879e+00,  2.745834078838e+01,  3.127558827400e-01
  6.308100000024e+01,  1.259175777435e+00,  2.746874346782e+01,  3.080342411995e-01
  6.309149999917e+01,  1.248971462250e+00,  2.747894778301e+01,  3.025506138802e-01
  6.310199999809e+01,  1.238807201385e+00,  2.748911204387e+01,  2.965644001961e-01
  6.311249999702e+01,  1.228394985199e+00,  2.749952426006e+01,  2.916243672371e-01
  6.312249998748e+01,  1.218163967133e+00,  2.750975527812e+01,  2.869275212288e-01
  6.313249999285e+01,  1.207723140717e+00,  2.752019610454e+01,  2.812121510506e-01
  6.314249999821e+01,  1.197274684906e+00,  2.753064456035e+01,  2.775409817696e-01
  6.315249998868e+01,  1.187066555023e+00,  2.754085269023e+01,  2.732618451118e-01
  6.316299998760e+01,  1.176774501801e+00,  2.755114474346e+01,  2.676103711128e-01
  6.317350000143e+01,  1.166722774506e+00,  2.756119647075e+01,  2.596986889839e-01
  6.318400000036e+01,  1.156579494476e+00,  2.757133975078e+01,  2.535961270332e-01
  6.319449999928e+01,  1.146142482758e+00,  2.758177676250e+01,  2.474678158760e-01
  6.320449998975e+01,  1.135934352875e+00,  2.759198489238e+01,  2.438305020332e-01
  6.321449999511e+01,  1.125653743744e+00,  2.760226550151e+01,  2.401621937752e-01
  6.322450000048e+01,  1.115586757660e+00,  2.761233248760e+01,  2.372162938118e-01
  6.323499999940e+01,  1.105260372162e+00,  2.762265887309e+01,  2.314150929451e-01
  6.324549999833e+01,  1.095096111298e+00,  2.763282313396e+01,  2.264102101326e-01
  6.325599999726e+01,  1.084901332855e+00,  2.764301791240e+01,  2.206147313118e-01
  6.326649999619e+01,  1.074494838715e+00,  2.765342440654e+01,  2.144082188606e-01
  6.327650000155e+01,  1.064343929291e+00,  2.766357531597e+01,  2.092459797859e-01
  6.328649999201e+01,  1.054071664810e+00,  2.767384758045e+01,  2.054428011179e-01
  6.329649999738e+01,  1.043878793716e+00,  2.768404045154e+01,  2.004617601633e-01
  6.330649998784e+01,  1.033872842789e+00,  2.769404640247e+01,  1.948436647654e-01
  6.331700000167e+01,  1.023535013199e+00,  2.770438423206e+01,  1.893495470285e-01
  6.332750000060e+01,  1.013178110123e+00,  2.771474113513e+01,  1.844052225351e-01
  6.333799999952e+01,  1.002813577652e+00,  2.772510566760e+01,  1.789759546518e-01
  6.334849999845e+01,  9.924413561821e-01,  2.773547788907e+01,  1.739958673716e-01
  6.335899999738e+01,  9.820424914360e-01,  2.774587675382e+01,  1.670473963022e-01
  6.336949999630e+01,  9.715482592583e-01,  2.775637098600e+01,  1.625050455332e-01
  6.337999999523e+01,  9.610731005669e-01,  2.776684614469e+01,  1.582697778940e-01
  6.339049999416e+01,  9.506475329399e-01,  2.777727171232e+01,  1.545814424753e-01
  6.340099999309e+01,  9.402334094048e-01,  2.778768583585e+01,  1.497167497873e-01
  6.341149999201e+01,  9.298421740532e-01,  2.779807707120e+01,  1.446803957224e-01
  6.342199999094e+01,  9.194013476372e-01,  2.780851789762e+01,  1.385682970285e-01
  6.343199999630e+01,  9.093953967094e-01,  2.781852384855e+01,  1.337484270334e-01
  6.344200000167e+01,  8.993055224419e-01,  2.782861372281e+01,  1.290601640940e-01
  6.345199999213e+01,  8.892042040825e-01,  2.783871504117e+01,  1.236919388175e-01
  6.346199999750e+01,  8.790532946587e-01,  2.784886595060e+01,  1.202262863517e-01
  6.347199998796e+01,  8.689786791801e-01,  2.785894056608e+01,  1.163314804435e-01
  6.348249998689e+01,  8.585264086723e-01,  2.786939283658e+01,  1.108993515372e-01
  6.349300000072e+01,  8.481160998344e-01,  2.787980314542e+01,  1.039155945182e-01
  6.350349999964e+01,  8.376752734184e-01,  2.789024397184e+01,  9.948768466711e-02
  6.351399999857e+01,  8.272725939751e-01,  2.790064665128e+01,  9.460582584143e-02
  6.352449999750e+01,  8.169042468071e-01,  2.791101499845e+01,  8.910312503576e-02
  6.353499999642e+01,  8.065677881241e-01,  2.792135145713e+01,  8.437480777502e-02
  6.354549999535e+01,  7.962299585342e-01,  2.793168928672e+01,  7.923259586096e-02
  6.355599999428e+01,  7.858463525772e-01,  2.794207289268e+01,  7.300224155188e-02
  6.356599999964e+01,  7.758213281631e-01,  2.795209791709e+01,  6.781711429358e-02
  6.357599999011e+01,  7.657085657120e-01,  2.796221067954e+01,  6.293430179358e-02
  6.358599999547e+01,  7.554966211319e-01,  2.797242262412e+01,  5.835761874914e-02
  6.359600000083e+01,  7.453342676163e-01,  2.798258497764e+01,  5.460014194250e-02
  6.360649999976e+01,  7.348591089249e-01,  2.799306013633e+01,  5.102481693029e-02
  6.361699999869e+01,  7.246185541153e-01,  2.800330069114e+01,  4.473056644201e-02
  6.362749999762e+01,  7.144256830215e-01,  2.801349356223e+01,  3.851833194494e-02
  6.363799999654e+01,  7.040153741837e-01,  2.802390387107e+01,  3.398647159338e-02
  6.364799998701e+01,  6.939293146133e-01,  2.803398993064e+01,  3.008498810232e-02
  6.365799999237e+01,  6.837059259415e-01,  2.804421331931e+01,  2.550449036062e-02
  6.366799999774e+01,  6.735244989395e-01,  2.805439474632e+01,  2.210559509695e-02
  6.367849999666e+01,  6.630569696426e-01,  2.806486227561e+01,  1.761760376394e-02
  6.368899999559e+01,  6.528488397598e-01,  2.807507040550e+01,  1.032962556928e-02
  6.369949999452e+01,  6.426025629044e-01,  2.808531668235e+01,  4.717251751572e-03
  6.370999999344e+01,  6.322036981583e-01,  2.809571554710e+01, -4.802732146345e-04
  6.371999999881e+01,  6.220794916153e-01,  2.810583975364e+01, -5.769351031631e-03
  6.372999998927e+01,  6.118370294571e-01,  2.811608221580e+01, -9.369471110404e-03
  6.373999999464e+01,  6.016288995743e-01,  2.812629034568e+01, -1.282510999590e-02
  6.375000000000e+01,  5.915733575821e-01,  2.813634588767e+01, -1.731119491160e-02
  6.376049999893e+01,  5.811134576797e-01,  2.814680578758e+01, -2.267465926707e-02
  6.377099999785e+01,  5.706459283829e-01,  2.815727331687e+01, -2.738294936717e-02
  6.378099998832e+01,  5.605865716934e-01,  2.816733267356e+01, -3.211698681116e-02
  6.379099999368e+01,  5.504730343819e-01,  2.817744621087e+01, -3.801523894072e-02
  6.380099999905e+01,  5.403450131416e-01,  2.818757423211e+01, -4.219614714384e-02
  6.381099998951e+01,  5.302131772041e-01,  2.819770606805e+01, -4.559122771025e-02
  6.382099999487e+01,  5.201728940010e-01,  2.820774635126e+01, -4.885184019804e-02
  6.383149999380e+01,  5.097778439522e-01,  2.821814140130e+01, -5.395399779081e-02
  6.384199999273e+01,  4.994476735592e-01,  2.822847157170e+01, -5.913721770048e-02
  6.385249999166e+01,  4.890297353268e-01,  2.823888950993e+01, -6.497751921415e-02
  6.386249999702e+01,  4.790008962154e-01,  2.824891834904e+01, -7.012545317411e-02
  6.387249998748e+01,  4.689148366451e-01,  2.825900440861e+01, -7.499872893095e-02
  6.388249999285e+01,  4.588249623775e-01,  2.826909428288e+01, -7.986246794462e-02
  6.389249999821e+01,  4.487999379635e-01,  2.827911930729e+01, -8.351217955351e-02
  6.390299999714e+01,  4.384430348873e-01,  2.828947621037e+01, -8.877264708281e-02
  6.391349999607e+01,  4.282616078854e-01,  2.829965763737e+01, -9.479033201933e-02
  6.392399999499e+01,  4.180515706539e-01,  2.830986767460e+01, -1.001022979617e-01
  6.393449999392e+01,  4.076908528805e-01,  2.832022839238e+01, -1.036237403750e-01
  6.394449999928e+01,  3.976696431637e-01,  2.833024960209e+01, -1.081155464053e-01
  6.395449998975e+01,  3.875759541988e-01,  2.834034329106e+01, -1.116126701236e-01
  6.396449999511e+01,  3.775242269039e-01,  2.835039501835e+01, -1.157468482852e-01
  6.397499999404e+01,  3.670948445797e-01,  2.836082440068e+01, -1.202090904117e-01
  6.398549999297e+01,  3.567932546139e-01,  2.837112599064e+01, -1.260102838278e-01
  6.399599999189e+01,  3.464878499508e-01,  2.838143139531e+01, -1.318629831076e-01
  6.400649999082e+01,  3.360012471676e-01,  2.839191799809e+01, -1.369861215353e-01
  6.401649999619e+01,  3.258465230465e-01,  2.840207272221e+01, -1.402734369040e-01
  6.402650000155e+01,  3.157032430172e-01,  2.841221600224e+01, -1.443799585104e-01
  6.403649999201e+01,  3.056303858757e-01,  2.842228885938e+01, -1.487859189510e-01
  6.404699999094e+01,  2.952200770378e-01,  2.843269916822e+01, -1.534799039364e-01
  6.405749998987e+01,  2.848364710808e-01,  2.844308277418e+01, -1.596120297909e-01
  6.406799998879e+01,  2.743498682976e-01,  2.845356937696e+01, -1.643508374691e-01
  6.407799999416e+01,  2.642447352409e-01,  2.846367451002e+01, -1.678589284420e-01
  6.408799999952e+01,  2.541205286980e-01,  2.847379871656e+01, -1.718367040157e-01
  6.409799998999e+01,  2.440344691277e-01,  2.848388477613e+01, -1.749509274960e-01
  6.410849998891e+01,  2.335860133171e-01,  2.849433323194e+01, -1.793607175350e-01
  6.411899998784e+01,  2.231909632683e-01,  2.850472828199e+01, -1.858991086483e-01
  6.412899999321e+01,  2.131659388542e-01,  2.851475330640e+01, -1.899455487728e-01
  6.413899999857e+01,  2.030722498894e-01,  2.852484699537e+01, -1.936596333981e-01
  6.414899998903e+01,  1.929709315300e-01,  2.853494831373e+01, -1.969316899776e-01
  6.415949998796e+01,  1.824843287468e-01,  2.854543491651e+01, -2.014215886593e-01
  6.416999998689e+01,  1.721197962761e-01,  2.855579944898e+01, -2.061956822872e-01
  6.418050000072e+01,  1.617934107780e-01,  2.856612583448e+01, -2.126596868038e-01
  6.419099999964e+01,  1.513411402702e-01,  2.857657810499e+01, -2.172716557980e-01
  6.420099999011e+01,  1.413008570671e-01,  2.858661838819e+01, -2.222679555416e-01
  6.421099999547e+01,  1.312338709831e-01,  2.859668537427e+01, -2.257417142391e-01
  6.422100000083e+01,  1.212050244212e-01,  2.860671422083e+01, -2.295874059200e-01
  6.423099999130e+01,  1.111838147044e-01,  2.861673543055e+01, -2.335051000118e-01
  6.424149999022e+01,  1.007429882884e-01,  2.862717625697e+01, -2.384260594845e-01
  6.425199998915e+01,  9.038989990950e-02,  2.863752934535e+01, -2.428940236568e-01
  6.426249998808e+01,  8.001773804426e-02,  2.864790150721e+01, -2.489679753780e-01
  6.427249999344e+01,  6.993930786848e-02,  2.865797993739e+01, -2.554205358028e-01
  6.428249999881e+01,  5.971210822463e-02,  2.866820713703e+01, -2.583692967892e-01
  6.429249998927e+01,  4.948524758220e-02,  2.867843399767e+01, -2.607901096344e-01
  6.430249999464e+01,  3.947166725993e-02,  2.868844757800e+01, -2.616325616837e-01
  6.431349998713e+01,  2.921013161540e-02,  2.869870911364e+01, -2.615219950676e-01
  6.432649999857e+01,  1.896004006267e-02,  2.870895920519e+01, -2.619553804398e-01
  6.434449999034e+01,  8.939784020185e-03,  2.871897946124e+01, -2.665735483170e-01
  6.436699999869e+01,  2.080481499434e-03,  2.872583876376e+01, -2.727274894714e-01
  6.436800000072e+01,  1.886408659630e-03,  2.872603283660e+01, -2.729272842407e-01
  6.437599998713e+01,  5.693844868802e-04,  2.872734986077e+01, -2.738518118858e-01
  6.437899999321e+01,  1.750401424943e-04,  2.872774420511e+01, -2.740185856819e-01
  6.462299999595e+01, -2.272655721754e-03,  2.873019190098e+01, -2.646188735962e-01
  6.462399999797e+01, -2.261628862470e-03,  2.873018087412e+01, -2.647264003754e-01
