           Test time,     Standard travel,     Tool separation,      Standard force
                 0.0,                 0.0,  1.914501308108e+01, -3.529444104061e-03
                 0.0,                 0.0,  1.914500956440e+01, -3.657236462459e-03
                 0.0,                 0.0,  1.914501385594e+01, -3.778338199481e-03
                 0.0,                 0.0,  1.914501165057e+01, -4.430651199073e-03
                 0.0,                 0.0,  1.914501475001e+01, -4.538654815406e-03
                 0.0,                 0.0,  1.971658484190e+01, -6.753433495760e-03
  0.000000000000e+00,  0.000000000000e+00,  1.971659194131e+01, -6.779260933399e-03
  8.000001311302e-03, -7.035210728645e-06,  1.971659897652e+01, -7.250674068928e-03
  1.100000739098e-02, -3.298744559288e-06,  1.971659524006e+01, -7.374830543995e-03
  1.299999654293e-02,  1.663342118263e-06,  1.971659027797e+01, -7.161088287830e-03
  1.399999856949e-02,  8.756294846535e-06,  1.971658318502e+01, -6.946034729481e-03
  1.140000075102e-01, -1.988525036722e-05,  1.971661182656e+01, -6.265988573432e-03
  2.144999951124e-01,  5.899164989387e-06,  1.971658604215e+01, -6.588725838810e-03
  3.145000040531e-01,  3.273640913903e-06,  1.971658866767e+01, -6.595736835152e-03
  4.150000065565e-01,  5.564923398197e-03,  1.971102701791e+01, -3.222614293918e-03
  4.434999972582e-01,  1.567229256034e-02,  1.970091964875e+01,  1.452545635402e-02
  4.560000002384e-01,  2.608832344413e-02,  1.969050361787e+01,  2.912907116115e-02
  4.644999951124e-01,  3.670844063163e-02,  1.967988350068e+01,  2.406053058803e-02
  4.715000092983e-01,  4.705008491874e-02,  1.966954185639e+01,  2.181891910732e-02
  4.780000001192e-01,  5.745276436210e-02,  1.965913917695e+01,  1.997880451381e-02
  4.845000058413e-01,  6.827505677938e-02,  1.964831688453e+01,  2.159602753818e-02
  4.905000030994e-01,  7.846792787313e-02,  1.963812401344e+01,  2.290876023471e-02
  4.965000003576e-01,  8.865316957235e-02,  1.962793877174e+01,  2.585179917514e-02
  5.024999976158e-01,  9.871634095907e-02,  1.961787560035e+01,  2.220447175205e-02
  5.090000033379e-01,  1.089511737227e-01,  1.960764076759e+01,  2.535183541477e-02
  5.160000026226e-01,  1.192508563399e-01,  1.959734108497e+01,  3.638775646687e-02
  5.234999954700e-01,  1.299282014370e-01,  1.958666373987e+01,  4.794628918171e-02
  5.304999947548e-01,  1.400180757046e-01,  1.957657386561e+01,  5.774243175983e-02
  5.375000089407e-01,  1.504398286343e-01,  1.956615211268e+01,  5.737991631031e-02
  5.445000082254e-01,  1.607051789761e-01,  1.955588676234e+01,  5.409164726734e-02
  5.520000010729e-01,  1.708942353725e-01,  1.954569770594e+01,  5.571778863668e-02
  5.604999959469e-01,  1.812091767788e-01,  1.953538276453e+01,  6.239923089743e-02
  5.700000077486e-01,  1.913944184780e-01,  1.952519752283e+01,  7.029660791159e-02
  5.810000002384e-01,  2.016673982143e-01,  1.951492454310e+01,  7.499965280294e-02
  5.939999967813e-01,  2.119632661343e-01,  1.950462867518e+01,  9.409984201193e-02
  6.064999997616e-01,  2.222515046597e-01,  1.949434043665e+01,  1.057880744338e-01
  6.175000071526e-01,  2.325454652309e-01,  1.948404647608e+01,  1.115129813552e-01
  6.274999976158e-01,  2.426925599575e-01,  1.947389938135e+01,  1.154259070754e-01
  6.375000029802e-01,  2.531791627407e-01,  1.946341277857e+01,  1.180325374007e-01
  6.475000083447e-01,  2.635665833950e-01,  1.945302535792e+01,  1.238308772445e-01
  6.574999988079e-01,  2.736679017544e-01,  1.944292403956e+01,  1.306305676699e-01
  6.679999977350e-01,  2.839675843716e-01,  1.943262435694e+01,  1.377526074648e-01
  6.784999966621e-01,  2.940956056118e-01,  1.942249633570e+01,  1.447983533144e-01
  6.889999955893e-01,  3.041554391384e-01,  1.941243650217e+01,  1.527994871140e-01
  6.995000094175e-01,  3.143235146999e-01,  1.940226842661e+01,  1.613749265671e-01
  7.094999998808e-01,  3.243237435818e-01,  1.939226819773e+01,  1.695135831833e-01
  7.195000052452e-01,  3.348484933376e-01,  1.938174344797e+01,  1.755560636520e-01
  7.290000021458e-01,  3.450528085232e-01,  1.937153913279e+01,  1.819723844528e-01
  7.384999990463e-01,  3.552075326443e-01,  1.936138440867e+01,  1.879042387009e-01
  7.485000044107e-01,  3.656788766384e-01,  1.935091306467e+01,  1.950205564499e-01
  7.584999948740e-01,  3.758603036404e-01,  1.934073163767e+01,  2.010134458542e-01
  7.690000087023e-01,  3.860951364040e-01,  1.933049680491e+01,  2.108095884323e-01
  7.800000011921e-01,  3.965664803982e-01,  1.932002546091e+01,  2.197569608688e-01
  7.905000001192e-01,  4.066830575466e-01,  1.930990888376e+01,  2.293280363083e-01
  8.009999990463e-01,  4.170819222927e-01,  1.929951001902e+01,  2.359436750412e-01
  8.110000044107e-01,  4.271031320095e-01,  1.928948880930e+01,  2.410210371017e-01
  8.209999948740e-01,  4.371472299099e-01,  1.927944471140e+01,  2.473982572556e-01
  8.310000002384e-01,  4.472027719021e-01,  1.926938916941e+01,  2.534054517746e-01
  8.410000056028e-01,  4.572850167751e-01,  1.925930692454e+01,  2.606114149094e-01
  8.509999960661e-01,  4.673138558865e-01,  1.924927808543e+01,  2.681473493576e-01
  8.614999949932e-01,  4.777279794216e-01,  1.923886396189e+01,  2.765454053879e-01
  8.720000088215e-01,  4.880639016628e-01,  1.922852803965e+01,  2.855843305588e-01
  8.825000077486e-01,  4.984665811062e-01,  1.921812536021e+01,  2.954758405685e-01
  8.924999982119e-01,  5.084687471390e-01,  1.920812319417e+01,  3.036011457443e-01
  9.025000035763e-01,  5.185395479202e-01,  1.919805239339e+01,  3.119724988937e-01
  9.125000089407e-01,  5.286141633987e-01,  1.918797777791e+01,  3.204602003098e-01
  9.224999994040e-01,  5.386201143265e-01,  1.917797182699e+01,  3.298767805099e-01
  9.329999983311e-01,  5.489884614944e-01,  1.916760347982e+01,  3.402718305588e-01
  9.434999972582e-01,  5.592906475067e-01,  1.915730129380e+01,  3.504381477833e-01
  9.539999961853e-01,  5.696265697479e-01,  1.914696537156e+01,  3.609571754932e-01
  9.644999951124e-01,  5.801093578339e-01,  1.913648258348e+01,  3.699941933155e-01
  9.745000004768e-01,  5.902030467987e-01,  1.912638889451e+01,  3.781385719776e-01
  9.845000058413e-01,  6.003348827362e-01,  1.911625705858e+01,  3.860235512257e-01
  9.944999963045e-01,  6.103904247284e-01,  1.910620151658e+01,  3.960142433643e-01
  1.004999995232e+00,  6.208617687225e-01,  1.909573017259e+01,  4.067678749561e-01
  1.015500009060e+00,  6.312720775604e-01,  1.908531986375e+01,  4.176225960255e-01
  1.026000007987e+00,  6.416442394257e-01,  1.907494770189e+01,  4.274950325489e-01
  1.036500006914e+00,  6.519687175751e-01,  1.906462322374e+01,  4.378156960011e-01
  1.047000005841e+00,  6.622989177704e-01,  1.905429302354e+01,  4.476671516895e-01
  1.057500004768e+00,  6.726024150848e-01,  1.904398952623e+01,  4.583273231983e-01
  1.068000003695e+00,  6.828811168671e-01,  1.903371082444e+01,  4.715071022511e-01
  1.078500002623e+00,  6.932685375214e-01,  1.902332340379e+01,  4.821501076221e-01
  1.088500007987e+00,  7.033126354218e-01,  1.901327930589e+01,  4.925451576710e-01
  1.098499998450e+00,  7.134025096893e-01,  1.900318943162e+01,  5.023203492165e-01
  1.108500003815e+00,  7.234542369843e-01,  1.899313770433e+01,  5.126066803932e-01
  1.118500009179e+00,  7.334601879120e-01,  1.898313175340e+01,  5.227957367897e-01
  1.129000008106e+00,  7.439582347870e-01,  1.897263370652e+01,  5.358152985573e-01
  1.138999998569e+00,  7.539641857147e-01,  1.896262775560e+01,  5.465517640114e-01
  1.149499997497e+00,  7.644507884979e-01,  1.895214115281e+01,  5.590792298317e-01
  1.159500002861e+00,  7.744987010956e-01,  1.894209324022e+01,  5.697622895241e-01
  1.169500008225e+00,  7.846038341522e-01,  1.893198810716e+01,  5.795794129372e-01
  1.179499998689e+00,  7.946364879608e-01,  1.892195545335e+01,  5.897055268288e-01
  1.189999997616e+00,  8.050252199173e-01,  1.891156672139e+01,  6.014893054962e-01
  1.200499996543e+00,  8.153973817825e-01,  1.890119455953e+01,  6.145622730255e-01
  1.210999995470e+00,  8.258496522903e-01,  1.889074228902e+01,  6.279060840607e-01
  1.221000000834e+00,  8.359204530716e-01,  1.888067148824e+01,  6.420319080353e-01
  1.231000006199e+00,  8.460942506790e-01,  1.887049769063e+01,  6.537849903107e-01
  1.240999996662e+00,  8.563519716263e-01,  1.886023996969e+01,  6.656563282013e-01
  1.251000002027e+00,  8.665219545364e-01,  1.885006998678e+01,  6.778099536896e-01
  1.261000007391e+00,  8.765660524368e-01,  1.884002588887e+01,  6.903221607208e-01
  1.271500006318e+00,  8.869839906693e-01,  1.882960795064e+01,  7.032883167267e-01
  1.282000005245e+00,  8.972989320755e-01,  1.881929300924e+01,  7.196037769318e-01
  1.292500004172e+00,  9.076977968216e-01,  1.880889414449e+01,  7.346107959747e-01
  1.302500009537e+00,  9.177685976028e-01,  1.879882334371e+01,  7.473785877228e-01
  1.312500000000e+00,  9.279233217239e-01,  1.878866861959e+01,  7.588112354279e-01
  1.322500005364e+00,  9.379521608353e-01,  1.877863978048e+01,  7.719299793243e-01
  1.333000004292e+00,  9.483548402786e-01,  1.876823710103e+01,  7.860443592072e-01
  1.343500003219e+00,  9.585362672806e-01,  1.875805567403e+01,  8.000595569611e-01
  1.354499995708e+00,  9.687348604202e-01,  1.874785708089e+01,  8.139984607697e-01
  1.366500005126e+00,  9.788457155228e-01,  1.873774622579e+01,  8.258087635040e-01
  1.381500005722e+00,  9.891244173050e-01,  1.872746752401e+01,  8.345205783844e-01
  1.400000005960e+00,  9.970637559891e-01,  1.871952818532e+01,  8.452093601227e-01
  1.500500008464e+00,  1.003441095352e+00,  1.871315084596e+01,  8.588810563087e-01
  1.600999996066e+00,  1.002871036530e+00,  1.871372090478e+01,  8.559387326241e-01
  1.701000005007e+00,  1.002079010010e+00,  1.871451293130e+01,  8.543227314949e-01
  1.801500007510e+00,  1.001468777657e+00,  1.871512316366e+01,  8.458304405212e-01
  1.901999995112e+00,  1.000953078270e+00,  1.871563886304e+01,  8.458151221275e-01
  2.002000004053e+00,  1.000629425049e+00,  1.871596251626e+01,  8.448784351349e-01
  2.102500006557e+00,  1.000391244888e+00,  1.871620069642e+01,  8.431417942047e-01
  2.203000009060e+00,  1.000275969505e+00,  1.871631597181e+01,  8.422995805740e-01
  2.303499996662e+00,  1.000164270401e+00,  1.871642767091e+01,  8.398662209511e-01
  2.403500005603e+00,  1.000113129616e+00,  1.871647881170e+01,  8.399394154549e-01
  2.504000008106e+00,  1.000046253204e+00,  1.871654568811e+01,  8.380278348923e-01
  2.604499995708e+00,  1.000025868416e+00,  1.871656607290e+01,  8.379390239716e-01
  2.704500004649e+00,  1.000029444695e+00,  1.871656249662e+01,  8.355820178986e-01
  2.805000007153e+00,  1.000026583672e+00,  1.871656535764e+01,  8.338261842728e-01
  2.905499994755e+00,  1.000015616417e+00,  1.871657632489e+01,  8.351897001266e-01
  3.005500003695e+00,  1.000008225441e+00,  1.871658371587e+01,  8.313325047493e-01
  3.106000006199e+00,  9.999890327454e-01,  1.871660290857e+01,  8.297294378281e-01
  3.206500008702e+00,  9.999980926514e-01,  1.871659384866e+01,  8.301963210106e-01
  3.306999996305e+00,  1.000007867813e+00,  1.871658407350e+01,  8.305609226227e-01
  3.407000005245e+00,  1.000033378601e+00,  1.871655856271e+01,  8.278257250786e-01
  3.507500007749e+00,  1.000038146973e+00,  1.871655379434e+01,  8.266292214394e-01
  3.607999995351e+00,  1.000040650368e+00,  1.871655129094e+01,  8.262275457382e-01
  3.708000004292e+00,  9.999908804893e-01,  1.871660106082e+01,  8.236526846886e-01
  3.808500006795e+00,  1.000013589859e+00,  1.871657835145e+01,  8.235222697258e-01
  3.909000009298e+00,  9.999999403954e-01,  1.871659200092e+01,  8.235757350922e-01
  4.009499996901e+00,  1.000027775764e+00,  1.871656416555e+01,  8.246841430664e-01
  4.109500005841e+00,  1.000013709068e+00,  1.871657823224e+01,  8.214474916458e-01
  4.210000008345e+00,  1.000015974045e+00,  1.871657596727e+01,  8.226304054260e-01
  4.310499995947e+00,  1.000017881393e+00,  1.871657405992e+01,  8.182114958763e-01
  4.410500004888e+00,  9.999919533730e-01,  1.871659998794e+01,  8.190992474556e-01
  4.511000007391e+00,  9.999756217003e-01,  1.871661631961e+01,  8.199393749237e-01
  4.611499994993e+00,  9.999914765358e-01,  1.871660046478e+01,  8.196709752083e-01
  4.711500003934e+00,  9.999927282333e-01,  1.871659921308e+01,  8.200317025185e-01
  4.812000006437e+00,  9.999994039536e-01,  1.871659253736e+01,  8.174348473549e-01
  4.912500008941e+00,  1.000023245811e+00,  1.871656869550e+01,  8.193702697754e-01
  5.012999996543e+00,  1.000002264977e+00,  1.871658967634e+01,  8.174415230751e-01
  5.113000005484e+00,  1.000017166138e+00,  1.871657477517e+01,  8.158629536629e-01
  5.213500007987e+00,  9.999957084656e-01,  1.871659623285e+01,  8.181397318840e-01
  5.313999995589e+00,  1.000056624413e+00,  1.871653531690e+01,  8.166762590408e-01
  5.414000004530e+00,  1.000009894371e+00,  1.871658204694e+01,  8.154498338699e-01
  5.514500007033e+00,  1.000031948090e+00,  1.871655999322e+01,  8.144483566284e-01
  5.615000009537e+00,  1.000027060509e+00,  1.871656488080e+01,  8.136976361275e-01
  5.715499997139e+00,  1.000009417534e+00,  1.871658252378e+01,  8.137429952621e-01
  5.815500006080e+00,  1.000033259392e+00,  1.871655868192e+01,  8.145005702972e-01
  5.916000008583e+00,  1.000000357628e+00,  1.871659158368e+01,  8.129438161850e-01
  6.016000002623e+00,  1.000038743019e+00,  1.871655319829e+01,  8.143154382706e-01
  6.115999996662e+00,  1.000003099442e+00,  1.871658884187e+01,  8.133527040482e-01
  6.216000005603e+00,  1.000009059906e+00,  1.871658288141e+01,  8.108916878700e-01
  6.315999999642e+00,  9.999920725822e-01,  1.871659986873e+01,  8.092527985573e-01
  6.416000008583e+00,  1.000006079674e+00,  1.871658586164e+01,  8.083040714264e-01
  6.516000002623e+00,  1.000004649162e+00,  1.871658729215e+01,  8.083308339119e-01
  6.615999996662e+00,  1.000005483627e+00,  1.871658645768e+01,  8.073959946632e-01
  6.716000005603e+00,  1.000007033348e+00,  1.871658490796e+01,  8.079113960266e-01
  6.815999999642e+00,  9.999952316284e-01,  1.871659670968e+01,  8.082917928696e-01
  6.916000008583e+00,  1.000007390976e+00,  1.871658455034e+01,  8.080871105194e-01
  7.016000002623e+00,  9.999932050705e-01,  1.871659873624e+01,  8.057935237885e-01
  7.115999996662e+00,  1.000017404556e+00,  1.871657453676e+01,  8.081142306328e-01
  7.216000005603e+00,  9.999917745590e-01,  1.871660016675e+01,  8.040655851364e-01
  7.315999999642e+00,  9.999983310699e-01,  1.871659361024e+01,  8.032701611519e-01
  7.416000008583e+00,  1.000025033951e+00,  1.871656690736e+01,  8.061944842339e-01
  7.516000002623e+00,  1.000012993813e+00,  1.871657894750e+01,  8.028304576874e-01
  7.615999996662e+00,  1.000003099442e+00,  1.871658884187e+01,  8.022348880768e-01
  7.716000005603e+00,  1.000022172928e+00,  1.871656976838e+01,  8.039610385895e-01
  7.815999999642e+00,  1.000010371208e+00,  1.871658157010e+01,  8.038238883018e-01
  7.916000008583e+00,  1.000031113625e+00,  1.871656082769e+01,  8.011732697487e-01
  8.016000002623e+00,  1.000009059906e+00,  1.871658288141e+01,  7.986997365952e-01
  8.115999996662e+00,  9.999911189079e-01,  1.871660082240e+01,  8.035389184952e-01
  8.216000005603e+00,  9.999887943268e-01,  1.871660314698e+01,  8.029798269272e-01
  8.315999999642e+00,  9.999999403954e-01,  1.871659200092e+01,  8.003454804420e-01
  8.416000008583e+00,  9.999895095825e-01,  1.871660243173e+01,  8.003559112549e-01
  8.516000002623e+00,  9.999871850014e-01,  1.871660475631e+01,  8.001103997231e-01
  8.615999996662e+00,  1.000005245209e+00,  1.871658669610e+01,  8.007254004478e-01
  8.716000005603e+00,  1.000013232231e+00,  1.871657870908e+01,  7.979055643082e-01
  8.815999999642e+00,  9.999973773956e-01,  1.871659456392e+01,  8.000880479813e-01
  8.916000008583e+00,  1.000000119209e+00,  1.871659182210e+01,  8.010741472244e-01
  9.016000002623e+00,  9.999984502792e-01,  1.871659349103e+01,  7.973380684853e-01
  9.115999996662e+00,  1.000030279160e+00,  1.871656166215e+01,  7.961084246635e-01
  9.216000005603e+00,  1.000014305115e+00,  1.871657763620e+01,  7.970336079597e-01
  9.315999999642e+00,  9.999936223030e-01,  1.871659831901e+01,  7.960661053658e-01
  9.416000008583e+00,  9.999772310257e-01,  1.871661471029e+01,  7.969946265221e-01
  9.516000002623e+00,  1.000030636787e+00,  1.871656130452e+01,  7.983308434486e-01
  9.615999996662e+00,  1.000020146370e+00,  1.871657179494e+01,  7.966899275780e-01
  9.716000005603e+00,  1.000023603439e+00,  1.871656833787e+01,  7.974643707275e-01
  9.815999999642e+00,  1.000004887581e+00,  1.871658705373e+01,  7.957676053047e-01
  9.916000008583e+00,  1.000022172928e+00,  1.871656976838e+01,  7.952923178673e-01
  1.001600000262e+01,  1.000016689301e+00,  1.871657525201e+01,  7.957699894905e-01
  1.011599999666e+01,  1.000015854836e+00,  1.871657608648e+01,  7.926672697067e-01
  1.021600000560e+01,  1.000042915344e+00,  1.871654902597e+01,  7.945035696030e-01
  1.031599999964e+01,  9.999932050705e-01,  1.871659873624e+01,  7.934311628342e-01
  1.041600000858e+01,  1.000013232231e+00,  1.871657870908e+01,  7.942398190498e-01
  1.051600000262e+01,  1.000022053719e+00,  1.871656988759e+01,  7.917270660400e-01
  1.061599999666e+01,  9.999911785126e-01,  1.871660076280e+01,  7.923531532288e-01
  1.071600000560e+01,  1.000009179115e+00,  1.871658276220e+01,  7.903130650520e-01
  1.081599999964e+01,  9.999998807907e-01,  1.871659206052e+01,  7.912704348564e-01
  1.091600000858e+01,  1.000036597252e+00,  1.871655534406e+01,  7.905846238136e-01
  1.101600000262e+01,  1.000008702278e+00,  1.871658323903e+01,  7.887091040611e-01
  1.111599999666e+01,  1.000015020370e+00,  1.871657692094e+01,  7.899096012115e-01
  1.121600000560e+01,  1.000004053116e+00,  1.871658788820e+01,  7.874561548233e-01
  1.131599999964e+01,  1.000012636185e+00,  1.871657930513e+01,  7.887905240059e-01
  1.141600000858e+01,  9.999857544899e-01,  1.871660618682e+01,  7.893724441528e-01
  1.151600000262e+01,  1.000001668930e+00,  1.871659027238e+01,  7.888416647911e-01
  1.161599999666e+01,  1.000015497208e+00,  1.871657644410e+01,  7.902781963348e-01
  1.171600000560e+01,  1.000012874603e+00,  1.871657906671e+01,  7.869340777397e-01
  1.181599999964e+01,  1.000007629395e+00,  1.871658431192e+01,  7.891190648079e-01
  1.191600000858e+01,  9.999955892563e-01,  1.871659635206e+01,  7.881600260735e-01
  1.201600000262e+01,  1.000003933907e+00,  1.871658800741e+01,  7.879101037979e-01
  1.211599999666e+01,  1.000008583069e+00,  1.871658335824e+01,  7.886980772018e-01
  1.221600000560e+01,  1.000024318695e+00,  1.871656762262e+01,  7.887914180756e-01
  1.231599999964e+01,  1.000004172325e+00,  1.871658776899e+01,  7.905081510544e-01
  1.241600000858e+01,  1.000006556511e+00,  1.871658538480e+01,  7.854565382004e-01
  1.251600000262e+01,  1.000015377998e+00,  1.871657656331e+01,  7.879042029381e-01
  1.261599999666e+01,  1.000011205673e+00,  1.871658073564e+01,  7.866479754448e-01
  1.271600000560e+01,  1.000008106232e+00,  1.871658383508e+01,  7.891385555267e-01
  1.281599999964e+01,  1.000009059906e+00,  1.871658288141e+01,  7.868384718895e-01
  1.291600000858e+01,  1.000008702278e+00,  1.871658323903e+01,  7.856176495552e-01
  1.301600000262e+01,  9.999960064888e-01,  1.871659593482e+01,  7.820263504982e-01
  1.311599999666e+01,  9.999930858612e-01,  1.871659885545e+01,  7.827708721161e-01
  1.321600000560e+01,  9.999959468842e-01,  1.871659599443e+01,  7.845180630684e-01
  1.331599999964e+01,  9.999945163727e-01,  1.871659742494e+01,  7.840448021889e-01
  1.341600000858e+01,  9.999976754189e-01,  1.871659426589e+01,  7.825956344604e-01
  1.351600000262e+01,  1.000020265579e+00,  1.871657167573e+01,  7.833448648453e-01
  1.361599999666e+01,  1.000008702278e+00,  1.871658323903e+01,  7.828366756439e-01
  1.371600000560e+01,  1.000007629395e+00,  1.871658431192e+01,  7.812860012054e-01
  1.381599999964e+01,  9.999971985817e-01,  1.871659474273e+01,  7.810573577881e-01
  1.391600000858e+01,  9.999975562096e-01,  1.871659438510e+01,  7.824778556824e-01
  1.401600000262e+01,  9.999929070473e-01,  1.871659903426e+01,  7.817032933235e-01
  1.411599999666e+01,  1.000008583069e+00,  1.871658335824e+01,  7.827988862991e-01
  1.421600000560e+01,  9.999874830246e-01,  1.871660445829e+01,  7.826703786850e-01
  1.431599999964e+01,  1.000019311905e+00,  1.871657262941e+01,  7.821725606918e-01
  1.441600000858e+01,  1.000021100044e+00,  1.871657084127e+01,  7.810490131378e-01
  1.451600000262e+01,  1.000021696091e+00,  1.871657024522e+01,  7.811145782471e-01
  1.461599999666e+01,  1.000023245811e+00,  1.871656869550e+01,  7.830266952515e-01
  1.471600000560e+01,  1.000005364418e+00,  1.871658657689e+01,  7.807483077049e-01
  1.481599999964e+01,  9.999870657921e-01,  1.871660487552e+01,  7.797975540161e-01
  1.491600000858e+01,  1.000048756599e+00,  1.871654318471e+01,  7.802059054375e-01
  1.501600000262e+01,  9.999933838844e-01,  1.871659855743e+01,  7.809241414070e-01
  1.511599999666e+01,  9.999806284904e-01,  1.871661131282e+01,  7.802852392197e-01
  1.521600000560e+01,  9.999837875366e-01,  1.871660815377e+01,  7.795567512512e-01
  1.531599999964e+01,  9.999871253967e-01,  1.871660481591e+01,  7.821589708328e-01
  1.541600000858e+01,  9.999911785126e-01,  1.871660076280e+01,  7.814974188805e-01
  1.551600000262e+01,  1.000006437302e+00,  1.871658550401e+01,  7.795534133911e-01
  1.561599999666e+01,  1.000022172928e+00,  1.871656976838e+01,  7.786438465118e-01
  1.571600000560e+01,  9.999909400940e-01,  1.871660100122e+01,  7.803215980530e-01
  1.581599999964e+01,  1.000008106232e+00,  1.871658383508e+01,  7.776574492455e-01
  1.591600000858e+01,  1.000017762184e+00,  1.871657417913e+01,  7.782259583473e-01
  1.601600000262e+01,  1.000015616417e+00,  1.871657632489e+01,  7.782167792320e-01
  1.611599999666e+01,  9.999819993973e-01,  1.871660994191e+01,  7.774870395660e-01
  1.621600000560e+01,  1.000005483627e+00,  1.871658645768e+01,  7.765022516251e-01
  1.631599999964e+01,  1.000001907349e+00,  1.871659003396e+01,  7.787088155746e-01
  1.641600000858e+01,  1.000022411346e+00,  1.871656952997e+01,  7.764657735825e-01
  1.651600000262e+01,  1.000013947487e+00,  1.871657799382e+01,  7.752566337585e-01
  1.661599999666e+01,  9.999880790710e-01,  1.871660386224e+01,  7.779248356819e-01
  1.671600000560e+01,  1.000003218651e+00,  1.871658872266e+01,  7.739946842194e-01
  1.681599999964e+01,  9.999799132347e-01,  1.871661202808e+01,  7.751766443253e-01
  1.691600000858e+01,  1.000008583069e+00,  1.871658335824e+01,  7.758787870407e-01
  1.701600000262e+01,  1.000013351440e+00,  1.871657858987e+01,  7.743658423424e-01
  1.711599999666e+01,  1.000020503998e+00,  1.871657143731e+01,  7.775994539261e-01
  1.721600000560e+01,  9.999948143959e-01,  1.871659712692e+01,  7.758303284645e-01
  1.731599999964e+01,  9.999905228615e-01,  1.871660141845e+01,  7.748010158539e-01
  1.741600000858e+01,  9.999939799309e-01,  1.871659796138e+01,  7.755323648453e-01
  1.751600000262e+01,  1.000007987022e+00,  1.871658395429e+01,  7.743538022041e-01
  1.761599999666e+01,  1.000002026558e+00,  1.871658991475e+01,  7.745157480240e-01
  1.771600000560e+01,  9.999986290932e-01,  1.871659331222e+01,  7.721001505852e-01
  1.781599999964e+01,  9.999949932098e-01,  1.871659694810e+01,  7.753438353539e-01
  1.791600000858e+01,  1.000019431114e+00,  1.871657251020e+01,  7.719812989235e-01
  1.801600000262e+01,  1.000010013580e+00,  1.871658192773e+01,  7.717980146408e-01
  1.811599999666e+01,  1.000010371208e+00,  1.871658157010e+01,  7.704759240150e-01
  1.821600000560e+01,  9.999985694885e-01,  1.871659337182e+01,  7.713916301727e-01
  1.831599999964e+01,  9.999915361404e-01,  1.871660040517e+01,  7.708279490471e-01
  1.841600000858e+01,  1.000028491020e+00,  1.871656345029e+01,  7.721455693245e-01
  1.851600000262e+01,  1.000012993813e+00,  1.871657894750e+01,  7.709755301476e-01
  1.861599999666e+01,  1.000007152557e+00,  1.871658478875e+01,  7.701106667519e-01
  1.871600000560e+01,  1.000007271767e+00,  1.871658466954e+01,  7.706201672554e-01
  1.881599999964e+01,  1.000011682510e+00,  1.871658025880e+01,  7.729135751724e-01
  1.891600000858e+01,  9.999902844429e-01,  1.871660165687e+01,  7.700305581093e-01
  1.901600000262e+01,  9.999889135361e-01,  1.871660302778e+01,  7.689582109451e-01
  1.911599999666e+01,  9.999924898148e-01,  1.871659945150e+01,  7.678987979889e-01
  1.921600000560e+01,  1.000025272369e+00,  1.871656666894e+01,  7.688819169998e-01
  1.931599999964e+01,  1.000025987625e+00,  1.871656595369e+01,  7.668879628181e-01
  1.941600000858e+01,  1.000025272369e+00,  1.871656666894e+01,  7.669485807419e-01
  1.951600000262e+01,  1.000005364418e+00,  1.871658657689e+01,  7.675790786743e-01
  1.961599999666e+01,  1.000026702881e+00,  1.871656523843e+01,  7.666142582893e-01
  1.971600000560e+01,  9.999768733978e-01,  1.871661506791e+01,  7.674347758293e-01
  1.981599999964e+01,  9.999737143517e-01,  1.871661822696e+01,  7.661217451096e-01
  1.991600000858e+01,  9.999978542328e-01,  1.871659408708e+01,  7.667684555054e-01
  2.001600000262e+01,  9.999792575836e-01,  1.871661268373e+01,  7.677714824677e-01
  2.011599999666e+01,  9.999927282333e-01,  1.871659921308e+01,  7.659969329834e-01
  2.021600000560e+01,  9.999891519547e-01,  1.871660278936e+01,  7.657396197319e-01
  2.031599999964e+01,  9.999985694885e-01,  1.871659337182e+01,  7.658771872520e-01
  2.041600000858e+01,  9.999939799309e-01,  1.871659796138e+01,  7.680587172508e-01
  2.051600000262e+01,  1.000021696091e+00,  1.871657024522e+01,  7.661349773407e-01
  2.061599999666e+01,  1.000057339668e+00,  1.871653460164e+01,  7.650151848793e-01
  2.071600000560e+01,  1.000000357628e+00,  1.871659158368e+01,  7.641791105270e-01
  2.081599999964e+01,  1.000000596046e+00,  1.871659134527e+01,  7.660492658615e-01
  2.091600000858e+01,  1.000013589859e+00,  1.871657835145e+01,  7.644131183624e-01
  2.101600000262e+01,  1.000015020370e+00,  1.871657692094e+01,  7.674592137337e-01
  2.111599999666e+01,  1.000009417534e+00,  1.871658252378e+01,  7.658078074455e-01
  2.121600000560e+01,  9.999938011169e-01,  1.871659814019e+01,  7.647458910942e-01
  2.131599999964e+01,  1.000014543533e+00,  1.871657739778e+01,  7.629344463348e-01
  2.141600000858e+01,  1.000010490417e+00,  1.871658145089e+01,  7.630978822708e-01
  2.151600000262e+01,  9.999936819077e-01,  1.871659825940e+01,  7.657134532928e-01
  2.161599999666e+01,  1.000005602837e+00,  1.871658633847e+01,  7.648130059242e-01
  2.171600000560e+01,  9.999814033508e-01,  1.871661053796e+01,  7.646172642708e-01
  2.181599999964e+01,  9.999712705612e-01,  1.871662067075e+01,  7.620009779930e-01
  2.191600000858e+01,  1.000003218651e+00,  1.871658872266e+01,  7.630442380905e-01
  2.201600000262e+01,  1.000015974045e+00,  1.871657596727e+01,  7.616340517998e-01
  2.211599999666e+01,  9.999936819077e-01,  1.871659825940e+01,  7.625694870949e-01
  2.221600000560e+01,  1.000007033348e+00,  1.871658490796e+01,  7.633075714111e-01
  2.231599999964e+01,  1.000013351440e+00,  1.871657858987e+01,  7.612771391869e-01
  2.241600000858e+01,  9.999897480011e-01,  1.871660219331e+01,  7.620984315872e-01
  2.251600000262e+01,  1.000015139580e+00,  1.871657680173e+01,  7.593862414360e-01
  2.261599999666e+01,  1.000024676323e+00,  1.871656726499e+01,  7.617874145508e-01
  2.271600000560e+01,  1.000007390976e+00,  1.871658455034e+01,  7.620438933372e-01
  2.281599999964e+01,  1.000014662743e+00,  1.871657727857e+01,  7.605526447296e-01
  2.291600000858e+01,  9.999979734421e-01,  1.871659396787e+01,  7.587649226189e-01
  2.301600000262e+01,  1.000012993813e+00,  1.871657894750e+01,  7.598699927330e-01
  2.311599999666e+01,  9.999999403954e-01,  1.871659200092e+01,  7.594755887985e-01
  2.321600000560e+01,  9.999901652336e-01,  1.871660177608e+01,  7.604636549950e-01
  2.331599999964e+01,  9.999949336052e-01,  1.871659700771e+01,  7.609302401543e-01
  2.341600000858e+01,  1.000005960464e+00,  1.871658598085e+01,  7.600944638252e-01
  2.351600000262e+01,  1.000013232231e+00,  1.871657870908e+01,  7.598543763161e-01
  2.361599999666e+01,  1.000004291534e+00,  1.871658764978e+01,  7.605884671211e-01
  2.371600000560e+01,  1.000018596649e+00,  1.871657334466e+01,  7.591725587845e-01
  2.381599999964e+01,  9.999902248383e-01,  1.871660171647e+01,  7.595786452293e-01
  2.391600000858e+01,  9.999840259552e-01,  1.871660791536e+01,  7.572464346886e-01
  2.401600000262e+01,  9.999791979790e-01,  1.871661274333e+01,  7.577555179596e-01
  2.411599999666e+01,  1.000017523766e+00,  1.871657441755e+01,  7.587581872940e-01
  2.421600000560e+01,  1.000010132790e+00,  1.871658180852e+01,  7.590677738190e-01
  2.431599999964e+01,  9.999985098839e-01,  1.871659343143e+01,  7.566802501678e-01
  2.441600000858e+01,  1.000003218651e+00,  1.871658872266e+01,  7.568967938423e-01
  2.451600000262e+01,  1.000007152557e+00,  1.871658478875e+01,  7.568510770798e-01
  2.461599999666e+01,  9.999744892120e-01,  1.871661745210e+01,  7.547132372856e-01
  2.471600000560e+01,  9.999800324440e-01,  1.871661190887e+01,  7.567811608315e-01
  2.481599999964e+01,  1.000001907349e+00,  1.871659003396e+01,  7.579777240753e-01
  2.491600000858e+01,  9.999809861183e-01,  1.871661095519e+01,  7.575888633728e-01
  2.501600000262e+01,  1.000000476837e+00,  1.871659146447e+01,  7.558195590973e-01
  2.511599999666e+01,  9.999952912331e-01,  1.871659665008e+01,  7.560699582100e-01
  2.521600000560e+01,  1.000029802322e+00,  1.871656213899e+01,  7.560766339302e-01
  2.531599999964e+01,  1.000023961067e+00,  1.871656798024e+01,  7.541500926018e-01
  2.541600000858e+01,  1.000008463860e+00,  1.871658347745e+01,  7.570139765739e-01
  2.551600000262e+01,  1.000015735626e+00,  1.871657620569e+01,  7.546935677528e-01
  2.561599999666e+01,  1.000002861023e+00,  1.871658908029e+01,  7.576752901077e-01
  2.571600000560e+01,  9.999752044678e-01,  1.871661673684e+01,  7.556601166725e-01
  2.581599999964e+01,  1.000002861023e+00,  1.871658908029e+01,  7.548328042030e-01
  2.591600000858e+01,  1.000024199486e+00,  1.871656774183e+01,  7.568498849869e-01
  2.601600000262e+01,  1.000026702881e+00,  1.871656523843e+01,  7.566567659378e-01
  2.611599999666e+01,  1.000020503998e+00,  1.871657143731e+01,  7.548150420189e-01
  2.621600000560e+01,  9.999934434891e-01,  1.871659849782e+01,  7.542265653610e-01
  2.631599999964e+01,  9.999809265137e-01,  1.871661101480e+01,  7.556607723236e-01
  2.641600000858e+01,  1.000005006790e+00,  1.871658693452e+01,  7.540363669395e-01
  2.651600000262e+01,  9.999989867210e-01,  1.871659295459e+01,  7.531041502953e-01
  2.661599999666e+01,  1.000005722046e+00,  1.871658621927e+01,  7.529501318932e-01
  2.671600000560e+01,  1.000019073486e+00,  1.871657286783e+01,  7.526857852936e-01
  2.681599999964e+01,  9.999807476997e-01,  1.871661119361e+01,  7.527747750282e-01
  2.691600000858e+01,  1.000001549721e+00,  1.871659039159e+01,  7.528059482574e-01
  2.701600000262e+01,  1.000018477440e+00,  1.871657346387e+01,  7.503769993782e-01
  2.711599999666e+01,  9.999807476997e-01,  1.871661119361e+01,  7.520018219948e-01
  2.721600000560e+01,  9.999893307686e-01,  1.871660261054e+01,  7.507189512253e-01
  2.731599999964e+01,  1.000018596649e+00,  1.871657334466e+01,  7.502359747887e-01
  2.741600000858e+01,  9.999990463257e-01,  1.871659289499e+01,  7.532394528389e-01
  2.751600000262e+01,  9.999633431435e-01,  1.871662859817e+01,  7.539702057838e-01
  2.761599999666e+01,  9.999828338623e-01,  1.871660910745e+01,  7.535987496376e-01
  2.771600000560e+01,  9.999814033508e-01,  1.871661053796e+01,  7.518408298492e-01
  2.781599999964e+01,  9.999942779541e-01,  1.871659766336e+01,  7.513338923454e-01
  2.791600000858e+01,  1.000014185905e+00,  1.871657775541e+01,  7.524645328522e-01
  2.801600000262e+01,  1.000013709068e+00,  1.871657823224e+01,  7.531107068062e-01
  2.811599999666e+01,  9.999893903732e-01,  1.871660255094e+01,  7.513129115105e-01
  2.821600000560e+01,  1.000001907349e+00,  1.871659003396e+01,  7.511758804321e-01
  2.831599999964e+01,  1.000007867813e+00,  1.871658407350e+01,  7.516394257545e-01
  2.841600000858e+01,  1.000025033951e+00,  1.871656690736e+01,  7.520703673363e-01
  2.851600000262e+01,  9.999962449074e-01,  1.871659569640e+01,  7.506517767906e-01
  2.861599999666e+01,  1.000024437904e+00,  1.871656750341e+01,  7.513782978058e-01
  2.871600000560e+01,  9.999729990959e-01,  1.871661894222e+01,  7.503734230995e-01
  2.881599999964e+01,  9.999969601631e-01,  1.871659498115e+01,  7.504569292068e-01
  2.891600000858e+01,  1.000032186508e+00,  1.871655975480e+01,  7.486343979836e-01
  2.901600000262e+01,  9.999999403954e-01,  1.871659200092e+01,  7.497882843018e-01
  2.911599999666e+01,  9.999902844429e-01,  1.871660165687e+01,  7.495151758194e-01
  2.921600000560e+01,  1.000000715256e+00,  1.871659122606e+01,  7.477411031723e-01
  2.931599999964e+01,  9.999873042107e-01,  1.871660463710e+01,  7.498753666878e-01
  2.941600000858e+01,  9.999977350235e-01,  1.871659420629e+01,  7.473716139793e-01
  2.951600000262e+01,  1.000010371208e+00,  1.871658157010e+01,  7.506749629974e-01
  2.961599999666e+01,  1.000005245209e+00,  1.871658669610e+01,  7.468342781067e-01
  2.971600000560e+01,  1.000018835068e+00,  1.871657310624e+01,  7.482976913452e-01
  2.981599999964e+01,  9.999885559082e-01,  1.871660338540e+01,  7.520293593407e-01
  2.991600000858e+01,  1.000010848045e+00,  1.871658109327e+01,  7.491118907928e-01
  3.001600000262e+01,  9.999972581863e-01,  1.871659468313e+01,  7.477030754089e-01
  3.011599999666e+01,  1.000002145767e+00,  1.871658979554e+01,  7.476125359535e-01
  3.021600000560e+01,  9.999823570251e-01,  1.871660958429e+01,  7.480366826057e-01
  3.031599999964e+01,  9.999802112579e-01,  1.871661173005e+01,  7.504219412804e-01
  3.041600000858e+01,  1.000028252602e+00,  1.871656368871e+01,  7.474641203880e-01
  3.051600000262e+01,  9.999973177910e-01,  1.871659462352e+01,  7.462056279182e-01
  3.061599999666e+01,  9.999752044678e-01,  1.871661673684e+01,  7.458283901215e-01
  3.071600000560e+01,  9.999933242798e-01,  1.871659861703e+01,  7.462069988251e-01
  3.081599999964e+01,  1.000001788139e+00,  1.871659015317e+01,  7.435488104820e-01
  3.091600000858e+01,  1.000000357628e+00,  1.871659158368e+01,  7.443835735321e-01
  3.101600000262e+01,  1.000025987625e+00,  1.871656595369e+01,  7.452229857445e-01
  3.111599999666e+01,  1.000013828278e+00,  1.871657811303e+01,  7.449337840080e-01
  3.121600000560e+01,  1.000004410744e+00,  1.871658753057e+01,  7.452194690704e-01
  3.131599999964e+01,  9.999905228615e-01,  1.871660141845e+01,  7.434796690941e-01
  3.141600000858e+01,  9.999957084656e-01,  1.871659623285e+01,  7.439832687378e-01
  3.151600000262e+01,  9.999855160713e-01,  1.871660642524e+01,  7.430649399757e-01
  3.161599999666e+01,  9.999711513519e-01,  1.871662078996e+01,  7.445836067200e-01
  3.171600000560e+01,  9.999794960022e-01,  1.871661244531e+01,  7.418654561043e-01
  3.181599999964e+01,  1.000018119812e+00,  1.871657382150e+01,  7.442973852158e-01
  3.191600000858e+01,  1.000014185905e+00,  1.871657775541e+01,  7.442127466202e-01
  3.201600000262e+01,  1.000018477440e+00,  1.871657346387e+01,  7.431725859642e-01
  3.211599999666e+01,  9.999984502792e-01,  1.871659349103e+01,  7.445371150970e-01
  3.221600000560e+01,  9.999968409538e-01,  1.871659510036e+01,  7.441555857658e-01
  3.231599999964e+01,  1.000017642975e+00,  1.871657429834e+01,  7.466538548470e-01
  3.241600000858e+01,  9.999998211861e-01,  1.871659212013e+01,  7.428581714630e-01
  3.251600000262e+01,  1.000020146370e+00,  1.871657179494e+01,  7.446124553680e-01
  3.261599999666e+01,  1.000000596046e+00,  1.871659134527e+01,  7.426207661629e-01
  3.271600000560e+01,  1.000025629997e+00,  1.871656631131e+01,  7.435054779053e-01
  3.281599999964e+01,  9.999873042107e-01,  1.871660463710e+01,  7.428812980652e-01
  3.291600000858e+01,  9.999533295631e-01,  1.871663861175e+01,  7.402021288872e-01
  3.301600000262e+01,  9.999780058861e-01,  1.871661393543e+01,  7.395698428154e-01
  3.311599999666e+01,  9.999792575836e-01,  1.871661268373e+01,  7.406963706017e-01
  3.321600000560e+01,  1.000022411346e+00,  1.871656952997e+01,  7.409217357635e-01
  3.331599999964e+01,  1.000005960464e+00,  1.871658598085e+01,  7.391471862793e-01
  3.341600000858e+01,  1.000012636185e+00,  1.871657930513e+01,  7.408528923988e-01
  3.351600000262e+01,  1.000015974045e+00,  1.871657596727e+01,  7.398492097855e-01
  3.361599999666e+01,  1.000000715256e+00,  1.871659122606e+01,  7.430128455162e-01
  3.371600000560e+01,  1.000019669533e+00,  1.871657227178e+01,  7.404638528824e-01
  3.381599999964e+01,  1.000021576881e+00,  1.871657036443e+01,  7.407352924347e-01
  3.391600000858e+01,  1.000035762787e+00,  1.871655617852e+01,  7.424203753471e-01
  3.401600000262e+01,  1.000008821487e+00,  1.871658311982e+01,  7.422463893890e-01
  3.411599999666e+01,  9.999797940254e-01,  1.871661214729e+01,  7.413209080696e-01
  3.421600000560e+01,  1.000014305115e+00,  1.871657763620e+01,  7.398635149002e-01
  3.431599999964e+01,  1.000016331673e+00,  1.871657560964e+01,  7.403559088707e-01
  3.441600000858e+01,  1.000008940697e+00,  1.871658300061e+01,  7.434072494507e-01
  3.451600000262e+01,  1.000014185905e+00,  1.871657775541e+01,  7.391971349716e-01
  3.461599999666e+01,  1.000016570091e+00,  1.871657537122e+01,  7.400440573692e-01
  3.471600000560e+01,  9.999920725822e-01,  1.871659986873e+01,  7.389048933983e-01
  3.481599999964e+01,  9.999883770943e-01,  1.871660356422e+01,  7.405016422272e-01
  3.491600000858e+01,  9.999878406525e-01,  1.871660410066e+01,  7.395857572556e-01
  3.501600000262e+01,  9.999696016312e-01,  1.871662233968e+01,  7.394964098930e-01
  3.511599999666e+01,  1.000009059906e+00,  1.871658288141e+01,  7.396869659424e-01
  3.521600000560e+01,  9.999971985817e-01,  1.871659474273e+01,  7.402802705765e-01
  3.531599999964e+01,  9.999876022339e-01,  1.871660433908e+01,  7.406987547874e-01
  3.541600000858e+01,  9.999859929085e-01,  1.871660594840e+01,  7.368401885033e-01
  3.551600000262e+01,  9.999775290489e-01,  1.871661441226e+01,  7.398095726967e-01
  3.561599999666e+01,  1.000004172325e+00,  1.871658776899e+01,  7.372933030128e-01
  3.571600000560e+01,  1.000005483627e+00,  1.871658645768e+01,  7.389787435532e-01
  3.581599999964e+01,  1.000001668930e+00,  1.871659027238e+01,  7.370283603668e-01
  3.591600000858e+01,  9.999948143959e-01,  1.871659712692e+01,  7.381000518799e-01
  3.601600000262e+01,  9.999569654465e-01,  1.871663497587e+01,  7.383281588554e-01
  3.611599999666e+01,  1.000023722649e+00,  1.871656821866e+01,  7.372120618820e-01
  3.621600000560e+01,  9.999895691872e-01,  1.871660237212e+01,  7.390608787537e-01
  3.631599999964e+01,  1.000002622604e+00,  1.871658931871e+01,  7.367799282074e-01
  3.641600000858e+01,  1.000012516975e+00,  1.871657942434e+01,  7.380256056786e-01
  3.651600000262e+01,  1.000021815300e+00,  1.871657012601e+01,  7.381225824356e-01
  3.661599999666e+01,  9.999834895134e-01,  1.871660845180e+01,  7.361944317818e-01
  3.671600000560e+01,  1.000000119209e+00,  1.871659182210e+01,  7.373795509338e-01
  3.681599999964e+01,  1.000007271767e+00,  1.871658466954e+01,  7.370353937149e-01
  3.691600000858e+01,  1.000005841255e+00,  1.871658610006e+01,  7.373648285866e-01
  3.701600000262e+01,  9.999765157700e-01,  1.871661542554e+01,  7.363774776459e-01
  3.711599999666e+01,  1.000018358231e+00,  1.871657358308e+01,  7.364980578423e-01
  3.721600000560e+01,  1.000004053116e+00,  1.871658788820e+01,  7.358864545822e-01
  3.731599999964e+01,  1.000004529953e+00,  1.871658741136e+01,  7.349672317505e-01
  3.741600000858e+01,  1.000013351440e+00,  1.871657858987e+01,  7.372224926949e-01
  3.751600000262e+01,  9.999729394913e-01,  1.871661900182e+01,  7.357214093208e-01
  3.761599999666e+01,  1.000009775162e+00,  1.871658216615e+01,  7.353833913803e-01
  3.771600000560e+01,  9.999772906303e-01,  1.871661465068e+01,  7.339411973953e-01
  3.781599999964e+01,  9.999792575836e-01,  1.871661268373e+01,  7.336483597755e-01
  3.791600000858e+01,  1.000002264977e+00,  1.871658967634e+01,  7.338668704033e-01
  3.801600000262e+01,  1.000019311905e+00,  1.871657262941e+01,  7.330267429352e-01
  3.811599999666e+01,  1.000033378601e+00,  1.871655856271e+01,  7.367793321609e-01
  3.821600000560e+01,  1.000009298325e+00,  1.871658264299e+01,  7.339298129082e-01
  3.831599999964e+01,  1.000024914742e+00,  1.871656702657e+01,  7.342869043350e-01
  3.841600000858e+01,  1.000026345253e+00,  1.871656559606e+01,  7.342175245285e-01
  3.851600000262e+01,  9.999898672104e-01,  1.871660207410e+01,  7.361730933189e-01
  3.861599999666e+01,  1.000024795532e+00,  1.871656714578e+01,  7.334166169167e-01
  3.871600000560e+01,  9.999923706055e-01,  1.871659957071e+01,  7.359994649887e-01
  3.881599999964e+01,  1.000001549721e+00,  1.871659039159e+01,  7.351902127266e-01
  3.891600000858e+01,  9.999926686287e-01,  1.871659927268e+01,  7.342635989189e-01
  3.901600000262e+01,  1.000023603439e+00,  1.871656833787e+01,  7.343438267708e-01
  3.911599999666e+01,  9.999957680702e-01,  1.871659617324e+01,  7.332735657692e-01
  3.921600000560e+01,  9.999973177910e-01,  1.871659462352e+01,  7.334844470024e-01
  3.931599999964e+01,  9.999960064888e-01,  1.871659593482e+01,  7.319794893265e-01
  3.941600000858e+01,  1.000007390976e+00,  1.871658455034e+01,  7.337579131126e-01
  3.951600000262e+01,  1.000010728836e+00,  1.871658121248e+01,  7.341430783272e-01
  3.961599999666e+01,  1.000021100044e+00,  1.871657084127e+01,  7.318299412727e-01
  3.971600000560e+01,  9.999929070473e-01,  1.871659903426e+01,  7.311288118362e-01
  3.981599999964e+01,  1.000013709068e+00,  1.871657823224e+01,  7.313400506973e-01
  3.991600000858e+01,  1.000015258789e+00,  1.871657668252e+01,  7.315969467163e-01
  4.001600000262e+01,  1.000021934509e+00,  1.871657000680e+01,  7.322090864182e-01
  4.011599999666e+01,  9.999902248383e-01,  1.871660171647e+01,  7.326691746712e-01
  4.021600000560e+01,  1.000028610229e+00,  1.871656333108e+01,  7.333669662476e-01
  4.031599999964e+01,  9.999907016754e-01,  1.871660123964e+01,  7.324398756027e-01
  4.041600000858e+01,  9.999861717224e-01,  1.871660576959e+01,  7.314582467079e-01
  4.051600000262e+01,  1.000001430511e+00,  1.871659051080e+01,  7.341327071190e-01
  4.061599999666e+01,  1.000036478043e+00,  1.871655546327e+01,  7.347461581230e-01
  4.071600000560e+01,  1.000007390976e+00,  1.871658455034e+01,  7.298775315285e-01
  4.081599999964e+01,  1.000000715256e+00,  1.871659122606e+01,  7.328189015388e-01
  4.091600000858e+01,  1.000025987625e+00,  1.871656595369e+01,  7.318241000175e-01
  4.101600000262e+01,  9.999906420708e-01,  1.871660129924e+01,  7.310016751289e-01
  4.111599999666e+01,  1.000000357628e+00,  1.871659158368e+01,  7.288470268250e-01
  4.121600000560e+01,  9.999907016754e-01,  1.871660123964e+01,  7.300995588303e-01
  4.131599999964e+01,  9.999686479568e-01,  1.871662329335e+01,  7.320355772972e-01
  4.141600000858e+01,  1.000020503998e+00,  1.871657143731e+01,  7.323406338692e-01
  4.151600000262e+01,  9.999897480011e-01,  1.871660219331e+01,  7.326525449753e-01
  4.161599999666e+01,  9.999872446060e-01,  1.871660469671e+01,  7.318123579025e-01
  4.171600000560e+01,  9.999545812607e-01,  1.871663736005e+01,  7.302729487419e-01
  4.181599999964e+01,  1.000003218651e+00,  1.871658872266e+01,  7.296785712242e-01
  4.191600000858e+01,  1.000005006790e+00,  1.871658693452e+01,  7.302132844925e-01
  4.201600000262e+01,  1.000011682510e+00,  1.871658025880e+01,  7.290592193604e-01
  4.211599999666e+01,  1.000004649162e+00,  1.871658729215e+01,  7.301937937737e-01
  4.221600000560e+01,  9.999983310699e-01,  1.871659361024e+01,  7.283457517624e-01
  4.231599999964e+01,  1.000007867813e+00,  1.871658407350e+01,  7.298959493637e-01
  4.241600000858e+01,  9.999965429306e-01,  1.871659539838e+01,  7.316431403160e-01
  4.251600000262e+01,  1.000027418137e+00,  1.871656452317e+01,  7.288928031921e-01
  4.261599999666e+01,  1.000012397766e+00,  1.871657954355e+01,  7.280475497246e-01
  4.271600000560e+01,  1.000000953674e+00,  1.871659098764e+01,  7.264611124992e-01
  4.281599999964e+01,  1.000001549721e+00,  1.871659039159e+01,  7.286529541016e-01
  4.291600000858e+01,  1.000009775162e+00,  1.871658216615e+01,  7.281811833382e-01
  4.301600000262e+01,  9.999960660934e-01,  1.871659587522e+01,  7.275559902191e-01
  4.311599999666e+01,  1.000014066696e+00,  1.871657787462e+01,  7.289913296700e-01
  4.321600000560e+01,  1.000017166138e+00,  1.871657477517e+01,  7.279922962189e-01
  4.331599999964e+01,  1.000024437904e+00,  1.871656750341e+01,  7.264324426651e-01
  4.341600000858e+01,  1.000004649162e+00,  1.871658729215e+01,  7.283399105072e-01
  4.351600000262e+01,  1.000007390976e+00,  1.871658455034e+01,  7.273072004318e-01
  4.361599999666e+01,  1.000005960464e+00,  1.871658598085e+01,  7.295293211937e-01
  4.371600000560e+01,  1.000010251999e+00,  1.871658168931e+01,  7.299500703812e-01
  4.381599999964e+01,  9.999996423721e-01,  1.871659229894e+01,  7.293781638145e-01
  4.391600000858e+01,  9.999898672104e-01,  1.871660207410e+01,  7.299541831017e-01
  4.401600000262e+01,  1.000018119812e+00,  1.871657382150e+01,  7.299643158913e-01
  4.411599999666e+01,  1.000016570091e+00,  1.871657537122e+01,  7.280297279358e-01
  4.421600000560e+01,  9.999992251396e-01,  1.871659271617e+01,  7.289737462997e-01
  4.431599999964e+01,  9.999874830246e-01,  1.871660445829e+01,  7.278643250465e-01
  4.441600000858e+01,  1.000010728836e+00,  1.871658121248e+01,  7.257411479950e-01
  4.451600000262e+01,  9.999948740005e-01,  1.871659706731e+01,  7.271972298622e-01
  4.461599999666e+01,  1.000008106232e+00,  1.871658383508e+01,  7.266396880150e-01
  4.471600000560e+01,  1.000008821487e+00,  1.871658311982e+01,  7.265282273293e-01
  4.481599999964e+01,  1.000011444092e+00,  1.871658049722e+01,  7.261357307434e-01
  4.491600000858e+01,  1.000010132790e+00,  1.871658180852e+01,  7.280246019363e-01
  4.501600000262e+01,  1.000026941299e+00,  1.871656500001e+01,  7.245777249336e-01
  4.511599999666e+01,  9.999995231628e-01,  1.871659241815e+01,  7.277054786682e-01
  4.521600000560e+01,  1.000049829483e+00,  1.871654211183e+01,  7.273790240288e-01
  4.531599999964e+01,  1.000010132790e+00,  1.871658180852e+01,  7.278082966805e-01
  4.541600000858e+01,  9.999933838844e-01,  1.871659855743e+01,  7.254342436790e-01
  4.551600000262e+01,  1.000003933907e+00,  1.871658800741e+01,  7.260034084320e-01
  4.561599999666e+01,  1.000013589859e+00,  1.871657835145e+01,  7.235794067383e-01
  4.571600000560e+01,  9.999991655350e-01,  1.871659277578e+01,  7.225877642632e-01
  4.581599999964e+01,  9.999640583992e-01,  1.871662788291e+01,  7.239587903023e-01
  4.591600000858e+01,  1.000001311302e+00,  1.871659063001e+01,  7.250376343727e-01
  4.601600000262e+01,  9.999809265137e-01,  1.871661101480e+01,  7.225008010864e-01
  4.611599999666e+01,  1.000027298927e+00,  1.871656464238e+01,  7.259982824326e-01
  4.621600000560e+01,  1.000033736229e+00,  1.871655820508e+01,  7.228567600250e-01
  4.631599999964e+01,  9.999773502350e-01,  1.871661459108e+01,  7.238288521767e-01
  4.641600000858e+01,  9.999823570251e-01,  1.871660958429e+01,  7.239812612534e-01
  4.651600000262e+01,  9.999834895134e-01,  1.871660845180e+01,  7.211343050003e-01
  4.661599999666e+01,  9.999953508377e-01,  1.871659659047e+01,  7.238752841949e-01
  4.671600000560e+01,  1.000015139580e+00,  1.871657680173e+01,  7.222896218300e-01
  4.681599999964e+01,  9.999894499779e-01,  1.871660249133e+01,  7.227367758751e-01
  4.691600000858e+01,  9.999972581863e-01,  1.871659468313e+01,  7.218195199966e-01
  4.701600000262e+01,  1.000010609627e+00,  1.871658133168e+01,  7.224304080009e-01
  4.711599999666e+01,  9.999856352806e-01,  1.871660630603e+01,  7.226433753967e-01
  4.721600000560e+01,  1.000012516975e+00,  1.871657942434e+01,  7.248407006264e-01
  4.731599999964e+01,  9.999794363976e-01,  1.871661250491e+01,  7.221968770027e-01
  4.741600000858e+01,  9.999988675117e-01,  1.871659307380e+01,  7.241500616074e-01
  4.751600000262e+01,  9.999865889549e-01,  1.871660535236e+01,  7.231463789940e-01
  4.761599999666e+01,  1.000015974045e+00,  1.871657596727e+01,  7.194877266884e-01
  4.771600000560e+01,  9.999952316284e-01,  1.871659670968e+01,  7.214446067810e-01
  4.781599999964e+01,  1.000012397766e+00,  1.871657954355e+01,  7.211851477623e-01
  4.791600000858e+01,  9.999757409096e-01,  1.871661620040e+01,  7.224112749100e-01
  4.801600000262e+01,  1.000004053116e+00,  1.871658788820e+01,  7.201303243637e-01
  4.811599999666e+01,  9.999860525131e-01,  1.871660588880e+01,  7.202098369598e-01
  4.821600000560e+01,  1.000006198883e+00,  1.871658574243e+01,  7.193215489388e-01
  4.831599999964e+01,  9.999940991402e-01,  1.871659784217e+01,  7.212145924568e-01
  4.841600000858e+01,  9.999834895134e-01,  1.871660845180e+01,  7.213570475578e-01
  4.851600000262e+01,  9.999985098839e-01,  1.871659343143e+01,  7.195150852203e-01
  4.861599999666e+01,  9.999963641167e-01,  1.871659557719e+01,  7.195446491241e-01
  4.871600000560e+01,  1.000013709068e+00,  1.871657823224e+01,  7.213162779808e-01
  4.881599999964e+01,  1.000011444092e+00,  1.871658049722e+01,  7.182487249374e-01
  4.891600000858e+01,  9.999886155128e-01,  1.871660332580e+01,  7.213428616524e-01
  4.901600000262e+01,  9.999933242798e-01,  1.871659861703e+01,  7.185080647469e-01
  4.911599999666e+01,  1.000012755394e+00,  1.871657918592e+01,  7.188900113106e-01
  4.921600000560e+01,  9.999807476997e-01,  1.871661119361e+01,  7.203897833824e-01
  4.931599999964e+01,  9.999939799309e-01,  1.871659796138e+01,  7.211968302727e-01
  4.941600000858e+01,  1.000014066696e+00,  1.871657787462e+01,  7.190150618553e-01
  4.951600000262e+01,  1.000005006790e+00,  1.871658693452e+01,  7.213649749756e-01
  4.961599999666e+01,  1.000019788742e+00,  1.871657215257e+01,  7.185000777245e-01
  4.971600000560e+01,  1.000003457069e+00,  1.871658848424e+01,  7.196535468102e-01
  4.981599999964e+01,  9.999847412109e-01,  1.871660720010e+01,  7.197584509850e-01
  4.991600000858e+01,  1.000019192696e+00,  1.871657274862e+01,  7.190610170364e-01
  5.001600000262e+01,  1.000013947487e+00,  1.871657799382e+01,  7.209808230400e-01
  5.011599999666e+01,  9.999747276306e-01,  1.871661721368e+01,  7.193933129311e-01
  5.021600000560e+01,  9.999887347221e-01,  1.871660320659e+01,  7.203106284142e-01
  5.031599999964e+01,  1.000008821487e+00,  1.871658311982e+01,  7.176348567009e-01
  5.041600000858e+01,  9.999899864197e-01,  1.871660195489e+01,  7.172138690948e-01
  5.051600000262e+01,  9.999994635582e-01,  1.871659247775e+01,  7.171016335487e-01
  5.061599999666e+01,  1.000012993813e+00,  1.871657894750e+01,  7.182516455650e-01
  5.071600000560e+01,  9.999952912331e-01,  1.871659665008e+01,  7.193903326988e-01
  5.081599999964e+01,  9.999991655350e-01,  1.871659277578e+01,  7.206081748009e-01
  5.091600000858e+01,  9.999759793282e-01,  1.871661596198e+01,  7.204705476761e-01
  5.101600000262e+01,  9.999893307686e-01,  1.871660261054e+01,  7.169893383980e-01
  5.111599999666e+01,  9.999847412109e-01,  1.871660720010e+01,  7.179723381996e-01
  5.121600000560e+01,  1.000004649162e+00,  1.871658729215e+01,  7.182170748711e-01
  5.131599999964e+01,  9.999907016754e-01,  1.871660123964e+01,  7.163827419281e-01
  5.141600000858e+01,  9.999887943268e-01,  1.871660314698e+01,  7.168360352516e-01
  5.151600000262e+01,  1.000015735626e+00,  1.871657620569e+01,  7.176869511604e-01
  5.161599999666e+01,  9.999916553497e-01,  1.871660028596e+01,  7.171832919121e-01
  5.171600000560e+01,  9.999942183495e-01,  1.871659772296e+01,  7.160745263100e-01
  5.181599999964e+01,  9.999710917473e-01,  1.871662084956e+01,  7.176776528358e-01
  5.191600000858e+01,  9.999997019768e-01,  1.871659223933e+01,  7.187150120735e-01
  5.201600000262e+01,  9.999863505363e-01,  1.871660559078e+01,  7.163140177727e-01
  5.211599999666e+01,  9.999840855598e-01,  1.871660785575e+01,  7.193434834480e-01
  5.221600000560e+01,  1.000005245209e+00,  1.871658669610e+01,  7.161930799484e-01
  5.231599999964e+01,  1.000014424324e+00,  1.871657751699e+01,  7.155830264091e-01
  5.241600000858e+01,  1.000008821487e+00,  1.871658311982e+01,  7.135230302811e-01
  5.251600000262e+01,  1.000024914742e+00,  1.871656702657e+01,  7.151168584824e-01
  5.261599999666e+01,  9.999853968620e-01,  1.871660654445e+01,  7.159977555275e-01
  5.271600000560e+01,  1.000003099442e+00,  1.871658884187e+01,  7.152465581894e-01
  5.281599999964e+01,  9.999718070030e-01,  1.871662013431e+01,  7.135016918182e-01
  5.291600000858e+01,  9.999934434891e-01,  1.871659849782e+01,  7.143718004227e-01
  5.301600000262e+01,  1.000001430511e+00,  1.871659051080e+01,  7.136953473091e-01
  5.311599999666e+01,  9.999965429306e-01,  1.871659539838e+01,  7.118703126907e-01
  5.321600000560e+01,  1.000000834465e+00,  1.871659110685e+01,  7.122671008110e-01
  5.331599999964e+01,  1.000007033348e+00,  1.871658490796e+01,  7.127463817596e-01
  5.341600000858e+01,  9.999967217445e-01,  1.871659521957e+01,  7.113723754883e-01
  5.351600000262e+01,  1.000012874603e+00,  1.871657906671e+01,  7.128903269768e-01
  5.361599999666e+01,  9.999971389771e-01,  1.871659480233e+01,  7.125154137611e-01
  5.371600000560e+01,  1.000027894974e+00,  1.871656404634e+01,  7.166582942009e-01
  5.381599999964e+01,  1.000039577484e+00,  1.871655236383e+01,  7.133607864380e-01
  5.391600000858e+01,  1.000008702278e+00,  1.871658323903e+01,  7.130706906319e-01
  5.401600000262e+01,  9.999891519547e-01,  1.871660278936e+01,  7.138282060623e-01
  5.411599999666e+01,  9.999669790268e-01,  1.871662496228e+01,  7.121273875237e-01
  5.421600000560e+01,  1.000005722046e+00,  1.871658621927e+01,  7.141699790955e-01
  5.431599999964e+01,  9.999695420265e-01,  1.871662239929e+01,  7.129975557327e-01
  5.441600000858e+01,  1.000006794930e+00,  1.871658514638e+01,  7.156397700310e-01
  5.451600000262e+01,  1.000023841858e+00,  1.871656809945e+01,  7.143673300743e-01
  5.461599999666e+01,  1.000008583069e+00,  1.871658335824e+01,  7.140810489655e-01
  5.471600000560e+01,  1.000032544136e+00,  1.871655939718e+01,  7.141217589378e-01
  5.481599999964e+01,  1.000015616417e+00,  1.871657632489e+01,  7.134905457497e-01
  5.491600000858e+01,  1.000014901161e+00,  1.871657704015e+01,  7.134225964546e-01
  5.501600000262e+01,  9.999922513962e-01,  1.871659968992e+01,  7.139585018158e-01
  5.511599999666e+01,  1.000030159950e+00,  1.871656178136e+01,  7.135572433472e-01
  5.521600000560e+01,  1.000021100044e+00,  1.871657084127e+01,  7.135504484177e-01
  5.531599999964e+01,  1.000044345856e+00,  1.871654759546e+01,  7.111194729805e-01
  5.541600000858e+01,  1.000014305115e+00,  1.871657763620e+01,  7.112261056900e-01
  5.551600000262e+01,  1.000036597252e+00,  1.871655534406e+01,  7.117984294891e-01
  5.561599999666e+01,  9.999974370003e-01,  1.871659450431e+01,  7.119411230087e-01
  5.571600000560e+01,  1.000014066696e+00,  1.871657787462e+01,  7.128649353981e-01
  5.581599999964e+01,  1.000017285347e+00,  1.871657465596e+01,  7.118487954140e-01
  5.591600000858e+01,  9.999796748161e-01,  1.871661226650e+01,  7.130294442177e-01
  5.601600000262e+01,  9.999875426292e-01,  1.871660439868e+01,  7.133520841599e-01
  5.611599999666e+01,  9.999926090240e-01,  1.871659933229e+01,  7.118878364563e-01
  5.621600000560e+01,  1.000023126602e+00,  1.871656881471e+01,  7.105939984322e-01
  5.631599999964e+01,  9.999873042107e-01,  1.871660463710e+01,  7.099193930626e-01
  5.641600000858e+01,  9.999818801880e-01,  1.871661006112e+01,  7.098421454430e-01
  5.651600000262e+01,  1.000005245209e+00,  1.871658669610e+01,  7.123647332191e-01
  5.661599999666e+01,  1.000003933907e+00,  1.871658800741e+01,  7.094725370407e-01
  5.671600000560e+01,  1.000001311302e+00,  1.871659063001e+01,  7.071764469147e-01
  5.681599999964e+01,  9.999818205833e-01,  1.871661012073e+01,  7.090523242950e-01
  5.691600000858e+01,  9.999988079071e-01,  1.871659313340e+01,  7.091978788376e-01
  5.701600000262e+01,  1.000000119209e+00,  1.871659182210e+01,  7.072349786758e-01
  5.711599999666e+01,  9.999911189079e-01,  1.871660082240e+01,  7.082757353783e-01
  5.721600000560e+01,  1.000011920929e+00,  1.871658002038e+01,  7.097324728966e-01
  5.731599999964e+01,  9.999977350235e-01,  1.871659420629e+01,  7.082182168961e-01
  5.741600000858e+01,  1.000006794930e+00,  1.871658514638e+01,  7.091134786606e-01
  5.751600000262e+01,  1.000014662743e+00,  1.871657727857e+01,  7.092037200928e-01
  5.761599999666e+01,  9.999960660934e-01,  1.871659587522e+01,  7.083547115326e-01
  5.771600000560e+01,  1.000030040741e+00,  1.871656190057e+01,  7.111577391624e-01
  5.781599999964e+01,  9.999887943268e-01,  1.871660314698e+01,  7.097967267036e-01
  5.791600000858e+01,  9.999988079071e-01,  1.871659313340e+01,  7.085217237473e-01
  5.801600000262e+01,  9.999908804893e-01,  1.871660106082e+01,  7.103444337845e-01
  5.811599999666e+01,  9.999994635582e-01,  1.871659247775e+01,  7.101075649261e-01
  5.821600000560e+01,  9.999887943268e-01,  1.871660314698e+01,  7.098932862282e-01
  5.831599999964e+01,  9.999706149101e-01,  1.871662132640e+01,  7.081879973412e-01
  5.841600000858e+01,  9.999934434891e-01,  1.871659849782e+01,  7.082338929176e-01
  5.851600000262e+01,  1.000009536743e+00,  1.871658240457e+01,  7.074552774429e-01
  5.861599999666e+01,  9.999896883965e-01,  1.871660225292e+01,  7.091708183289e-01
  5.871600000560e+01,  1.000026941299e+00,  1.871656500001e+01,  7.084819674492e-01
  5.881599999964e+01,  1.000002980232e+00,  1.871658896108e+01,  7.086361646652e-01
  5.891600000858e+01,  1.000005483627e+00,  1.871658645768e+01,  7.074515819550e-01
  5.901600000262e+01,  1.000019669533e+00,  1.871657227178e+01,  7.083177566528e-01
  5.911599999666e+01,  1.000009417534e+00,  1.871658252378e+01,  7.099892497063e-01
  5.921600000560e+01,  9.999886751175e-01,  1.871660326619e+01,  7.096958756447e-01
  5.931599999964e+01,  1.000000357628e+00,  1.871659158368e+01,  7.090174555779e-01
  5.941600000858e+01,  1.000017881393e+00,  1.871657405992e+01,  7.077841162682e-01
  5.951600000262e+01,  9.999814629555e-01,  1.871661047836e+01,  7.084111571312e-01
  5.961599999666e+01,  9.999976754189e-01,  1.871659426589e+01,  7.085290551186e-01
  5.971600000560e+01,  9.999616146088e-01,  1.871663032670e+01,  7.096983790398e-01
  5.981599999964e+01,  1.000001311302e+00,  1.871659063001e+01,  7.075251936913e-01
  5.991600000858e+01,  1.000004887581e+00,  1.871658705373e+01,  7.074980139732e-01
  6.001600000262e+01,  1.000015616417e+00,  1.871657632489e+01,  7.073638439178e-01
  6.011599999666e+01,  1.000007867813e+00,  1.871658407350e+01,  7.080072760582e-01
  6.021600000560e+01,  1.000004053116e+00,  1.871658788820e+01,  7.083377838135e-01
  6.031599999964e+01,  9.999829530716e-01,  1.871660898824e+01,  7.074502706528e-01
  6.041600000858e+01,  9.999989867210e-01,  1.871659295459e+01,  7.072450518608e-01
  6.051600000262e+01,  1.000030636787e+00,  1.871656130452e+01,  7.072700858116e-01
  6.061599999666e+01,  9.999914169312e-01,  1.871660052438e+01,  7.081227302551e-01
  6.071600000560e+01,  1.000015258789e+00,  1.871657668252e+01,  7.056533694267e-01
  6.081599999964e+01,  9.999992251396e-01,  1.871659271617e+01,  7.081845998764e-01
  6.091600000858e+01,  1.000007510185e+00,  1.871658443113e+01,  7.069194912910e-01
  6.101600000262e+01,  9.999890327454e-01,  1.871660290857e+01,  7.056727409363e-01
  6.111599999666e+01,  1.000006675720e+00,  1.871658526559e+01,  7.064223289490e-01
  6.121600000560e+01,  1.000022888184e+00,  1.871656905313e+01,  7.048630714417e-01
  6.131599999964e+01,  9.999843239784e-01,  1.871660761733e+01,  7.052777409554e-01
  6.141600000858e+01,  1.000017404556e+00,  1.871657453676e+01,  7.056905627251e-01
  6.150499999523e+01,  9.999914169312e-01,  1.871660052438e+01,  7.056213021278e-01
  6.150599999726e+01,  9.999930262566e-01,  1.871659891506e+01,  7.056177854538e-01
  6.150900000334e+01,  9.999913573265e-01,  1.871660058399e+01,  7.054898738861e-01
  6.160899999738e+01,  9.999452829361e-01,  1.871664665838e+01,  7.066670656204e-01
  6.169449999928e+01,  9.898712635040e-01,  1.872672067781e+01,  6.980941891670e-01
  6.171400000155e+01,  9.798643589020e-01,  1.873672758241e+01,  6.742637753487e-01
  6.172400000691e+01,  9.697401523590e-01,  1.874685178895e+01,  6.579549908638e-01
  6.173149999976e+01,  9.595587253571e-01,  1.875703321595e+01,  6.544426083565e-01
  6.173849999905e+01,  9.488470554352e-01,  1.876774488588e+01,  6.464985013008e-01
  6.174500000477e+01,  9.382383823395e-01,  1.877835355897e+01,  6.386135220528e-01
  6.175100000203e+01,  9.281446933746e-01,  1.878844724794e+01,  6.299923062325e-01
  6.175699999928e+01,  9.180243015289e-01,  1.879856763978e+01,  6.231563687325e-01
  6.176350000501e+01,  9.074232578278e-01,  1.880916868348e+01,  6.136234402657e-01
  6.177050000429e+01,  8.969175815582e-01,  1.881967435975e+01,  6.091254353523e-01
  6.177850000560e+01,  8.864424228668e-01,  1.883014951844e+01,  5.866721272469e-01
  6.178700000048e+01,  8.760931491852e-01,  1.884049879213e+01,  5.648368000984e-01
  6.179549999535e+01,  8.656332492828e-01,  1.885095869203e+01,  5.486662983894e-01
  6.180349999666e+01,  8.554708957672e-01,  1.886112104554e+01,  5.351698994637e-01
  6.181149999797e+01,  8.448830842972e-01,  1.887170885701e+01,  5.181412696838e-01
  6.181900000572e+01,  8.342515230179e-01,  1.888234041829e+01,  5.064129829407e-01
  6.182600000501e+01,  8.239632844925e-01,  1.889262865682e+01,  5.026285648346e-01
  6.183300000429e+01,  8.139115571976e-01,  1.890268038411e+01,  4.951593577862e-01
  6.184049999714e+01,  8.037835359573e-01,  1.891280840535e+01,  4.873163402081e-01
  6.184900000691e+01,  7.934457063675e-01,  1.892314623494e+01,  4.756395518780e-01
  6.185850000381e+01,  7.833329439163e-01,  1.893325899740e+01,  4.643366038799e-01
  6.187000000477e+01,  7.732430696487e-01,  1.894334887166e+01,  4.497034251690e-01
  6.188300000131e+01,  7.631398439407e-01,  1.895345209737e+01,  4.262163341045e-01
  6.189450000226e+01,  7.530270814896e-01,  1.896356485982e+01,  4.117452800274e-01
  6.190500000119e+01,  7.425233125687e-01,  1.897406862874e+01,  4.038545787334e-01
  6.191449999809e+01,  7.324105501175e-01,  1.898418139119e+01,  3.972742259502e-01
  6.192399999499e+01,  7.223206758499e-01,  1.899427126546e+01,  3.884088695049e-01
  6.193400000036e+01,  7.120438814163e-01,  1.900454805990e+01,  3.784429728985e-01
  6.194449999928e+01,  7.017842531204e-01,  1.901480768819e+01,  3.675348460674e-01
  6.195550000668e+01,  6.915684938431e-01,  1.902502344747e+01,  3.562261760235e-01
  6.196700000763e+01,  6.811410188675e-01,  1.903545092244e+01,  3.425466716290e-01
  6.197800000012e+01,  6.709481477737e-01,  1.904564379354e+01,  3.321458995342e-01
  6.198849999905e+01,  6.608506441116e-01,  1.905574129720e+01,  3.222524821758e-01
  6.199899999797e+01,  6.504021883011e-01,  1.906618975301e+01,  3.113195598125e-01
  6.200900000334e+01,  6.399346590042e-01,  1.907665728231e+01,  3.010790050030e-01
  6.201850000024e+01,  6.296197175980e-01,  1.908697222371e+01,  2.936117351055e-01
  6.202799999714e+01,  6.191064119339e-01,  1.909748552938e+01,  2.864286601543e-01
  6.203750000894e+01,  6.086426973343e-01,  1.910794924398e+01,  2.783224284649e-01
  6.204700000584e+01,  5.983659029007e-01,  1.911822603841e+01,  2.698824107647e-01
  6.205699999630e+01,  5.879479646683e-01,  1.912864397664e+01,  2.633030116558e-01
  6.206749999523e+01,  5.775212645531e-01,  1.913907067676e+01,  2.530927062035e-01
  6.207800000906e+01,  5.673665404320e-01,  1.914922540088e+01,  2.423390746117e-01
  6.208850000799e+01,  5.571851134300e-01,  1.915940682788e+01,  2.324609160423e-01
  6.209900000691e+01,  5.467290282249e-01,  1.916986291309e+01,  2.246369719505e-01
  6.210899999738e+01,  5.365552306175e-01,  1.918003671069e+01,  2.172364592552e-01
  6.211900000274e+01,  5.262975096703e-01,  1.919029443164e+01,  2.118234038353e-01
  6.212900000811e+01,  5.162457823753e-01,  1.920034615894e+01,  2.054547667503e-01
  6.213950000703e+01,  5.059003233910e-01,  1.921069161792e+01,  1.966771483421e-01
  6.215000000596e+01,  4.956025481224e-01,  1.922098939319e+01,  1.870526671410e-01
  6.216050000489e+01,  4.851350188255e-01,  1.923145692249e+01,  1.788796782494e-01
  6.217049999535e+01,  4.750337004662e-01,  1.924155824085e+01,  1.705560088158e-01
  6.218050000072e+01,  4.647912383080e-01,  1.925180070300e+01,  1.628445982933e-01
  6.219050000608e+01,  4.545678496361e-01,  1.926202409168e+01,  1.572198271751e-01
  6.220100000501e+01,  4.440965056419e-01,  1.927249543567e+01,  1.497411131859e-01
  6.221150000393e+01,  4.338845610619e-01,  1.928270738025e+01,  1.396970152855e-01
  6.222200000286e+01,  4.235238432884e-01,  1.929306809802e+01,  1.305264830589e-01
  6.223200000823e+01,  4.134606719017e-01,  1.930313126941e+01,  1.250247359276e-01
  6.224199999869e+01,  4.033555388451e-01,  1.931323640247e+01,  1.174792721868e-01
  6.225200000405e+01,  3.932732939720e-01,  1.932331864734e+01,  1.114863827825e-01
  6.226250000298e+01,  3.827943205833e-01,  1.933379762073e+01,  1.056603863835e-01
  6.227300000191e+01,  3.725022673607e-01,  1.934408967395e+01,  1.008271649480e-01
  6.228350000083e+01,  3.623360991478e-01,  1.935425584216e+01,  9.388060122728e-02
  6.229399999976e+01,  3.521909117699e-01,  1.936440102954e+01,  8.840937167406e-02
  6.230449999869e+01,  3.419370055199e-01,  1.937465493579e+01,  8.182138949633e-02
  6.231499999762e+01,  3.315684795380e-01,  1.938502346177e+01,  7.579869776964e-02
  6.232549999654e+01,  3.211238384247e-01,  1.939546810289e+01,  6.940717250109e-02
  6.233550000191e+01,  3.110721111298e-01,  1.940551983018e+01,  6.317967921495e-02
  6.234550000727e+01,  3.009250164032e-01,  1.941566692491e+01,  5.692357942462e-02
  6.235549999774e+01,  2.907321453094e-01,  1.942585979600e+01,  5.217332765460e-02
  6.236550000310e+01,  2.805697917938e-01,  1.943602214952e+01,  4.748983308673e-02
  6.237550000846e+01,  2.705028057098e-01,  1.944608913560e+01,  4.069681093097e-02
  6.238549999893e+01,  2.603862285614e-01,  1.945620571275e+01,  3.508729860187e-02
  6.239550000429e+01,  2.501933574677e-01,  1.946639858384e+01,  3.154582902789e-02
  6.240549999475e+01,  2.400653362274e-01,  1.947652660508e+01,  2.631349302828e-02
  6.241550000012e+01,  2.299869060516e-01,  1.948660503526e+01,  2.124662138522e-02
  6.242550000548e+01,  2.198970317841e-01,  1.949669490953e+01,  1.806134916842e-02
  6.243549999595e+01,  2.098872661591e-01,  1.950670467515e+01,  1.381988264620e-02
  6.244599999487e+01,  1.994388103485e-01,  1.951715313096e+01,  8.468816056848e-03
  6.245600000024e+01,  1.894366741180e-01,  1.952715526719e+01,  4.926869645715e-03
  6.246600000560e+01,  1.794002056122e-01,  1.953719173570e+01,  1.474091899581e-03
  6.247599999607e+01,  1.693713665009e-01,  1.954722057481e+01, -1.071264850907e-03
  6.248649999499e+01,  1.589419841766e-01,  1.955764995713e+01, -3.694584360346e-03
  6.249700000882e+01,  1.486270427704e-01,  1.956796489854e+01, -7.404854521155e-03
  6.250750000775e+01,  1.383330821991e-01,  1.957825885911e+01, -1.132207177579e-02
  6.251800000668e+01,  1.279227733612e-01,  1.958866916795e+01, -1.424031518400e-02
  6.252799999714e+01,  1.178863048553e-01,  1.959870563646e+01, -1.739125512540e-02
  6.253800000250e+01,  1.078078746796e-01,  1.960878406663e+01, -1.892464421690e-02
  6.254800000787e+01,  9.772562980652e-02,  1.961886631151e+01, -2.104513905942e-02
  6.255799999833e+01,  8.771967887878e-02,  1.962887226243e+01, -2.207120321691e-02
  6.256849999726e+01,  7.744765281677e-02,  1.963914428849e+01, -2.565834857523e-02
  6.257899999619e+01,  6.722044944763e-02,  1.964937149186e+01, -2.811668254435e-02
  6.258949999511e+01,  5.691313743591e-02,  1.965967880388e+01, -2.943030185997e-02
  6.260000000894e+01,  4.654097557068e-02,  1.967005096574e+01, -2.878773398697e-02
  6.261050000787e+01,  3.629851341248e-02,  1.968029342790e+01, -2.806832082570e-02
  6.262150000036e+01,  2.613043785095e-02,  1.969046150346e+01, -2.407910116017e-02
  6.263449999690e+01,  1.593184471130e-02,  1.970066009660e+01, -2.069594152272e-02
  6.265350000560e+01,  5.737065337598e-03,  1.971085487597e+01, -2.266291715205e-02
  6.266500000656e+01,  2.223729155958e-03,  1.971436821216e+01, -2.582875825465e-02
  6.266600000858e+01,  1.995800994337e-03,  1.971459614032e+01, -2.603522874415e-02
  6.267399999499e+01,  5.099764675833e-04,  1.971608196484e+01, -2.794782258570e-02
  6.267700000107e+01,  8.129984780680e-05,  1.971651064146e+01, -2.906648255885e-02
  6.291099999845e+01, -2.343342872337e-03,  1.971893528418e+01, -3.421092778444e-02
  6.291200000048e+01, -2.336361678317e-03,  1.971892830299e+01, -3.424454480410e-02
