           Test time,     Standard travel,     Tool separation,      Standard force
                 0.0,                 0.0,  2.173256460572e+01, -9.727312251925e-03
                 0.0,                 0.0,  2.173256150628e+01, -9.736655279994e-03
                 0.0,                 0.0,  2.173257599020e+01, -8.888458833098e-03
                 0.0,                 0.0,  2.173257271195e+01, -8.193230256438e-03
                 0.0,                 0.0,  2.173257447029e+01, -8.092379197478e-03
                 0.0,                 0.0,  2.196524208963e+01, -7.898203097284e-03
  0.000000000000e+00,  0.000000000000e+00,  2.196525009711e+01, -7.760754786432e-03
  8.000001311302e-03,  9.202864021063e-06,  2.196524089425e+01, -7.191649638116e-03
  1.100000739098e-02,  5.775596946478e-06,  2.196524432151e+01, -6.972304545343e-03
  1.300001144409e-02,  4.434492439032e-06,  2.196524566262e+01, -6.859651766717e-03
  1.399999856949e-02,  6.181653589010e-06,  2.196524391546e+01, -6.801716051996e-03
  1.140000075102e-01,  1.359402449452e-05,  2.196523650309e+01, -8.832004852593e-03
  2.145000100136e-01,  8.741484634811e-06,  2.196524135563e+01, -7.694027386606e-03
  3.150000125170e-01,  3.739259045688e-05,  2.196521270452e+01, -8.096411824226e-03
  4.155000001192e-01,  1.997370127356e-04,  2.196505036010e+01, -7.283899933100e-03
  4.855000078678e-01,  1.024058647454e-02,  2.195500951064e+01,  2.301612868905e-03
  5.025000125170e-01,  2.054122276604e-02,  2.194470887434e+01,  2.181569673121e-02
  5.120000094175e-01,  3.087142296135e-02,  2.193437867415e+01,  2.690527774394e-02
  5.195000022650e-01,  4.132369160652e-02,  2.192392640550e+01,  2.212212421000e-02
  5.260000079870e-01,  5.135253071785e-02,  2.191389756639e+01,  2.122519351542e-02
  5.324999988079e-01,  6.190016865730e-02,  2.190334992845e+01,  2.192119695246e-02
  5.390000045300e-01,  7.267609238625e-02,  2.189257400472e+01,  2.336438745260e-02
  5.455000102520e-01,  8.339920639992e-02,  2.188185089071e+01,  2.307327836752e-02
  5.520000010729e-01,  9.373322129250e-02,  2.187151687582e+01,  2.487190812826e-02
  5.590000003576e-01,  1.039299070835e-01,  2.186132019003e+01,  2.686663717031e-02
  5.670000016689e-01,  1.144622862339e-01,  2.185078781088e+01,  4.995318502188e-02
  5.750000029802e-01,  1.249832212925e-01,  2.184026687582e+01,  6.308337301016e-02
  5.825000107288e-01,  1.351570188999e-01,  2.183009307821e+01,  7.228060811758e-02
  5.900000035763e-01,  1.455596983433e-01,  2.181969039877e+01,  8.422823995352e-02
  5.975000113249e-01,  1.561988890171e-01,  2.180905120809e+01,  9.254618734121e-02
  6.050000041723e-01,  1.667312681675e-01,  2.179851882894e+01,  1.015984639525e-01
  6.125000119209e-01,  1.767982542515e-01,  2.178845184286e+01,  1.104485616088e-01
  6.210000067949e-01,  1.871627867222e-01,  2.177808731039e+01,  1.237198933959e-01
  6.305000036955e-01,  1.973022520542e-01,  2.176794784506e+01,  1.418091803789e-01
  6.415000110865e-01,  2.076038420200e-01,  2.175764625509e+01,  1.612641364336e-01
  6.535000056028e-01,  2.177566587925e-01,  2.174749343832e+01,  1.877190619707e-01
  6.655000001192e-01,  2.281707823277e-01,  2.173707931478e+01,  2.098290473223e-01
  6.765000075102e-01,  2.384780943394e-01,  2.172677200277e+01,  2.288224250078e-01
  6.870000064373e-01,  2.487434446812e-01,  2.171650665243e+01,  2.475831061602e-01
  6.975000053644e-01,  2.591690123081e-01,  2.170608108480e+01,  2.675683200359e-01
  7.080000042915e-01,  2.696365416050e-01,  2.169561355551e+01,  2.907082736492e-01
  7.180000096560e-01,  2.797416746616e-01,  2.168550842245e+01,  3.146416842937e-01
  7.280000001192e-01,  2.902320921421e-01,  2.167501800497e+01,  3.385140597820e-01
  7.375000119209e-01,  3.005851805210e-01,  2.166466491659e+01,  3.602959811687e-01
  7.470000088215e-01,  3.109840452671e-01,  2.165426605184e+01,  3.830010592937e-01
  7.565000057220e-01,  3.212036192417e-01,  2.164404647787e+01,  4.052941501141e-01
  7.665000110865e-01,  3.316062986851e-01,  2.163364379843e+01,  4.286935031414e-01
  7.770000100136e-01,  3.420089781284e-01,  2.162324111898e+01,  4.536263644695e-01
  7.875000089407e-01,  3.520534634590e-01,  2.161319663365e+01,  4.815826416016e-01
  7.980000078678e-01,  3.622120022774e-01,  2.160303809483e+01,  5.078964233398e-01
  8.085000067949e-01,  3.726032376289e-01,  2.159264685948e+01,  5.334625244141e-01
  8.185000121593e-01,  3.826282620430e-01,  2.158262183507e+01,  5.605163574219e-01
  8.285000026226e-01,  3.926723599434e-01,  2.157257773717e+01,  5.870742797852e-01
  8.390000015497e-01,  4.031627774239e-01,  2.156208731969e+01,  6.154632568359e-01
  8.495000004768e-01,  4.136112332344e-01,  2.155163886388e+01,  6.455764770508e-01
  8.599999994040e-01,  4.240749478340e-01,  2.154117514928e+01,  6.764450073242e-01
  8.704999983311e-01,  4.345424771309e-01,  2.153070761998e+01,  7.062149047852e-01
  8.805000036955e-01,  4.445560574532e-01,  2.152069403966e+01,  7.359848022461e-01
  8.905000090599e-01,  4.546039700508e-01,  2.151064612706e+01,  7.653579711914e-01
  9.004999995232e-01,  4.646175503731e-01,  2.150063254674e+01,  7.958755493164e-01
  9.109999984503e-01,  4.750087857246e-01,  2.149024131139e+01,  8.276443481445e-01
  9.215000122786e-01,  4.853885769844e-01,  2.147986152013e+01,  8.598327636719e-01
  9.320000112057e-01,  4.957531094551e-01,  2.146949698766e+01,  8.920364379883e-01
  9.425000101328e-01,  5.060871243477e-01,  2.145916297276e+01,  9.242248535156e-01
  9.530000090599e-01,  5.163791775703e-01,  2.144887091954e+01,  9.575653076172e-01
  9.635000079870e-01,  5.266903042793e-01,  2.143855979283e+01,  9.924163818359e-01
  9.740000069141e-01,  5.370166897774e-01,  2.142823340733e+01,  1.026924133301e+00
  9.845000058413e-01,  5.473697781563e-01,  2.141788031895e+01,  1.061325073242e+00
  9.950000047684e-01,  5.577228665352e-01,  2.140752723058e+01,  1.096321105957e+00
  1.005500003695e+00,  5.680721402168e-01,  2.139717795689e+01,  1.130355834961e+00
  1.016000002623e+00,  5.784404873848e-01,  2.138680960973e+01,  1.165405273438e+00
  1.026500001550e+00,  5.888736844063e-01,  2.137637641270e+01,  1.200157165527e+00
  1.037000000477e+00,  5.993392467499e-01,  2.136591085036e+01,  1.236826300621e+00
  1.047499999404e+00,  6.098296642303e-01,  2.135542043288e+01,  1.272661566734e+00
  1.057500004768e+00,  6.198852062225e-01,  2.134536489089e+01,  1.307237982750e+00
  1.067500010133e+00,  6.299521923065e-01,  2.133529790480e+01,  1.341249823570e+00
  1.077500000596e+00,  6.399848461151e-01,  2.132526525100e+01,  1.375284552574e+00
  1.087999999523e+00,  6.504256725311e-01,  2.131482442458e+01,  1.410616278648e+00
  1.098499998450e+00,  6.608092784882e-01,  2.130444081862e+01,  1.446825385094e+00
  1.109000012279e+00,  6.712119579315e-01,  2.129403813918e+01,  1.482698798180e+00
  1.119000002742e+00,  6.812179088593e-01,  2.128403218825e+01,  1.519411444664e+00
  1.129000008106e+00,  6.913688182831e-01,  2.127388127883e+01,  1.556261420250e+00
  1.138999998569e+00,  7.017257213593e-01,  2.126352437575e+01,  1.592943549156e+00
  1.149000003934e+00,  7.121512889862e-01,  2.125309880812e+01,  1.629495978355e+00
  1.159000009298e+00,  7.224471569061e-01,  2.124280294020e+01,  1.666635870934e+00
  1.168999999762e+00,  7.324607372284e-01,  2.123278935988e+01,  1.702074408531e+00
  1.179499998689e+00,  7.426936626434e-01,  2.122255643447e+01,  1.739931464195e+00
  1.190000012517e+00,  7.527873516083e-01,  2.121246274550e+01,  1.777735114098e+00
  1.200500011444e+00,  7.629382610321e-01,  2.120231183608e+01,  1.814585089684e+00
  1.211000010371e+00,  7.732398509979e-01,  2.119201024611e+01,  1.850283026695e+00
  1.221500009298e+00,  7.836539745331e-01,  2.118159612258e+01,  1.886461615562e+00
  1.232000008225e+00,  7.941253185272e-01,  2.117112477858e+01,  1.923670172691e+00
  1.242500007153e+00,  8.045661449432e-01,  2.116068395217e+01,  1.961359381676e+00
  1.253000006080e+00,  8.149917125702e-01,  2.115025838454e+01,  2.000223398209e+00
  1.263500005007e+00,  8.254630565643e-01,  2.113978704055e+01,  2.040605783463e+00
  1.273500010371e+00,  8.355185985565e-01,  2.112973149855e+01,  2.076555490494e+00
  1.283500000834e+00,  8.455741405487e-01,  2.111967595656e+01,  2.112917184830e+00
  1.293500006199e+00,  8.555766344070e-01,  2.110967346270e+01,  2.149560689926e+00
  1.304000005126e+00,  8.659907579422e-01,  2.109925933917e+01,  2.188066244125e+00
  1.314500004053e+00,  8.763171434402e-01,  2.108893295367e+01,  2.226236104965e+00
  1.325000002980e+00,  8.866511583328e-01,  2.107859893878e+01,  2.265008687973e+00
  1.335500001907e+00,  8.970690965652e-01,  2.106818100055e+01,  2.302972555161e+00
  1.346000000834e+00,  9.075328111649e-01,  2.105771728595e+01,  2.341165304184e+00
  1.356000006199e+00,  9.175845384598e-01,  2.104766555865e+01,  2.376733541489e+00
  1.366000011563e+00,  9.276591539383e-01,  2.103759094317e+01,  2.411599874496e+00
  1.376000002027e+00,  9.377185106277e-01,  2.102753158648e+01,  2.448343038559e+00
  1.386000007391e+00,  9.477740526199e-01,  2.101747604449e+01,  2.486139059067e+00
  1.395999997854e+00,  9.577838182449e-01,  2.100746627887e+01,  2.523027181625e+00
  1.406500011683e+00,  9.679156541824e-01,  2.099733444293e+01,  2.559953451157e+00
  1.418000012636e+00,  9.780780076981e-01,  2.098717208941e+01,  2.595666646957e+00
  1.432000011206e+00,  9.882117509842e-01,  2.097703834613e+01,  2.629724264145e+00
  1.452000007033e+00,  9.972268342972e-01,  2.096802326281e+01,  2.660836935043e+00
  1.552500009537e+00,  1.003698587418e+00,  2.096155150969e+01,  2.666527748108e+00
  1.653000012040e+00,  1.003086924553e+00,  2.096216317256e+01,  2.647988319397e+00
  1.753499999642e+00,  1.002291917801e+00,  2.096295817931e+01,  2.634963274002e+00
  1.853500008583e+00,  1.001597523689e+00,  2.096365257342e+01,  2.621042966843e+00
  1.954000011086e+00,  1.001031875610e+00,  2.096421822150e+01,  2.607984781265e+00
  2.054499998689e+00,  1.000662684441e+00,  2.096458741267e+01,  2.597909927368e+00
  2.154500007629e+00,  1.000404238701e+00,  2.096484585841e+01,  2.589857101440e+00
  2.255000010133e+00,  1.000260233879e+00,  2.096498986323e+01,  2.583255052567e+00
  2.355500012636e+00,  1.000198006630e+00,  2.096505209048e+01,  2.572903394699e+00
  2.456000000238e+00,  1.000107169151e+00,  2.096514292796e+01,  2.568845510483e+00
  2.556000009179e+00,  1.000066161156e+00,  2.096518393596e+01,  2.561141490936e+00
  2.656500011683e+00,  1.000031828880e+00,  2.096521826823e+01,  2.558467864990e+00
  2.756999999285e+00,  1.000037908554e+00,  2.096521218856e+01,  2.551232099533e+00
  2.857000008225e+00,  9.999495148659e-01,  2.096530058225e+01,  2.543494462967e+00
  2.957500010729e+00,  1.000004053116e+00,  2.096524604400e+01,  2.544168710709e+00
  3.057999998331e+00,  1.000019431114e+00,  2.096523066600e+01,  2.535693407059e+00
  3.158000007272e+00,  9.999852776527e-01,  2.096526481946e+01,  2.531758308411e+00
  3.258500009775e+00,  9.999967217445e-01,  2.096525337537e+01,  2.526975154877e+00
  3.359000012279e+00,  9.999982118607e-01,  2.096525188525e+01,  2.527196168900e+00
  3.459499999881e+00,  1.000017166138e+00,  2.096523293097e+01,  2.521577596664e+00
  3.559500008821e+00,  1.000021696091e+00,  2.096522840102e+01,  2.515143394470e+00
  3.660000011325e+00,  9.999999403954e-01,  2.096525015672e+01,  2.510498762131e+00
  3.760499998927e+00,  1.000009059906e+00,  2.096524103720e+01,  2.507280826569e+00
  3.860500007868e+00,  1.000009417534e+00,  2.096524067958e+01,  2.505879878998e+00
  3.961000010371e+00,  1.000017404556e+00,  2.096523269255e+01,  2.501047611237e+00
  4.061499997973e+00,  1.000008106232e+00,  2.096524199088e+01,  2.499740600586e+00
  4.161500006914e+00,  1.000006675720e+00,  2.096524342139e+01,  2.493992328644e+00
  4.262000009418e+00,  9.999917745590e-01,  2.096525832255e+01,  2.492811203003e+00
  4.362500011921e+00,  1.000008106232e+00,  2.096524199088e+01,  2.489573240280e+00
  4.462999999523e+00,  9.999899864197e-01,  2.096526011069e+01,  2.486307859421e+00
  4.563000008464e+00,  1.000022768974e+00,  2.096522732814e+01,  2.481251716614e+00
  4.663500010967e+00,  9.999925494194e-01,  2.096525754769e+01,  2.479249477386e+00
  4.763999998569e+00,  9.999692440033e-01,  2.096528085311e+01,  2.478375673294e+00
  4.864000007510e+00,  9.999636411667e-01,  2.096528645594e+01,  2.472905158997e+00
  4.964500010014e+00,  9.999880194664e-01,  2.096526207764e+01,  2.472111463547e+00
  5.065000012517e+00,  1.000014662743e+00,  2.096523543437e+01,  2.470192432404e+00
  5.165500000119e+00,  9.999912381172e-01,  2.096525885899e+01,  2.468454360962e+00
  5.265500009060e+00,  1.000029802322e+00,  2.096522029479e+01,  2.463959932327e+00
  5.366000011563e+00,  9.999896287918e-01,  2.096526046832e+01,  2.461134672165e+00
  5.466499999166e+00,  1.000009298325e+00,  2.096524079879e+01,  2.459984064102e+00
  5.566500008106e+00,  1.000020623207e+00,  2.096522947390e+01,  2.456608772278e+00
  5.667000010610e+00,  1.000015377998e+00,  2.096523471911e+01,  2.455205917358e+00
  5.767499998212e+00,  1.000015020370e+00,  2.096523507674e+01,  2.452896595001e+00
  5.867500007153e+00,  1.000033259392e+00,  2.096521683772e+01,  2.453073024750e+00
  5.967500001192e+00,  9.999856352806e-01,  2.096526446183e+01,  2.449153900146e+00
  6.067500010133e+00,  1.000037789345e+00,  2.096521230777e+01,  2.449357986450e+00
  6.167500004172e+00,  1.000031709671e+00,  2.096521838744e+01,  2.444946289063e+00
  6.267499998212e+00,  1.000032305717e+00,  2.096521779139e+01,  2.442762613297e+00
  6.367500007153e+00,  1.000036716461e+00,  2.096521338065e+01,  2.440923452377e+00
  6.467500001192e+00,  1.000029444695e+00,  2.096522065242e+01,  2.441414117813e+00
  6.567500010133e+00,  1.000020503998e+00,  2.096522959311e+01,  2.439122438431e+00
  6.667500004172e+00,  1.000000834465e+00,  2.096524926265e+01,  2.436856031418e+00
  6.767499998212e+00,  9.999981522560e-01,  2.096525194485e+01,  2.434555292130e+00
  6.867500007153e+00,  9.999958276749e-01,  2.096525426944e+01,  2.434452533722e+00
  6.967500001192e+00,  1.000007033348e+00,  2.096524306376e+01,  2.428065061569e+00
  7.067500010133e+00,  1.000005245209e+00,  2.096524485190e+01,  2.428227424622e+00
  7.167500004172e+00,  9.999925494194e-01,  2.096525754769e+01,  2.425316095352e+00
  7.267499998212e+00,  1.000016927719e+00,  2.096523316939e+01,  2.424211978912e+00
  7.367500007153e+00,  9.999966621399e-01,  2.096525343497e+01,  2.421369552612e+00
  7.467500001192e+00,  1.000008583069e+00,  2.096524151404e+01,  2.421165704727e+00
  7.567500010133e+00,  1.000005602837e+00,  2.096524449427e+01,  2.418504953384e+00
  7.667500004172e+00,  1.000040769577e+00,  2.096520932753e+01,  2.416364908218e+00
  7.767499998212e+00,  1.000008821487e+00,  2.096524127562e+01,  2.415252447128e+00
  7.867500007153e+00,  9.999962449074e-01,  2.096525385220e+01,  2.412171602249e+00
  7.967500001192e+00,  1.000016331673e+00,  2.096523376544e+01,  2.412521839142e+00
  8.067500010133e+00,  1.000032067299e+00,  2.096521802981e+01,  2.410017251968e+00
  8.167500004172e+00,  1.000005006790e+00,  2.096524509032e+01,  2.409322500229e+00
  8.267499998212e+00,  9.999845027924e-01,  2.096526559432e+01,  2.408771991730e+00
  8.367500007153e+00,  1.000008940697e+00,  2.096524115641e+01,  2.408047437668e+00
  8.467500001192e+00,  9.999811053276e-01,  2.096526899178e+01,  2.402706861496e+00
  8.567500010133e+00,  1.000007271767e+00,  2.096524282534e+01,  2.402417659760e+00
  8.667500004172e+00,  1.000003218651e+00,  2.096524687846e+01,  2.403293371201e+00
  8.767499998212e+00,  9.999940395355e-01,  2.096525605758e+01,  2.401140928268e+00
  8.867500007153e+00,  9.999842643738e-01,  2.096526583274e+01,  2.398896217346e+00
  8.967500001192e+00,  1.000013351440e+00,  2.096523674567e+01,  2.395433664322e+00
  9.067500010133e+00,  1.000002264977e+00,  2.096524783213e+01,  2.396350145340e+00
  9.167500004172e+00,  9.999872446060e-01,  2.096526285250e+01,  2.393648386002e+00
  9.267499998212e+00,  1.000023603439e+00,  2.096522649367e+01,  2.393019199371e+00
  9.367500007153e+00,  1.000013947487e+00,  2.096523614962e+01,  2.392590999603e+00
  9.467500001192e+00,  1.000004053116e+00,  2.096524604400e+01,  2.391173124313e+00
  9.567500010133e+00,  1.000021576881e+00,  2.096522852023e+01,  2.389406681061e+00
  9.667500004172e+00,  1.000028014183e+00,  2.096522208293e+01,  2.387638807297e+00
  9.767499998212e+00,  1.000017523766e+00,  2.096523257335e+01,  2.388478279114e+00
  9.867500007153e+00,  1.000010967255e+00,  2.096523912986e+01,  2.385184526443e+00
  9.967500001192e+00,  1.000004053116e+00,  2.096524604400e+01,  2.383005380630e+00
  1.006750001013e+01,  1.000027418137e+00,  2.096522267897e+01,  2.384221792221e+00
  1.016750000417e+01,  1.000029683113e+00,  2.096522041400e+01,  2.381669044495e+00
  1.026749999821e+01,  1.000013351440e+00,  2.096523674567e+01,  2.378494024277e+00
  1.036750000715e+01,  1.000017642975e+00,  2.096523245414e+01,  2.378003358841e+00
  1.046750000119e+01,  9.999798536301e-01,  2.096527024348e+01,  2.377385139465e+00
  1.056750001013e+01,  1.000007152557e+00,  2.096524294455e+01,  2.375313997269e+00
  1.066750000417e+01,  1.000000715256e+00,  2.096524938186e+01,  2.376738548279e+00
  1.076749999821e+01,  1.000013232231e+00,  2.096523686488e+01,  2.372068881989e+00
  1.086750000715e+01,  1.000025987625e+00,  2.096522410949e+01,  2.371550321579e+00
  1.096750000119e+01,  1.000008344650e+00,  2.096524175246e+01,  2.370093584061e+00
  1.106750001013e+01,  1.000005125999e+00,  2.096524497111e+01,  2.370656490326e+00
  1.116750000417e+01,  1.000013947487e+00,  2.096523614962e+01,  2.369754791260e+00
  1.126749999821e+01,  1.000023007393e+00,  2.096522708972e+01,  2.367236614227e+00
  1.136750000715e+01,  1.000000238419e+00,  2.096524985869e+01,  2.368139266968e+00
  1.146750000119e+01,  1.000000715256e+00,  2.096524938186e+01,  2.365014553070e+00
  1.156750001013e+01,  1.000010490417e+00,  2.096523960669e+01,  2.364320039749e+00
  1.166750000417e+01,  1.000020742416e+00,  2.096522935469e+01,  2.362926721573e+00
  1.176749999821e+01,  1.000003457069e+00,  2.096524664004e+01,  2.362824678421e+00
  1.186750000715e+01,  1.000010848045e+00,  2.096523924907e+01,  2.360652446747e+00
  1.196750000119e+01,  9.999954104424e-01,  2.096525468667e+01,  2.359174489975e+00
  1.206750001013e+01,  9.999830126762e-01,  2.096526708443e+01,  2.357497692108e+00
  1.216750000417e+01,  1.000029802322e+00,  2.096522029479e+01,  2.358652591705e+00
  1.226749999821e+01,  9.999857544899e-01,  2.096526434262e+01,  2.358785390854e+00
  1.236750000715e+01,  1.000020623207e+00,  2.096522947390e+01,  2.355979442596e+00
  1.246750000119e+01,  1.000012516975e+00,  2.096523758014e+01,  2.354896306992e+00
  1.256750001013e+01,  1.000030159950e+00,  2.096521993716e+01,  2.354610204697e+00
  1.266750000417e+01,  1.000012040138e+00,  2.096523805697e+01,  2.352820396423e+00
  1.276749999821e+01,  1.000006675720e+00,  2.096524342139e+01,  2.352864503860e+00
  1.286750000715e+01,  9.999861717224e-01,  2.096526392539e+01,  2.351578712463e+00
  1.296750000119e+01,  1.000000834465e+00,  2.096524926265e+01,  2.348524808884e+00
  1.306750001013e+01,  9.999995231628e-01,  2.096525057395e+01,  2.347857952118e+00
  1.316750000417e+01,  1.000005364418e+00,  2.096524473269e+01,  2.346633434296e+00
  1.326749999821e+01,  1.000023841858e+00,  2.096522625525e+01,  2.344674825668e+00
  1.336750000715e+01,  9.999943971634e-01,  2.096525569995e+01,  2.344785690308e+00
  1.346750000119e+01,  9.999957084656e-01,  2.096525438865e+01,  2.346259593964e+00
  1.356750001013e+01,  9.999667406082e-01,  2.096528335650e+01,  2.342623472214e+00
  1.366750000417e+01,  1.000002741814e+00,  2.096524735530e+01,  2.340712070465e+00
  1.376749999821e+01,  9.999988079071e-01,  2.096525128920e+01,  2.339392423630e+00
  1.386750000715e+01,  1.000012636185e+00,  2.096523746093e+01,  2.339919090271e+00
  1.396750000119e+01,  9.999706149101e-01,  2.096527948220e+01,  2.338359832764e+00
  1.406750001013e+01,  1.000010967255e+00,  2.096523912986e+01,  2.338849306107e+00
  1.416750000417e+01,  1.000014543533e+00,  2.096523555358e+01,  2.337462663651e+00
  1.426749999821e+01,  1.000003576279e+00,  2.096524652083e+01,  2.333208560944e+00
  1.436750000715e+01,  9.999881982803e-01,  2.096526189883e+01,  2.334490776062e+00
  1.446750000119e+01,  9.999824762344e-01,  2.096526762088e+01,  2.334176540375e+00
  1.456750001013e+01,  1.000021934509e+00,  2.096522816260e+01,  2.332040071487e+00
  1.466750000417e+01,  1.000012993813e+00,  2.096523710330e+01,  2.332355737686e+00
  1.476749999821e+01,  1.000012755394e+00,  2.096523734172e+01,  2.329294204712e+00
  1.486750000715e+01,  1.000012278557e+00,  2.096523781855e+01,  2.329300403595e+00
  1.496750000119e+01,  1.000003337860e+00,  2.096524675925e+01,  2.327674865723e+00
  1.506750001013e+01,  1.000002026558e+00,  2.096524807055e+01,  2.328665256500e+00
  1.516750000417e+01,  1.000020623207e+00,  2.096522947390e+01,  2.327055215836e+00
  1.526749999821e+01,  9.999888539314e-01,  2.096526124318e+01,  2.327384233475e+00
  1.536750000715e+01,  1.000016808510e+00,  2.096523328860e+01,  2.327299118042e+00
  1.546750000119e+01,  1.000018239021e+00,  2.096523185809e+01,  2.324381828308e+00
  1.556750001013e+01,  1.000007033348e+00,  2.096524306376e+01,  2.324608087540e+00
  1.566750000417e+01,  1.000003933907e+00,  2.096524616320e+01,  2.322663545609e+00
  1.576749999821e+01,  1.000009179115e+00,  2.096524091800e+01,  2.322935581207e+00
  1.586750000715e+01,  1.000010848045e+00,  2.096523924907e+01,  2.320749521255e+00
  1.596750000119e+01,  1.000030040741e+00,  2.096522005637e+01,  2.319380044937e+00
  1.606750001013e+01,  1.000021576881e+00,  2.096522852023e+01,  2.318178892136e+00
  1.616750000417e+01,  1.000003099442e+00,  2.096524699767e+01,  2.319340467453e+00
  1.626749999821e+01,  9.999913573265e-01,  2.096525873978e+01,  2.318933248520e+00
  1.636750000715e+01,  9.999981522560e-01,  2.096525194485e+01,  2.316617727280e+00
  1.646750000119e+01,  9.999967813492e-01,  2.096525331576e+01,  2.316509008408e+00
  1.656750001013e+01,  1.000004529953e+00,  2.096524556716e+01,  2.314923286438e+00
  1.666750000417e+01,  1.000019311905e+00,  2.096523078521e+01,  2.313489437103e+00
  1.676749999821e+01,  1.000007152557e+00,  2.096524294455e+01,  2.314460992813e+00
  1.686750000715e+01,  1.000027179718e+00,  2.096522291739e+01,  2.314466953278e+00
  1.696750000119e+01,  1.000029802322e+00,  2.096522029479e+01,  2.311738729477e+00
  1.706750001013e+01,  9.999827742577e-01,  2.096526732285e+01,  2.310229778290e+00
  1.716750000417e+01,  1.000008344650e+00,  2.096524175246e+01,  2.309658765793e+00
  1.726749999821e+01,  9.999908208847e-01,  2.096525927623e+01,  2.307555913925e+00
  1.736750000715e+01,  9.999946355820e-01,  2.096525546153e+01,  2.308045625687e+00
  1.746750000119e+01,  1.000012516975e+00,  2.096523758014e+01,  2.308162689209e+00
  1.756750001013e+01,  9.999884963036e-01,  2.096526160081e+01,  2.307029008865e+00
  1.766750000417e+01,  1.000007629395e+00,  2.096524246772e+01,  2.305745363235e+00
  1.776749999821e+01,  9.999980330467e-01,  2.096525206406e+01,  2.303344488144e+00
  1.786750000715e+01,  9.999945163727e-01,  2.096525558074e+01,  2.304349422455e+00
  1.796750000119e+01,  1.000013947487e+00,  2.096523614962e+01,  2.302227020264e+00
  1.806750001013e+01,  1.000013470650e+00,  2.096523662646e+01,  2.301217317581e+00
  1.816750000417e+01,  1.000001072884e+00,  2.096524902423e+01,  2.301698446274e+00
  1.826749999821e+01,  1.000010013580e+00,  2.096524008353e+01,  2.298979282379e+00
  1.836750000715e+01,  1.000011086464e+00,  2.096523901065e+01,  2.298875331879e+00
  1.846750000119e+01,  1.000016570091e+00,  2.096523352702e+01,  2.298821926117e+00
  1.856750001013e+01,  1.000024318695e+00,  2.096522577842e+01,  2.296728849411e+00
  1.866750000417e+01,  9.999910593033e-01,  2.096525903781e+01,  2.295322179794e+00
  1.876749999821e+01,  1.000003695488e+00,  2.096524640162e+01,  2.295278787613e+00
  1.886750000715e+01,  9.999976754189e-01,  2.096525242169e+01,  2.297005414963e+00
  1.896750000119e+01,  1.000030040741e+00,  2.096522005637e+01,  2.296632289886e+00
  1.906750001013e+01,  1.000016927719e+00,  2.096523316939e+01,  2.293991804123e+00
  1.916750000417e+01,  1.000000476837e+00,  2.096524962027e+01,  2.292720794678e+00
  1.926749999821e+01,  1.000007152557e+00,  2.096524294455e+01,  2.292342662811e+00
  1.936750000715e+01,  1.000020146370e+00,  2.096522995074e+01,  2.290744304657e+00
  1.946750000119e+01,  9.999955296516e-01,  2.096525456746e+01,  2.289405584335e+00
  1.956750001013e+01,  1.000016689301e+00,  2.096523340781e+01,  2.289171218872e+00
  1.966750000417e+01,  1.000008940697e+00,  2.096524115641e+01,  2.287378072739e+00
  1.976749999821e+01,  9.999855160713e-01,  2.096526458104e+01,  2.288245916367e+00
  1.986750000715e+01,  9.999985098839e-01,  2.096525158723e+01,  2.288089513779e+00
  1.996750000119e+01,  9.999876022339e-01,  2.096526249488e+01,  2.287934780121e+00
  2.006750001013e+01,  1.000010967255e+00,  2.096523912986e+01,  2.286183118820e+00
  2.016750000417e+01,  9.999813437462e-01,  2.096526875336e+01,  2.287251949310e+00
  2.026749999821e+01,  9.999527931213e-01,  2.096529730399e+01,  2.286266088486e+00
  2.036750000715e+01,  1.000002145767e+00,  2.096524795134e+01,  2.285663604736e+00
  2.046750000119e+01,  9.999790191650e-01,  2.096527107795e+01,  2.284155130386e+00
  2.056750001013e+01,  1.000018358231e+00,  2.096523173888e+01,  2.284886360168e+00
  2.066750000417e+01,  1.000006198883e+00,  2.096524389823e+01,  2.283055305481e+00
  2.076749999821e+01,  9.999817609787e-01,  2.096526833613e+01,  2.280179262161e+00
  2.086750000715e+01,  1.000013351440e+00,  2.096523674567e+01,  2.281225442886e+00
  2.096750000119e+01,  1.000000715256e+00,  2.096524938186e+01,  2.278900384903e+00
  2.106750001013e+01,  1.000011086464e+00,  2.096523901065e+01,  2.282111406326e+00
  2.116750000417e+01,  1.000016450882e+00,  2.096523364623e+01,  2.278422832489e+00
  2.126749999821e+01,  1.000015735626e+00,  2.096523436148e+01,  2.279024124146e+00
  2.136750000715e+01,  1.000004529953e+00,  2.096524556716e+01,  2.277673006058e+00
  2.146750000119e+01,  1.000012516975e+00,  2.096523758014e+01,  2.276580333710e+00
  2.156750001013e+01,  1.000013589859e+00,  2.096523650725e+01,  2.275143146515e+00
  2.166750000417e+01,  1.000014066696e+00,  2.096523603041e+01,  2.272682666779e+00
  2.176749999821e+01,  1.000013113022e+00,  2.096523698409e+01,  2.275932788849e+00
  2.186750000715e+01,  1.000009417534e+00,  2.096524067958e+01,  2.272373676300e+00
  2.196750000119e+01,  1.000027537346e+00,  2.096522255977e+01,  2.272943973541e+00
  2.206750001013e+01,  1.000015854836e+00,  2.096523424228e+01,  2.271402835846e+00
  2.216750000417e+01,  9.999881386757e-01,  2.096526195844e+01,  2.271142959595e+00
  2.226749999821e+01,  1.000002145767e+00,  2.096524795134e+01,  2.272138118744e+00
  2.236750000715e+01,  1.000013947487e+00,  2.096523614962e+01,  2.268342494965e+00
  2.246750000119e+01,  1.000016331673e+00,  2.096523376544e+01,  2.270373106003e+00
  2.256750001013e+01,  1.000022530556e+00,  2.096522756656e+01,  2.266991376877e+00
  2.266750000417e+01,  9.999808073044e-01,  2.096526928981e+01,  2.267502307892e+00
  2.276749999821e+01,  1.000018954277e+00,  2.096523114283e+01,  2.268054962158e+00
  2.286750000715e+01,  1.000018835068e+00,  2.096523126204e+01,  2.267493963242e+00
  2.296750000119e+01,  1.000017642975e+00,  2.096523245414e+01,  2.267646312714e+00
  2.306750001013e+01,  1.000012278557e+00,  2.096523781855e+01,  2.265948295593e+00
  2.316750000417e+01,  1.000002264977e+00,  2.096524783213e+01,  2.265774250031e+00
  2.326749999821e+01,  1.000009536743e+00,  2.096524056037e+01,  2.266098499298e+00
  2.336750000715e+01,  1.000007748604e+00,  2.096524234851e+01,  2.264844417572e+00
  2.346750000119e+01,  1.000020146370e+00,  2.096522995074e+01,  2.264778137207e+00
  2.356750001013e+01,  9.999759197235e-01,  2.096527417739e+01,  2.266396284103e+00
  2.366750000417e+01,  9.999626278877e-01,  2.096528746922e+01,  2.264524698257e+00
  2.376749999821e+01,  1.000006556511e+00,  2.096524354060e+01,  2.260833501816e+00
  2.386750000715e+01,  9.999969601631e-01,  2.096525313695e+01,  2.260918378830e+00
  2.396750000119e+01,  1.000005722046e+00,  2.096524437507e+01,  2.261015892029e+00
  2.406750001013e+01,  1.000003457069e+00,  2.096524664004e+01,  2.263313293457e+00
  2.416750000417e+01,  9.999853372574e-01,  2.096526475985e+01,  2.258008718491e+00
  2.426749999821e+01,  9.999928474426e-01,  2.096525724967e+01,  2.259097099304e+00
  2.436750000715e+01,  1.000010251999e+00,  2.096523984511e+01,  2.257434368134e+00
  2.446750000119e+01,  1.000012993813e+00,  2.096523710330e+01,  2.259418487549e+00
  2.456750001013e+01,  9.999815225601e-01,  2.096526857455e+01,  2.256925344467e+00
  2.466750000417e+01,  1.000000715256e+00,  2.096524938186e+01,  2.257214307785e+00
  2.476749999821e+01,  1.000032067299e+00,  2.096521802981e+01,  2.256650686264e+00
  2.486750000715e+01,  1.000002980232e+00,  2.096524711688e+01,  2.255071163177e+00
  2.496750000119e+01,  1.000018715858e+00,  2.096523138125e+01,  2.254164457321e+00
  2.506750001013e+01,  9.999876022339e-01,  2.096526249488e+01,  2.253482580185e+00
  2.516750000417e+01,  1.000005960464e+00,  2.096524413665e+01,  2.253188133240e+00
  2.526749999821e+01,  1.000009536743e+00,  2.096524056037e+01,  2.253371000290e+00
  2.536750000715e+01,  1.000003695488e+00,  2.096524640162e+01,  2.252240896225e+00
  2.546750000119e+01,  1.000000953674e+00,  2.096524914344e+01,  2.249999761581e+00
  2.556750001013e+01,  1.000006318092e+00,  2.096524377902e+01,  2.251327753067e+00
  2.566750000417e+01,  1.000009775162e+00,  2.096524032195e+01,  2.248961687088e+00
  2.576749999821e+01,  9.999774694443e-01,  2.096527262767e+01,  2.247900247574e+00
  2.586750000715e+01,  1.000025629997e+00,  2.096522446711e+01,  2.248651981354e+00
  2.596750000119e+01,  1.000013113022e+00,  2.096523698409e+01,  2.249167919159e+00
  2.606750001013e+01,  1.000006556511e+00,  2.096524354060e+01,  2.246994972229e+00
  2.616750000417e+01,  1.000016808510e+00,  2.096523328860e+01,  2.247130632401e+00
  2.626749999821e+01,  1.000005245209e+00,  2.096524485190e+01,  2.246049404144e+00
  2.636750000715e+01,  1.000004529953e+00,  2.096524556716e+01,  2.245222806931e+00
  2.646750000119e+01,  1.000007033348e+00,  2.096524306376e+01,  2.246337413788e+00
  2.656750001013e+01,  9.999973177910e-01,  2.096525277932e+01,  2.246309757233e+00
  2.666750000417e+01,  9.999993443489e-01,  2.096525075276e+01,  2.243540525436e+00
  2.676749999821e+01,  9.999797344208e-01,  2.096527036269e+01,  2.245019912720e+00
  2.686750000715e+01,  1.000018477440e+00,  2.096523161967e+01,  2.244883298874e+00
  2.696750000119e+01,  1.000002741814e+00,  2.096524735530e+01,  2.241540193558e+00
  2.706750001013e+01,  1.000005364418e+00,  2.096524473269e+01,  2.242481470108e+00
  2.716750000417e+01,  1.000017046928e+00,  2.096523305018e+01,  2.239201068878e+00
  2.726749999821e+01,  9.999982118607e-01,  2.096525188525e+01,  2.241950035095e+00
  2.736750000715e+01,  1.000000000000e+00,  2.096525009711e+01,  2.237781763077e+00
  2.746750000119e+01,  9.999678730965e-01,  2.096528222401e+01,  2.238677978516e+00
  2.756750001013e+01,  1.000006675720e+00,  2.096524342139e+01,  2.238000631332e+00
  2.766750000417e+01,  1.000007629395e+00,  2.096524246772e+01,  2.239035367966e+00
  2.776749999821e+01,  9.999989867210e-01,  2.096525111039e+01,  2.238523721695e+00
  2.786750000715e+01,  9.999934434891e-01,  2.096525665362e+01,  2.235671758652e+00
  2.796750000119e+01,  1.000006318092e+00,  2.096524377902e+01,  2.236100435257e+00
  2.806750001013e+01,  9.999731779099e-01,  2.096527691920e+01,  2.237416505814e+00
  2.816750000417e+01,  1.000030040741e+00,  2.096522005637e+01,  2.233153343201e+00
  2.826749999821e+01,  1.000003337860e+00,  2.096524675925e+01,  2.231163501740e+00
  2.836750000715e+01,  9.999744296074e-01,  2.096527566750e+01,  2.230653285980e+00
  2.846750000119e+01,  9.999631643295e-01,  2.096528693278e+01,  2.233389377594e+00
  2.856750001013e+01,  9.999839067459e-01,  2.096526619037e+01,  2.233002185822e+00
  2.866750000417e+01,  9.999936223030e-01,  2.096525647481e+01,  2.234210968018e+00
  2.876749999821e+01,  1.000000357628e+00,  2.096524973948e+01,  2.228826284409e+00
  2.886750000715e+01,  9.999589323997e-01,  2.096529116471e+01,  2.229789018631e+00
  2.896750000119e+01,  1.000045299530e+00,  2.096520479758e+01,  2.229281425476e+00
  2.906750001013e+01,  1.000027179718e+00,  2.096522291739e+01,  2.229066133499e+00
  2.916750000417e+01,  1.000026345253e+00,  2.096522375186e+01,  2.228006839752e+00
  2.926749999821e+01,  9.999723434448e-01,  2.096527775367e+01,  2.227393388748e+00
  2.936750000715e+01,  9.999866485596e-01,  2.096526344855e+01,  2.227273225784e+00
  2.946750000119e+01,  9.999949932098e-01,  2.096525510390e+01,  2.226317405701e+00
  2.956750001013e+01,  1.000018835068e+00,  2.096523126204e+01,  2.227663516998e+00
  2.966750000417e+01,  1.000010609627e+00,  2.096523948748e+01,  2.226389884949e+00
  2.976749999821e+01,  1.000000357628e+00,  2.096524973948e+01,  2.224441528320e+00
  2.986750000715e+01,  9.999892115593e-01,  2.096526088555e+01,  2.224169015884e+00
  2.996750000119e+01,  1.000009179115e+00,  2.096524091800e+01,  2.225382328033e+00
  3.006750001013e+01,  9.999902248383e-01,  2.096525987227e+01,  2.226614952087e+00
  3.016750000417e+01,  1.000000119209e+00,  2.096524997790e+01,  2.224646329880e+00
  3.026749999821e+01,  9.999991059303e-01,  2.096525099118e+01,  2.220934867859e+00
  3.036750000715e+01,  9.999932050705e-01,  2.096525689204e+01,  2.221079587936e+00
  3.046750000119e+01,  1.000007510185e+00,  2.096524258693e+01,  2.220879077911e+00
  3.056750001013e+01,  1.000023245811e+00,  2.096522685130e+01,  2.221478700638e+00
  3.066750000417e+01,  9.999963045120e-01,  2.096525379260e+01,  2.219234228134e+00
  3.076749999821e+01,  9.999928474426e-01,  2.096525724967e+01,  2.219899415970e+00
  3.086750000715e+01,  1.000002861023e+00,  2.096524723609e+01,  2.221266508102e+00
  3.096750000119e+01,  9.999865889549e-01,  2.096526350816e+01,  2.220028162003e+00
  3.106750001013e+01,  9.999945759773e-01,  2.096525552113e+01,  2.220113277435e+00
  3.116750000417e+01,  1.000018477440e+00,  2.096523161967e+01,  2.219694614410e+00
  3.126749999821e+01,  1.000024795532e+00,  2.096522530158e+01,  2.217048168182e+00
  3.136750000715e+01,  1.000009894371e+00,  2.096524020274e+01,  2.216747522354e+00
  3.146750000119e+01,  1.000007629395e+00,  2.096524246772e+01,  2.216675758362e+00
  3.156750001013e+01,  1.000017046928e+00,  2.096523305018e+01,  2.217373609543e+00
  3.166750000417e+01,  9.999876618385e-01,  2.096526243527e+01,  2.215369462967e+00
  3.176749999821e+01,  9.999908804893e-01,  2.096525921662e+01,  2.212102174759e+00
  3.186750000715e+01,  1.000003337860e+00,  2.096524675925e+01,  2.214864015579e+00
  3.196750000119e+01,  1.000007390976e+00,  2.096524270613e+01,  2.214348554611e+00
  3.206750001013e+01,  1.000004291534e+00,  2.096524580558e+01,  2.213731288910e+00
  3.216750000417e+01,  9.999936223030e-01,  2.096525647481e+01,  2.211776733398e+00
  3.226749999821e+01,  9.999764561653e-01,  2.096527364095e+01,  2.209536314011e+00
  3.236750000715e+01,  9.999875426292e-01,  2.096526255448e+01,  2.212302684784e+00
  3.246750000119e+01,  9.999967813492e-01,  2.096525331576e+01,  2.211223602295e+00
  3.256750001013e+01,  9.999670386314e-01,  2.096528305848e+01,  2.212172985077e+00
  3.266750000417e+01,  9.999848604202e-01,  2.096526523669e+01,  2.209230899811e+00
  3.276749999821e+01,  1.000010132790e+00,  2.096523996432e+01,  2.209761381149e+00
  3.286750000715e+01,  1.000000476837e+00,  2.096524962027e+01,  2.208162784576e+00
  3.296750000119e+01,  9.999883174896e-01,  2.096526177962e+01,  2.207020282745e+00
  3.306750001013e+01,  9.999774098396e-01,  2.096527268727e+01,  2.206464767456e+00
  3.316750000417e+01,  1.000007867813e+00,  2.096524222930e+01,  2.208206653595e+00
  3.326749999821e+01,  9.999719262123e-01,  2.096527817090e+01,  2.208113908768e+00
  3.336750000715e+01,  1.000028014183e+00,  2.096522208293e+01,  2.203344821930e+00
  3.346750000119e+01,  1.000012159348e+00,  2.096523793776e+01,  2.205942392349e+00
  3.356750001013e+01,  1.000002861023e+00,  2.096524723609e+01,  2.204951286316e+00
  3.366750000417e+01,  9.999822974205e-01,  2.096526779969e+01,  2.206237792969e+00
  3.376749999821e+01,  1.000011920929e+00,  2.096523817618e+01,  2.205801486969e+00
  3.386750000715e+01,  9.999939203262e-01,  2.096525617678e+01,  2.205444574356e+00
  3.396750000119e+01,  1.000001192093e+00,  2.096524890502e+01,  2.203776121140e+00
  3.406750001013e+01,  9.999907612801e-01,  2.096525933583e+01,  2.202584028244e+00
  3.416750000417e+01,  1.000003099442e+00,  2.096524699767e+01,  2.204605340958e+00
  3.426749999821e+01,  9.999874830246e-01,  2.096526261409e+01,  2.201154470444e+00
  3.436750000715e+01,  1.000002145767e+00,  2.096524795134e+01,  2.203454017639e+00
  3.446750000119e+01,  1.000010490417e+00,  2.096523960669e+01,  2.201300621033e+00
  3.456750001013e+01,  9.999778270721e-01,  2.096527227004e+01,  2.198574542999e+00
  3.466750000417e+01,  1.000000238419e+00,  2.096524985869e+01,  2.200294494629e+00
  3.476749999821e+01,  9.999716877937e-01,  2.096527840932e+01,  2.199334383011e+00
  3.486750000715e+01,  9.999923110008e-01,  2.096525778611e+01,  2.200275897980e+00
  3.496750000119e+01,  1.000024318695e+00,  2.096522577842e+01,  2.196492671967e+00
  3.506750001013e+01,  9.999819397926e-01,  2.096526815732e+01,  2.195445060730e+00
  3.516750000417e+01,  1.000022768974e+00,  2.096522732814e+01,  2.197164058685e+00
  3.526749999821e+01,  1.000001430511e+00,  2.096524866660e+01,  2.196741342545e+00
  3.536750000715e+01,  1.000023841858e+00,  2.096522625525e+01,  2.199772596359e+00
  3.546750000119e+01,  1.000007748604e+00,  2.096524234851e+01,  2.196619033813e+00
  3.556750001013e+01,  9.999921917915e-01,  2.096525790532e+01,  2.195655107498e+00
  3.566750000417e+01,  9.999802112579e-01,  2.096526988585e+01,  2.197066783905e+00
  3.576749999821e+01,  9.999927878380e-01,  2.096525730927e+01,  2.191776037216e+00
  3.586750000715e+01,  9.999771714211e-01,  2.096527292569e+01,  2.194047451019e+00
  3.596750000119e+01,  1.000027894974e+00,  2.096522220214e+01,  2.192376852036e+00
  3.606750001013e+01,  1.000005483627e+00,  2.096524461348e+01,  2.192052364349e+00
  3.616750000417e+01,  1.000005960464e+00,  2.096524413665e+01,  2.192027568817e+00
  3.626749999821e+01,  1.000007033348e+00,  2.096524306376e+01,  2.189097881317e+00
  3.636750000715e+01,  1.000001192093e+00,  2.096524890502e+01,  2.190025091171e+00
  3.646750000119e+01,  9.999940395355e-01,  2.096525605758e+01,  2.189048051834e+00
  3.656750001013e+01,  9.999888539314e-01,  2.096526124318e+01,  2.191679000854e+00
  3.666750000417e+01,  9.999909996986e-01,  2.096525909741e+01,  2.189093112946e+00
  3.676749999821e+01,  1.000007152557e+00,  2.096524294455e+01,  2.189649343491e+00
  3.686750000715e+01,  9.999933242798e-01,  2.096525677283e+01,  2.188436031342e+00
  3.696750000119e+01,  9.999977350235e-01,  2.096525236209e+01,  2.188693284988e+00
  3.706750001013e+01,  1.000007033348e+00,  2.096524306376e+01,  2.188320636749e+00
  3.716750000417e+01,  1.000031352043e+00,  2.096521874507e+01,  2.185341596603e+00
  3.726749999821e+01,  9.999831318855e-01,  2.096526696523e+01,  2.186258316040e+00
  3.736750000715e+01,  1.000035405159e+00,  2.096521469195e+01,  2.185666799545e+00
  3.746750000119e+01,  1.000010251999e+00,  2.096523984511e+01,  2.185309410095e+00
  3.756750001013e+01,  1.000040054321e+00,  2.096521004279e+01,  2.185194015503e+00
  3.766750000417e+01,  9.999932050705e-01,  2.096525689204e+01,  2.185756683350e+00
  3.776749999821e+01,  9.999777674675e-01,  2.096527232964e+01,  2.183171987534e+00
  3.786750000715e+01,  1.000007510185e+00,  2.096524258693e+01,  2.183668613434e+00
  3.796750000119e+01,  9.999984502792e-01,  2.096525164683e+01,  2.183957576752e+00
  3.806750001013e+01,  9.999762177467e-01,  2.096527387936e+01,  2.183449506760e+00
  3.816750000417e+01,  9.999944567680e-01,  2.096525564034e+01,  2.181957006454e+00
  3.826749999821e+01,  1.000009894371e+00,  2.096524020274e+01,  2.182055711746e+00
  3.836750000715e+01,  1.000024437904e+00,  2.096522565921e+01,  2.181946516037e+00
  3.846750000119e+01,  9.999884366989e-01,  2.096526166041e+01,  2.180910825729e+00
  3.856750001013e+01,  9.999662041664e-01,  2.096528389294e+01,  2.180838823318e+00
  3.866750000417e+01,  9.999903440475e-01,  2.096525975306e+01,  2.179955720901e+00
  3.876749999821e+01,  9.999854564667e-01,  2.096526464064e+01,  2.178566694260e+00
  3.886750000715e+01,  9.999780058861e-01,  2.096527209122e+01,  2.180691242218e+00
  3.896750000119e+01,  1.000050902367e+00,  2.096519919474e+01,  2.180366516113e+00
  3.906750001013e+01,  1.000012874603e+00,  2.096523722251e+01,  2.180107116699e+00
  3.916750000417e+01,  9.999904036522e-01,  2.096525969346e+01,  2.177365541458e+00
  3.926749999821e+01,  9.999772906303e-01,  2.096527280648e+01,  2.179396629333e+00
  3.936750000715e+01,  1.000005722046e+00,  2.096524437507e+01,  2.179680109024e+00
  3.946750000119e+01,  9.999887943268e-01,  2.096526130278e+01,  2.178953170776e+00
  3.956750001013e+01,  1.000015258789e+00,  2.096523483832e+01,  2.177589178085e+00
  3.966750000417e+01,  1.000009536743e+00,  2.096524056037e+01,  2.177733182907e+00
  3.976749999821e+01,  1.000015020370e+00,  2.096523507674e+01,  2.175161361694e+00
  3.986750000715e+01,  1.000001072884e+00,  2.096524902423e+01,  2.176000118256e+00
  3.996750000119e+01,  9.999902844429e-01,  2.096525981267e+01,  2.176615715027e+00
  4.006750001013e+01,  1.000010490417e+00,  2.096523960669e+01,  2.176537275314e+00
  4.016750000417e+01,  1.000038504601e+00,  2.096521159251e+01,  2.175285577774e+00
  4.026749999821e+01,  1.000031948090e+00,  2.096521814902e+01,  2.174314260483e+00
  4.036750000715e+01,  1.000031590462e+00,  2.096521850665e+01,  2.171181917191e+00
  4.046750000119e+01,  9.999958276749e-01,  2.096525426944e+01,  2.173070907593e+00
  4.056750001013e+01,  9.999875426292e-01,  2.096526255448e+01,  2.170822620392e+00
  4.066750000417e+01,  9.999945163727e-01,  2.096525558074e+01,  2.171718358994e+00
  4.076749999821e+01,  9.999914765358e-01,  2.096525862058e+01,  2.171130180359e+00
  4.086750000715e+01,  9.999985694885e-01,  2.096525152762e+01,  2.170701742172e+00
  4.096750000119e+01,  9.999969601631e-01,  2.096525313695e+01,  2.170035839081e+00
  4.106750001013e+01,  1.000028252602e+00,  2.096522184451e+01,  2.171417951584e+00
  4.116750000417e+01,  1.000031471252e+00,  2.096521862586e+01,  2.170506954193e+00
  4.126749999821e+01,  9.999792575836e-01,  2.096527083953e+01,  2.170113325119e+00
  4.136750000715e+01,  1.000011444092e+00,  2.096523865302e+01,  2.169787645340e+00
  4.146750000119e+01,  1.000014424324e+00,  2.096523567279e+01,  2.170590162277e+00
  4.156750001013e+01,  1.000024914742e+00,  2.096522518237e+01,  2.170765161514e+00
  4.166750000417e+01,  9.999872446060e-01,  2.096526285250e+01,  2.168279170990e+00
  4.176749999821e+01,  9.999828934669e-01,  2.096526720364e+01,  2.167712926865e+00
  4.186750000715e+01,  9.999938011169e-01,  2.096525629599e+01,  2.169297933578e+00
  4.196750000119e+01,  1.000016093254e+00,  2.096523400386e+01,  2.168492317200e+00
  4.206750001013e+01,  1.000017166138e+00,  2.096523293097e+01,  2.165754079819e+00
  4.216750000417e+01,  9.999866485596e-01,  2.096526344855e+01,  2.166273832321e+00
  4.226749999821e+01,  1.000010490417e+00,  2.096523960669e+01,  2.166428804398e+00
  4.236750000715e+01,  1.000008702278e+00,  2.096524139483e+01,  2.165435791016e+00
  4.246750000119e+01,  9.999929070473e-01,  2.096525719006e+01,  2.165979385376e+00
  4.256750001013e+01,  1.000027179718e+00,  2.096522291739e+01,  2.164565801620e+00
  4.266750000417e+01,  1.000018954277e+00,  2.096523114283e+01,  2.164027929306e+00
  4.276749999821e+01,  1.000005841255e+00,  2.096524425586e+01,  2.163509130478e+00
  4.286750000715e+01,  9.999881982803e-01,  2.096526189883e+01,  2.161789894104e+00
  4.296750000119e+01,  1.000002026558e+00,  2.096524807055e+01,  2.162542343140e+00
  4.306750001013e+01,  1.000024080276e+00,  2.096522601683e+01,  2.161859035492e+00
  4.316750000417e+01,  9.999789595604e-01,  2.096527113755e+01,  2.163796901703e+00
  4.326749999821e+01,  1.000017046928e+00,  2.096523305018e+01,  2.162886142731e+00
  4.336750000715e+01,  1.000004768372e+00,  2.096524532874e+01,  2.161026239395e+00
  4.346750000119e+01,  9.999886155128e-01,  2.096526148160e+01,  2.159284353256e+00
  4.356750001013e+01,  1.000025272369e+00,  2.096522482474e+01,  2.163065195084e+00
  4.366750000417e+01,  9.999958276749e-01,  2.096525426944e+01,  2.159807443619e+00
  4.376749999821e+01,  1.000019550323e+00,  2.096523054679e+01,  2.158201456070e+00
  4.386750000715e+01,  1.000011444092e+00,  2.096523865302e+01,  2.158016204834e+00
  4.396750000119e+01,  1.000028491020e+00,  2.096522160609e+01,  2.154815912247e+00
  4.406750001013e+01,  1.000011801720e+00,  2.096523829539e+01,  2.157533168793e+00
  4.416750000417e+01,  9.999765157700e-01,  2.096527358134e+01,  2.159109830856e+00
  4.426749999821e+01,  1.000033378601e+00,  2.096521671851e+01,  2.157487630844e+00
  4.436750000715e+01,  1.000048637390e+00,  2.096520145972e+01,  2.157059431076e+00
  4.446750000119e+01,  1.000005483627e+00,  2.096524461348e+01,  2.155856370926e+00
  4.456750001013e+01,  1.000013232231e+00,  2.096523686488e+01,  2.155027627945e+00
  4.466750000417e+01,  1.000002145767e+00,  2.096524795134e+01,  2.155259847641e+00
  4.476749999821e+01,  1.000007271767e+00,  2.096524282534e+01,  2.154299259186e+00
  4.486750000715e+01,  1.000003695488e+00,  2.096524640162e+01,  2.153466701508e+00
  4.496750000119e+01,  1.000006198883e+00,  2.096524389823e+01,  2.156094312668e+00
  4.506750001013e+01,  1.000014305115e+00,  2.096523579200e+01,  2.153359889984e+00
  4.516750000417e+01,  1.000016093254e+00,  2.096523400386e+01,  2.155142068863e+00
  4.526749999821e+01,  9.999710917473e-01,  2.096527900536e+01,  2.152057886124e+00
  4.536750000715e+01,  1.000026106834e+00,  2.096522399028e+01,  2.151236772537e+00
  4.546750000119e+01,  9.999910593033e-01,  2.096525903781e+01,  2.151046752930e+00
  4.556750001013e+01,  9.999923110008e-01,  2.096525778611e+01,  2.149709701538e+00
  4.566750000417e+01,  9.999970793724e-01,  2.096525301774e+01,  2.152813673019e+00
  4.576749999821e+01,  1.000018000603e+00,  2.096523209651e+01,  2.151538610458e+00
  4.586750000715e+01,  1.000009179115e+00,  2.096524091800e+01,  2.149251699448e+00
  4.596750000119e+01,  1.000018954277e+00,  2.096523114283e+01,  2.150247573853e+00
  4.606750001013e+01,  1.000000476837e+00,  2.096524962027e+01,  2.150776624680e+00
  4.616750000417e+01,  1.000015497208e+00,  2.096523459990e+01,  2.150942564011e+00
  4.626749999821e+01,  9.999944567680e-01,  2.096525564034e+01,  2.151064395905e+00
  4.636750000715e+01,  1.000018835068e+00,  2.096523126204e+01,  2.149657011032e+00
  4.646750000119e+01,  1.000000834465e+00,  2.096524926265e+01,  2.148050785065e+00
  4.656750001013e+01,  1.000019192696e+00,  2.096523090442e+01,  2.150348424911e+00
  4.666750000417e+01,  1.000010132790e+00,  2.096523996432e+01,  2.147027492523e+00
  4.676749999821e+01,  9.999965429306e-01,  2.096525355418e+01,  2.149048328400e+00
  4.686750000715e+01,  9.999828934669e-01,  2.096526720364e+01,  2.148974180222e+00
  4.696750000119e+01,  9.999793767929e-01,  2.096527072032e+01,  2.146131992340e+00
  4.706750001013e+01,  9.999973773956e-01,  2.096525271972e+01,  2.147629499435e+00
  4.716750000417e+01,  9.999985098839e-01,  2.096525158723e+01,  2.146373033524e+00
  4.726749999821e+01,  1.000007033348e+00,  2.096524306376e+01,  2.143109321594e+00
  4.736750000715e+01,  1.000001311302e+00,  2.096524878581e+01,  2.145179748535e+00
  4.746750000119e+01,  1.000004172325e+00,  2.096524592479e+01,  2.142697811127e+00
  4.756750001013e+01,  9.999839663506e-01,  2.096526613076e+01,  2.143640041351e+00
  4.766750000417e+01,  9.999639987946e-01,  2.096528609832e+01,  2.143243312836e+00
  4.776749999821e+01,  9.999997615814e-01,  2.096525033553e+01,  2.144789695740e+00
  4.786750000715e+01,  9.999851584435e-01,  2.096526493867e+01,  2.140175819397e+00
  4.796750000119e+01,  1.000004172325e+00,  2.096524592479e+01,  2.139710903168e+00
  4.806750001013e+01,  9.999997615814e-01,  2.096525033553e+01,  2.139980554581e+00
  4.816750000417e+01,  1.000017523766e+00,  2.096523257335e+01,  2.141813993454e+00
  4.826749999821e+01,  9.999914765358e-01,  2.096525862058e+01,  2.140477418900e+00
  4.836750000715e+01,  9.999799132347e-01,  2.096527018388e+01,  2.140922546387e+00
  4.846750000119e+01,  1.000029087067e+00,  2.096522101004e+01,  2.140207529068e+00
  4.856750001013e+01,  1.000034928322e+00,  2.096521516879e+01,  2.138445138931e+00
  4.866750000417e+01,  1.000011205673e+00,  2.096523889144e+01,  2.140329122543e+00
  4.876749999821e+01,  1.000012040138e+00,  2.096523805697e+01,  2.137614488602e+00
  4.886750000715e+01,  9.999903440475e-01,  2.096525975306e+01,  2.139733552933e+00
  4.896750000119e+01,  1.000013232231e+00,  2.096523686488e+01,  2.137547731400e+00
  4.906750001013e+01,  1.000000953674e+00,  2.096524914344e+01,  2.140454292297e+00
  4.916750000417e+01,  1.000003337860e+00,  2.096524675925e+01,  2.138902902603e+00
  4.926749999821e+01,  9.999989271164e-01,  2.096525116999e+01,  2.137239933014e+00
  4.936750000715e+01,  1.000010490417e+00,  2.096523960669e+01,  2.139833688736e+00
  4.946750000119e+01,  1.000005245209e+00,  2.096524485190e+01,  2.135658979416e+00
  4.956750001013e+01,  9.999714493752e-01,  2.096527864774e+01,  2.138075828552e+00
  4.966750000417e+01,  9.999687075615e-01,  2.096528138955e+01,  2.136723041534e+00
  4.976749999821e+01,  9.999907016754e-01,  2.096525939544e+01,  2.135685682297e+00
  4.986750000715e+01,  1.000007867813e+00,  2.096524222930e+01,  2.135544061661e+00
  4.996750000119e+01,  1.000021338463e+00,  2.096522875865e+01,  2.135426044464e+00
  5.006750001013e+01,  1.000012040138e+00,  2.096523805697e+01,  2.134709358215e+00
  5.016750000417e+01,  9.999999403954e-01,  2.096525015672e+01,  2.133990526199e+00
  5.026749999821e+01,  9.999991655350e-01,  2.096525093158e+01,  2.134761810303e+00
  5.036750000715e+01,  1.000000596046e+00,  2.096524950106e+01,  2.134856939316e+00
  5.046750000119e+01,  9.999937415123e-01,  2.096525635560e+01,  2.133111000061e+00
  5.056750001013e+01,  9.999766945839e-01,  2.096527340253e+01,  2.131888866425e+00
  5.066750000417e+01,  1.000010013580e+00,  2.096524008353e+01,  2.132373809814e+00
  5.076749999821e+01,  1.000032067299e+00,  2.096521802981e+01,  2.131941080093e+00
  5.086750000715e+01,  9.999631047249e-01,  2.096528699239e+01,  2.133376121521e+00
  5.096750000119e+01,  1.000013709068e+00,  2.096523638804e+01,  2.131357192993e+00
  5.106750001013e+01,  1.000005841255e+00,  2.096524425586e+01,  2.131215333939e+00
  5.116750000417e+01,  9.999942779541e-01,  2.096525581916e+01,  2.129875659943e+00
  5.126749999821e+01,  9.999738931656e-01,  2.096527620395e+01,  2.131535291672e+00
  5.136750000715e+01,  1.000016689301e+00,  2.096523340781e+01,  2.130626678467e+00
  5.146750000119e+01,  9.999959468842e-01,  2.096525415023e+01,  2.129235506058e+00
  5.156750001013e+01,  1.000035762787e+00,  2.096521433432e+01,  2.131558895111e+00
  5.166750000417e+01,  1.000033497810e+00,  2.096521659930e+01,  2.130251884460e+00
  5.176749999821e+01,  1.000002980232e+00,  2.096524711688e+01,  2.129900217056e+00
  5.186750000715e+01,  1.000003576279e+00,  2.096524652083e+01,  2.129935979843e+00
  5.196750000119e+01,  9.999988675117e-01,  2.096525122960e+01,  2.128566503525e+00
  5.206750001013e+01,  1.000020384789e+00,  2.096522971232e+01,  2.128037214279e+00
  5.216750000417e+01,  9.999675750732e-01,  2.096528252204e+01,  2.125723123550e+00
  5.226749999821e+01,  9.999985694885e-01,  2.096525152762e+01,  2.127536296844e+00
  5.236750000715e+01,  9.999933838844e-01,  2.096525671323e+01,  2.125587940216e+00
  5.246750000119e+01,  1.000000357628e+00,  2.096524973948e+01,  2.126935958862e+00
  5.256750001013e+01,  1.000002145767e+00,  2.096524795134e+01,  2.126684904099e+00
  5.266750000417e+01,  9.999896287918e-01,  2.096526046832e+01,  2.126608371735e+00
  5.276749999821e+01,  1.000008821487e+00,  2.096524127562e+01,  2.127399444580e+00
  5.286750000715e+01,  9.999895691872e-01,  2.096526052792e+01,  2.127270936966e+00
  5.296750000119e+01,  1.000019907951e+00,  2.096523018916e+01,  2.124807834625e+00
  5.306750001013e+01,  9.999894499779e-01,  2.096526064713e+01,  2.124191284180e+00
  5.316750000417e+01,  1.000015377998e+00,  2.096523471911e+01,  2.126048803329e+00
  5.326749999821e+01,  9.999868869781e-01,  2.096526321013e+01,  2.125882863998e+00
  5.336750000715e+01,  1.000009059906e+00,  2.096524103720e+01,  2.123353958130e+00
  5.346750000119e+01,  9.999963641167e-01,  2.096525373299e+01,  2.122777938843e+00
  5.356750001013e+01,  1.000014185905e+00,  2.096523591121e+01,  2.123816490173e+00
  5.366750000417e+01,  1.000005602837e+00,  2.096524449427e+01,  2.125252962112e+00
  5.376749999821e+01,  1.000003933907e+00,  2.096524616320e+01,  2.123023748398e+00
  5.386750000715e+01,  1.000015258789e+00,  2.096523483832e+01,  2.121890068054e+00
  5.396750000119e+01,  1.000001907349e+00,  2.096524818976e+01,  2.124243974686e+00
  5.406750001013e+01,  1.000013113022e+00,  2.096523698409e+01,  2.120008230209e+00
  5.416750000417e+01,  9.999901652336e-01,  2.096525993188e+01,  2.120536088943e+00
  5.426749999821e+01,  1.000006437302e+00,  2.096524365981e+01,  2.122602939606e+00
  5.436750000715e+01,  1.000016927719e+00,  2.096523316939e+01,  2.122120141983e+00
  5.446750000119e+01,  9.999941587448e-01,  2.096525593837e+01,  2.123665571213e+00
  5.456750001013e+01,  1.000023603439e+00,  2.096522649367e+01,  2.123745918274e+00
  5.466750000417e+01,  1.000006079674e+00,  2.096524401744e+01,  2.121385335922e+00
  5.476749999821e+01,  1.000036835670e+00,  2.096521326144e+01,  2.119569540024e+00
  5.486750000715e+01,  9.999862909317e-01,  2.096526380618e+01,  2.117481470108e+00
  5.496750000119e+01,  1.000004410744e+00,  2.096524568637e+01,  2.115033149719e+00
  5.506750001013e+01,  1.000004053116e+00,  2.096524604400e+01,  2.117747068405e+00
  5.516750000417e+01,  9.999824762344e-01,  2.096526762088e+01,  2.117753982544e+00
  5.526749999821e+01,  1.000006079674e+00,  2.096524401744e+01,  2.116830587387e+00
  5.536750000715e+01,  1.000014066696e+00,  2.096523603041e+01,  2.115023374557e+00
  5.546750000119e+01,  1.000033974648e+00,  2.096521612246e+01,  2.115227222443e+00
  5.556750001013e+01,  9.999793171883e-01,  2.096527077992e+01,  2.115294933319e+00
  5.566750000417e+01,  1.000023722649e+00,  2.096522637446e+01,  2.113520622253e+00
  5.576749999821e+01,  9.999907612801e-01,  2.096525933583e+01,  2.115161657333e+00
  5.586750000715e+01,  9.999966025352e-01,  2.096525349458e+01,  2.114925146103e+00
  5.596750000119e+01,  9.999839663506e-01,  2.096526613076e+01,  2.114010810852e+00
  5.606750001013e+01,  9.999638795853e-01,  2.096528621753e+01,  2.112949132919e+00
  5.616750000417e+01,  1.000016212463e+00,  2.096523388465e+01,  2.113612890244e+00
  5.626749999821e+01,  1.000004768372e+00,  2.096524532874e+01,  2.115308284760e+00
  5.636750000715e+01,  9.999954700470e-01,  2.096525462706e+01,  2.114895105362e+00
  5.646750000119e+01,  9.999817013741e-01,  2.096526839574e+01,  2.113011121750e+00
  5.656750001013e+01,  1.000004410744e+00,  2.096524568637e+01,  2.113050460815e+00
  5.666750000417e+01,  9.999866485596e-01,  2.096526344855e+01,  2.111663341522e+00
  5.676749999821e+01,  1.000018954277e+00,  2.096523114283e+01,  2.112510442734e+00
  5.686750000715e+01,  9.999867677689e-01,  2.096526332934e+01,  2.110888004303e+00
  5.696750000119e+01,  9.999721646309e-01,  2.096527793248e+01,  2.110890150070e+00
  5.706750001013e+01,  9.999891519547e-01,  2.096526094516e+01,  2.110843896866e+00
  5.716750000417e+01,  9.999897480011e-01,  2.096526034911e+01,  2.113411426544e+00
  5.726749999821e+01,  9.999834895134e-01,  2.096526660760e+01,  2.109763145447e+00
  5.736750000715e+01,  9.999953508377e-01,  2.096525474627e+01,  2.110774278641e+00
  5.746750000119e+01,  1.000008821487e+00,  2.096524127562e+01,  2.110292911530e+00
  5.756750001013e+01,  1.000026583672e+00,  2.096522351344e+01,  2.110377311707e+00
  5.766750000417e+01,  9.999809861183e-01,  2.096526911099e+01,  2.109812974930e+00
  5.776749999821e+01,  9.999829530716e-01,  2.096526714404e+01,  2.109336137772e+00
  5.786750000715e+01,  1.000001907349e+00,  2.096524818976e+01,  2.108958482742e+00
  5.796750000119e+01,  9.999993443489e-01,  2.096525075276e+01,  2.107452392578e+00
  5.806750001013e+01,  9.999996423721e-01,  2.096525045474e+01,  2.107317686081e+00
  5.816750000417e+01,  9.999654293060e-01,  2.096528466780e+01,  2.108171939850e+00
  5.826749999821e+01,  1.000017762184e+00,  2.096523233493e+01,  2.108352899551e+00
  5.836750000715e+01,  1.000025868416e+00,  2.096522422870e+01,  2.108376741409e+00
  5.846750000119e+01,  1.000000119209e+00,  2.096524997790e+01,  2.106305599213e+00
  5.856750001013e+01,  9.999880790710e-01,  2.096526201804e+01,  2.107755661011e+00
  5.866750000417e+01,  1.000010013580e+00,  2.096524008353e+01,  2.103413820267e+00
  5.876749999821e+01,  9.999973177910e-01,  2.096525277932e+01,  2.104616880417e+00
  5.886750000715e+01,  1.000002861023e+00,  2.096524723609e+01,  2.106186866760e+00
  5.896750000119e+01,  1.000010728836e+00,  2.096523936827e+01,  2.103457689285e+00
  5.906750001013e+01,  1.000000238419e+00,  2.096524985869e+01,  2.104951858521e+00
  5.916750000417e+01,  9.999981522560e-01,  2.096525194485e+01,  2.104104042053e+00
  5.926749999821e+01,  1.000019907951e+00,  2.096523018916e+01,  2.104761838913e+00
  5.936750000715e+01,  9.999866485596e-01,  2.096526344855e+01,  2.101848125458e+00
  5.946750000119e+01,  9.999864101410e-01,  2.096526368697e+01,  2.104929685593e+00
  5.956750001013e+01,  1.000022649765e+00,  2.096522744735e+01,  2.104831457138e+00
  5.966750000417e+01,  1.000005483627e+00,  2.096524461348e+01,  2.101648330688e+00
  5.976749999821e+01,  9.999980330467e-01,  2.096525206406e+01,  2.103612422943e+00
  5.986750000715e+01,  1.000035762787e+00,  2.096521433432e+01,  2.103709220886e+00
  5.996750000119e+01,  9.999905228615e-01,  2.096525957425e+01,  2.105689764023e+00
  6.006750001013e+01,  1.000030636787e+00,  2.096521946032e+01,  2.099894762039e+00
  6.016750000417e+01,  1.000019431114e+00,  2.096523066600e+01,  2.102565765381e+00
  6.026749999821e+01,  1.000029206276e+00,  2.096522089083e+01,  2.100223064423e+00
  6.036750000715e+01,  9.999972581863e-01,  2.096525283892e+01,  2.100485324860e+00
  6.046750000119e+01,  1.000007271767e+00,  2.096524282534e+01,  2.100348949432e+00
  6.056750001013e+01,  1.000016689301e+00,  2.096523340781e+01,  2.099266052246e+00
  6.066750000417e+01,  9.999679327011e-01,  2.096528216441e+01,  2.101510286331e+00
  6.076749999821e+01,  9.999760985374e-01,  2.096527399857e+01,  2.098976612091e+00
  6.086750000715e+01,  1.000007867813e+00,  2.096524222930e+01,  2.099984645844e+00
  6.096750000119e+01,  1.000018477440e+00,  2.096523161967e+01,  2.097621679306e+00
  6.106750001013e+01,  1.000011324883e+00,  2.096523877223e+01,  2.099391698837e+00
  6.116750000417e+01,  1.000004053116e+00,  2.096524604400e+01,  2.098213911057e+00
  6.126749999821e+01,  1.000007152557e+00,  2.096524294455e+01,  2.098883390427e+00
  6.136750000715e+01,  1.000015854836e+00,  2.096523424228e+01,  2.098734855652e+00
  6.146750000119e+01,  9.999982714653e-01,  2.096525182565e+01,  2.098500490189e+00
  6.156599999964e+01,  1.000005722046e+00,  2.096524437507e+01,  2.098268747330e+00
  6.156700000167e+01,  1.000008106232e+00,  2.096524199088e+01,  2.098175048828e+00
  6.157000000775e+01,  1.000004768372e+00,  2.096524532874e+01,  2.098011732101e+00
  6.167000000179e+01,  9.998675584793e-01,  2.096538253863e+01,  2.099087476730e+00
  6.174650000036e+01,  9.897986650467e-01,  2.097545143206e+01,  2.087300062180e+00
  6.176500000060e+01,  9.797984361649e-01,  2.098545166095e+01,  2.046074628830e+00
  6.177450001240e+01,  9.696208238602e-01,  2.099562927325e+01,  2.011399030685e+00
  6.178200000525e+01,  9.591380357742e-01,  2.100611206134e+01,  1.982376933098e+00
  6.178850001097e+01,  9.491091966629e-01,  2.101614090045e+01,  1.947449564934e+00
  6.179500000179e+01,  9.384776353836e-01,  2.102677246173e+01,  1.910828471184e+00
  6.180099999905e+01,  9.283992052078e-01,  2.103685089190e+01,  1.874298930168e+00
  6.180700001121e+01,  9.183169603348e-01,  2.104693313678e+01,  1.839981913567e+00
  6.181350000203e+01,  9.078265428543e-01,  2.105742355426e+01,  1.803971171379e+00
  6.182050000131e+01,  8.976069688797e-01,  2.106764312823e+01,  1.772484660149e+00
  6.182850000262e+01,  8.875628709793e-01,  2.107768722613e+01,  1.721337199211e+00
  6.183700001240e+01,  8.775302171707e-01,  2.108771987994e+01,  1.673394083977e+00
  6.184550000727e+01,  8.672610521317e-01,  2.109798904498e+01,  1.629280924797e+00
  6.185350000858e+01,  8.571139574051e-01,  2.110813613971e+01,  1.591133952141e+00
  6.186150000989e+01,  8.465968370438e-01,  2.111865326007e+01,  1.543801188469e+00
  6.186900000274e+01,  8.360263109207e-01,  2.112922378619e+01,  1.501168131828e+00
  6.187600000203e+01,  8.256846666336e-01,  2.113956543048e+01,  1.467690348625e+00
  6.188300000131e+01,  8.154422044754e-01,  2.114980789264e+01,  1.431221842766e+00
  6.189050000906e+01,  8.050585985184e-01,  2.116019149859e+01,  1.393059611320e+00
  6.189850001037e+01,  7.950335741043e-01,  2.117021652301e+01,  1.354409098625e+00
  6.190800000727e+01,  7.846053242683e-01,  2.118064477284e+01,  1.311492919922e+00
  6.191899999976e+01,  7.745745778084e-01,  2.119067551930e+01,  1.271858215332e+00
  6.193200001121e+01,  7.644942402840e-01,  2.120075585683e+01,  1.217979431152e+00
  6.194400000572e+01,  7.542517781258e-01,  2.121099831899e+01,  1.177291870117e+00
  6.195450000465e+01,  7.439635396004e-01,  2.122128655751e+01,  1.141738891602e+00
  6.196400000155e+01,  7.339575886726e-01,  2.123129250844e+01,  1.107078552246e+00
  6.197349999845e+01,  7.237151265144e-01,  2.124153497060e+01,  1.072052001953e+00
  6.198300001025e+01,  7.136977314949e-01,  2.125155236562e+01,  1.035003662109e+00
  6.199300000072e+01,  7.035391926765e-01,  2.126171090443e+01,  9.955139756203e-01
  6.200349999964e+01,  6.932719349861e-01,  2.127197816212e+01,  9.539871811867e-01
  6.201399999857e+01,  6.830866932869e-01,  2.128216340382e+01,  9.147339463234e-01
  6.202450001240e+01,  6.728613972664e-01,  2.129238869984e+01,  8.783798813820e-01
  6.203500001132e+01,  6.627009510994e-01,  2.130254914601e+01,  8.422394394875e-01
  6.204550001025e+01,  6.526492238045e-01,  2.131260087331e+01,  8.058930039406e-01
  6.205600000918e+01,  6.425192952156e-01,  2.132273080190e+01,  7.697907090187e-01
  6.206650000811e+01,  6.321471333504e-01,  2.133310296376e+01,  7.333069443703e-01
  6.207649999857e+01,  6.220877766609e-01,  2.134316232045e+01,  6.962280869484e-01
  6.208650000393e+01,  6.116660237312e-01,  2.135358407338e+01,  6.595154404640e-01
  6.209600000083e+01,  6.014273762703e-01,  2.136382272084e+01,  6.261597275734e-01
  6.210550001264e+01,  5.911734700203e-01,  2.137407662709e+01,  5.925140976906e-01
  6.211550000310e+01,  5.807326436043e-01,  2.138451745351e+01,  5.563202500343e-01
  6.212550000846e+01,  5.705741047859e-01,  2.139467599233e+01,  5.220108628273e-01
  6.213600000739e+01,  5.601332783699e-01,  2.140511681874e+01,  4.861603379250e-01
  6.214650000632e+01,  5.498488545418e-01,  2.141540124257e+01,  4.511414170265e-01
  6.215700000525e+01,  5.395301580429e-01,  2.142571993907e+01,  4.171960055828e-01
  6.216750000417e+01,  5.290817022324e-01,  2.143616839488e+01,  3.849923312664e-01
  6.217750000954e+01,  5.190414190292e-01,  2.144620867808e+01,  3.533303439617e-01
  6.218750000000e+01,  5.089668035507e-01,  2.145628329356e+01,  3.218438327312e-01
  6.219750000536e+01,  4.989418089390e-01,  2.146630828817e+01,  2.898232638836e-01
  6.220750001073e+01,  4.889320433140e-01,  2.147631805380e+01,  2.580392062664e-01
  6.221750000119e+01,  4.788497984409e-01,  2.148640029867e+01,  2.275292575359e-01
  6.222750000656e+01,  4.686836302280e-01,  2.149656646688e+01,  2.002083957195e-01
  6.223750001192e+01,  4.585022032261e-01,  2.150674789388e+01,  1.752297580242e-01
  6.224750000238e+01,  4.483703672886e-01,  2.151687972982e+01,  1.521584689617e-01
  6.225750000775e+01,  4.382652342319e-01,  2.152698486288e+01,  1.333443820477e-01
  6.226749999821e+01,  4.281982481480e-01,  2.153705184896e+01,  1.154458299279e-01
  6.227750000358e+01,  4.181808531284e-01,  2.154706924398e+01,  9.817288070917e-02
  6.228750000894e+01,  4.081405699253e-01,  2.155710952719e+01,  8.122418075800e-02
  6.229749999940e+01,  3.980430662632e-01,  2.156720703085e+01,  6.555721908808e-02
  6.230750000477e+01,  3.879379332066e-01,  2.157731216390e+01,  5.085918679833e-02
  6.231750001013e+01,  3.779090940952e-01,  2.158734100302e+01,  3.745434060693e-02
  6.232800000906e+01,  3.674720823765e-01,  2.159777801473e+01,  2.801678143442e-02
  6.233850000799e+01,  3.571304380894e-01,  2.160811965902e+01,  2.043316327035e-02
  6.234900000691e+01,  3.468517363071e-01,  2.161839836080e+01,  1.513073313981e-02
  6.235950000584e+01,  3.365711271763e-01,  2.162867896993e+01,  1.075909007341e-02
  6.237000000477e+01,  3.262714445591e-01,  2.163897865255e+01,  7.118438370526e-03
  6.238050000370e+01,  3.158954679966e-01,  2.164935462911e+01,  3.031467087567e-03
  6.239100000262e+01,  3.054279386997e-01,  2.165982215841e+01, -5.638849688694e-04
  6.240100000799e+01,  2.953838407993e-01,  2.166986625631e+01, -3.293300978839e-03
  6.241099999845e+01,  2.853485941887e-01,  2.167990150292e+01, -4.929879214615e-03
  6.242150001228e+01,  2.748925089836e-01,  2.169035758813e+01, -5.870440509170e-03
  6.243200001121e+01,  2.645756602287e-01,  2.170067443688e+01, -7.192292716354e-03
  6.244250001013e+01,  2.543503642082e-01,  2.171089973290e+01, -7.767350878567e-03
  6.245300000906e+01,  2.440392374992e-01,  2.172121085961e+01, -7.854642346501e-03
  6.246350000799e+01,  2.336098551750e-01,  2.173164024194e+01, -7.205358240753e-03
  6.247349999845e+01,  2.235886454582e-01,  2.174166145165e+01, -8.617034181952e-03
  6.248350000381e+01,  2.134911417961e-01,  2.175175895531e+01, -8.139437064528e-03
  6.249350000918e+01,  2.034355998039e-01,  2.176181449731e+01, -8.961489424109e-03
  6.250400000811e+01,  1.929642558098e-01,  2.177228584130e+01, -8.975123986602e-03
  6.251450000703e+01,  1.825272440910e-01,  2.178272285302e+01, -9.867643937469e-03
  6.252500000596e+01,  1.720520853996e-01,  2.179319801171e+01, -8.456086739898e-03
  6.253550000489e+01,  1.616455912590e-01,  2.180360450585e+01, -7.899841293693e-03
  6.254600000381e+01,  1.513440012932e-01,  2.181390609582e+01, -8.357783779502e-03
  6.255650000274e+01,  1.411358714104e-01,  2.182411422570e+01, -1.073553226888e-02
  6.256700000167e+01,  1.308113932610e-01,  2.183443870385e+01, -1.310661993921e-02
  6.257700000703e+01,  1.206871792674e-01,  2.184456291784e+01, -1.276648603380e-02
  6.258700001240e+01,  1.103302761912e-01,  2.185491982092e+01, -1.008385978639e-02
  6.259700000286e+01,  9.993141144514e-02,  2.186531868567e+01, -8.151000365615e-03
  6.260700000823e+01,  8.958213776350e-02,  2.187566795935e+01, -6.370014045388e-03
  6.261699999869e+01,  7.944648712873e-02,  2.188580360998e+01, -6.073488388211e-03
  6.262750001252e+01,  6.907051056623e-02,  2.189617958654e+01, -8.386267349124e-03
  6.263800001144e+01,  5.871742591262e-02,  2.190653267120e+01, -1.058901660144e-02
  6.264800000191e+01,  4.870766028762e-02,  2.191654243682e+01, -9.908629581332e-03
  6.265850000083e+01,  3.835342824459e-02,  2.192689666887e+01, -6.544308271259e-03
  6.266950000823e+01,  2.811668626964e-02,  2.193713341084e+01, -3.272251691669e-03
  6.268200001121e+01,  1.786659471691e-02,  2.194738350239e+01,  6.564097711816e-04
  6.269900000095e+01,  7.737620733678e-03,  2.195751247638e+01,  1.021070987917e-03
  6.271400000155e+01,  2.416117815301e-03,  2.196283397930e+01, -1.784638850950e-03
  6.271500000358e+01,  2.162440447137e-03,  2.196308765666e+01, -1.997308339924e-03
  6.272300000489e+01,  5.078155663796e-04,  2.196474228154e+01, -3.526763524860e-03
  6.272600001097e+01,  3.526993896230e-05,  2.196521482717e+01, -4.091338720173e-03
  6.301300001144e+01, -2.215776126832e-03,  2.196746587324e+01, -1.007253117859e-02
  6.301399999857e+01, -2.207222860307e-03,  2.196745731997e+01, -1.001829095185e-02
