           Test time,     Standard travel,     Tool separation,      Standard force
                 0.0,                 0.0,  2.464468670303e+01, -1.014923024923e-02
                 0.0,                 0.0,  2.464468267227e+01, -1.011763978750e-02
                 0.0,                 0.0,  2.464467122073e+01, -1.009291037917e-02
                 0.0,                 0.0,  2.464466914947e+01, -1.034353300929e-02
                 0.0,                 0.0,  2.464466618414e+01, -1.029179617763e-02
                 0.0,                 0.0,  2.471471390914e+01, -1.063374057412e-02
  0.000000000000e+00,  0.000000000000e+00,  2.471470566503e+01, -1.061601191759e-02
  8.000001311302e-03,  1.515960320830e-06,  2.471470414907e+01, -1.032341271639e-02
  1.099999248981e-02,  3.628199920058e-06,  2.471470203683e+01, -1.049558073282e-02
  1.299999654293e-02,  7.336493581533e-07,  2.471470493138e+01, -1.058004051447e-02
  1.399999856949e-02,  6.589805707335e-06,  2.471469907523e+01, -1.059188693762e-02
  1.145000010729e-01, -1.948551653186e-05,  2.471472515055e+01, -9.507733397186e-03
  2.149999886751e-01, -4.532200819085e-06,  2.471471019723e+01, -1.102541480213e-02
  3.149999976158e-01, -1.815083305701e-05,  2.471472381587e+01, -1.089924201369e-02
  4.155000001192e-01,  3.462370386842e-06,  2.471470220266e+01, -8.992433547974e-03
  5.010000020266e-01,  1.004859432578e-02,  2.470465707071e+01, -7.587117608637e-03
  5.199999958277e-01,  2.016147971153e-02,  2.469454418532e+01,  1.148938108236e-02
  5.304999947548e-01,  3.075107932091e-02,  2.468395458571e+01,  2.397154644132e-02
  5.380000025034e-01,  4.082188010216e-02,  2.467388378493e+01,  1.997279003263e-02
  5.450000017881e-01,  5.123600363731e-02,  2.466346966140e+01,  2.093552425504e-02
  5.514999926090e-01,  6.147465109825e-02,  2.465323101393e+01,  2.246235683560e-02
  5.579999983311e-01,  7.195743918419e-02,  2.464274822585e+01,  2.582024410367e-02
  5.644999891520e-01,  8.244785666466e-02,  2.463225780837e+01,  2.637258917093e-02
  5.709999948740e-01,  9.254917502403e-02,  2.462215649001e+01,  2.827268093824e-02
  5.785000026226e-01,  1.031425893307e-01,  2.461156307570e+01,  2.961402386427e-02
  5.869999974966e-01,  1.137054860592e-01,  2.460100017897e+01,  5.110602825880e-02
  5.954999923706e-01,  1.239670217037e-01,  2.459073864333e+01,  6.537299603224e-02
  6.040000021458e-01,  1.343544423580e-01,  2.458035122267e+01,  7.572989910841e-02
  6.124999970198e-01,  1.449173390865e-01,  2.456978832595e+01,  8.426909893751e-02
  6.204999983311e-01,  1.550110280514e-01,  2.455969463698e+01,  9.336905926466e-02
  6.284999996424e-01,  1.652229726315e-01,  2.454948269240e+01,  9.962325543165e-02
  6.365000009537e-01,  1.752746999264e-01,  2.453943096511e+01,  1.065106913447e-01
  6.449999958277e-01,  1.854980885983e-01,  2.452920757643e+01,  1.158109232783e-01
  6.539999991655e-01,  1.956642568111e-01,  2.451904140822e+01,  1.239858195186e-01
  6.639999896288e-01,  2.059677541256e-01,  2.450873791091e+01,  1.356473565102e-01
  6.749999970198e-01,  2.162178456783e-01,  2.449848781935e+01,  1.486478447914e-01
  6.864999979734e-01,  2.263058125973e-01,  2.448839985244e+01,  1.622281670570e-01
  6.979999989271e-01,  2.363956868649e-01,  2.447830997817e+01,  1.779904961586e-01
  7.084999978542e-01,  2.465637624264e-01,  2.446814190261e+01,  1.995397210121e-01
  7.175000011921e-01,  2.568100392818e-01,  2.445789562575e+01,  2.088132500648e-01
  7.259999960661e-01,  2.672165334225e-01,  2.444748913161e+01,  2.167726159096e-01
  7.344999909401e-01,  2.776230275631e-01,  2.443708263747e+01,  2.281556725502e-01
  7.430000007153e-01,  2.877281606197e-01,  2.442697750441e+01,  2.395845055580e-01
  7.519999891520e-01,  2.978332936764e-01,  2.441687237136e+01,  2.457242608070e-01
  7.625000029802e-01,  3.081673085690e-01,  2.440653835646e+01,  2.575727105141e-01
  7.744999974966e-01,  3.185790777206e-01,  2.439612658731e+01,  2.834929823875e-01
  7.854999899864e-01,  3.287414312363e-01,  2.438596423380e+01,  3.001098036766e-01
  7.954999953508e-01,  3.388541936874e-01,  2.437585147135e+01,  3.114508986473e-01
  8.049999922514e-01,  3.489326238632e-01,  2.436577304117e+01,  3.220958113670e-01
  8.144999891520e-01,  3.589843511581e-01,  2.435572131387e+01,  3.321456313133e-01
  8.244999945164e-01,  3.691085577011e-01,  2.434559710733e+01,  3.443717360497e-01
  8.349999934435e-01,  3.791640996933e-01,  2.433554156534e+01,  3.601836562157e-01
  8.454999923706e-01,  3.892081975937e-01,  2.432549746744e+01,  3.773230910301e-01
  8.559999912977e-01,  3.995670080185e-01,  2.431513865701e+01,  3.931807875633e-01
  8.659999966621e-01,  4.097598791122e-01,  2.430494578592e+01,  4.062728285789e-01
  8.760000020266e-01,  4.200633764267e-01,  2.429464228861e+01,  4.199637770653e-01
  8.859999924898e-01,  4.302791357040e-01,  2.428442652933e+01,  4.332236647606e-01
  8.959999978542e-01,  4.402965307236e-01,  2.427440913431e+01,  4.501571059227e-01
  9.060000032187e-01,  4.503635168076e-01,  2.426434214822e+01,  4.651107192039e-01
  9.159999936819e-01,  4.605334997177e-01,  2.425417216531e+01,  4.807814955711e-01
  9.259999990463e-01,  4.707721471786e-01,  2.424393351785e+01,  4.955100417137e-01
  9.359999895096e-01,  4.809497594833e-01,  2.423375590555e+01,  5.097236037254e-01
  9.465000033379e-01,  4.914211034775e-01,  2.422328456156e+01,  5.233268141747e-01
  9.570000022650e-01,  5.017131567001e-01,  2.421299250833e+01,  5.395850539207e-01
  9.675000011921e-01,  5.120185613632e-01,  2.420268710367e+01,  5.539740920067e-01
  9.780000001192e-01,  5.224250555038e-01,  2.419228060953e+01,  5.696067214012e-01
  9.879999905825e-01,  5.324500799179e-01,  2.418225558511e+01,  5.829772353172e-01
  9.979999959469e-01,  5.424903631210e-01,  2.417221530191e+01,  5.980033278465e-01
  1.008499994874e+00,  5.529693365097e-01,  2.416173632852e+01,  6.126250624657e-01
  1.018999993801e+00,  5.633386969566e-01,  2.415136696808e+01,  6.286780238152e-01
  1.029499992728e+00,  5.736879706383e-01,  2.414101769439e+01,  6.437270045280e-01
  1.039999991655e+00,  5.841440558434e-01,  2.413056160919e+01,  6.598021388054e-01
  1.049999997020e+00,  5.942148566246e-01,  2.412049080841e+01,  6.743132472038e-01
  1.060000002384e+00,  6.043238043785e-01,  2.411038186065e+01,  6.897131800652e-01
  1.069999992847e+00,  6.143450140953e-01,  2.410036065094e+01,  7.043730616570e-01
  1.080499991775e+00,  6.247362494469e-01,  2.408996941559e+01,  7.207877039909e-01
  1.090999990702e+00,  6.350244879723e-01,  2.407968117706e+01,  7.369009852409e-01
  1.101499989629e+00,  6.453298926353e-01,  2.406937577240e+01,  7.520834803581e-01
  1.112000003457e+00,  6.557554602623e-01,  2.405895020477e+01,  7.684485316277e-01
  1.121999993920e+00,  6.658720374107e-01,  2.404883362762e+01,  7.828184962273e-01
  1.131999999285e+00,  6.760839819908e-01,  2.403862168304e+01,  7.971655726433e-01
  1.141999989748e+00,  6.862158179283e-01,  2.402848984710e+01,  8.134352564812e-01
  1.151999995112e+00,  6.962866187096e-01,  2.401841904632e+01,  8.294531702995e-01
  1.162499994040e+00,  7.067579627037e-01,  2.400794770233e+01,  8.446013331413e-01
  1.172999992967e+00,  7.171720862389e-01,  2.399753357879e+01,  8.624426722527e-01
  1.182999998331e+00,  7.272009253502e-01,  2.398750473968e+01,  8.789870142937e-01
  1.192999988794e+00,  7.373098731041e-01,  2.397739579193e+01,  8.940855860710e-01
  1.202999994159e+00,  7.474150061607e-01,  2.396729065887e+01,  9.118430018425e-01
  1.212999999523e+00,  7.575506567955e-01,  2.395715500824e+01,  9.294745326042e-01
  1.222999989986e+00,  7.676634192467e-01,  2.394704224579e+01,  9.443938136101e-01
  1.233499988914e+00,  7.781423926353e-01,  2.393656327240e+01,  9.612051844597e-01
  1.244000002742e+00,  7.886251807213e-01,  2.392608048431e+01,  9.789053797722e-01
  1.253999993205e+00,  7.986311316490e-01,  2.391607453338e+01,  9.917837977409e-01
  1.264499992132e+00,  8.090566992760e-01,  2.390564896576e+01,  1.007622361183e+00
  1.274999991059e+00,  8.194182515144e-01,  2.389528741352e+01,  1.026542901993e+00
  1.285499989986e+00,  8.298247456551e-01,  2.388488091938e+01,  1.044281244278e+00
  1.295999988914e+00,  8.402999043465e-01,  2.387440576069e+01,  1.060608148575e+00
  1.305999994278e+00,  8.503554463387e-01,  2.386435021869e+01,  1.077541589737e+00
  1.315999999642e+00,  8.605368733406e-01,  2.385416879169e+01,  1.093166589737e+00
  1.325999990106e+00,  8.707144856453e-01,  2.384399117939e+01,  1.108490228653e+00
  1.335999995470e+00,  8.808234333992e-01,  2.383388223163e+01,  1.124706506729e+00
  1.346000000834e+00,  8.908484578133e-01,  2.382385720722e+01,  1.141643762589e+00
  1.356499999762e+00,  9.013007283211e-01,  2.381340493671e+01,  1.159298181534e+00
  1.366999998689e+00,  9.117110371590e-01,  2.380299462787e+01,  1.177265405655e+00
  1.377499997616e+00,  9.221900105476e-01,  2.379251565448e+01,  1.193157434464e+00
  1.387500002980e+00,  9.321959614754e-01,  2.378250970356e+01,  1.207702875137e+00
  1.398000001907e+00,  9.426367878914e-01,  2.377206887714e+01,  1.224956750870e+00
  1.408500000834e+00,  9.530585408211e-01,  2.376164712421e+01,  1.241398096085e+00
  1.418999999762e+00,  9.633963704109e-01,  2.375130929462e+01,  1.254356622696e+00
  1.429999992251e+00,  9.736331105232e-01,  2.374107255451e+01,  1.267135858536e+00
  1.442499995232e+00,  9.837916493416e-01,  2.373091401569e+01,  1.279894113541e+00
  1.459499999881e+00,  9.938824772835e-01,  2.372082318775e+01,  1.293411493301e+00
  1.468999996781e+00,  9.974711537361e-01,  2.371723451130e+01,  1.300859689713e+00
  1.569499999285e+00,  1.003721117973e+00,  2.371098454706e+01,  1.308763027191e+00
  1.670000001788e+00,  1.002911329269e+00,  2.371179433576e+01,  1.303825616837e+00
  1.770499989390e+00,  1.001983761787e+00,  2.371272190325e+01,  1.295522451401e+00
  1.870499998331e+00,  1.001338601112e+00,  2.371336706392e+01,  1.290387272835e+00
  1.971000000834e+00,  1.000865578651e+00,  2.371384008638e+01,  1.285541892052e+00
  2.071500003338e+00,  1.000533819199e+00,  2.371417184583e+01,  1.281570792198e+00
  2.171999990940e+00,  1.000312805176e+00,  2.371439285986e+01,  1.277349710464e+00
  2.271999999881e+00,  1.000214934349e+00,  2.371449073068e+01,  1.274143576622e+00
  2.372500002384e+00,  1.000101685524e+00,  2.371460397951e+01,  1.267362833023e+00
  2.472999989986e+00,  1.000067472458e+00,  2.371463819257e+01,  1.268145322800e+00
  2.572999998927e+00,  1.000040769577e+00,  2.371466489546e+01,  1.264192938805e+00
  2.673500001431e+00,  1.000021219254e+00,  2.371468444578e+01,  1.262401223183e+00
  2.773999989033e+00,  1.000000238419e+00,  2.371470542661e+01,  1.257195353508e+00
  2.873999997973e+00,  9.999899864197e-01,  2.371471567861e+01,  1.256188035011e+00
  2.974500000477e+00,  9.999988079071e-01,  2.371470685713e+01,  1.255188822746e+00
  3.075000002980e+00,  1.000006318092e+00,  2.371469934694e+01,  1.253217458725e+00
  3.175499990582e+00,  1.000016570091e+00,  2.371468909494e+01,  1.249690771103e+00
  3.275499999523e+00,  9.999876618385e-01,  2.371471800319e+01,  1.248787283897e+00
  3.376000002027e+00,  9.999976754189e-01,  2.371470798961e+01,  1.248118758202e+00
  3.476499989629e+00,  1.000022649765e+00,  2.371468301527e+01,  1.245323419571e+00
  3.576499998569e+00,  9.999998807907e-01,  2.371470578424e+01,  1.241577863693e+00
  3.677000001073e+00,  9.999794363976e-01,  2.371472622863e+01,  1.239578247070e+00
  3.777499988675e+00,  1.000011801720e+00,  2.371469386331e+01,  1.238896250725e+00
  3.877499997616e+00,  1.000020265579e+00,  2.371468539945e+01,  1.238353252411e+00
  3.978000000119e+00,  1.000006437302e+00,  2.371469922773e+01,  1.234790921211e+00
  4.078500002623e+00,  1.000069975853e+00,  2.371463568918e+01,  1.237105607986e+00
  4.178999990225e+00,  1.000036358833e+00,  2.371466930620e+01,  1.234572291374e+00
  4.278999999166e+00,  9.999966025352e-01,  2.371470906250e+01,  1.230842351913e+00
  4.379500001669e+00,  9.999972581863e-01,  2.371470840685e+01,  1.228071331978e+00
  4.479999989271e+00,  1.000015616417e+00,  2.371469004862e+01,  1.228042364120e+00
  4.579999998212e+00,  9.999783039093e-01,  2.371472736112e+01,  1.230630159378e+00
  4.680500000715e+00,  1.000014901161e+00,  2.371469076387e+01,  1.228030562401e+00
  4.781000003219e+00,  1.000025153160e+00,  2.371468051187e+01,  1.227160334587e+00
  4.881499990821e+00,  1.000008940697e+00,  2.371469672434e+01,  1.222019791603e+00
  4.981499999762e+00,  9.999998807907e-01,  2.371470578424e+01,  1.222492575645e+00
  5.082000002265e+00,  1.000030994415e+00,  2.371467467062e+01,  1.222158074379e+00
  5.182499989867e+00,  9.999965429306e-01,  2.371470912210e+01,  1.220954775810e+00
  5.282499998808e+00,  1.000014185905e+00,  2.371469147913e+01,  1.218979716301e+00
  5.383000001311e+00,  1.000042796135e+00,  2.371466286890e+01,  1.219081044197e+00
  5.483499988914e+00,  1.000025987625e+00,  2.371467967741e+01,  1.218516230583e+00
  5.583499997854e+00,  1.000024557114e+00,  2.371468110792e+01,  1.217958927155e+00
  5.684000000358e+00,  1.000026702881e+00,  2.371467896215e+01,  1.215739369392e+00
  5.784500002861e+00,  1.000031113625e+00,  2.371467455141e+01,  1.215199112892e+00
  5.884999990463e+00,  1.000022530556e+00,  2.371468313448e+01,  1.215231060982e+00
  5.984999999404e+00,  1.000030875206e+00,  2.371467478983e+01,  1.214924693108e+00
  6.084999993443e+00,  1.000014305115e+00,  2.371469135992e+01,  1.213238835335e+00
  6.185000002384e+00,  1.000023603439e+00,  2.371468206159e+01,  1.212385654449e+00
  6.284999996424e+00,  1.000016927719e+00,  2.371468873731e+01,  1.210676431656e+00
  6.384999990463e+00,  1.000028491020e+00,  2.371467717401e+01,  1.210350155830e+00
  6.484999999404e+00,  1.000003218651e+00,  2.371470244638e+01,  1.210641741753e+00
  6.584999993443e+00,  1.000023841858e+00,  2.371468182317e+01,  1.209560513496e+00
  6.685000002384e+00,  9.999939203262e-01,  2.371471174471e+01,  1.206790089607e+00
  6.784999996424e+00,  1.000001311302e+00,  2.371470435373e+01,  1.204476952553e+00
  6.884999990463e+00,  1.000031828880e+00,  2.371467383615e+01,  1.207053661346e+00
  6.984999999404e+00,  9.999949336052e-01,  2.371471073143e+01,  1.205435395241e+00
  7.084999993443e+00,  1.000005602837e+00,  2.371470006220e+01,  1.202612519264e+00
  7.185000002384e+00,  9.999845623970e-01,  2.371472110264e+01,  1.202497482300e+00
  7.284999996424e+00,  9.999974966049e-01,  2.371470816843e+01,  1.203624129295e+00
  7.384999990463e+00,  1.000015854836e+00,  2.371468981020e+01,  1.202382564545e+00
  7.484999999404e+00,  9.999924302101e-01,  2.371471323482e+01,  1.200858235359e+00
  7.584999993443e+00,  9.999942779541e-01,  2.371471138708e+01,  1.199089407921e+00
  7.685000002384e+00,  9.999714493752e-01,  2.371473421566e+01,  1.199854850769e+00
  7.784999996424e+00,  1.000013828278e+00,  2.371469183675e+01,  1.198323011398e+00
  7.884999990463e+00,  1.000021100044e+00,  2.371468456499e+01,  1.195918440819e+00
  7.984999999404e+00,  1.000032663345e+00,  2.371467300169e+01,  1.196645855904e+00
  8.084999993443e+00,  9.999980330467e-01,  2.371470763199e+01,  1.197714924812e+00
  8.185000002384e+00,  1.000020503998e+00,  2.371468516103e+01,  1.195312142372e+00
  8.284999996424e+00,  1.000005841255e+00,  2.371469982378e+01,  1.196179509163e+00
  8.384999990463e+00,  9.999739527702e-01,  2.371473171226e+01,  1.192208170891e+00
  8.484999999404e+00,  1.000029683113e+00,  2.371467598192e+01,  1.190835833549e+00
  8.584999993443e+00,  9.999952912331e-01,  2.371471037380e+01,  1.191682934761e+00
  8.685000002384e+00,  1.000000953674e+00,  2.371470471136e+01,  1.192432999611e+00
  8.784999996424e+00,  1.000015020370e+00,  2.371469064466e+01,  1.188428640366e+00
  8.884999990463e+00,  1.000010490417e+00,  2.371469517462e+01,  1.189721584320e+00
  8.984999999404e+00,  1.000029206276e+00,  2.371467645876e+01,  1.186843395233e+00
  9.084999993443e+00,  9.999930858612e-01,  2.371471257917e+01,  1.185621142387e+00
  9.185000002384e+00,  1.000042200089e+00,  2.371466346494e+01,  1.190540552139e+00
  9.284999996424e+00,  1.000033855438e+00,  2.371467180959e+01,  1.186201691628e+00
  9.384999990463e+00,  1.000006318092e+00,  2.371469934694e+01,  1.187469005585e+00
  9.484999999404e+00,  1.000014066696e+00,  2.371469159834e+01,  1.185316205025e+00
  9.584999993443e+00,  9.999830722809e-01,  2.371472259275e+01,  1.184381961823e+00
  9.685000002384e+00,  1.000007390976e+00,  2.371469827406e+01,  1.183886766434e+00
  9.784999996424e+00,  1.000026106834e+00,  2.371467955820e+01,  1.184274435043e+00
  9.884999990463e+00,  9.999801516533e-01,  2.371472551338e+01,  1.183331131935e+00
  9.984999999404e+00,  1.000011563301e+00,  2.371469410173e+01,  1.183044910431e+00
  1.008499999344e+01,  9.999901652336e-01,  2.371471549980e+01,  1.183739542961e+00
  1.018500000238e+01,  9.999960660934e-01,  2.371470959894e+01,  1.181312203407e+00
  1.028499999642e+01,  9.999877810478e-01,  2.371471788398e+01,  1.180690646172e+00
  1.038499999046e+01,  1.000000357628e+00,  2.371470530740e+01,  1.182242512703e+00
  1.048499999940e+01,  1.000008225441e+00,  2.371469743959e+01,  1.181342840195e+00
  1.058499999344e+01,  1.000022768974e+00,  2.371468289606e+01,  1.179999113083e+00
  1.068500000238e+01,  1.000018477440e+00,  2.371468718759e+01,  1.178154230118e+00
  1.078499999642e+01,  1.000026941299e+00,  2.371467872373e+01,  1.181092739105e+00
  1.088499999046e+01,  9.999915957451e-01,  2.371471406929e+01,  1.179831147194e+00
  1.098499999940e+01,  9.999892115593e-01,  2.371471645347e+01,  1.179373741150e+00
  1.108499999344e+01,  1.000003933907e+00,  2.371470173113e+01,  1.178995490074e+00
  1.118500000238e+01,  1.000006675720e+00,  2.371469898931e+01,  1.179147362709e+00
  1.128499999642e+01,  1.000014066696e+00,  2.371469159834e+01,  1.178961157799e+00
  1.138499999046e+01,  9.999946355820e-01,  2.371471102945e+01,  1.178002834320e+00
  1.148499999940e+01,  9.999957084656e-01,  2.371470995657e+01,  1.174614310265e+00
  1.158499999344e+01,  1.000017404556e+00,  2.371468826048e+01,  1.173459768295e+00
  1.168500000238e+01,  1.000017642975e+00,  2.371468802206e+01,  1.176734566689e+00
  1.178499999642e+01,  1.000002026558e+00,  2.371470363847e+01,  1.174097061157e+00
  1.188499999046e+01,  9.999954700470e-01,  2.371471019499e+01,  1.174015641212e+00
  1.198499999940e+01,  1.000013828278e+00,  2.371469183675e+01,  1.174625873566e+00
  1.208499999344e+01,  9.999761581421e-01,  2.371472950689e+01,  1.171243190765e+00
  1.218500000238e+01,  9.999742507935e-01,  2.371473141424e+01,  1.175627231598e+00
  1.228499999642e+01,  1.000000119209e+00,  2.371470554582e+01,  1.173456549644e+00
  1.238499999046e+01,  9.999835491180e-01,  2.371472211591e+01,  1.171595215797e+00
  1.248499999940e+01,  9.999983310699e-01,  2.371470733396e+01,  1.169795751572e+00
  1.258499999344e+01,  1.000006794930e+00,  2.371469887010e+01,  1.168136477470e+00
  1.268500000238e+01,  1.000007271767e+00,  2.371469839327e+01,  1.169070959091e+00
  1.278499999642e+01,  1.000023722649e+00,  2.371468194238e+01,  1.168626666069e+00
  1.288499999046e+01,  1.000028848648e+00,  2.371467681638e+01,  1.169197440147e+00
  1.298499999940e+01,  9.999931454659e-01,  2.371471251957e+01,  1.167956829071e+00
  1.308499999344e+01,  9.999887943268e-01,  2.371471687071e+01,  1.168708324432e+00
  1.318500000238e+01,  1.000046968460e+00,  2.371465869657e+01,  1.164062023163e+00
  1.328499999642e+01,  9.999759793282e-01,  2.371472968570e+01,  1.166840672493e+00
  1.338499999046e+01,  1.000017762184e+00,  2.371468790285e+01,  1.163265585899e+00
  1.348499999940e+01,  9.999757409096e-01,  2.371472992412e+01,  1.162324309349e+00
  1.358499999344e+01,  1.000016570091e+00,  2.371468909494e+01,  1.162018537521e+00
  1.368500000238e+01,  9.999949932098e-01,  2.371471067182e+01,  1.162976741791e+00
  1.378499999642e+01,  9.999753832817e-01,  2.371473028175e+01,  1.164836645126e+00
  1.388499999046e+01,  1.000006675720e+00,  2.371469898931e+01,  1.160822629929e+00
  1.398499999940e+01,  9.999994635582e-01,  2.371470620147e+01,  1.161795854568e+00
  1.408499999344e+01,  9.999901056290e-01,  2.371471555940e+01,  1.160964846611e+00
  1.418500000238e+01,  1.000021934509e+00,  2.371468373052e+01,  1.163013577461e+00
  1.428499999642e+01,  1.000018477440e+00,  2.371468718759e+01,  1.161370277405e+00
  1.438499999046e+01,  1.000019311905e+00,  2.371468635313e+01,  1.159044623375e+00
  1.448499999940e+01,  9.999944567680e-01,  2.371471120826e+01,  1.157933473587e+00
  1.458499999344e+01,  1.000006914139e+00,  2.371469875089e+01,  1.155974507332e+00
  1.468500000238e+01,  1.000008225441e+00,  2.371469743959e+01,  1.156330347061e+00
  1.478499999642e+01,  9.999825954437e-01,  2.371472306959e+01,  1.157497525215e+00
  1.488499999046e+01,  1.000018715858e+00,  2.371468694917e+01,  1.156619429588e+00
  1.498499999940e+01,  1.000008583069e+00,  2.371469708196e+01,  1.154077410698e+00
  1.508499999344e+01,  1.000011682510e+00,  2.371469398252e+01,  1.154737830162e+00
  1.518500000238e+01,  1.000026106834e+00,  2.371467955820e+01,  1.156098365784e+00
  1.528499999642e+01,  9.999998211861e-01,  2.371470584385e+01,  1.155622005463e+00
  1.538499999046e+01,  9.999912977219e-01,  2.371471436731e+01,  1.155126810074e+00
  1.548499999940e+01,  9.999611973763e-01,  2.371474446766e+01,  1.153949618340e+00
  1.558499999344e+01,  1.000035762787e+00,  2.371466990225e+01,  1.154203176498e+00
  1.568500000238e+01,  9.999783635139e-01,  2.371472730152e+01,  1.153138637543e+00
  1.578499999642e+01,  1.000012993813e+00,  2.371469267122e+01,  1.154041051865e+00
  1.588499999046e+01,  9.999786019325e-01,  2.371472706310e+01,  1.151833534241e+00
  1.598499999940e+01,  9.999893903732e-01,  2.371471627466e+01,  1.150920987129e+00
  1.608499999344e+01,  1.000021338463e+00,  2.371468432657e+01,  1.150843501091e+00
  1.618500000238e+01,  9.999926686287e-01,  2.371471299640e+01,  1.151476383209e+00
  1.628499999642e+01,  9.999932050705e-01,  2.371471245996e+01,  1.151291489601e+00
  1.638499999046e+01,  9.999947547913e-01,  2.371471091024e+01,  1.149838209152e+00
  1.648499999940e+01,  1.000019550323e+00,  2.371468611471e+01,  1.149975061417e+00
  1.658499999344e+01,  9.999989271164e-01,  2.371470673792e+01,  1.151059389114e+00
  1.668500000238e+01,  1.000036478043e+00,  2.371466918699e+01,  1.151680707932e+00
  1.678499999642e+01,  1.000009536743e+00,  2.371469612829e+01,  1.151160240173e+00
  1.688499999046e+01,  9.999767541885e-01,  2.371472891084e+01,  1.150433063507e+00
  1.698499999940e+01,  1.000010967255e+00,  2.371469469778e+01,  1.148554086685e+00
  1.708499999344e+01,  1.000005960464e+00,  2.371469970457e+01,  1.150415897369e+00
  1.718500000238e+01,  1.000003814697e+00,  2.371470185034e+01,  1.149105429649e+00
  1.728499999642e+01,  1.000002503395e+00,  2.371470316164e+01,  1.151070833206e+00
  1.738499999046e+01,  9.999880790710e-01,  2.371471758596e+01,  1.147516369820e+00
  1.748499999940e+01,  1.000021815300e+00,  2.371468384973e+01,  1.148017287254e+00
  1.758499999344e+01,  1.000039100647e+00,  2.371466656439e+01,  1.146763801575e+00
  1.768500000238e+01,  1.000035405159e+00,  2.371467025987e+01,  1.145963191986e+00
  1.778499999642e+01,  1.000015974045e+00,  2.371468969099e+01,  1.146759271622e+00
  1.788499999046e+01,  1.000028967857e+00,  2.371467669718e+01,  1.146866440773e+00
  1.798499999940e+01,  9.999905824661e-01,  2.371471508257e+01,  1.145968079567e+00
  1.808499999344e+01,  1.000011801720e+00,  2.371469386331e+01,  1.147322893143e+00
  1.818500000238e+01,  9.999848008156e-01,  2.371472086422e+01,  1.145225167274e+00
  1.828499999642e+01,  1.000003218651e+00,  2.371470244638e+01,  1.146259665489e+00
  1.838499999046e+01,  9.999977350235e-01,  2.371470793001e+01,  1.145920276642e+00
  1.848499999940e+01,  1.000001072884e+00,  2.371470459215e+01,  1.144870996475e+00
  1.858499999344e+01,  1.000019907951e+00,  2.371468575708e+01,  1.146139383316e+00
  1.868500000238e+01,  1.000007152557e+00,  2.371469851248e+01,  1.143360495567e+00
  1.878499999642e+01,  1.000022292137e+00,  2.371468337290e+01,  1.145554304123e+00
  1.888499999046e+01,  1.000005483627e+00,  2.371470018141e+01,  1.144566059113e+00
  1.898499999940e+01,  1.000008940697e+00,  2.371469672434e+01,  1.143492102623e+00
  1.908499999344e+01,  9.999865889549e-01,  2.371471907608e+01,  1.142101049423e+00
  1.918500000238e+01,  9.999939203262e-01,  2.371471174471e+01,  1.142264246941e+00
  1.928499999642e+01,  9.999644756317e-01,  2.371474118940e+01,  1.140973806381e+00
  1.938499999046e+01,  1.000010013580e+00,  2.371469565145e+01,  1.141002893448e+00
  1.948499999940e+01,  1.000009179115e+00,  2.371469648592e+01,  1.141424536705e+00
  1.958499999344e+01,  9.999836683273e-01,  2.371472199671e+01,  1.143208026886e+00
  1.968500000238e+01,  9.999849796295e-01,  2.371472068540e+01,  1.141704559326e+00
  1.978499999642e+01,  9.999935030937e-01,  2.371471216194e+01,  1.142161726952e+00
  1.988499999046e+01,  9.999970793724e-01,  2.371470858566e+01,  1.140877246857e+00
  1.998499999940e+01,  9.999996423721e-01,  2.371470602266e+01,  1.142113208771e+00
  2.008499999344e+01,  9.999871253967e-01,  2.371471853964e+01,  1.139799952507e+00
  2.018500000238e+01,  1.000006437302e+00,  2.371469922773e+01,  1.140989184380e+00
  2.028499999642e+01,  1.000010371208e+00,  2.371469529382e+01,  1.138446211815e+00
  2.038499999046e+01,  9.999859333038e-01,  2.371471973173e+01,  1.140369296074e+00
  2.048499999940e+01,  1.000010490417e+00,  2.371469517462e+01,  1.138695240021e+00
  2.058499999344e+01,  9.999903440475e-01,  2.371471532098e+01,  1.138700008392e+00
  2.068500000238e+01,  1.000019669533e+00,  2.371468599550e+01,  1.139686107635e+00
  2.078499999642e+01,  9.999878406525e-01,  2.371471782438e+01,  1.135722279549e+00
  2.088499999046e+01,  9.999828934669e-01,  2.371472277157e+01,  1.137875914574e+00
  2.098499999940e+01,  1.000022649765e+00,  2.371468301527e+01,  1.136636614799e+00
  2.108499999344e+01,  1.000003695488e+00,  2.371470196954e+01,  1.137252807617e+00
  2.118500000238e+01,  1.000004172325e+00,  2.371470149271e+01,  1.136836290359e+00
  2.128499999642e+01,  1.000004887581e+00,  2.371470077745e+01,  1.132674694061e+00
  2.138499999046e+01,  1.000026822090e+00,  2.371467884294e+01,  1.135324001312e+00
  2.148499999940e+01,  1.000016450882e+00,  2.371468921415e+01,  1.134638786316e+00
  2.158499999344e+01,  9.999913573265e-01,  2.371471430771e+01,  1.136276483536e+00
  2.168500000238e+01,  9.999759197235e-01,  2.371472974531e+01,  1.136354088783e+00
  2.178499999642e+01,  1.000002264977e+00,  2.371470340006e+01,  1.135900974274e+00
  2.188499999046e+01,  1.000022530556e+00,  2.371468313448e+01,  1.134667634964e+00
  2.198499999940e+01,  9.999960660934e-01,  2.371470959894e+01,  1.132781147957e+00
  2.208499999344e+01,  1.000010609627e+00,  2.371469505541e+01,  1.135903120041e+00
  2.218500000238e+01,  1.000018239021e+00,  2.371468742601e+01,  1.134122490883e+00
  2.228499999642e+01,  9.999831914902e-01,  2.371472247354e+01,  1.133754134178e+00
  2.238499999046e+01,  1.000009417534e+00,  2.371469624750e+01,  1.134542346001e+00
  2.248499999940e+01,  9.999961256981e-01,  2.371470953933e+01,  1.134704589844e+00
  2.258499999344e+01,  1.000024914742e+00,  2.371468075029e+01,  1.132047295570e+00
  2.268500000238e+01,  9.999807476997e-01,  2.371472491733e+01,  1.133330464363e+00
  2.278499999642e+01,  1.000009059906e+00,  2.371469660513e+01,  1.131980895996e+00
  2.288499999046e+01,  1.000002980232e+00,  2.371470268480e+01,  1.131945729256e+00
  2.298499999940e+01,  9.999714493752e-01,  2.371473421566e+01,  1.133251428604e+00
  2.308499999344e+01,  1.000018000603e+00,  2.371468766443e+01,  1.131752252579e+00
  2.318500000238e+01,  1.000017881393e+00,  2.371468778364e+01,  1.131638526917e+00
  2.328499999642e+01,  1.000016212463e+00,  2.371468945257e+01,  1.130812406540e+00
  2.338499999046e+01,  9.999921917915e-01,  2.371471347324e+01,  1.132614850998e+00
  2.348499999940e+01,  9.999951720238e-01,  2.371471049301e+01,  1.128168940544e+00
  2.358499999344e+01,  9.999860525131e-01,  2.371471961252e+01,  1.128511786461e+00
  2.368500000238e+01,  1.000007867813e+00,  2.371469779722e+01,  1.130862355232e+00
  2.378499999642e+01,  9.999740719795e-01,  2.371473159305e+01,  1.128000617027e+00
  2.388499999046e+01,  1.000018358231e+00,  2.371468730680e+01,  1.127715349197e+00
  2.398499999940e+01,  9.999953508377e-01,  2.371471031419e+01,  1.127348899841e+00
  2.408499999344e+01,  1.000008940697e+00,  2.371469672434e+01,  1.125933051109e+00
  2.418500000238e+01,  9.999941587448e-01,  2.371471150629e+01,  1.124938488007e+00
  2.428499999642e+01,  1.000002861023e+00,  2.371470280401e+01,  1.127172827721e+00
  2.438499999046e+01,  1.000008225441e+00,  2.371469743959e+01,  1.126348733902e+00
  2.448499999940e+01,  1.000014305115e+00,  2.371469135992e+01,  1.125329375267e+00
  2.458499999344e+01,  1.000023841858e+00,  2.371468182317e+01,  1.123551845551e+00
  2.468500000238e+01,  1.000023841858e+00,  2.371468182317e+01,  1.124637246132e+00
  2.478499999642e+01,  9.999883174896e-01,  2.371471734754e+01,  1.124974489212e+00
  2.488499999046e+01,  9.999994635582e-01,  2.371470620147e+01,  1.125352978706e+00
  2.498499999940e+01,  9.999874830246e-01,  2.371471818201e+01,  1.125136852264e+00
  2.508499999344e+01,  1.000017523766e+00,  2.371468814127e+01,  1.126476645470e+00
  2.518500000238e+01,  1.000010490417e+00,  2.371469517462e+01,  1.122584819794e+00
  2.528499999642e+01,  1.000008225441e+00,  2.371469743959e+01,  1.125396370888e+00
  2.538499999046e+01,  1.000004649162e+00,  2.371470101587e+01,  1.126147627831e+00
  2.548499999940e+01,  1.000021815300e+00,  2.371468384973e+01,  1.127535700798e+00
  2.558499999344e+01,  9.999856352806e-01,  2.371472002975e+01,  1.127814292908e+00
  2.568500000238e+01,  1.000013113022e+00,  2.371469255201e+01,  1.124158859253e+00
  2.578499999642e+01,  1.000000119209e+00,  2.371470554582e+01,  1.122598767281e+00
  2.588499999046e+01,  1.000001907349e+00,  2.371470375768e+01,  1.121192812920e+00
  2.598499999940e+01,  9.999917745590e-01,  2.371471389047e+01,  1.123656630516e+00
  2.608499999344e+01,  9.999949932098e-01,  2.371471067182e+01,  1.123228430748e+00
  2.618500000238e+01,  1.000016093254e+00,  2.371468957178e+01,  1.122342705727e+00
  2.628499999642e+01,  1.000032901764e+00,  2.371467276327e+01,  1.121675014496e+00
  2.638499999046e+01,  9.999802112579e-01,  2.371472545377e+01,  1.123387932777e+00
  2.648499999940e+01,  9.999991655350e-01,  2.371470649950e+01,  1.121640563011e+00
  2.658499999344e+01,  9.999901652336e-01,  2.371471549980e+01,  1.123437523842e+00
  2.668500000238e+01,  9.999907016754e-01,  2.371471496336e+01,  1.123272180557e+00
  2.678499999642e+01,  9.999887347221e-01,  2.371471693031e+01,  1.119298100471e+00
  2.688499999046e+01,  9.999744892120e-01,  2.371473117582e+01,  1.120730400085e+00
  2.698499999940e+01,  9.999938011169e-01,  2.371471186392e+01,  1.119341373444e+00
  2.708499999344e+01,  1.000011444092e+00,  2.371469422094e+01,  1.119627594948e+00
  2.718500000238e+01,  1.000002741814e+00,  2.371470292322e+01,  1.117281436920e+00
  2.728499999642e+01,  9.999852776527e-01,  2.371472038738e+01,  1.120166063309e+00
  2.738499999046e+01,  9.999790787697e-01,  2.371472658626e+01,  1.118996739388e+00
  2.748499999940e+01,  9.999887347221e-01,  2.371471693031e+01,  1.120744347572e+00
  2.758499999344e+01,  9.999921321869e-01,  2.371471353285e+01,  1.118163585663e+00
  2.768500000238e+01,  9.999961853027e-01,  2.371470947973e+01,  1.117932677269e+00
  2.778499999642e+01,  9.999921917915e-01,  2.371471347324e+01,  1.116838574409e+00
  2.788499999046e+01,  9.999939799309e-01,  2.371471168510e+01,  1.114094734192e+00
  2.798499999940e+01,  9.999893903732e-01,  2.371471627466e+01,  1.118187069893e+00
  2.808499999344e+01,  1.000013351440e+00,  2.371469231359e+01,  1.113481760025e+00
  2.818500000238e+01,  1.000015139580e+00,  2.371469052545e+01,  1.116795420647e+00
  2.828499999642e+01,  1.000026226044e+00,  2.371467943899e+01,  1.116184234619e+00
  2.838499999046e+01,  1.000005125999e+00,  2.371470053903e+01,  1.116739273071e+00
  2.848499999940e+01,  9.999963641167e-01,  2.371470930092e+01,  1.114916801453e+00
  2.858499999344e+01,  1.000001549721e+00,  2.371470411531e+01,  1.116671562195e+00
  2.868500000238e+01,  9.999721050262e-01,  2.371473356001e+01,  1.113770842552e+00
  2.878499999642e+01,  1.000000715256e+00,  2.371470494978e+01,  1.116163969040e+00
  2.888499999046e+01,  1.000030755997e+00,  2.371467490904e+01,  1.113776922226e+00
  2.898499999940e+01,  1.000016570091e+00,  2.371468909494e+01,  1.113545656204e+00
  2.908499999344e+01,  1.000027060509e+00,  2.371467860452e+01,  1.113032341003e+00
  2.918500000238e+01,  1.000017642975e+00,  2.371468802206e+01,  1.112427353859e+00
  2.928499999642e+01,  9.999797344208e-01,  2.371472593061e+01,  1.112227559090e+00
  2.938499999046e+01,  9.999917149544e-01,  2.371471395008e+01,  1.112614989281e+00
  2.948499999940e+01,  1.000016927719e+00,  2.371468873731e+01,  1.112053394318e+00
  2.958499999344e+01,  1.000002861023e+00,  2.371470280401e+01,  1.110484957695e+00
  2.968500000238e+01,  9.999949932098e-01,  2.371471067182e+01,  1.110451698303e+00
  2.978499999642e+01,  9.999819993973e-01,  2.371472366564e+01,  1.109639525414e+00
  2.988499999046e+01,  9.999817013741e-01,  2.371472396366e+01,  1.110321640968e+00
  2.998499999940e+01,  1.000020384789e+00,  2.371468528024e+01,  1.110798597336e+00
  3.008499999344e+01,  1.000000834465e+00,  2.371470483057e+01,  1.109750270844e+00
  3.018500000238e+01,  1.000018715858e+00,  2.371468694917e+01,  1.108736634254e+00
  3.028499999642e+01,  9.999973177910e-01,  2.371470834724e+01,  1.110893726349e+00
  3.038499999046e+01,  9.999949932098e-01,  2.371471067182e+01,  1.111243247986e+00
  3.048499999940e+01,  9.999957680702e-01,  2.371470989696e+01,  1.108842492104e+00
  3.058499999344e+01,  1.000000953674e+00,  2.371470471136e+01,  1.108466029167e+00
  3.068500000238e+01,  1.000014781952e+00,  2.371469088308e+01,  1.109782814980e+00
  3.078499999642e+01,  1.000011086464e+00,  2.371469457857e+01,  1.110329747200e+00
  3.088499999046e+01,  1.000026941299e+00,  2.371467872373e+01,  1.109430551529e+00
  3.098499999940e+01,  1.000004887581e+00,  2.371470077745e+01,  1.111962080002e+00
  3.108499999344e+01,  9.999805688858e-01,  2.371472509615e+01,  1.109525561333e+00
  3.118500000238e+01,  9.999910593033e-01,  2.371471460573e+01,  1.110758543015e+00
  3.128499999642e+01,  9.999880790710e-01,  2.371471758596e+01,  1.108528256416e+00
  3.138499999046e+01,  1.000018239021e+00,  2.371468742601e+01,  1.110894560814e+00
  3.148499999940e+01,  1.000007033348e+00,  2.371469863168e+01,  1.109937548637e+00
  3.158499999344e+01,  1.000031113625e+00,  2.371467455141e+01,  1.109302997589e+00
  3.168500000238e+01,  1.000006794930e+00,  2.371469887010e+01,  1.107270598412e+00
  3.178499999642e+01,  1.000010371208e+00,  2.371469529382e+01,  1.107714056969e+00
  3.188499999046e+01,  1.000000357628e+00,  2.371470530740e+01,  1.103066444397e+00
  3.198499999940e+01,  9.999964237213e-01,  2.371470924131e+01,  1.104587793350e+00
  3.208499999344e+01,  9.999989867210e-01,  2.371470667831e+01,  1.104499936104e+00
  3.218500000238e+01,  1.000004053116e+00,  2.371470161192e+01,  1.103517770767e+00
  3.228499999642e+01,  9.999791383743e-01,  2.371472652666e+01,  1.103439569473e+00
  3.238499999046e+01,  1.000003457069e+00,  2.371470220796e+01,  1.105559825897e+00
  3.248499999940e+01,  9.999816417694e-01,  2.371472402326e+01,  1.106327533722e+00
  3.258499999344e+01,  1.000015377998e+00,  2.371469028703e+01,  1.107444047928e+00
  3.268500000238e+01,  1.000003457069e+00,  2.371470220796e+01,  1.104188323021e+00
  3.278499999642e+01,  1.000015139580e+00,  2.371469052545e+01,  1.106809854507e+00
  3.288499999046e+01,  1.000003099442e+00,  2.371470256559e+01,  1.105865240097e+00
  3.298499999940e+01,  1.000003099442e+00,  2.371470256559e+01,  1.104596734047e+00
  3.308499999344e+01,  1.000008225441e+00,  2.371469743959e+01,  1.105640411377e+00
  3.318500000238e+01,  9.999967813492e-01,  2.371470888368e+01,  1.105568766594e+00
  3.328499999642e+01,  1.000004649162e+00,  2.371470101587e+01,  1.105568647385e+00
  3.338499999046e+01,  9.999948740005e-01,  2.371471079103e+01,  1.106411814690e+00
  3.348499999940e+01,  1.000017404556e+00,  2.371468826048e+01,  1.105107426643e+00
  3.358499999344e+01,  1.000019073486e+00,  2.371468659155e+01,  1.103193640709e+00
  3.368500000238e+01,  1.000017046928e+00,  2.371468861810e+01,  1.104166746140e+00
  3.378499999642e+01,  1.000023126602e+00,  2.371468253843e+01,  1.104584455490e+00
  3.388499999046e+01,  9.999998807907e-01,  2.371470578424e+01,  1.104478240013e+00
  3.398499999940e+01,  1.000007390976e+00,  2.371469827406e+01,  1.102324008942e+00
  3.408499999344e+01,  9.999986290932e-01,  2.371470703594e+01,  1.103247761726e+00
  3.418500000238e+01,  9.999911785126e-01,  2.371471448652e+01,  1.103443503380e+00
  3.428499999642e+01,  1.000026345253e+00,  2.371467931978e+01,  1.103395342827e+00
  3.438499999046e+01,  1.000015377998e+00,  2.371469028703e+01,  1.101053357124e+00
  3.448499999940e+01,  9.999935626984e-01,  2.371471210233e+01,  1.102872729301e+00
  3.458499999344e+01,  9.999685287476e-01,  2.371473713628e+01,  1.101800441742e+00
  3.468500000238e+01,  1.000004410744e+00,  2.371470125429e+01,  1.103217601776e+00
  3.478499999642e+01,  1.000017046928e+00,  2.371468861810e+01,  1.103721618652e+00
  3.488499999046e+01,  9.999922513962e-01,  2.371471341364e+01,  1.104456186295e+00
  3.498499999940e+01,  1.000001907349e+00,  2.371470375768e+01,  1.102352380753e+00
  3.508499999344e+01,  9.999873638153e-01,  2.371471830122e+01,  1.104094505310e+00
  3.518500000238e+01,  1.000007033348e+00,  2.371469863168e+01,  1.102447032928e+00
  3.528499999642e+01,  1.000025272369e+00,  2.371468039266e+01,  1.100694298744e+00
  3.538499999046e+01,  1.000010013580e+00,  2.371469565145e+01,  1.100313186646e+00
  3.548499999940e+01,  9.999957084656e-01,  2.371470995657e+01,  1.101953983307e+00
  3.558499999344e+01,  1.000005245209e+00,  2.371470041982e+01,  1.100721597672e+00
  3.568500000238e+01,  1.000014305115e+00,  2.371469135992e+01,  1.099932193756e+00
  3.578499999642e+01,  1.000027060509e+00,  2.371467860452e+01,  1.101112961769e+00
  3.588499999046e+01,  1.000000238419e+00,  2.371470542661e+01,  1.101200699806e+00
  3.598499999940e+01,  9.999828934669e-01,  2.371472277157e+01,  1.098657727242e+00
  3.608499999344e+01,  1.000009298325e+00,  2.371469636671e+01,  1.099254727364e+00
  3.618500000238e+01,  9.999949932098e-01,  2.371471067182e+01,  1.100038409233e+00
  3.628499999642e+01,  9.999946355820e-01,  2.371471102945e+01,  1.096918702126e+00
  3.638499999046e+01,  1.000017762184e+00,  2.371468790285e+01,  1.097750306129e+00
  3.648499999940e+01,  9.999911189079e-01,  2.371471454612e+01,  1.098365545273e+00
  3.658499999344e+01,  9.999854564667e-01,  2.371472020857e+01,  1.099348902702e+00
  3.668500000238e+01,  1.000009775162e+00,  2.371469588987e+01,  1.098848938942e+00
  3.678499999642e+01,  9.999806880951e-01,  2.371472497694e+01,  1.098647594452e+00
  3.688499999046e+01,  9.999855756760e-01,  2.371472008936e+01,  1.098563075066e+00
  3.698499999940e+01,  9.999852180481e-01,  2.371472044698e+01,  1.098012328148e+00
  3.708499999344e+01,  1.000009059906e+00,  2.371469660513e+01,  1.096483230591e+00
  3.718500000238e+01,  9.999758005142e-01,  2.371472986452e+01,  1.098605394363e+00
  3.728499999642e+01,  9.999955892563e-01,  2.371471007578e+01,  1.096421241760e+00
  3.738499999046e+01,  1.000025629997e+00,  2.371468003504e+01,  1.097113370895e+00
  3.748499999940e+01,  1.000004887581e+00,  2.371470077745e+01,  1.096676707268e+00
  3.758499999344e+01,  9.999821186066e-01,  2.371472354643e+01,  1.097424864769e+00
  3.768500000238e+01,  9.999685287476e-01,  2.371473713628e+01,  1.097060322762e+00
  3.778499999642e+01,  1.000011920929e+00,  2.371469374410e+01,  1.092327594757e+00
  3.788499999046e+01,  9.999945759773e-01,  2.371471108906e+01,  1.094826936722e+00
  3.798499999940e+01,  1.000002741814e+00,  2.371470292322e+01,  1.095754384995e+00
  3.808499999344e+01,  1.000001668930e+00,  2.371470399610e+01,  1.096431851387e+00
  3.818500000238e+01,  9.999775886536e-01,  2.371472807638e+01,  1.094300270081e+00
  3.828499999642e+01,  1.000018358231e+00,  2.371468730680e+01,  1.092493653297e+00
  3.838499999046e+01,  1.000036716461e+00,  2.371466894857e+01,  1.094231963158e+00
  3.848499999940e+01,  9.999961256981e-01,  2.371470953933e+01,  1.092462778091e+00
  3.858499999344e+01,  1.000003457069e+00,  2.371470220796e+01,  1.092890977859e+00
  3.868500000238e+01,  9.999962449074e-01,  2.371470942013e+01,  1.093046903610e+00
  3.878499999642e+01,  1.000002264977e+00,  2.371470340006e+01,  1.091406941414e+00
  3.888499999046e+01,  1.000032901764e+00,  2.371467276327e+01,  1.091859936714e+00
  3.898499999940e+01,  9.999883770943e-01,  2.371471728794e+01,  1.092022180557e+00
  3.908499999344e+01,  1.000004529953e+00,  2.371470113508e+01,  1.092739820480e+00
  3.918500000238e+01,  9.999938011169e-01,  2.371471186392e+01,  1.090628385544e+00
  3.928499999642e+01,  9.999735951424e-01,  2.371473206989e+01,  1.092883110046e+00
  3.938499999046e+01,  9.999992847443e-01,  2.371470638029e+01,  1.093398928642e+00
  3.948499999940e+01,  9.999923110008e-01,  2.371471335403e+01,  1.090026855469e+00
  3.958499999344e+01,  9.999670386314e-01,  2.371473862640e+01,  1.091785669327e+00
  3.968500000238e+01,  9.999995231628e-01,  2.371470614187e+01,  1.091763854027e+00
  3.978499999642e+01,  9.999908208847e-01,  2.371471484415e+01,  1.091254830360e+00
  3.988499999046e+01,  9.999784231186e-01,  2.371472724191e+01,  1.090636849403e+00
  3.998499999940e+01,  1.000006079674e+00,  2.371469958536e+01,  1.090144276619e+00
  4.008499999344e+01,  1.000002622604e+00,  2.371470304243e+01,  1.091199636459e+00
  4.018500000238e+01,  1.000002861023e+00,  2.371470280401e+01,  1.091218113899e+00
  4.028499999642e+01,  9.999986886978e-01,  2.371470697633e+01,  1.090100169182e+00
  4.038499999046e+01,  9.999809265137e-01,  2.371472473852e+01,  1.092210292816e+00
  4.048499999940e+01,  9.999991059303e-01,  2.371470655910e+01,  1.091442942619e+00
  4.058499999344e+01,  1.000000119209e+00,  2.371470554582e+01,  1.089475512505e+00
  4.068500000238e+01,  1.000014066696e+00,  2.371469159834e+01,  1.091167092323e+00
  4.078499999642e+01,  1.000008702278e+00,  2.371469696275e+01,  1.087657690048e+00
  4.088499999046e+01,  9.999737739563e-01,  2.371473189108e+01,  1.090625882149e+00
  4.098499999940e+01,  1.000027656555e+00,  2.371467800848e+01,  1.088591814041e+00
  4.108499999344e+01,  9.999968409538e-01,  2.371470882408e+01,  1.089650273323e+00
  4.118500000238e+01,  1.000008940697e+00,  2.371469672434e+01,  1.089073181152e+00
  4.128499999642e+01,  1.000021338463e+00,  2.371468432657e+01,  1.089115977287e+00
  4.138499999046e+01,  9.999912977219e-01,  2.371471436731e+01,  1.087506651878e+00
  4.148499999940e+01,  1.000005960464e+00,  2.371469970457e+01,  1.090638995171e+00
  4.158499999344e+01,  1.000000834465e+00,  2.371470483057e+01,  1.088884592056e+00
  4.168500000238e+01,  1.000003457069e+00,  2.371470220796e+01,  1.090086698532e+00
  4.178499999642e+01,  1.000005006790e+00,  2.371470065824e+01,  1.088418245316e+00
  4.188499999046e+01,  9.999806880951e-01,  2.371472497694e+01,  1.089007854462e+00
  4.198499999940e+01,  9.999737739563e-01,  2.371473189108e+01,  1.088864326477e+00
  4.208499999344e+01,  1.000021100044e+00,  2.371468456499e+01,  1.090536475182e+00
  4.218500000238e+01,  9.999871850014e-01,  2.371471848003e+01,  1.087155342102e+00
  4.228499999642e+01,  1.000017166138e+00,  2.371468849889e+01,  1.087005376816e+00
  4.238499999046e+01,  9.999860525131e-01,  2.371471961252e+01,  1.085651993752e+00
  4.248499999940e+01,  9.999890923500e-01,  2.371471657268e+01,  1.088192939758e+00
  4.258499999344e+01,  1.000007987022e+00,  2.371469767801e+01,  1.086480736732e+00
  4.268500000238e+01,  1.000001788139e+00,  2.371470387689e+01,  1.085838794708e+00
  4.278499999642e+01,  9.999928474426e-01,  2.371471281759e+01,  1.086874723434e+00
  4.288499999046e+01,  9.999744892120e-01,  2.371473117582e+01,  1.086699724197e+00
  4.298499999940e+01,  1.000004291534e+00,  2.371470137350e+01,  1.086538195610e+00
  4.308499999344e+01,  9.999997615814e-01,  2.371470590345e+01,  1.088059544563e+00
  4.318500000238e+01,  1.000020623207e+00,  2.371468504183e+01,  1.085587620735e+00
  4.328499999642e+01,  9.999784231186e-01,  2.371472724191e+01,  1.085294961929e+00
  4.338499999046e+01,  1.000010013580e+00,  2.371469565145e+01,  1.086385488510e+00
  4.348499999940e+01,  9.999787807465e-01,  2.371472688429e+01,  1.085144400597e+00
  4.358499999344e+01,  1.000013232231e+00,  2.371469243280e+01,  1.085089802742e+00
  4.368500000238e+01,  1.000031471252e+00,  2.371467419378e+01,  1.084848999977e+00
  4.378499999642e+01,  1.000016450882e+00,  2.371468921415e+01,  1.086277127266e+00
  4.388499999046e+01,  9.999899864197e-01,  2.371471567861e+01,  1.087300181389e+00
  4.398499999940e+01,  1.000003576279e+00,  2.371470208875e+01,  1.083883523941e+00
  4.408499999344e+01,  9.999853372574e-01,  2.371472032778e+01,  1.086479544640e+00
  4.418500000238e+01,  1.000017285347e+00,  2.371468837969e+01,  1.082123398781e+00
  4.428499999642e+01,  9.999833703041e-01,  2.371472229473e+01,  1.084851264954e+00
  4.438499999046e+01,  1.000015497208e+00,  2.371469016782e+01,  1.086158037186e+00
  4.448499999940e+01,  1.000013232231e+00,  2.371469243280e+01,  1.085725903511e+00
  4.458499999344e+01,  1.000016808510e+00,  2.371468885652e+01,  1.085357785225e+00
  4.468500000238e+01,  9.999881982803e-01,  2.371471746675e+01,  1.083507418633e+00
  4.478499999642e+01,  1.000012993813e+00,  2.371469267122e+01,  1.083653450012e+00
  4.488499999046e+01,  9.999839663506e-01,  2.371472169868e+01,  1.082910776138e+00
  4.498499999940e+01,  1.000000119209e+00,  2.371470554582e+01,  1.082551836967e+00
  4.508499999344e+01,  1.000027894974e+00,  2.371467777006e+01,  1.085212945938e+00
  4.518500000238e+01,  9.999997615814e-01,  2.371470590345e+01,  1.082429289818e+00
  4.528499999642e+01,  1.000005960464e+00,  2.371469970457e+01,  1.081102252007e+00
  4.538499999046e+01,  1.000008225441e+00,  2.371469743959e+01,  1.085088253021e+00
  4.548499999940e+01,  9.999815821648e-01,  2.371472408287e+01,  1.081996083260e+00
  4.558499999344e+01,  9.999933838844e-01,  2.371471228115e+01,  1.081818580627e+00
  4.568500000238e+01,  9.999787211418e-01,  2.371472694389e+01,  1.083975553513e+00
  4.578499999642e+01,  1.000000000000e+00,  2.371470566503e+01,  1.083092212677e+00
  4.588499999046e+01,  9.999961256981e-01,  2.371470953933e+01,  1.082313895226e+00
  4.598499999940e+01,  1.000004053116e+00,  2.371470161192e+01,  1.082521080971e+00
  4.608499999344e+01,  1.000012516975e+00,  2.371469314806e+01,  1.079337954521e+00
  4.618500000238e+01,  9.999960660934e-01,  2.371470959894e+01,  1.079962134361e+00
  4.628499999642e+01,  9.999839663506e-01,  2.371472169868e+01,  1.081017613411e+00
  4.638499999046e+01,  9.999820590019e-01,  2.371472360603e+01,  1.082261323929e+00
  4.648499999940e+01,  9.999715089798e-01,  2.371473415605e+01,  1.079655766487e+00
  4.658499999344e+01,  9.999980926514e-01,  2.371470757238e+01,  1.080004811287e+00
  4.668500000238e+01,  1.000014066696e+00,  2.371469159834e+01,  1.082026362419e+00
  4.678499999642e+01,  1.000001788139e+00,  2.371470387689e+01,  1.080636858940e+00
  4.688499999046e+01,  1.000005364418e+00,  2.371470030061e+01,  1.079851150513e+00
  4.698499999940e+01,  1.000010251999e+00,  2.371469541303e+01,  1.079588890076e+00
  4.708499999344e+01,  9.999924302101e-01,  2.371471323482e+01,  1.080384135246e+00
  4.718500000238e+01,  1.000002145767e+00,  2.371470351927e+01,  1.076499819756e+00
  4.728499999642e+01,  9.999955892563e-01,  2.371471007578e+01,  1.078929066658e+00
  4.738499999046e+01,  1.000006794930e+00,  2.371469887010e+01,  1.078890919685e+00
  4.748499999940e+01,  9.999976158142e-01,  2.371470804922e+01,  1.079817891121e+00
  4.758499999344e+01,  9.999952316284e-01,  2.371471043340e+01,  1.079093337059e+00
  4.768500000238e+01,  9.999932050705e-01,  2.371471245996e+01,  1.078387498856e+00
  4.778499999642e+01,  9.999747872353e-01,  2.371473087780e+01,  1.079967141151e+00
  4.788499999046e+01,  9.999883174896e-01,  2.371471734754e+01,  1.081047177315e+00
  4.798499999940e+01,  9.999859929085e-01,  2.371471967212e+01,  1.078648090363e+00
  4.808499999344e+01,  9.999897480011e-01,  2.371471591703e+01,  1.078943014145e+00
  4.818500000238e+01,  1.000013589859e+00,  2.371469207517e+01,  1.075880646706e+00
  4.828499999642e+01,  1.000002861023e+00,  2.371470280401e+01,  1.079807162285e+00
  4.838499999046e+01,  9.999948143959e-01,  2.371471085064e+01,  1.079747557640e+00
  4.848499999940e+01,  1.000000476837e+00,  2.371470518820e+01,  1.078855752945e+00
  4.858499999344e+01,  1.000025391579e+00,  2.371468027345e+01,  1.077913165092e+00
  4.868500000238e+01,  1.000010132790e+00,  2.371469553224e+01,  1.079280853271e+00
  4.878499999642e+01,  1.000009059906e+00,  2.371469660513e+01,  1.078327298164e+00
  4.888499999046e+01,  9.999762177467e-01,  2.371472944729e+01,  1.078173637390e+00
  4.898499999940e+01,  9.999856948853e-01,  2.371471997015e+01,  1.078687429428e+00
  4.908499999344e+01,  9.999826550484e-01,  2.371472300998e+01,  1.079790949821e+00
  4.918500000238e+01,  9.999780058861e-01,  2.371472765915e+01,  1.079030632973e+00
  4.928499999642e+01,  9.999994039536e-01,  2.371470626108e+01,  1.076701760292e+00
  4.938499999046e+01,  9.999743103981e-01,  2.371473135463e+01,  1.076938271523e+00
  4.948499999940e+01,  1.000023126602e+00,  2.371468253843e+01,  1.078136920929e+00
  4.958499999344e+01,  9.999958872795e-01,  2.371470977775e+01,  1.073572278023e+00
  4.968500000238e+01,  1.000000238419e+00,  2.371470542661e+01,  1.074841856956e+00
  4.978499999642e+01,  1.000019907951e+00,  2.371468575708e+01,  1.078129649162e+00
  4.988499999046e+01,  1.000003576279e+00,  2.371470208875e+01,  1.076925873756e+00
  4.998499999940e+01,  9.999979734421e-01,  2.371470769159e+01,  1.076871156693e+00
  5.008499999344e+01,  1.000017881393e+00,  2.371468778364e+01,  1.076410055161e+00
  5.018500000238e+01,  1.000015854836e+00,  2.371468981020e+01,  1.075041532516e+00
  5.028499999642e+01,  1.000004172325e+00,  2.371470149271e+01,  1.076644420624e+00
  5.038499999046e+01,  9.999971985817e-01,  2.371470846645e+01,  1.076334357262e+00
  5.048499999940e+01,  1.000025153160e+00,  2.371468051187e+01,  1.076267719269e+00
  5.058499999344e+01,  1.000032067299e+00,  2.371467359773e+01,  1.077328205109e+00
  5.068500000238e+01,  9.999916553497e-01,  2.371471400968e+01,  1.075580596924e+00
  5.078499999642e+01,  9.999796152115e-01,  2.371472604982e+01,  1.078305482864e+00
  5.088499999046e+01,  1.000004887581e+00,  2.371470077745e+01,  1.076403498650e+00
  5.098499999940e+01,  1.000010371208e+00,  2.371469529382e+01,  1.076194167137e+00
  5.108499999344e+01,  9.999896883965e-01,  2.371471597664e+01,  1.077367186546e+00
  5.118500000238e+01,  9.999931454659e-01,  2.371471251957e+01,  1.076196312904e+00
  5.128499999642e+01,  1.000047445297e+00,  2.371465821974e+01,  1.076838493347e+00
  5.138499999046e+01,  1.000017881393e+00,  2.371468778364e+01,  1.075685739517e+00
  5.148499999940e+01,  1.000015854836e+00,  2.371468981020e+01,  1.075154185295e+00
  5.158499999344e+01,  9.999891519547e-01,  2.371471651308e+01,  1.074036717415e+00
  5.168500000238e+01,  1.000006079674e+00,  2.371469958536e+01,  1.071779370308e+00
  5.178499999642e+01,  9.999942183495e-01,  2.371471144668e+01,  1.074901580811e+00
  5.188499999046e+01,  9.999905228615e-01,  2.371471514217e+01,  1.072790145874e+00
  5.198499999940e+01,  9.999830126762e-01,  2.371472265236e+01,  1.072493910789e+00
  5.208499999344e+01,  1.000007152557e+00,  2.371469851248e+01,  1.071362257004e+00
  5.218500000238e+01,  1.000002384186e+00,  2.371470328085e+01,  1.073839902878e+00
  5.228499999642e+01,  1.000003218651e+00,  2.371470244638e+01,  1.071759939194e+00
  5.238499999046e+01,  9.999861121178e-01,  2.371471955291e+01,  1.072899937630e+00
  5.248499999940e+01,  1.000010728836e+00,  2.371469493620e+01,  1.071630954742e+00
  5.258499999344e+01,  9.999768137932e-01,  2.371472885124e+01,  1.071989178658e+00
  5.268500000238e+01,  1.000003457069e+00,  2.371470220796e+01,  1.071332097054e+00
  5.278499999642e+01,  9.999786019325e-01,  2.371472706310e+01,  1.073634505272e+00
  5.288499999046e+01,  9.999773502350e-01,  2.371472831480e+01,  1.069650173187e+00
  5.298499999940e+01,  1.000012516975e+00,  2.371469314806e+01,  1.070263862610e+00
  5.308499999344e+01,  9.999899268150e-01,  2.371471573822e+01,  1.070292830467e+00
  5.318500000238e+01,  1.000002622604e+00,  2.371470304243e+01,  1.069503784180e+00
  5.328499999642e+01,  1.000012874603e+00,  2.371469279043e+01,  1.070128321648e+00
  5.338499999046e+01,  1.000009059906e+00,  2.371469660513e+01,  1.071425080299e+00
  5.348499999940e+01,  9.999954700470e-01,  2.371471019499e+01,  1.069423079491e+00
  5.358499999344e+01,  1.000008821487e+00,  2.371469684355e+01,  1.072261929512e+00
  5.368500000238e+01,  1.000006556511e+00,  2.371469910852e+01,  1.071598410606e+00
  5.378499999642e+01,  1.000006437302e+00,  2.371469922773e+01,  1.073134541512e+00
  5.388499999046e+01,  9.999947547913e-01,  2.371471091024e+01,  1.071212887764e+00
  5.398499999940e+01,  9.999818205833e-01,  2.371472384445e+01,  1.073760032654e+00
  5.408499999344e+01,  1.000005364418e+00,  2.371470030061e+01,  1.073048472404e+00
  5.418500000238e+01,  1.000013232231e+00,  2.371469243280e+01,  1.071733951569e+00
  5.428499999642e+01,  9.999981522560e-01,  2.371470751278e+01,  1.069767713547e+00
  5.438499999046e+01,  1.000001907349e+00,  2.371470375768e+01,  1.069777131081e+00
  5.448499999940e+01,  9.999915957451e-01,  2.371471406929e+01,  1.068990468979e+00
  5.458499999344e+01,  1.000010848045e+00,  2.371469481699e+01,  1.069586396217e+00
  5.468500000238e+01,  1.000039219856e+00,  2.371466644518e+01,  1.069533944130e+00
  5.478499999642e+01,  9.999935030937e-01,  2.371471216194e+01,  1.072739839554e+00
  5.488499999046e+01,  1.000028252602e+00,  2.371467741243e+01,  1.072873830795e+00
  5.498499999940e+01,  1.000022768974e+00,  2.371468289606e+01,  1.071396112442e+00
  5.508499999344e+01,  1.000008583069e+00,  2.371469708196e+01,  1.070946097374e+00
  5.518500000238e+01,  1.000012278557e+00,  2.371469338648e+01,  1.071011304855e+00
  5.528499999642e+01,  9.999936819077e-01,  2.371471198312e+01,  1.068010330200e+00
  5.538499999046e+01,  1.000007867813e+00,  2.371469779722e+01,  1.071834564209e+00
  5.548499999940e+01,  1.000024676323e+00,  2.371468098871e+01,  1.072268009186e+00
  5.558499999344e+01,  9.999970197678e-01,  2.371470864526e+01,  1.069437026978e+00
  5.568500000238e+01,  9.999870061874e-01,  2.371471865885e+01,  1.069330334663e+00
  5.578499999642e+01,  1.000000715256e+00,  2.371470494978e+01,  1.070856213570e+00
  5.588499999046e+01,  1.000006318092e+00,  2.371469934694e+01,  1.070223927498e+00
  5.598499999940e+01,  1.000004529953e+00,  2.371470113508e+01,  1.068348169327e+00
  5.608499999344e+01,  1.000001907349e+00,  2.371470375768e+01,  1.069085836411e+00
  5.618500000238e+01,  9.999740123749e-01,  2.371473165266e+01,  1.069372773170e+00
  5.628499999642e+01,  1.000014305115e+00,  2.371469135992e+01,  1.070821166039e+00
  5.638499999046e+01,  1.000012159348e+00,  2.371469350568e+01,  1.068715691566e+00
  5.648499999940e+01,  1.000022768974e+00,  2.371468289606e+01,  1.067890286446e+00
  5.658499999344e+01,  9.999960064888e-01,  2.371470965854e+01,  1.068311214447e+00
  5.668500000238e+01,  1.000010013580e+00,  2.371469565145e+01,  1.068786144257e+00
  5.678499999642e+01,  1.000001907349e+00,  2.371470375768e+01,  1.068056106567e+00
  5.688499999046e+01,  1.000017762184e+00,  2.371468790285e+01,  1.068327784538e+00
  5.698499999940e+01,  9.999875426292e-01,  2.371471812240e+01,  1.066402435303e+00
  5.708499999344e+01,  9.999824762344e-01,  2.371472318880e+01,  1.067791700363e+00
  5.718500000238e+01,  1.000017642975e+00,  2.371468802206e+01,  1.065695881844e+00
  5.728499999642e+01,  1.000000357628e+00,  2.371470530740e+01,  1.067341804504e+00
  5.738499999046e+01,  9.999920129776e-01,  2.371471365205e+01,  1.067660331726e+00
  5.748499999940e+01,  9.999697208405e-01,  2.371473594419e+01,  1.067912697792e+00
  5.758499999344e+01,  9.999986886978e-01,  2.371470697633e+01,  1.065839648247e+00
  5.768500000238e+01,  1.000015139580e+00,  2.371469052545e+01,  1.067355155945e+00
  5.778499999642e+01,  1.000007271767e+00,  2.371469839327e+01,  1.065710783005e+00
  5.788499999046e+01,  1.000002861023e+00,  2.371470280401e+01,  1.065250992775e+00
  5.798499999940e+01,  9.999915957451e-01,  2.371471406929e+01,  1.065874099731e+00
  5.808499999344e+01,  9.999978542328e-01,  2.371470781080e+01,  1.065543055534e+00
  5.818500000238e+01,  9.999893307686e-01,  2.371471633426e+01,  1.065687775612e+00
  5.828499999642e+01,  9.999820590019e-01,  2.371472360603e+01,  1.066513419151e+00
  5.838499999046e+01,  9.999988079071e-01,  2.371470685713e+01,  1.067811250687e+00
  5.848499999940e+01,  1.000020623207e+00,  2.371468504183e+01,  1.066336631775e+00
  5.858499999344e+01,  1.000007152557e+00,  2.371469851248e+01,  1.064853906631e+00
  5.868500000238e+01,  1.000012874603e+00,  2.371469279043e+01,  1.065493941307e+00
  5.878499999642e+01,  9.999978542328e-01,  2.371470781080e+01,  1.064142942429e+00
  5.888499999046e+01,  9.999935626984e-01,  2.371471210233e+01,  1.065320968628e+00
  5.898499999940e+01,  1.000017404556e+00,  2.371468826048e+01,  1.065491914749e+00
  5.908499999344e+01,  1.000014305115e+00,  2.371469135992e+01,  1.065179586411e+00
  5.918500000238e+01,  9.999977946281e-01,  2.371470787040e+01,  1.066635012627e+00
  5.928499999642e+01,  1.000005722046e+00,  2.371469994299e+01,  1.064994335175e+00
  5.938499999046e+01,  9.999945163727e-01,  2.371471114866e+01,  1.061845302582e+00
  5.948499999940e+01,  9.999775290489e-01,  2.371472813598e+01,  1.067144155502e+00
  5.958499999344e+01,  1.000009775162e+00,  2.371469588987e+01,  1.066872954369e+00
  5.968500000238e+01,  1.000051975250e+00,  2.371465368978e+01,  1.063275814056e+00
  5.978499999642e+01,  1.000016570091e+00,  2.371468909494e+01,  1.063891291618e+00
  5.988499999046e+01,  1.000020742416e+00,  2.371468492262e+01,  1.063730359077e+00
  5.998499999940e+01,  9.999912977219e-01,  2.371471436731e+01,  1.064631581306e+00
  6.008499999344e+01,  9.999892711639e-01,  2.371471639387e+01,  1.063384652138e+00
  6.018500000238e+01,  1.000001907349e+00,  2.371470375768e+01,  1.062370777130e+00
  6.028499999642e+01,  9.999827146530e-01,  2.371472295038e+01,  1.062744498253e+00
  6.038499999046e+01,  9.999936223030e-01,  2.371471204273e+01,  1.061783790588e+00
  6.048499999940e+01,  1.000005245209e+00,  2.371470041982e+01,  1.062558293343e+00
  6.058499999344e+01,  1.000011086464e+00,  2.371469457857e+01,  1.061450004578e+00
  6.068500000238e+01,  1.000003457069e+00,  2.371470220796e+01,  1.062179803848e+00
  6.078499999642e+01,  1.000010132790e+00,  2.371469553224e+01,  1.061930894852e+00
  6.088499999046e+01,  9.999941587448e-01,  2.371471150629e+01,  1.062871932983e+00
  6.098499999940e+01,  9.999894499779e-01,  2.371471621505e+01,  1.062365889549e+00
  6.108499999344e+01,  9.999907612801e-01,  2.371471490375e+01,  1.060451984406e+00
  6.118500000238e+01,  9.999989271164e-01,  2.371470673792e+01,  1.061479568481e+00
  6.128499999642e+01,  9.999898076057e-01,  2.371471585743e+01,  1.060673117638e+00
  6.138499999046e+01,  9.999719858170e-01,  2.371473367922e+01,  1.061773896217e+00
  6.148499999940e+01,  1.000012040138e+00,  2.371469362489e+01,  1.060194015503e+00
  6.156099998951e+01,  9.999974370003e-01,  2.371470822803e+01,  1.059450387955e+00
  6.156199999154e+01,  9.999977350235e-01,  2.371470793001e+01,  1.059509873390e+00
  6.156499999762e+01,  1.000001668930e+00,  2.371470399610e+01,  1.059711098671e+00
  6.166499999166e+01,  9.999691247940e-01,  2.371473654024e+01,  1.059511899948e+00
  6.175000000000e+01,  9.899590015411e-01,  2.372474666349e+01,  1.054056763649e+00
  6.176999999583e+01,  9.795563220978e-01,  2.373514934293e+01,  1.024365067482e+00
  6.177949999273e+01,  9.694244861603e-01,  2.374528117887e+01,  1.007109284401e+00
  6.178700000048e+01,  9.588043689728e-01,  2.375590129606e+01,  1.002215027809e+00
  6.179349999130e+01,  9.485809803009e-01,  2.376612468473e+01,  9.893328547478e-01
  6.179950000346e+01,  9.385750293732e-01,  2.377613063566e+01,  9.782397150993e-01
  6.180550000072e+01,  9.282753467560e-01,  2.378643031828e+01,  9.646517634392e-01
  6.181149999797e+01,  9.178955554962e-01,  2.379681010954e+01,  9.518954157829e-01
  6.181749999523e+01,  9.077866077423e-01,  2.380691905729e+01,  9.403826594353e-01
  6.182400000095e+01,  8.976509571075e-01,  2.381705470792e+01,  9.340292811394e-01
  6.183149999380e+01,  8.875992298126e-01,  2.382710643522e+01,  9.060675501823e-01
  6.183999998868e+01,  8.771355152130e-01,  2.383757014982e+01,  8.761450648308e-01
  6.184849999845e+01,  8.665382862091e-01,  2.384816737882e+01,  8.542944788933e-01
  6.185649999976e+01,  8.561394214630e-01,  2.385856624357e+01,  8.340002894402e-01
  6.186399999261e+01,  8.458702564240e-01,  2.386883540861e+01,  8.141486048698e-01
  6.187099999189e+01,  8.356926441193e-01,  2.387901302091e+01,  8.018500208855e-01
  6.187799999118e+01,  8.253509998322e-01,  2.388935466520e+01,  7.912871241570e-01
  6.188549999893e+01,  8.146774768829e-01,  2.390002818815e+01,  7.770888209343e-01
  6.189350000024e+01,  8.041521310806e-01,  2.391055353395e+01,  7.626280784607e-01
  6.190249998868e+01,  7.936464548111e-01,  2.392105921022e+01,  7.454276084900e-01
  6.191300000250e+01,  7.832571268082e-01,  2.393144853822e+01,  7.287726402283e-01
  6.192599999905e+01,  7.729555368423e-01,  2.394175012819e+01,  6.995291709900e-01
  6.193899999559e+01,  7.627416849136e-01,  2.395196398012e+01,  6.753592491150e-01
  6.195049999654e+01,  7.523199319839e-01,  2.396238573305e+01,  6.584410667419e-01
  6.196050000191e+01,  7.422033548355e-01,  2.397250231020e+01,  6.446280479431e-01
  6.196999999881e+01,  7.321134805679e-01,  2.398259218446e+01,  6.323828697205e-01
  6.197949999571e+01,  7.220579385757e-01,  2.399264772646e+01,  6.189513206482e-01
  6.198950000107e+01,  7.118650674820e-01,  2.400284059755e+01,  6.031813621521e-01
  6.200000000000e+01,  7.016893625259e-01,  2.401301630251e+01,  5.858893394470e-01
  6.201099999249e+01,  6.914068460464e-01,  2.402329881899e+01,  5.691237449646e-01
  6.202199999988e+01,  6.812559366226e-01,  2.403344972841e+01,  5.522780418396e-01
  6.203299999237e+01,  6.710287332535e-01,  2.404367693178e+01,  5.362448692322e-01
  6.204399999976e+01,  6.606279611588e-01,  2.405407770387e+01,  5.196585655212e-01
  6.205449999869e+01,  6.504522562027e-01,  2.406425340883e+01,  5.029883384705e-01
  6.206449998915e+01,  6.404463052750e-01,  2.407425935976e+01,  4.865889549255e-01
  6.207449999452e+01,  6.300474405289e-01,  2.408465822450e+01,  4.698996543884e-01
  6.208399999142e+01,  6.197477579117e-01,  2.409495790712e+01,  4.554038047791e-01
  6.209299999475e+01,  6.097036600113e-01,  2.410500200502e+01,  4.427542686462e-01
  6.210199999809e+01,  5.996252298355e-01,  2.411508043520e+01,  4.290518760681e-01
  6.211149999499e+01,  5.892645120621e-01,  2.412544115297e+01,  4.156203269958e-01
  6.212150000036e+01,  5.789152383804e-01,  2.413579042665e+01,  4.005370140076e-01
  6.213199999928e+01,  5.685735940933e-01,  2.414613207094e+01,  3.828482627869e-01
  6.214249999821e+01,  5.585702657700e-01,  2.415613539926e+01,  3.662441670895e-01
  6.215299999714e+01,  5.485128164291e-01,  2.416619284860e+01,  3.506649434566e-01
  6.216349999607e+01,  5.381997823715e-01,  2.417650588266e+01,  3.354710042477e-01
  6.217350000143e+01,  5.281671285629e-01,  2.418653853647e+01,  3.227261006832e-01
  6.218349999189e+01,  5.180658102036e-01,  2.419663985483e+01,  3.099087178707e-01
  6.219349999726e+01,  5.080102682114e-01,  2.420669539682e+01,  2.963589131832e-01
  6.220399999619e+01,  4.975885152817e-01,  2.421711714975e+01,  2.816303670406e-01
  6.221449999511e+01,  4.872049093246e-01,  2.422750075571e+01,  2.660015523434e-01
  6.222499999404e+01,  4.767335653305e-01,  2.423797209970e+01,  2.514789998531e-01
  6.223499999940e+01,  4.667085409164e-01,  2.424799712412e+01,  2.383602708578e-01
  6.224499998987e+01,  4.566568136215e-01,  2.425804885141e+01,  2.249134629965e-01
  6.225499999523e+01,  4.466241598129e-01,  2.426808150522e+01,  2.123936265707e-01
  6.226549999416e+01,  4.362176656723e-01,  2.427848799936e+01,  1.994656175375e-01
  6.227599999309e+01,  4.258989095688e-01,  2.428880675546e+01,  1.859119981527e-01
  6.228649999201e+01,  4.155153036118e-01,  2.429919036142e+01,  1.725300401449e-01
  6.229699999094e+01,  4.050554037094e-01,  2.430965026132e+01,  1.597088426352e-01
  6.230699999630e+01,  3.950227499008e-01,  2.431968291513e+01,  1.473301500082e-01
  6.231700000167e+01,  3.850015401840e-01,  2.432970412485e+01,  1.365593522787e-01
  6.232750000060e+01,  3.746103048325e-01,  2.434009536020e+01,  1.251000016928e-01
  6.233799999952e+01,  3.643583059311e-01,  2.435034735910e+01,  1.133431047201e-01
  6.234849999845e+01,  3.541501760483e-01,  2.436055548898e+01,  1.026619523764e-01
  6.235899999738e+01,  3.438695669174e-01,  2.437083609812e+01,  9.155927598476e-02
  6.236949999630e+01,  3.334516286850e-01,  2.438125403635e+01,  8.130346238613e-02
  6.237999999523e+01,  3.229573965073e-01,  2.439174826853e+01,  7.164274156094e-02
  6.239000000060e+01,  3.129562437534e-01,  2.440174942128e+01,  6.142907962203e-02
  6.239999999106e+01,  3.029464781284e-01,  2.441175918690e+01,  5.248742923141e-02
  6.241049998999e+01,  2.924713194370e-01,  2.442223434560e+01,  4.331117495894e-02
  6.242049999535e+01,  2.824501097202e-01,  2.443225555531e+01,  3.459649905562e-02
  6.243050000072e+01,  2.722953855991e-01,  2.444241027943e+01,  2.684121765196e-02
  6.244049999118e+01,  2.621444761753e-01,  2.445256118886e+01,  2.005677856505e-02
  6.245049999654e+01,  2.521347105503e-01,  2.446257095448e+01,  1.299005281180e-02
  6.246099999547e+01,  2.417015135288e-01,  2.447300415150e+01,  6.616646889597e-03
  6.247149999440e+01,  2.313255369663e-01,  2.448338012807e+01,  6.256648921408e-04
  6.248199999332e+01,  2.209533751011e-01,  2.449375228993e+01, -4.376356955618e-03
  6.249249999225e+01,  2.105316221714e-01,  2.450417404286e+01, -8.278791792691e-03
  6.250249999762e+01,  2.005027830601e-01,  2.451420288197e+01, -1.128715742379e-02
  6.251250000298e+01,  1.904129087925e-01,  2.452429275624e+01, -1.203111652285e-02
  6.252249999344e+01,  1.803421080112e-01,  2.453436355702e+01, -1.330921892077e-02
  6.253249999881e+01,  1.702903807163e-01,  2.454441528432e+01, -1.227168086916e-02
  6.254249998927e+01,  1.602691709995e-01,  2.455443649403e+01, -1.079843286425e-02
  6.255249999464e+01,  1.502365171909e-01,  2.456446914784e+01, -9.490826167166e-03
  6.256250000000e+01,  1.402229368687e-01,  2.457448272816e+01, -8.406021632254e-03
  6.257249999046e+01,  1.301902830601e-01,  2.458451538197e+01, -6.572165992111e-03
  6.258249999583e+01,  1.201538145542e-01,  2.459455185048e+01, -8.032896555960e-03
  6.259250000119e+01,  1.100753843784e-01,  2.460463028065e+01, -7.544645573944e-03
  6.260300000012e+01,  9.961929917336e-02,  2.461508636586e+01, -7.716649677604e-03
  6.261349999905e+01,  8.922043442726e-02,  2.462548523061e+01, -9.055905975401e-03
  6.262399999797e+01,  7.885971665382e-02,  2.463584594838e+01, -9.764202870429e-03
  6.263449999690e+01,  6.849899888039e-02,  2.464620666615e+01, -9.627112187445e-03
  6.264499999583e+01,  5.801094323397e-02,  2.465669472180e+01, -1.129959151149e-02
  6.265500000119e+01,  4.787147790194e-02,  2.466683418713e+01, -9.685974568129e-03
  6.266499999166e+01,  3.783882409334e-02,  2.467686684094e+01, -6.703357677907e-03
  6.267599999905e+01,  2.745140530169e-02,  2.468725425973e+01, -3.091793041676e-03
  6.268850000203e+01,  1.725853420794e-02,  2.469744713082e+01,  9.279441437684e-04
  6.270600000024e+01,  7.251629140228e-03,  2.470745403589e+01,  4.057478799950e-04
  6.272299998999e+01,  2.107033273205e-03,  2.471259863176e+01, -4.599134903401e-03
  6.272399999201e+01,  1.916775247082e-03,  2.471278888979e+01, -4.974882584065e-03
  6.273199999332e+01,  6.231160368770e-04,  2.471408254900e+01, -6.590645294636e-03
  6.273499999940e+01,  2.325864043087e-04,  2.471447307863e+01, -7.366459351033e-03
  6.297800000012e+01, -2.089295070618e-03,  2.471679496010e+01, -1.073271874338e-02
  6.297900000215e+01, -2.086523454636e-03,  2.471679218849e+01, -1.082021836191e-02
