           Test time,     Standard travel,     Tool separation,      Standard force
                 0.0,                 0.0,  2.620170212212e+01, -4.792653396726e-02
                 0.0,                 0.0,  2.620169878054e+01, -4.798458889127e-02
                 0.0,                 0.0,  2.620170167765e+01, -4.819108173251e-02
                 0.0,                 0.0,  2.620169709228e+01, -4.845995828509e-02
                 0.0,                 0.0,  2.620170291864e+01, -4.867310449481e-02
                 0.0,                 0.0,  2.620170022864e+01, -4.676299542189e-02
  0.000000000000e+00,  0.000000000000e+00,  2.620170441214e+01, -4.689593613148e-02
  8.000001311302e-03,  8.804723620415e-06,  2.620169560742e+01, -4.748393595219e-02
  1.100000739098e-02,  1.346133649349e-05,  2.620169095080e+01, -4.765135794878e-02
  1.299999654293e-02,  9.698793292046e-06,  2.620169471335e+01, -4.755992442369e-02
  1.399999856949e-02,  1.536123454571e-05,  2.620168905091e+01, -4.749507457018e-02
  1.140000075102e-01, -1.185690052807e-06,  2.620170559783e+01, -4.954081401229e-02
  2.144999951124e-01,  3.590140477172e-05,  2.620166851074e+01, -5.011600628495e-02
  3.145000040531e-01,  2.963453516713e-05,  2.620167477760e+01, -4.828310757875e-02
  4.150000065565e-01,  2.018864499405e-03,  2.619968554764e+01, -4.972858354449e-02
  4.580000042915e-01,  1.220687665045e-02,  2.618949753549e+01, -4.539785161614e-02
  4.765000045300e-01,  2.239402569830e-02,  2.617931038644e+01, -2.790746279061e-02
  4.874999970198e-01,  3.292259201407e-02,  2.616878182013e+01, -1.615604944527e-02
  4.954999983311e-01,  4.358467087150e-02,  2.615811974127e+01, -2.291926927865e-02
  5.024999976158e-01,  5.437644943595e-02,  2.614732796270e+01, -2.912005968392e-02
  5.090000033379e-01,  6.504615396261e-02,  2.613665825818e+01, -3.312072530389e-02
  5.150000005960e-01,  7.520469278097e-02,  2.612649971936e+01, -3.650173917413e-02
  5.209999978542e-01,  8.540519326925e-02,  2.611629921887e+01, -3.849801793694e-02
  5.275000035763e-01,  9.621604532003e-02,  2.610548836682e+01, -4.319987073541e-02
  5.339999943972e-01,  1.064737662673e-01,  2.609523064587e+01, -4.685090109706e-02
  5.415000021458e-01,  1.171244010329e-01,  2.608458001111e+01, -4.851708933711e-02
  5.495000034571e-01,  1.272409856319e-01,  2.607446342651e+01, -3.638635203242e-02
  5.579999983311e-01,  1.375826299191e-01,  2.606412178222e+01, -3.022180125117e-02
  5.665000081062e-01,  1.478861272335e-01,  2.605381828491e+01, -2.840104326606e-02
  5.750000029802e-01,  1.582201421261e-01,  2.604348427001e+01, -2.495064958930e-02
  5.834999978542e-01,  1.688288152218e-01,  2.603287559692e+01, -1.527085527778e-02
  5.910000056028e-01,  1.789835393429e-01,  2.602272087280e+01, -9.174253791571e-03
  5.980000048876e-01,  1.892450749874e-01,  2.601245933715e+01, -1.423206552863e-02
  6.050000041723e-01,  1.997202336788e-01,  2.600198417846e+01, -1.922550424933e-02
  6.120000034571e-01,  2.098902165890e-01,  2.599181419555e+01, -2.235927805305e-02
  6.194999963045e-01,  2.201403081417e-01,  2.598156410400e+01, -2.383556589484e-02
  6.280000060797e-01,  2.306879460812e-01,  2.597101646606e+01, -2.730837091804e-02
  6.379999965429e-01,  2.410887181759e-01,  2.596061569396e+01, -3.306761011481e-02
  6.515000015497e-01,  2.511595189571e-01,  2.595054489318e+01, -1.459374651313e-02
  6.659999936819e-01,  2.613600194454e-01,  2.594034439269e+01, -1.174594741315e-03
  6.780000030994e-01,  2.717455327511e-01,  2.592995887939e+01,  3.584240097553e-03
  6.879999935627e-01,  2.819822728634e-01,  2.591972213928e+01,  1.768056768924e-03
  6.975000053644e-01,  2.925146520138e-01,  2.590918976013e+01, -2.623613458127e-03
  7.064999938011e-01,  3.025402724743e-01,  2.589916413967e+01, -6.220352370292e-03
  7.160000056028e-01,  3.126339614391e-01,  2.588907045070e+01, -5.813342053443e-03
  7.265000045300e-01,  3.230042159557e-01,  2.587870019618e+01, -5.990665871650e-03
  7.380000054836e-01,  3.333344161510e-01,  2.586836999599e+01, -1.722682733089e-03
  7.500000000000e-01,  3.435864150524e-01,  2.585811799709e+01,  4.830967169255e-03
  7.615000009537e-01,  3.538460433483e-01,  2.584785836879e+01,  9.580742567778e-03
  7.724999934435e-01,  3.642735183239e-01,  2.583743089382e+01,  1.090748235583e-02
  7.830000072718e-01,  3.747086226940e-01,  2.582699578945e+01,  1.399023458362e-02
  7.929999977350e-01,  3.852219283581e-01,  2.581648248378e+01,  1.662958785892e-02
  8.024999946356e-01,  3.956932723522e-01,  2.580601113979e+01,  1.485003158450e-02
  8.114999979734e-01,  4.057449996471e-01,  2.579595941249e+01,  1.432783529162e-02
  8.205000013113e-01,  4.158043563366e-01,  2.578590005580e+01,  1.676250621676e-02
  8.295000046492e-01,  4.258675277233e-01,  2.577583688442e+01,  1.712394878268e-02
  8.390000015497e-01,  4.362663924694e-01,  2.576543801967e+01,  1.471472904086e-02
  8.490000069141e-01,  4.465965926647e-01,  2.575510781948e+01,  1.772690936923e-02
  8.595000058413e-01,  4.568791091442e-01,  2.574482530300e+01,  2.209521457553e-02
  8.700000047684e-01,  4.669098556042e-01,  2.573479455654e+01,  2.514029666781e-02
  8.805000036955e-01,  4.769596755505e-01,  2.572474473659e+01,  2.806092426181e-02
  8.910000026226e-01,  4.872708022594e-01,  2.571443360988e+01,  3.051818534732e-02
  9.010000079870e-01,  4.973873794079e-01,  2.570431703273e+01,  2.983830496669e-02
  9.109999984503e-01,  5.074925422668e-01,  2.569421186987e+01,  3.015781566501e-02
  9.214999973774e-01,  5.179181098938e-01,  2.568378630225e+01,  3.223920986056e-02
  9.319999963045e-01,  5.282597541809e-01,  2.567344465796e+01,  3.639055415988e-02
  9.424999952316e-01,  5.386204719543e-01,  2.566308394019e+01,  3.803039714694e-02
  9.529999941587e-01,  5.490536689758e-01,  2.565265074316e+01,  4.205490276217e-02
  9.629999995232e-01,  5.592473745346e-01,  2.564245703761e+01,  4.334498941898e-02
  9.730000048876e-01,  5.696119070053e-01,  2.563209250513e+01,  4.274512827396e-02
  9.829999953508e-01,  5.798543691635e-01,  2.562185004298e+01,  4.224397242069e-02
  9.934999942780e-01,  5.903409719467e-01,  2.561136344019e+01,  4.489947855473e-02
  1.004000008106e+00,  6.006902456284e-01,  2.560101416651e+01,  4.790927469730e-02
  1.014500007033e+00,  6.111196279526e-01,  2.559058478419e+01,  5.125857889652e-02
  1.024499997497e+00,  6.211942434311e-01,  2.558051016871e+01,  5.320620536804e-02
  1.034500002861e+00,  6.314138174057e-01,  2.557029059473e+01,  5.361554399133e-02
  1.044499993324e+00,  6.416639089584e-01,  2.556004050318e+01,  5.320747569203e-02
  1.054499998689e+00,  6.517461538315e-01,  2.554995825831e+01,  5.328823998570e-02
  1.064999997616e+00,  6.620553731918e-01,  2.553964903895e+01,  5.489875748754e-02
  1.075499996543e+00,  6.721814870834e-01,  2.552952292506e+01,  5.762865021825e-02
  1.085999995470e+00,  6.823133230209e-01,  2.551939108912e+01,  6.138231232762e-02
  1.096499994397e+00,  6.926454305649e-01,  2.550905898158e+01,  6.406810134649e-02
  1.106499999762e+00,  7.027124166489e-01,  2.549899199549e+01,  6.578996032476e-02
  1.116500005126e+00,  7.128785848618e-01,  2.548882582728e+01,  6.623926013708e-02
  1.126499995589e+00,  7.229951620102e-01,  2.547870925013e+01,  6.709175556898e-02
  1.136999994516e+00,  7.334550619125e-01,  2.546824935023e+01,  6.925063580275e-02
  1.147499993443e+00,  7.436746358871e-01,  2.545802977625e+01,  7.190644741058e-02
  1.158000007272e+00,  7.538083791733e-01,  2.544789603297e+01,  7.584321498871e-02
  1.168500006199e+00,  7.640756368637e-01,  2.543762877528e+01,  7.879769802094e-02
  1.179000005126e+00,  7.745546102524e-01,  2.542714980189e+01,  8.045181632042e-02
  1.188999995589e+00,  7.846330404282e-01,  2.541707137171e+01,  8.040577173233e-02
  1.199000000954e+00,  7.947114706039e-01,  2.540699294154e+01,  8.091121912003e-02
  1.209499999881e+00,  8.051939606667e-01,  2.539651045147e+01,  8.153250813484e-02
  1.219999998808e+00,  8.155851960182e-01,  2.538611921612e+01,  8.335831761360e-02
  1.230499997735e+00,  8.259611725807e-01,  2.537574323956e+01,  8.591607213020e-02
  1.240500003099e+00,  8.359861969948e-01,  2.536571821515e+01,  8.905652165413e-02
  1.250499993563e+00,  8.461981415749e-01,  2.535550627057e+01,  8.929079771042e-02
  1.260499998927e+00,  8.563910126686e-01,  2.534531339947e+01,  9.048813581467e-02
  1.270500004292e+00,  8.664694428444e-01,  2.533523496930e+01,  9.226649999619e-02
  1.281000003219e+00,  8.769446015358e-01,  2.532475981060e+01,  9.431427717209e-02
  1.291500002146e+00,  8.873091340065e-01,  2.531439527813e+01,  9.582084417343e-02
  1.302000001073e+00,  8.976698517799e-01,  2.530403456036e+01,  9.913009405136e-02
  1.312000006437e+00,  9.076910614967e-01,  2.529401335064e+01,  1.001055315137e-01
  1.321999996901e+00,  9.177885651588e-01,  2.528391584698e+01,  1.004224494100e-01
  1.332000002265e+00,  9.278174042702e-01,  2.527388700787e+01,  1.021574214101e-01
  1.342500001192e+00,  9.382162690163e-01,  2.526348814312e+01,  1.042741015553e-01
  1.353000000119e+00,  9.485197663307e-01,  2.525318464581e+01,  1.070378497243e-01
  1.363499999046e+00,  9.588423371315e-01,  2.524286207501e+01,  1.107981875539e-01
  1.373999997973e+00,  9.692526459694e-01,  2.523245176617e+01,  1.131544187665e-01
  1.384000003338e+00,  9.793081879616e-01,  2.522239622418e+01,  1.143847778440e-01
  1.393999993801e+00,  9.893904328346e-01,  2.521231397931e+01,  1.163010671735e-01
  1.403999999166e+00,  9.994574189186e-01,  2.520224699322e+01,  1.174744740129e-01
  1.414000004530e+00,  1.009520530701e+00,  2.519218388144e+01,  1.186947524548e-01
  1.423999994993e+00,  1.019614219666e+00,  2.518209019247e+01,  1.202667355537e-01
  1.434000000358e+00,  1.029700279236e+00,  2.517200413290e+01,  1.224630475044e-01
  1.444000005722e+00,  1.039778709412e+00,  2.516192570273e+01,  1.238750889897e-01
  1.454500004649e+00,  1.050250053406e+00,  2.515145435873e+01,  1.252153515816e-01
  1.465000003576e+00,  1.060575246811e+00,  2.514112916533e+01,  1.269112229347e-01
  1.475500002503e+00,  1.070777654648e+00,  2.513092675749e+01,  1.297634243965e-01
  1.486000001431e+00,  1.081027746201e+00,  2.512067666594e+01,  1.310381442308e-01
  1.496500000358e+00,  1.091441869736e+00,  2.511026254240e+01,  1.331645995378e-01
  1.506500005722e+00,  1.101501226425e+00,  2.510020318571e+01,  1.354116946459e-01
  1.516499996185e+00,  1.111655950546e+00,  2.509004846159e+01,  1.362699717283e-01
  1.526500001550e+00,  1.121780157089e+00,  2.507992425505e+01,  1.378682106733e-01
  1.536500006914e+00,  1.131862401962e+00,  2.506984201018e+01,  1.397722214460e-01
  1.547000005841e+00,  1.142326116562e+00,  2.505937829558e+01,  1.410016864538e-01
  1.557500004768e+00,  1.152686834335e+00,  2.504901757780e+01,  1.435899585485e-01
  1.568000003695e+00,  1.163043737411e+00,  2.503866067473e+01,  1.463751643896e-01
  1.578500002623e+00,  1.173396825790e+00,  2.502830758635e+01,  1.487994045019e-01
  1.589000001550e+00,  1.183753728867e+00,  2.501795068327e+01,  1.523413509130e-01
  1.599000006914e+00,  1.193774938583e+00,  2.500792947356e+01,  1.545967906713e-01
  1.608999997377e+00,  1.203960180283e+00,  2.499774423186e+01,  1.546520292759e-01
  1.619000002742e+00,  1.214149236679e+00,  2.498755517546e+01,  1.555682420731e-01
  1.629000008106e+00,  1.224265813828e+00,  2.497743859831e+01,  1.569859832525e-01
  1.638999998569e+00,  1.234321355820e+00,  2.496738305632e+01,  1.587169021368e-01
  1.649499997497e+00,  1.244781255722e+00,  2.495692315642e+01,  1.615383476019e-01
  1.659999996424e+00,  1.255183935165e+00,  2.494652047697e+01,  1.632667034864e-01
  1.670499995351e+00,  1.265556097031e+00,  2.493614831511e+01,  1.651571542025e-01
  1.680999994278e+00,  1.275985479355e+00,  2.492571893279e+01,  1.663983613253e-01
  1.691500008106e+00,  1.286418676376e+00,  2.491528573576e+01,  1.673780232668e-01
  1.702000007033e+00,  1.296806097031e+00,  2.490489831511e+01,  1.691678315401e-01
  1.712500005960e+00,  1.307180523872e+00,  2.489452388827e+01,  1.735796332359e-01
  1.722499996424e+00,  1.317194104195e+00,  2.488451030795e+01,  1.758088469505e-01
  1.732500001788e+00,  1.327341198921e+00,  2.487436321322e+01,  1.770561039448e-01
  1.742500007153e+00,  1.337534070015e+00,  2.486417034212e+01,  1.780793368816e-01
  1.752499997616e+00,  1.347707867622e+00,  2.485399654452e+01,  1.789604723454e-01
  1.762500002980e+00,  1.357824444771e+00,  2.484387996737e+01,  1.793503910303e-01
  1.772499993443e+00,  1.367887616158e+00,  2.483381679598e+01,  1.812536865473e-01
  1.782499998808e+00,  1.377943158150e+00,  2.482376125399e+01,  1.826978325844e-01
  1.792999997735e+00,  1.388418316841e+00,  2.481328609530e+01,  1.850363761187e-01
  1.803499996662e+00,  1.398843884468e+00,  2.480286052767e+01,  1.877295970917e-01
  1.813999995589e+00,  1.409273266792e+00,  2.479243114535e+01,  1.898977756500e-01
  1.824499994516e+00,  1.419578671455e+00,  2.478212574068e+01,  1.919133663177e-01
  1.834999993443e+00,  1.429805874825e+00,  2.477189853732e+01,  1.953074932098e-01
  1.845500007272e+00,  1.440090298653e+00,  2.476161411349e+01,  1.975445747375e-01
  1.856000006199e+00,  1.450492978096e+00,  2.475121143404e+01,  1.996001601219e-01
  1.865999996662e+00,  1.460495114326e+00,  2.474120929781e+01,  2.013615965843e-01
  1.876000002027e+00,  1.470558285713e+00,  2.473114612643e+01,  2.026447653770e-01
  1.886000007391e+00,  1.480590939522e+00,  2.472111347262e+01,  2.038300633430e-01
  1.896500006318e+00,  1.491050839424e+00,  2.471065357272e+01,  2.052825093269e-01
  1.907000005245e+00,  1.501415371895e+00,  2.470028904025e+01,  2.081566452980e-01
  1.917500004172e+00,  1.511776089668e+00,  2.468992832247e+01,  2.107685208321e-01
  1.928000003099e+00,  1.522194027901e+00,  2.467951038424e+01,  2.132814526558e-01
  1.938500002027e+00,  1.532673001289e+00,  2.466903141085e+01,  2.149765491486e-01
  1.948500007391e+00,  1.542705655098e+00,  2.465899875704e+01,  2.156851291656e-01
  1.958499997854e+00,  1.552710175514e+00,  2.464899423663e+01,  2.168886512518e-01
  1.968999996781e+00,  1.563112854958e+00,  2.463859155718e+01,  2.188761085272e-01
  1.979499995708e+00,  1.573458313942e+00,  2.462824609820e+01,  2.214907258749e-01
  1.989999994636e+00,  1.583906769753e+00,  2.461779764239e+01,  2.245567888021e-01
  2.000000000000e+00,  1.594027161598e+00,  2.460767725054e+01,  2.266577333212e-01
  2.010000005364e+00,  1.604330658913e+00,  2.459737375323e+01,  2.271507382393e-01
  2.019999995828e+00,  1.614653229713e+00,  2.458705118243e+01,  2.279378771782e-01
  2.030000001192e+00,  1.624872803688e+00,  2.457683160845e+01,  2.286168783903e-01
  2.040000006557e+00,  1.634943604469e+00,  2.456676080767e+01,  2.304184585810e-01
  2.050500005484e+00,  1.645365357399e+00,  2.455633905474e+01,  2.330634742975e-01
  2.061000004411e+00,  1.655680298805e+00,  2.454602411333e+01,  2.357156425714e-01
  2.071500003338e+00,  1.666029572487e+00,  2.453567483965e+01,  2.383152991533e-01
  2.082000002265e+00,  1.676527619362e+00,  2.452517679278e+01,  2.400508671999e-01
  2.092000007629e+00,  1.686594605446e+00,  2.451510980669e+01,  2.406613379717e-01
  2.102500006557e+00,  1.697077393532e+00,  2.450462701861e+01,  2.414236515760e-01
  2.113000005484e+00,  1.707434296608e+00,  2.449427011553e+01,  2.441692799330e-01
  2.123500004411e+00,  1.717815995216e+00,  2.448388841692e+01,  2.475495785475e-01
  2.133499994874e+00,  1.727821946144e+00,  2.447388246600e+01,  2.500784993172e-01
  2.143500000238e+00,  1.737904191017e+00,  2.446380022112e+01,  2.513144612312e-01
  2.153500005603e+00,  1.747986435890e+00,  2.445371797625e+01,  2.535646557808e-01
  2.164000004530e+00,  1.758457779884e+00,  2.444324663226e+01,  2.562838196754e-01
  2.174500003457e+00,  1.768845200539e+00,  2.443285921160e+01,  2.573964595795e-01
  2.185000002384e+00,  1.779163956642e+00,  2.442254045550e+01,  2.597675323486e-01
  2.195500001311e+00,  1.789551377296e+00,  2.441215303484e+01,  2.627668380737e-01
  2.205500006676e+00,  1.799606919289e+00,  2.440209749285e+01,  2.647848129272e-01
  2.215499997139e+00,  1.809804081917e+00,  2.439190033022e+01,  2.646837532520e-01
  2.225500002503e+00,  1.819920659065e+00,  2.438178375307e+01,  2.659086287022e-01
  2.236000001431e+00,  1.830372929573e+00,  2.437133148257e+01,  2.671952545643e-01
  2.246500000358e+00,  1.840722203255e+00,  2.436098220889e+01,  2.702703773975e-01
  2.256999999285e+00,  1.851132512093e+00,  2.435057190005e+01,  2.724473774433e-01
  2.267499998212e+00,  1.861638188362e+00,  2.434006622378e+01,  2.755146324635e-01
  2.277500003576e+00,  1.871754765511e+00,  2.432994964663e+01,  2.771429121494e-01
  2.287499994040e+00,  1.881909489632e+00,  2.431979492251e+01,  2.790971696377e-01
  2.297499999404e+00,  1.892033696175e+00,  2.430967071597e+01,  2.801860272884e-01
  2.307500004768e+00,  1.902161717415e+00,  2.429954269473e+01,  2.819427549839e-01
  2.317499995232e+00,  1.912320256233e+00,  2.428938415591e+01,  2.832907736301e-01
  2.327500000596e+00,  1.922497868538e+00,  2.427920654360e+01,  2.854459583759e-01
  2.337500005960e+00,  1.932671666145e+00,  2.426903274599e+01,  2.882771790028e-01
  2.347499996424e+00,  1.942830204964e+00,  2.425887420718e+01,  2.908013164997e-01
  2.357500001788e+00,  1.952885746956e+00,  2.424881866518e+01,  2.929468452930e-01
  2.368000000715e+00,  1.963349461555e+00,  2.423835495058e+01,  2.948564589024e-01
  2.378499999642e+00,  1.973786473274e+00,  2.422791793887e+01,  2.972883284092e-01
  2.388999998569e+00,  1.984208226204e+00,  2.421749618594e+01,  2.988566458225e-01
  2.399499997497e+00,  1.994645237923e+00,  2.420705917422e+01,  3.013667166233e-01
  2.409500002861e+00,  2.004693031311e+00,  2.419701138083e+01,  3.028495609760e-01
  2.419499993324e+00,  2.014771461487e+00,  2.418693295065e+01,  3.041472434998e-01
  2.429499998689e+00,  2.024827003479e+00,  2.417687740866e+01,  3.055385351181e-01
  2.439999997616e+00,  2.035309791565e+00,  2.416639462057e+01,  3.062709271908e-01
  2.450499996543e+00,  2.045701026917e+00,  2.415600338522e+01,  3.077386617661e-01
  2.460999995470e+00,  2.055975198746e+00,  2.414572921339e+01,  3.107254207134e-01
  2.471499994397e+00,  2.066332101822e+00,  2.413537231032e+01,  3.146211802959e-01
  2.481499999762e+00,  2.076357126236e+00,  2.412534728590e+01,  3.168391883373e-01
  2.491500005126e+00,  2.086527109146e+00,  2.411517730299e+01,  3.187507092953e-01
  2.501499995589e+00,  2.096769571304e+00,  2.410493484084e+01,  3.203190267086e-01
  2.511500000954e+00,  2.106909036636e+00,  2.409479537550e+01,  3.205178976059e-01
  2.521999999881e+00,  2.117346048355e+00,  2.408435836378e+01,  3.224928379059e-01
  2.532499998808e+00,  2.127611398697e+00,  2.407409301344e+01,  3.249766826630e-01
  2.542999997735e+00,  2.137865304947e+00,  2.406383910719e+01,  3.284308910370e-01
  2.553499996662e+00,  2.148260354996e+00,  2.405344405714e+01,  3.317792415619e-01
  2.563500002027e+00,  2.158296823502e+00,  2.404340758864e+01,  3.338201045990e-01
  2.573500007391e+00,  2.168421030045e+00,  2.403328338210e+01,  3.340280354023e-01
  2.583499997854e+00,  2.178465127945e+00,  2.402323928419e+01,  3.348241150379e-01
  2.593999996781e+00,  2.188856363297e+00,  2.401284804884e+01,  3.372512161732e-01
  2.604499995708e+00,  2.199110269547e+00,  2.400259414259e+01,  3.391793966293e-01
  2.614999994636e+00,  2.209434747696e+00,  2.399226966444e+01,  3.429566621780e-01
  2.625499993563e+00,  2.219944238663e+00,  2.398176017348e+01,  3.458634614944e-01
  2.635499998927e+00,  2.230156183243e+00,  2.397154822890e+01,  3.467167615891e-01
  2.645500004292e+00,  2.240394830704e+00,  2.396130958144e+01,  3.471224308014e-01
  2.655499994755e+00,  2.250572443008e+00,  2.395113196913e+01,  3.491599559784e-01
  2.665500000119e+00,  2.260673761368e+00,  2.394103065077e+01,  3.508371114731e-01
  2.675500005484e+00,  2.270725488663e+00,  2.393097892348e+01,  3.524323701859e-01
  2.685499995947e+00,  2.280727624893e+00,  2.392097678725e+01,  3.546298742294e-01
  2.695500001311e+00,  2.290737390518e+00,  2.391096702162e+01,  3.567000627518e-01
  2.705500006676e+00,  2.300770044327e+00,  2.390093436781e+01,  3.591238260269e-01
  2.715499997139e+00,  2.310784339905e+00,  2.389092007224e+01,  3.608868420124e-01
  2.725500002503e+00,  2.320813179016e+00,  2.388089123312e+01,  3.639576733112e-01
  2.735500007868e+00,  2.330937385559e+00,  2.387076702658e+01,  3.673799335957e-01
  2.745499998331e+00,  2.341195106506e+00,  2.386050930563e+01,  3.698315024376e-01
  2.755500003695e+00,  2.351445198059e+00,  2.385025921408e+01,  3.701428472996e-01
  2.765499994159e+00,  2.361546516418e+00,  2.384015789572e+01,  3.722733557224e-01
  2.776000007987e+00,  2.371968269348e+00,  2.382973614279e+01,  3.743109405041e-01
  2.786500006914e+00,  2.382267951965e+00,  2.381943646017e+01,  3.760627806187e-01
  2.797000005841e+00,  2.392575263977e+00,  2.380912914816e+01,  3.774006366730e-01
  2.807500004768e+00,  2.403000831604e+00,  2.379870358054e+01,  3.786169886589e-01
  2.817499995232e+00,  2.413014411926e+00,  2.378869000021e+01,  3.802927434444e-01
  2.827999994159e+00,  2.423497200012e+00,  2.377820721213e+01,  3.828721940517e-01
  2.838500007987e+00,  2.433960914612e+00,  2.376774349753e+01,  3.858424127102e-01
  2.849000006914e+00,  2.444386482239e+00,  2.375731792990e+01,  3.894205987453e-01
  2.859500005841e+00,  2.454857826233e+00,  2.374684658591e+01,  3.900411725044e-01
  2.869499996305e+00,  2.464894294739e+00,  2.373681011740e+01,  3.916971981525e-01
  2.879500001669e+00,  2.474995613098e+00,  2.372670879904e+01,  3.924769461155e-01
  2.889500007033e+00,  2.485074043274e+00,  2.371663036887e+01,  3.939560949802e-01
  2.899499997497e+00,  2.495121955872e+00,  2.370658245627e+01,  3.969444334507e-01
  2.909500002861e+00,  2.505253791809e+00,  2.369645062033e+01,  4.011787474155e-01
  2.919499993324e+00,  2.515519142151e+00,  2.368618526999e+01,  4.028306007385e-01
  2.929499998689e+00,  2.525792121887e+00,  2.367591229025e+01,  4.041506946087e-01
  2.939500004053e+00,  2.535958290100e+00,  2.366574612204e+01,  4.047004878521e-01
  2.949499994516e+00,  2.546021461487e+00,  2.365568295065e+01,  4.067961871624e-01
  2.959999993443e+00,  2.556454658508e+00,  2.364524975363e+01,  4.097342193127e-01
  2.970500007272e+00,  2.566828250885e+00,  2.363487616125e+01,  4.128198921680e-01
  2.981000006199e+00,  2.577246189117e+00,  2.362445822302e+01,  4.159531891346e-01
  2.990999996662e+00,  2.587286472321e+00,  2.361441793982e+01,  4.186330139637e-01
  3.001000002027e+00,  2.597414493561e+00,  2.360428991858e+01,  4.190968573093e-01
  3.011000007391e+00,  2.607508182526e+00,  2.359419622961e+01,  4.201370179653e-01
  3.020999997854e+00,  2.617525577545e+00,  2.358417883459e+01,  4.225245416164e-01
  3.031000003219e+00,  2.627527713776e+00,  2.357417669836e+01,  4.252830445766e-01
  3.040999993682e+00,  2.637564182281e+00,  2.356414022986e+01,  4.281645715237e-01
  3.050999999046e+00,  2.647577762604e+00,  2.355412664954e+01,  4.300560057163e-01
  3.061499997973e+00,  2.658056735992e+00,  2.354364767615e+01,  4.318670332432e-01
  3.071999996901e+00,  2.668520450592e+00,  2.353318396155e+01,  4.338884651661e-01
  3.082499995828e+00,  2.678984165192e+00,  2.352272024695e+01,  4.347712397575e-01
  3.092999994755e+00,  2.689424991608e+00,  2.351227942053e+01,  4.368457198143e-01
  3.103499993682e+00,  2.699850559235e+00,  2.350185385291e+01,  4.395379424095e-01
  3.114000007510e+00,  2.710234165192e+00,  2.349147024695e+01,  4.420546889305e-01
  3.124500006437e+00,  2.720579624176e+00,  2.348112478796e+01,  4.432166814804e-01
  3.135000005364e+00,  2.730925083160e+00,  2.347077932898e+01,  4.448720216751e-01
  3.145500004292e+00,  2.741392612457e+00,  2.346031179968e+01,  4.467364251614e-01
  3.155499994755e+00,  2.751444339752e+00,  2.345026007239e+01,  4.469148814678e-01
  3.165500000119e+00,  2.761465549469e+00,  2.344023886267e+01,  4.487821757793e-01
  3.175999999046e+00,  2.771868228912e+00,  2.342983618323e+01,  4.528600871563e-01
  3.186499997973e+00,  2.782217502594e+00,  2.341948690955e+01,  4.559547603130e-01
  3.196999996901e+00,  2.792574405670e+00,  2.340913000647e+01,  4.592096507549e-01
  3.207499995828e+00,  2.803061008453e+00,  2.339864340369e+01,  4.615428745747e-01
  3.217500001192e+00,  2.813205480576e+00,  2.338849893156e+01,  4.630616903305e-01
  3.227500006557e+00,  2.823417425156e+00,  2.337828698698e+01,  4.640265405178e-01
  3.237499997020e+00,  2.833534002304e+00,  2.336817040984e+01,  4.665728509426e-01
  3.247999995947e+00,  2.843993902206e+00,  2.335771050993e+01,  4.678339660168e-01
  3.258499994874e+00,  2.854312658310e+00,  2.334739175383e+01,  4.711718261242e-01
  3.268999993801e+00,  2.864625692368e+00,  2.333707871977e+01,  4.730627238750e-01
  3.279500007629e+00,  2.875036001205e+00,  2.332666841093e+01,  4.761755168438e-01
  3.289499998093e+00,  2.885152578354e+00,  2.331655183379e+01,  4.776212871075e-01
  3.299500003457e+00,  2.895417928696e+00,  2.330628648344e+01,  4.793638885021e-01
  3.309499993920e+00,  2.905656576157e+00,  2.329604783598e+01,  4.803203344345e-01
  3.319499999285e+00,  2.915815114975e+00,  2.328588929716e+01,  4.828232526779e-01
  3.329500004649e+00,  2.925836324692e+00,  2.327586808745e+01,  4.835752844810e-01
  3.340000003576e+00,  2.936145544052e+00,  2.326555886809e+01,  4.858855605125e-01
  3.350500002503e+00,  2.946353673935e+00,  2.325535073820e+01,  4.895071387291e-01
  3.361000001431e+00,  2.956689596176e+00,  2.324501481596e+01,  4.934100508690e-01
  3.371000006795e+00,  2.966783285141e+00,  2.323492112700e+01,  4.960467219353e-01
  3.380999997258e+00,  2.977071523666e+00,  2.322463288847e+01,  4.972097873688e-01
  3.391000002623e+00,  2.987310171127e+00,  2.321439424101e+01,  4.987168312073e-01
  3.401000007987e+00,  2.997327566147e+00,  2.320437684599e+01,  5.010654926300e-01
  3.411500006914e+00,  3.007611989975e+00,  2.319409242216e+01,  5.033614039421e-01
  3.422000005841e+00,  3.017684698105e+00,  2.318401971404e+01,  5.073983073235e-01
  3.432500004768e+00,  3.027786016464e+00,  2.317391839568e+01,  5.109669566154e-01
  3.443000003695e+00,  3.038165807724e+00,  2.316353860442e+01,  5.131986141205e-01
  3.452999994159e+00,  3.048255681992e+00,  2.315344873015e+01,  5.129973888397e-01
  3.462999999523e+00,  3.058411121368e+00,  2.314329329077e+01,  5.132046937943e-01
  3.473000004888e+00,  3.068474292755e+00,  2.313323011938e+01,  5.140288472176e-01
  3.483500003815e+00,  3.078831195831e+00,  2.312287321631e+01,  5.170031189919e-01
  3.494000002742e+00,  3.089071750641e+00,  2.311263266150e+01,  5.217009186745e-01
  3.504500001669e+00,  3.099398136139e+00,  2.310230627600e+01,  5.254393219948e-01
  3.515000000596e+00,  3.109896183014e+00,  2.309180822913e+01,  5.281091332436e-01
  3.525000005960e+00,  3.120050907135e+00,  2.308165350500e+01,  5.298590064049e-01
  3.534999996424e+00,  3.130239963531e+00,  2.307146444861e+01,  5.303941965103e-01
  3.545000001788e+00,  3.140264987946e+00,  2.306143942419e+01,  5.310247540474e-01
  3.555500000715e+00,  3.150566577911e+00,  2.305113783423e+01,  5.341055989265e-01
  3.565999999642e+00,  3.160727024078e+00,  2.304097738806e+01,  5.377057194710e-01
  3.576499998569e+00,  3.170912265778e+00,  2.303079214636e+01,  5.415561795235e-01
  3.586999997497e+00,  3.181236743927e+00,  2.302046766821e+01,  5.439301133156e-01
  3.597000002861e+00,  3.191242694855e+00,  2.301046171729e+01,  5.455759763718e-01
  3.606999993324e+00,  3.201408863068e+00,  2.300029554907e+01,  5.467695593834e-01
  3.616999998689e+00,  3.211567401886e+00,  2.299013701025e+01,  5.488459467888e-01
  3.627000004053e+00,  3.221706867218e+00,  2.297999754492e+01,  5.507935881615e-01
  3.636999994516e+00,  3.231838703156e+00,  2.296986570898e+01,  5.525744557381e-01
  3.646999999881e+00,  3.241894245148e+00,  2.295981016699e+01,  5.548978447914e-01
  3.657499998808e+00,  3.252331256866e+00,  2.294937315527e+01,  5.582147240639e-01
  3.667999997735e+00,  3.262760639191e+00,  2.293894377295e+01,  5.605912804604e-01
  3.678499996662e+00,  3.273186206818e+00,  2.292851820532e+01,  5.630427002907e-01
  3.688999995589e+00,  3.283657550812e+00,  2.291804686133e+01,  5.655260682106e-01
  3.699000000954e+00,  3.293713092804e+00,  2.290799131934e+01,  5.677991509438e-01
  3.709000006318e+00,  3.303833484650e+00,  2.289787092749e+01,  5.695592761040e-01
  3.718999996781e+00,  3.313910484314e+00,  2.288779392783e+01,  5.710490345955e-01
  3.729499995708e+00,  3.324397087097e+00,  2.287730732504e+01,  5.730925202370e-01
  3.739999994636e+00,  3.334776878357e+00,  2.286692753378e+01,  5.757017731667e-01
  3.750499993563e+00,  3.345070838928e+00,  2.285663357321e+01,  5.780175328255e-01
  3.761000007391e+00,  3.355368614197e+00,  2.284633579794e+01,  5.811131596565e-01
  3.771500006318e+00,  3.365817070007e+00,  2.283588734213e+01,  5.837457776070e-01
  3.781499996781e+00,  3.375826835632e+00,  2.282587757651e+01,  5.852410197258e-01
  3.791500002146e+00,  3.385878562927e+00,  2.281582584921e+01,  5.882729887962e-01
  3.801500007510e+00,  3.395991325378e+00,  2.280571308676e+01,  5.890888571739e-01
  3.811499997973e+00,  3.406069755554e+00,  2.279563465659e+01,  5.916413664818e-01
  3.821999996901e+00,  3.416548728943e+00,  2.278515568320e+01,  5.934299826622e-01
  3.832000002265e+00,  3.426558494568e+00,  2.277514591757e+01,  5.963453650475e-01
  3.842500001192e+00,  3.437029838562e+00,  2.276467457358e+01,  5.994185805321e-01
  3.853000000119e+00,  3.447489738464e+00,  2.275421467368e+01,  6.026577353477e-01
  3.863499999046e+00,  3.457983970642e+00,  2.274372044150e+01,  6.029686331749e-01
  3.873500004411e+00,  3.468020439148e+00,  2.273368397299e+01,  6.050847172737e-01
  3.883499994874e+00,  3.478091239929e+00,  2.272361317221e+01,  6.064849495888e-01
  3.893500000238e+00,  3.488188743591e+00,  2.271351566855e+01,  6.081708073616e-01
  3.903500005603e+00,  3.498244285583e+00,  2.270346012656e+01,  6.103033423424e-01
  3.913499996066e+00,  3.508273124695e+00,  2.269343128745e+01,  6.137532591820e-01
  3.923999994993e+00,  3.518748283386e+00,  2.268295612875e+01,  6.163204312325e-01
  3.934499993920e+00,  3.529162406921e+00,  2.267254200522e+01,  6.194952130318e-01
  3.945000007749e+00,  3.539641380310e+00,  2.266206303183e+01,  6.222484707832e-01
  3.954999998212e+00,  3.549712181091e+00,  2.265199223105e+01,  6.247519850731e-01
  3.965000003576e+00,  3.559740781784e+00,  2.264196363036e+01,  6.262392997742e-01
  3.975500002503e+00,  3.570227384567e+00,  2.263147702757e+01,  6.288138628006e-01
  3.986000001431e+00,  3.580656766891e+00,  2.262104764525e+01,  6.314932107925e-01
  3.996500000358e+00,  3.591074705124e+00,  2.261062970702e+01,  6.349319219589e-01
  4.006999999285e+00,  3.601568937302e+00,  2.260013547484e+01,  6.369512677193e-01
  4.017000004649e+00,  3.611666440964e+00,  2.259003797118e+01,  6.392343044281e-01
  4.026999995112e+00,  3.621786832809e+00,  2.257991757933e+01,  6.412752866745e-01
  4.037000000477e+00,  3.631869077682e+00,  2.256983533446e+01,  6.434396505356e-01
  4.047499999404e+00,  3.642359495163e+00,  2.255934491698e+01,  6.442708969116e-01
  4.057999998331e+00,  3.652804136276e+00,  2.254890027586e+01,  6.453646421432e-01
  4.068499997258e+00,  3.663286924362e+00,  2.253841748778e+01,  6.483231782913e-01
  4.078500002623e+00,  3.673319578171e+00,  2.252838483397e+01,  6.500433683395e-01
  4.089000001550e+00,  3.683809995651e+00,  2.251789441649e+01,  6.528497934341e-01
  4.099000006914e+00,  3.693827390671e+00,  2.250787702147e+01,  6.556602716446e-01
  4.108999997377e+00,  3.703875303268e+00,  2.249782910887e+01,  6.591349840164e-01
  4.119000002742e+00,  3.713942289352e+00,  2.248776212279e+01,  6.603068113327e-01
  4.129000008106e+00,  3.723952054977e+00,  2.247775235716e+01,  6.617392897606e-01
  4.139500007033e+00,  3.734446287155e+00,  2.246725812498e+01,  6.635091304779e-01
  4.150000005960e+00,  3.744852781296e+00,  2.245685163084e+01,  6.663875579834e-01
  4.160500004888e+00,  3.755156278610e+00,  2.244654813353e+01,  6.698923110962e-01
  4.171000003815e+00,  3.765385389328e+00,  2.243631902281e+01,  6.728515625000e-01
  4.181500002742e+00,  3.775749921799e+00,  2.242595449034e+01,  6.757135391235e-01
  4.191500008106e+00,  3.785778760910e+00,  2.241592565123e+01,  6.771825551987e-01
  4.201499998569e+00,  3.795895338058e+00,  2.240580907408e+01,  6.786649227142e-01
  4.211500003934e+00,  3.806034803391e+00,  2.239566960875e+01,  6.795296072960e-01
  4.221499994397e+00,  3.816160440445e+00,  2.238554397169e+01,  6.823518872261e-01
  4.231499999762e+00,  3.826170206070e+00,  2.237553420607e+01,  6.850588917732e-01
  4.241999998689e+00,  3.836542367935e+00,  2.236516204420e+01,  6.894858479500e-01
  4.252499997616e+00,  3.846857309341e+00,  2.235484710280e+01,  6.927183270454e-01
  4.262999996543e+00,  3.857259988785e+00,  2.234444442336e+01,  6.963413357735e-01
  4.273000001907e+00,  3.867357492447e+00,  2.233434691969e+01,  6.976333260536e-01
  4.283000007272e+00,  3.877550363541e+00,  2.232415404860e+01,  6.980415582657e-01
  4.292999997735e+00,  3.887739419937e+00,  2.231396499220e+01,  6.998521089554e-01
  4.303000003099e+00,  3.897863626480e+00,  2.230384078566e+01,  7.015424966812e-01
  4.313500002027e+00,  3.908342599869e+00,  2.229336181227e+01,  7.036501169205e-01
  4.324000000954e+00,  3.918688058853e+00,  2.228301635329e+01,  7.067629098892e-01
  4.334499999881e+00,  3.929010629654e+00,  2.227269378249e+01,  7.112642526627e-01
  4.344999998808e+00,  3.939466714859e+00,  2.226223769728e+01,  7.138012647629e-01
  4.355000004172e+00,  3.949571847916e+00,  2.225213256422e+01,  7.174414396286e-01
  4.364999994636e+00,  3.959783792496e+00,  2.224192061964e+01,  7.204457521439e-01
  4.375000000000e+00,  3.970022439957e+00,  2.223168197218e+01,  7.230339050293e-01
  4.385000005364e+00,  3.980226755142e+00,  2.222147765700e+01,  7.249093055725e-01
  4.394999995828e+00,  3.990309000015e+00,  2.221139541212e+01,  7.260794043541e-01
  4.405499994755e+00,  4.000787734985e+00,  2.220091667715e+01,  7.277972102165e-01
  4.415999993682e+00,  4.011198043823e+00,  2.219050636832e+01,  7.306422591209e-01
  4.426500007510e+00,  4.021615982056e+00,  2.218008843008e+01,  7.338246703148e-01
  4.436499997973e+00,  4.031652450562e+00,  2.217005196158e+01,  7.360863089561e-01
  4.446500003338e+00,  4.041795730591e+00,  2.215990868155e+01,  7.388327121735e-01
  4.456499993801e+00,  4.051927566528e+00,  2.214977684561e+01,  7.403980493546e-01
  4.466499999166e+00,  4.061988353729e+00,  2.213971605841e+01,  7.413446307182e-01
  4.476999998093e+00,  4.072398662567e+00,  2.212930574957e+01,  7.426749467850e-01
  4.487499997020e+00,  4.082643032074e+00,  2.211906138007e+01,  7.452858686447e-01
  4.497999995947e+00,  4.092824459076e+00,  2.210887995306e+01,  7.494076490402e-01
  4.508499994874e+00,  4.103148937225e+00,  2.209855547491e+01,  7.535761594772e-01
  4.518500000238e+00,  4.113208293915e+00,  2.208849611823e+01,  7.565153837204e-01
  4.528500005603e+00,  4.123424053192e+00,  2.207828035895e+01,  7.579265236855e-01
  4.538499996066e+00,  4.133613109589e+00,  2.206809130255e+01,  7.605562210083e-01
  4.548500001431e+00,  4.143691539764e+00,  2.205801287238e+01,  7.620470523834e-01
  4.559000000358e+00,  4.154113292694e+00,  2.204759111945e+01,  7.652900218964e-01
  4.569499999285e+00,  4.164439678192e+00,  2.203726473395e+01,  7.688844203949e-01
  4.579999998212e+00,  4.174788951874e+00,  2.202691546027e+01,  7.725365161896e-01
  4.590000003576e+00,  4.184825420380e+00,  2.201687899176e+01,  7.739306688309e-01
  4.599999994040e+00,  4.194926738739e+00,  2.200677767340e+01,  7.755545377731e-01
  4.609999999404e+00,  4.204970836639e+00,  2.199673357550e+01,  7.771348953247e-01
  4.620499998331e+00,  4.215354442596e+00,  2.198634996954e+01,  7.793391942978e-01
  4.630999997258e+00,  4.225692272186e+00,  2.197601213995e+01,  7.843593358994e-01
  4.641499996185e+00,  4.236110210419e+00,  2.196559420172e+01,  7.881749868393e-01
  4.651500001550e+00,  4.246268749237e+00,  2.195543566290e+01,  7.912381887436e-01
  4.661500006914e+00,  4.256595134735e+00,  2.194510927740e+01,  7.920190095901e-01
  4.671499997377e+00,  4.266959667206e+00,  2.193474474493e+01,  7.944411039352e-01
  4.681500002742e+00,  4.277266979218e+00,  2.192443743292e+01,  7.948775887489e-01
  4.691500008106e+00,  4.287425518036e+00,  2.191427889410e+01,  7.962895035744e-01
  4.702000007033e+00,  4.297854900360e+00,  2.190384951178e+01,  8.000321984291e-01
  4.712500005960e+00,  4.308227062225e+00,  2.189347734991e+01,  8.039517998695e-01
  4.723000004888e+00,  4.318678855896e+00,  2.188302555624e+01,  8.051022291183e-01
  4.733500003815e+00,  4.329104423523e+00,  2.187259998862e+01,  8.083127737045e-01
  4.744000002742e+00,  4.339507102966e+00,  2.186219730917e+01,  8.120225667953e-01
  4.754500001669e+00,  4.349989891052e+00,  2.185171452109e+01,  8.137309551239e-01
  4.764500007033e+00,  4.360003471375e+00,  2.184170094077e+01,  8.167128562927e-01
  4.774499997497e+00,  4.370081901550e+00,  2.183162251059e+01,  8.206233978271e-01
  4.784500002861e+00,  4.380255699158e+00,  2.182144871298e+01,  8.226180076599e-01
  4.794499993324e+00,  4.390429496765e+00,  2.181127491537e+01,  8.236762285233e-01
  4.804499998689e+00,  4.400488853455e+00,  2.180121555869e+01,  8.265682458878e-01
  4.814999997616e+00,  4.410948753357e+00,  2.179075565878e+01,  8.292652368546e-01
  4.825499996543e+00,  4.421351432800e+00,  2.178035297934e+01,  8.306808471680e-01
  4.835999995470e+00,  4.431731224060e+00,  2.176997318808e+01,  8.337173461914e-01
  4.846499994397e+00,  4.442145347595e+00,  2.175955906454e+01,  8.372087478638e-01
  4.856499999762e+00,  4.452158927917e+00,  2.174954548422e+01,  8.396964073181e-01
  4.866500005126e+00,  4.462214469910e+00,  2.173948994223e+01,  8.421559333801e-01
  4.876499995589e+00,  4.472224235535e+00,  2.172948017661e+01,  8.455004692078e-01
  4.886999994516e+00,  4.482726097107e+00,  2.171897831503e+01,  8.477544784546e-01
  4.896999999881e+00,  4.492728233337e+00,  2.170897617880e+01,  8.493348360062e-01
  4.907000005245e+00,  4.502745628357e+00,  2.169895878378e+01,  8.527129888535e-01
  4.916999995708e+00,  4.512789726257e+00,  2.168891468588e+01,  8.558099269867e-01
  4.927000001073e+00,  4.522936820984e+00,  2.167876759116e+01,  8.587758541107e-01
  4.937000006437e+00,  4.533110618591e+00,  2.166859379355e+01,  8.616917133331e-01
  4.946999996901e+00,  4.543272972107e+00,  2.165843144003e+01,  8.652555942535e-01
  4.957000002265e+00,  4.553450584412e+00,  2.164825382773e+01,  8.666157722473e-01
  4.967000007629e+00,  4.563596248627e+00,  2.163810816351e+01,  8.682197332382e-01
  4.976999998093e+00,  4.573621273041e+00,  2.162808313910e+01,  8.712447881699e-01
  4.987000003457e+00,  4.583627223969e+00,  2.161807718817e+01,  8.746045827866e-01
  4.996999993920e+00,  4.593667507172e+00,  2.160803690497e+01,  8.754182457924e-01
  5.007500007749e+00,  4.604165554047e+00,  2.159753885809e+01,  8.781791329384e-01
  5.018000006676e+00,  4.614583492279e+00,  2.158712091986e+01,  8.815923333168e-01
  5.028500005603e+00,  4.625031948090e+00,  2.157667246405e+01,  8.851345181465e-01
  5.038499996066e+00,  4.635056972504e+00,  2.156664743964e+01,  8.878472447395e-01
  5.048500001431e+00,  4.645120143890e+00,  2.155658426825e+01,  8.907952904701e-01
  5.058500006795e+00,  4.655164241791e+00,  2.154654017035e+01,  8.940883278847e-01
  5.068499997258e+00,  4.665196895599e+00,  2.153650751654e+01,  8.969407677650e-01
  5.078500002623e+00,  4.675229549408e+00,  2.152647486273e+01,  8.983284235001e-01
  5.089000001550e+00,  4.685655117035e+00,  2.151604929510e+01,  8.999170064926e-01
  5.099500000477e+00,  4.695922374725e+00,  2.150578203741e+01,  9.049600362778e-01
  5.109999999404e+00,  4.706241130829e+00,  2.149546328131e+01,  9.073570966721e-01
  5.120499998331e+00,  4.716651439667e+00,  2.148505297247e+01,  9.097293615341e-01
  5.130999997258e+00,  4.727080821991e+00,  2.147462359015e+01,  9.127868413925e-01
  5.141499996185e+00,  4.737456798553e+00,  2.146424761359e+01,  9.163001775742e-01
  5.151999995112e+00,  4.747825145721e+00,  2.145387926642e+01,  9.181174039841e-01
  5.162499994040e+00,  4.758182048798e+00,  2.144352236334e+01,  9.210675954819e-01
  5.173000007868e+00,  4.768611431122e+00,  2.143309298102e+01,  9.235466718674e-01
  5.182999998331e+00,  4.778617382050e+00,  2.142308703009e+01,  9.260247945786e-01
  5.193000003695e+00,  4.788669109344e+00,  2.141303530280e+01,  9.278119802475e-01
  5.202999994159e+00,  4.798678874969e+00,  2.140302553717e+01,  9.306644201279e-01
  5.213500007987e+00,  4.809119701385e+00,  2.139258471075e+01,  9.329656362534e-01
  5.224000006914e+00,  4.819474220276e+00,  2.138223019186e+01,  9.351354241371e-01
  5.234500005841e+00,  4.829838752747e+00,  2.137186565939e+01,  9.380312561989e-01
  5.245000004768e+00,  4.840325355530e+00,  2.136137905661e+01,  9.403563141823e-01
  5.254999995232e+00,  4.850426673889e+00,  2.135127773825e+01,  9.433284401894e-01
  5.265000000596e+00,  4.860566139221e+00,  2.134113827292e+01,  9.460421204567e-01
  5.275000005960e+00,  4.870713233948e+00,  2.133099117819e+01,  9.492974877357e-01
  5.284999996424e+00,  4.880757331848e+00,  2.132094708029e+01,  9.516621232033e-01
  5.295499995351e+00,  4.891232490540e+00,  2.131047192160e+01,  9.557301402092e-01
  5.305999994278e+00,  4.901692390442e+00,  2.130001202170e+01,  9.574026465416e-01
  5.316500008106e+00,  4.912129402161e+00,  2.128957500998e+01,  9.596382975578e-01
  5.327000007033e+00,  4.922501564026e+00,  2.127920284811e+01,  9.622990489006e-01
  5.337500005960e+00,  4.932930946350e+00,  2.126877346579e+01,  9.644529223442e-01
  5.348000004888e+00,  4.943432807922e+00,  2.125827160422e+01,  9.664790034294e-01
  5.358500003815e+00,  4.953915596008e+00,  2.124778881613e+01,  9.688951373100e-01
  5.369000002742e+00,  4.964205741882e+00,  2.123749867026e+01,  9.702387452126e-01
  5.379999995232e+00,  4.974343299866e+00,  2.122736111227e+01,  9.692839384079e-01
  5.393000006676e+00,  4.984585762024e+00,  2.121711865012e+01,  9.698501229286e-01
  5.411500006914e+00,  4.994700431824e+00,  2.120700398032e+01,  9.736903309822e-01
  5.421000003815e+00,  4.997806549072e+00,  2.120389786307e+01,  9.764416813850e-01
  5.521500006318e+00,  5.003327369690e+00,  2.119837704245e+01,  9.827589392662e-01
  5.621999993920e+00,  5.002672672272e+00,  2.119903173987e+01,  9.790703654289e-01
  5.722000002861e+00,  5.001795768738e+00,  2.119990864340e+01,  9.822333455086e-01
  5.822500005364e+00,  5.001068115234e+00,  2.120063629691e+01,  9.790897369385e-01
  5.923000007868e+00,  5.000661373138e+00,  2.120104303900e+01,  9.783825874329e-01
  6.023000001907e+00,  5.000411987305e+00,  2.120129242484e+01,  9.758378863335e-01
  6.122999995947e+00,  5.000182151794e+00,  2.120152226035e+01,  9.726080894470e-01
  6.223000004888e+00,  5.000095367432e+00,  2.120160904471e+01,  9.729358553886e-01
  6.322999998927e+00,  4.999999523163e+00,  2.120170488898e+01,  9.722012281418e-01
  6.423000007868e+00,  4.999984741211e+00,  2.120171967093e+01,  9.732219576836e-01
  6.523000001907e+00,  4.999931812286e+00,  2.120177259985e+01,  9.695700407028e-01
  6.622999995947e+00,  4.999924659729e+00,  2.120177975241e+01,  9.681813120842e-01
  6.723000004888e+00,  4.999914169312e+00,  2.120179024283e+01,  9.680622816086e-01
  6.822999998927e+00,  4.999946594238e+00,  2.120175781790e+01,  9.701504707336e-01
  6.923000007868e+00,  4.999955654144e+00,  2.120174875800e+01,  9.684058427811e-01
  7.023000001907e+00,  4.999949455261e+00,  2.120175495688e+01,  9.676403999329e-01
  7.122999995947e+00,  4.999980449677e+00,  2.120172396246e+01,  9.645935297012e-01
  7.223000004888e+00,  4.999959945679e+00,  2.120174446646e+01,  9.655765891075e-01
  7.322999998927e+00,  4.999966144562e+00,  2.120173826758e+01,  9.661926031113e-01
  7.423000007868e+00,  4.999983787537e+00,  2.120172062460e+01,  9.638395905495e-01
  7.523000001907e+00,  4.999987602234e+00,  2.120171680991e+01,  9.662277698517e-01
  7.622999995947e+00,  5.000004768372e+00,  2.120169964377e+01,  9.639601707458e-01
  7.723000004888e+00,  4.999993324280e+00,  2.120171108786e+01,  9.622172117233e-01
  7.822999998927e+00,  4.999974727631e+00,  2.120172968451e+01,  9.617868065834e-01
  7.923000007868e+00,  4.999987602234e+00,  2.120171680991e+01,  9.615966081619e-01
  8.023000001907e+00,  4.999986171722e+00,  2.120171824042e+01,  9.617965817451e-01
  8.122999995947e+00,  4.999983310699e+00,  2.120172110144e+01,  9.618941545486e-01
  8.223000004888e+00,  5.000010967255e+00,  2.120169344489e+01,  9.598007798195e-01
  8.322999998927e+00,  5.000023365021e+00,  2.120168104712e+01,  9.573656320572e-01
  8.423000007868e+00,  5.000025749207e+00,  2.120167866293e+01,  9.575193524361e-01
  8.523000001907e+00,  5.000015735626e+00,  2.120168867651e+01,  9.586414098740e-01
  8.622999995947e+00,  4.999993324280e+00,  2.120171108786e+01,  9.584768414497e-01
  8.723000004888e+00,  5.000012874603e+00,  2.120169153754e+01,  9.562085270882e-01
  8.822999998927e+00,  5.000022888184e+00,  2.120168152396e+01,  9.584566950798e-01
  8.923000007868e+00,  5.000014781952e+00,  2.120168963019e+01,  9.551861286163e-01
  9.023000001907e+00,  5.000030517578e+00,  2.120167389456e+01,  9.564431309700e-01
  9.122999995947e+00,  5.000020503998e+00,  2.120168390814e+01,  9.538146257401e-01
  9.223000004888e+00,  4.999987602234e+00,  2.120171680991e+01,  9.553980827332e-01
  9.322999998927e+00,  4.999995708466e+00,  2.120170870367e+01,  9.562326073647e-01
  9.423000007868e+00,  4.999984741211e+00,  2.120171967093e+01,  9.534010291100e-01
  9.523000001907e+00,  5.000008106232e+00,  2.120169630591e+01,  9.515112042427e-01
  9.622999995947e+00,  5.000004291534e+00,  2.120170012061e+01,  9.543544054031e-01
  9.723000004888e+00,  5.000010490417e+00,  2.120169392172e+01,  9.527633786201e-01
  9.822999998927e+00,  5.000020027161e+00,  2.120168438498e+01,  9.525352716446e-01
  9.923000007868e+00,  4.999980926514e+00,  2.120172348563e+01,  9.539131522179e-01
  1.002300000191e+01,  4.999987125397e+00,  2.120171728674e+01,  9.516393542290e-01
  1.012299999595e+01,  5.000006198883e+00,  2.120169821326e+01,  9.562551379204e-01
  1.022300000489e+01,  5.000017166138e+00,  2.120168724600e+01,  9.518830776215e-01
  1.032299999893e+01,  5.000004768372e+00,  2.120169964377e+01,  9.499174952507e-01
  1.042300000787e+01,  5.000004291534e+00,  2.120170012061e+01,  9.524086713791e-01
  1.052300000191e+01,  5.000019550323e+00,  2.120168486182e+01,  9.514425396919e-01
  1.062299999595e+01,  5.000011920929e+00,  2.120169249121e+01,  9.505786895752e-01
  1.072300000489e+01,  5.000016212463e+00,  2.120168819968e+01,  9.506539106369e-01
  1.082299999893e+01,  5.000011920929e+00,  2.120169249121e+01,  9.502774477005e-01
  1.092300000787e+01,  5.000013828278e+00,  2.120169058386e+01,  9.474022984505e-01
  1.102300000191e+01,  4.999998569489e+00,  2.120170584265e+01,  9.458338618279e-01
  1.112299999595e+01,  5.000042915344e+00,  2.120166149680e+01,  9.456149935722e-01
  1.122300000489e+01,  4.999993324280e+00,  2.120171108786e+01,  9.464347958565e-01
  1.132299999893e+01,  5.000011444092e+00,  2.120169296805e+01,  9.471683502197e-01
  1.142300000787e+01,  5.000015258789e+00,  2.120168915335e+01,  9.455924034119e-01
  1.152300000191e+01,  4.999995231628e+00,  2.120170918051e+01,  9.476813673973e-01
  1.162299999595e+01,  4.999987125397e+00,  2.120171728674e+01,  9.459926486015e-01
  1.172300000489e+01,  5.000011920929e+00,  2.120169249121e+01,  9.466221928596e-01
  1.182299999893e+01,  4.999995231628e+00,  2.120170918051e+01,  9.438069462776e-01
  1.192300000787e+01,  4.999984264374e+00,  2.120172014777e+01,  9.468014240265e-01
  1.202300000191e+01,  5.000032424927e+00,  2.120167198721e+01,  9.417886734009e-01
  1.212299999595e+01,  5.000010013580e+00,  2.120169439856e+01,  9.452874660492e-01
  1.222300000489e+01,  5.000009536743e+00,  2.120169487540e+01,  9.449079632759e-01
  1.232299999893e+01,  5.000018596649e+00,  2.120168581549e+01,  9.423092007637e-01
  1.242300000787e+01,  5.000008106232e+00,  2.120169630591e+01,  9.445093870163e-01
  1.252300000191e+01,  5.000022411346e+00,  2.120168200079e+01,  9.428040981293e-01
  1.262299999595e+01,  5.000000953674e+00,  2.120170345847e+01,  9.428458213806e-01
  1.272300000489e+01,  4.999989032745e+00,  2.120171537939e+01,  9.423748254776e-01
  1.282299999893e+01,  5.000006198883e+00,  2.120169821326e+01,  9.433354139328e-01
  1.292300000787e+01,  5.000009059906e+00,  2.120169535223e+01,  9.423347115517e-01
  1.302300000191e+01,  5.000005245209e+00,  2.120169916693e+01,  9.424917697906e-01
  1.312299999595e+01,  5.000013351440e+00,  2.120169106070e+01,  9.421896338463e-01
  1.322300000489e+01,  4.999993801117e+00,  2.120171061102e+01,  9.410371780396e-01
  1.332299999893e+01,  4.999985218048e+00,  2.120171919409e+01,  9.406240582466e-01
  1.342300000787e+01,  5.000022411346e+00,  2.120168200079e+01,  9.393837451935e-01
  1.352300000191e+01,  5.000002384186e+00,  2.120170202795e+01,  9.393082857132e-01
  1.362299999595e+01,  5.000002861023e+00,  2.120170155112e+01,  9.384244680405e-01
  1.372300000489e+01,  4.999997138977e+00,  2.120170727316e+01,  9.406940937042e-01
  1.382299999893e+01,  5.000026702881e+00,  2.120167770926e+01,  9.368846416473e-01
  1.392300000787e+01,  5.000000476837e+00,  2.120170393530e+01,  9.381396174431e-01
  1.402300000191e+01,  5.000031471252e+00,  2.120167294089e+01,  9.375405907631e-01
  1.412299999595e+01,  5.000003337860e+00,  2.120170107428e+01,  9.380209445953e-01
  1.422300000489e+01,  5.000015735626e+00,  2.120168867651e+01,  9.381781220436e-01
  1.432299999893e+01,  5.000008583069e+00,  2.120169582907e+01,  9.377611875534e-01
  1.442300000787e+01,  5.000008106232e+00,  2.120169630591e+01,  9.386131167412e-01
  1.452300000191e+01,  4.999998092651e+00,  2.120170631949e+01,  9.350565671921e-01
  1.462299999595e+01,  5.000006198883e+00,  2.120169821326e+01,  9.368679523468e-01
  1.472300000489e+01,  4.999985218048e+00,  2.120171919409e+01,  9.378684759140e-01
  1.482299999893e+01,  5.000003814697e+00,  2.120170059744e+01,  9.370087385178e-01
  1.492300000787e+01,  5.000005245209e+00,  2.120169916693e+01,  9.372987151146e-01
  1.502300000191e+01,  5.000016212463e+00,  2.120168819968e+01,  9.354924559593e-01
  1.512299999595e+01,  5.000006675720e+00,  2.120169773642e+01,  9.364647269249e-01
  1.522300000489e+01,  5.000013828278e+00,  2.120169058386e+01,  9.347293376923e-01
  1.532299999893e+01,  5.000032901764e+00,  2.120167151038e+01,  9.323557615280e-01
  1.542300000787e+01,  4.999995231628e+00,  2.120170918051e+01,  9.344595074654e-01
  1.552099999785e+01,  5.000020027161e+00,  2.120168438498e+01,  9.331674575806e-01
  1.552199999988e+01,  5.000018596649e+00,  2.120168581549e+01,  9.331082105637e-01
  1.552500000596e+01,  5.000010013580e+00,  2.120169439856e+01,  9.329291582108e-01
  1.562500000000e+01,  4.999817848206e+00,  2.120188656393e+01,  9.347741007805e-01
  1.569400000572e+01,  4.989804744720e+00,  2.121189966742e+01,  9.303516149521e-01
  1.571449999511e+01,  4.979732990265e+00,  2.122197142188e+01,  9.135993719101e-01
  1.572550000250e+01,  4.969526767731e+00,  2.123217764441e+01,  9.005337953568e-01
  1.573350000381e+01,  4.959005832672e+00,  2.124269857947e+01,  9.076291322708e-01
  1.574050000310e+01,  4.948457717896e+00,  2.125324669424e+01,  9.112903475761e-01
  1.574699999392e+01,  4.937963485718e+00,  2.126374092642e+01,  9.146930575371e-01
  1.575300000608e+01,  4.927900314331e+00,  2.127380409781e+01,  9.151254892349e-01
  1.575900000334e+01,  4.917688369751e+00,  2.128401604239e+01,  9.163457751274e-01
  1.576500000060e+01,  4.907625198364e+00,  2.129407921378e+01,  9.204675555229e-01
  1.577150000632e+01,  4.897314071655e+00,  2.130439034048e+01,  9.276525378227e-01
  1.577899999917e+01,  4.886823654175e+00,  2.131488075797e+01,  9.218110442162e-01
  1.578749999404e+01,  4.876222610474e+00,  2.132548180167e+01,  9.090585112572e-01
  1.579600000381e+01,  4.866033554077e+00,  2.133567085806e+01,  9.013928771019e-01
  1.580449999869e+01,  4.855783462524e+00,  2.134592094962e+01,  8.946189284325e-01
  1.581250000000e+01,  4.845701217651e+00,  2.135600319449e+01,  8.906640410423e-01
  1.582050000131e+01,  4.835100173950e+00,  2.136660423819e+01,  8.875693678856e-01
  1.582799999416e+01,  4.824609756470e+00,  2.137709465567e+01,  8.840953707695e-01
  1.583499999344e+01,  4.814462661743e+00,  2.138724175040e+01,  8.879482150078e-01
  1.584250000119e+01,  4.803796768188e+00,  2.139790764395e+01,  8.904291987419e-01
  1.584999999404e+01,  4.793752670288e+00,  2.140795174185e+01,  8.913059234619e-01
  1.585850000381e+01,  4.783525466919e+00,  2.141817894522e+01,  8.916863203049e-01
  1.586849999428e+01,  4.773241043091e+00,  2.142846336905e+01,  8.878921270370e-01
  1.588050000370e+01,  4.763114929199e+00,  2.143858948294e+01,  8.808044195175e-01
  1.589350000024e+01,  4.752914428711e+00,  2.144878998343e+01,  8.661540746689e-01
  1.590500000119e+01,  4.742517471313e+00,  2.145918694083e+01,  8.610023260117e-01
  1.591500000656e+01,  4.732322692871e+00,  2.146938171927e+01,  8.601878285408e-01
  1.592450000346e+01,  4.722000122070e+00,  2.147970429007e+01,  8.600202202797e-01
  1.593400000036e+01,  4.711616516113e+00,  2.149008789603e+01,  8.618905544281e-01
  1.594400000572e+01,  4.701160430908e+00,  2.150054398123e+01,  8.597450256348e-01
  1.595450000465e+01,  4.690855026245e+00,  2.151084938589e+01,  8.567130565643e-01
  1.596549999714e+01,  4.680690765381e+00,  2.152101364676e+01,  8.530552387238e-01
  1.597699999809e+01,  4.670410156250e+00,  2.153129425589e+01,  8.484976291656e-01
  1.598849999905e+01,  4.660069942474e+00,  2.154163446967e+01,  8.435521721840e-01
  1.599950000644e+01,  4.649901866913e+00,  2.155180254523e+01,  8.412624001503e-01
  1.601049999893e+01,  4.639480113983e+00,  2.156222429816e+01,  8.383370041847e-01
  1.602099999785e+01,  4.629157543182e+00,  2.157254686896e+01,  8.321438431740e-01
  1.603049999475e+01,  4.619010448456e+00,  2.158269396368e+01,  8.307219147682e-01
  1.603949999809e+01,  4.608756542206e+00,  2.159294786993e+01,  8.295193314552e-01
  1.604800000787e+01,  4.598693370819e+00,  2.160301104132e+01,  8.298195600510e-01
  1.605650000274e+01,  4.588641643524e+00,  2.161306276862e+01,  8.299934267998e-01
  1.606550000608e+01,  4.578330516815e+00,  2.162337389532e+01,  8.300879597664e-01
  1.607500000298e+01,  4.568305492401e+00,  2.163339891974e+01,  8.290405869484e-01
  1.608599999547e+01,  4.557910442352e+00,  2.164379396979e+01,  8.212099671364e-01
  1.609749999642e+01,  4.547561168671e+00,  2.165414324347e+01,  8.110685944557e-01
  1.610799999535e+01,  4.537560939789e+00,  2.166414347235e+01,  8.072595000267e-01
  1.611800000072e+01,  4.527490139008e+00,  2.167421427313e+01,  8.058934807777e-01
  1.612800000608e+01,  4.517182826996e+00,  2.168452158514e+01,  8.061704039574e-01
  1.613799999654e+01,  4.507073879242e+00,  2.169463053290e+01,  8.045600056648e-01
  1.614849999547e+01,  4.496949672699e+00,  2.170475473944e+01,  8.014805912971e-01
  1.615950000286e+01,  4.486611843109e+00,  2.171509256903e+01,  7.935135960579e-01
  1.617000000179e+01,  4.476239681244e+00,  2.172546473090e+01,  7.908204197884e-01
  1.618000000715e+01,  4.465932369232e+00,  2.173577204291e+01,  7.907007336617e-01
  1.618999999762e+01,  4.455590724945e+00,  2.174611368719e+01,  7.906041741371e-01
  1.620000000298e+01,  4.445474147797e+00,  2.175623026434e+01,  7.899389863014e-01
  1.621050000191e+01,  4.435384273529e+00,  2.176632013861e+01,  7.844505906105e-01
  1.622149999440e+01,  4.425029277802e+00,  2.177667513434e+01,  7.787485718727e-01
  1.623199999332e+01,  4.414796352386e+00,  2.178690805975e+01,  7.747960686684e-01
  1.624199999869e+01,  4.404625415802e+00,  2.179707899634e+01,  7.741552591324e-01
  1.625200000405e+01,  4.394291400909e+00,  2.180741301123e+01,  7.725039720535e-01
  1.626199999452e+01,  4.383999347687e+00,  2.181770506445e+01,  7.731229662895e-01
  1.627249999344e+01,  4.373558521271e+00,  2.182814589087e+01,  7.681433558464e-01
  1.628300000727e+01,  4.363272190094e+00,  2.183843222205e+01,  7.643629908562e-01
  1.629350000620e+01,  4.352842807770e+00,  2.184886160437e+01,  7.617684602737e-01
  1.630349999666e+01,  4.342737674713e+00,  2.185896673743e+01,  7.617663741112e-01
  1.631350000203e+01,  4.332655429840e+00,  2.186904898230e+01,  7.590497136116e-01
  1.632350000739e+01,  4.322584629059e+00,  2.187911978308e+01,  7.566729187965e-01
  1.633349999785e+01,  4.312578678131e+00,  2.188912573401e+01,  7.514162659645e-01
  1.634350000322e+01,  4.302534580231e+00,  2.189916983191e+01,  7.478628754616e-01
  1.635349999368e+01,  4.292513370514e+00,  2.190919104163e+01,  7.446261048317e-01
  1.636400000751e+01,  4.282045841217e+00,  2.191965857092e+01,  7.429218888283e-01
  1.637450000644e+01,  4.271717548370e+00,  2.192998686377e+01,  7.413460016251e-01
  1.638500000536e+01,  4.261427402496e+00,  2.194027700964e+01,  7.384423017502e-01
  1.639550000429e+01,  4.250940799713e+00,  2.195076361243e+01,  7.339361906052e-01
  1.640549999475e+01,  4.240660190582e+00,  2.196104422156e+01,  7.319598793983e-01
  1.641550000012e+01,  4.230333805084e+00,  2.197137060706e+01,  7.288663983345e-01
  1.642550000548e+01,  4.220186710358e+00,  2.198151770178e+01,  7.273288965225e-01
  1.643600000441e+01,  4.209957599640e+00,  2.199174681250e+01,  7.248636484146e-01
  1.644699999690e+01,  4.199648380280e+00,  2.200205603186e+01,  7.211843729019e-01
  1.645800000429e+01,  4.189205646515e+00,  2.201249876563e+01,  7.155691385269e-01
  1.646850000322e+01,  4.178753376007e+00,  2.202295103613e+01,  7.146791219711e-01
  1.647849999368e+01,  4.168575763702e+00,  2.203312864844e+01,  7.129212021828e-01
  1.648849999905e+01,  4.158486366272e+00,  2.204321804587e+01,  7.113719582558e-01
  1.649899999797e+01,  4.148127555847e+00,  2.205357685629e+01,  7.084468007088e-01
  1.650949999690e+01,  4.137988090515e+00,  2.206371632162e+01,  7.051681876183e-01
  1.651999999583e+01,  4.127739906311e+00,  2.207396450583e+01,  7.012018561363e-01
  1.653000000119e+01,  4.117657661438e+00,  2.208404675070e+01,  6.996437907219e-01
  1.654000000656e+01,  4.107316017151e+00,  2.209438839499e+01,  6.973287463188e-01
  1.654999999702e+01,  4.096974372864e+00,  2.210473003928e+01,  6.960798501968e-01
  1.656000000238e+01,  4.086869239807e+00,  2.211483517233e+01,  6.946285367012e-01
  1.657050000131e+01,  4.076628684998e+00,  2.212507572714e+01,  6.906707882881e-01
  1.658100000024e+01,  4.066422462463e+00,  2.213528194968e+01,  6.855114102364e-01
  1.659100000560e+01,  4.056420326233e+00,  2.214528408591e+01,  6.847316026688e-01
  1.660099999607e+01,  4.046219825745e+00,  2.215548458640e+01,  6.847819685936e-01
  1.661100000143e+01,  4.036030769348e+00,  2.216567364279e+01,  6.829938292503e-01
  1.662100000679e+01,  4.025982856750e+00,  2.217572155539e+01,  6.793727278709e-01
  1.663150000572e+01,  4.015538215637e+00,  2.218616619650e+01,  6.765355467796e-01
  1.664200000465e+01,  4.005047798157e+00,  2.219665661398e+01,  6.734134554863e-01
  1.665199999511e+01,  3.994874000549e+00,  2.220683041159e+01,  6.713704466820e-01
  1.666200000048e+01,  3.984555244446e+00,  2.221714916769e+01,  6.698328256607e-01
  1.667200000584e+01,  3.974167823792e+00,  2.222753658835e+01,  6.700659394264e-01
  1.668199999630e+01,  3.963952064514e+00,  2.223775234763e+01,  6.682814955711e-01
  1.669249999523e+01,  3.953581809998e+00,  2.224812260214e+01,  6.628240942955e-01
  1.670299999416e+01,  3.943428993225e+00,  2.225827541891e+01,  6.583227515221e-01
  1.671350000799e+01,  3.933295249939e+00,  2.226840916220e+01,  6.556968092918e-01
  1.672400000691e+01,  3.923060417175e+00,  2.227864399496e+01,  6.523856520653e-01
  1.673450000584e+01,  3.912634849548e+00,  2.228906956259e+01,  6.506406664848e-01
  1.674500000477e+01,  3.902148962021e+00,  2.229955545012e+01,  6.481352448463e-01
  1.675550000370e+01,  3.891681432724e+00,  2.231002297942e+01,  6.438136696815e-01
  1.676600000262e+01,  3.881229162216e+00,  2.232047524992e+01,  6.404286026955e-01
  1.677650000155e+01,  3.870845556259e+00,  2.233085885588e+01,  6.378660798073e-01
  1.678700000048e+01,  3.860540151596e+00,  2.234116426054e+01,  6.365980505943e-01
  1.679749999940e+01,  3.850261449814e+00,  2.235144296233e+01,  6.352769732475e-01
  1.680799999833e+01,  3.839927434921e+00,  2.236177697722e+01,  6.324660181999e-01
  1.681849999726e+01,  3.829471349716e+00,  2.237223306242e+01,  6.285988688469e-01
  1.682850000262e+01,  3.819400548935e+00,  2.238230386320e+01,  6.250321269035e-01
  1.683850000799e+01,  3.809249639511e+00,  2.239245477263e+01,  6.231448054314e-01
  1.684849999845e+01,  3.799083471298e+00,  2.240262094084e+01,  6.220521330833e-01
  1.685850000381e+01,  3.788909673691e+00,  2.241279473845e+01,  6.211758255959e-01
  1.686849999428e+01,  3.778793096542e+00,  2.242291131560e+01,  6.206822395325e-01
  1.687849999964e+01,  3.768783330917e+00,  2.243292108122e+01,  6.193590760231e-01
  1.688899999857e+01,  3.758365392685e+00,  2.244333901945e+01,  6.142798066139e-01
  1.689900000393e+01,  3.748359441757e+00,  2.245334497038e+01,  6.107416749001e-01
  1.690899999440e+01,  3.738258123398e+00,  2.246344628874e+01,  6.089860200882e-01
  1.691899999976e+01,  3.728149175644e+00,  2.247355523650e+01,  6.080136299133e-01
  1.692900000513e+01,  3.718063116074e+00,  2.248364129607e+01,  6.074976921082e-01
  1.693950000405e+01,  3.707607030869e+00,  2.249409738127e+01,  6.053076982498e-01
  1.695000000298e+01,  3.697147130966e+00,  2.250455728117e+01,  6.027075052261e-01
  1.695999999344e+01,  3.687072515488e+00,  2.251463189665e+01,  5.999389886856e-01
  1.696999999881e+01,  3.677005529404e+00,  2.252469888274e+01,  5.963178873062e-01
  1.698000000417e+01,  3.666991949081e+00,  2.253471246306e+01,  5.916801691055e-01
  1.698999999464e+01,  3.656909704208e+00,  2.254479470793e+01,  5.894834995270e-01
  1.700000000000e+01,  3.646831274033e+00,  2.255487313811e+01,  5.881806612015e-01
  1.701049999893e+01,  3.636394262314e+00,  2.256531014983e+01,  5.856554508209e-01
  1.702099999785e+01,  3.625999212265e+00,  2.257570519987e+01,  5.827014446259e-01
  1.703149999678e+01,  3.615535497665e+00,  2.258616891447e+01,  5.808126926422e-01
  1.704199999571e+01,  3.605117559433e+00,  2.259658685271e+01,  5.779430866241e-01
  1.705249999464e+01,  3.594861745834e+00,  2.260684266631e+01,  5.744512081146e-01
  1.706299999356e+01,  3.584588766098e+00,  2.261711564604e+01,  5.721545219421e-01
  1.707350000739e+01,  3.574182271957e+00,  2.262752214018e+01,  5.708726644516e-01
  1.708349999785e+01,  3.564153432846e+00,  2.263755097929e+01,  5.690667033195e-01
  1.709350000322e+01,  3.554071187973e+00,  2.264763322417e+01,  5.664932131767e-01
  1.710349999368e+01,  3.544008016586e+00,  2.265769639555e+01,  5.634261965752e-01
  1.711400000751e+01,  3.533567190170e+00,  2.266813722197e+01,  5.598785281181e-01
  1.712450000644e+01,  3.523229360580e+00,  2.267847505156e+01,  5.573098063469e-01
  1.713500000536e+01,  3.512830495834e+00,  2.268887391631e+01,  5.565664172173e-01
  1.714550000429e+01,  3.502385854721e+00,  2.269931855742e+01,  5.552615523338e-01
  1.715549999475e+01,  3.492360830307e+00,  2.270934358183e+01,  5.550268292427e-01
  1.716550000012e+01,  3.482297658920e+00,  2.271940675322e+01,  5.536275506020e-01
  1.717550000548e+01,  3.472238302231e+00,  2.272946610991e+01,  5.505438446999e-01
  1.718549999595e+01,  3.462220907211e+00,  2.273948350493e+01,  5.474830269814e-01
  1.719550000131e+01,  3.452142477036e+00,  2.274956193510e+01,  5.448313355446e-01
  1.720550000668e+01,  3.442006826401e+00,  2.275969758574e+01,  5.418363213539e-01
  1.721549999714e+01,  3.431836843491e+00,  2.276986756865e+01,  5.391941666603e-01
  1.722550000250e+01,  3.421689748764e+00,  2.278001466338e+01,  5.379952788353e-01
  1.723550000787e+01,  3.411672353745e+00,  2.279003205840e+01,  5.353497862816e-01
  1.724600000679e+01,  3.401335239410e+00,  2.280036917273e+01,  5.324631929398e-01
  1.725650000572e+01,  3.391001224518e+00,  2.281070318762e+01,  5.284019708633e-01
  1.726700000465e+01,  3.380499362946e+00,  2.282120504919e+01,  5.260484218597e-01
  1.727699999511e+01,  3.370378971100e+00,  2.283132544104e+01,  5.238137245178e-01
  1.728700000048e+01,  3.360239505768e+00,  2.284146490637e+01,  5.218404531479e-01
  1.729700000584e+01,  3.350134372711e+00,  2.285157003943e+01,  5.195368528366e-01
  1.730699999630e+01,  3.340086460114e+00,  2.286161795203e+01,  5.172947645187e-01
  1.731749999523e+01,  3.329626560211e+00,  2.287207785193e+01,  5.150483846664e-01
  1.732799999416e+01,  3.319239139557e+00,  2.288246527258e+01,  5.118335485458e-01
  1.733850000799e+01,  3.308851718903e+00,  2.289285269324e+01,  5.096081495285e-01
  1.734900000691e+01,  3.298475742340e+00,  2.290322866980e+01,  5.076069235802e-01
  1.735950000584e+01,  3.288107395172e+00,  2.291359701697e+01,  5.057497024536e-01
  1.737000000477e+01,  3.277689456940e+00,  2.292401495520e+01,  5.024867057800e-01
  1.738050000370e+01,  3.267191410065e+00,  2.293451300208e+01,  5.010236501694e-01
  1.739049999416e+01,  3.257151126862e+00,  2.294455328528e+01,  4.992314577103e-01
  1.740049999952e+01,  3.247141361237e+00,  2.295456305090e+01,  4.980818331242e-01
  1.741099999845e+01,  3.236731052399e+00,  2.296497335974e+01,  4.956704676151e-01
  1.742149999738e+01,  3.226267337799e+00,  2.297543707434e+01,  4.925524294376e-01
  1.743150000274e+01,  3.216085910797e+00,  2.298561850134e+01,  4.905389845371e-01
  1.744150000811e+01,  3.205755710602e+00,  2.299594870154e+01,  4.892233908176e-01
  1.745149999857e+01,  3.195463657379e+00,  2.300624075476e+01,  4.874486029148e-01
  1.746150000393e+01,  3.185335636139e+00,  2.301636877600e+01,  4.867254793644e-01
  1.747200000286e+01,  3.174992084503e+00,  2.302671232764e+01,  4.844566881657e-01
  1.748250000179e+01,  3.164854526520e+00,  2.303684988562e+01,  4.796654284000e-01
  1.749300000072e+01,  3.154628753662e+00,  2.304707565848e+01,  4.758354127407e-01
  1.750300000608e+01,  3.144531250000e+00,  2.305717316214e+01,  4.733463227749e-01
  1.751299999654e+01,  3.134239196777e+00,  2.306746521536e+01,  4.724970459938e-01
  1.752300000191e+01,  3.123985290527e+00,  2.307771912161e+01,  4.707065224648e-01
  1.753300000727e+01,  3.113864898682e+00,  2.308783951346e+01,  4.693475961685e-01
  1.754299999774e+01,  3.103858947754e+00,  2.309784546439e+01,  4.658371210098e-01
  1.755300000310e+01,  3.093826293945e+00,  2.310787811819e+01,  4.651415348053e-01
  1.756299999356e+01,  3.083755493164e+00,  2.311794891898e+01,  4.622938632965e-01
  1.757299999893e+01,  3.073719024658e+00,  2.312798538748e+01,  4.604611396790e-01
  1.758349999785e+01,  3.063228607178e+00,  2.313847580496e+01,  4.565687179565e-01
  1.759399999678e+01,  3.052734375000e+00,  2.314897003714e+01,  4.558566808701e-01
  1.760449999571e+01,  3.042255401611e+00,  2.315944901053e+01,  4.539298117161e-01
  1.761499999464e+01,  3.031776428223e+00,  2.316992798392e+01,  4.521124660969e-01
  1.762500000000e+01,  3.021701812744e+00,  2.318000259940e+01,  4.497454464436e-01
  1.763500000536e+01,  3.011543273926e+00,  2.319016113821e+01,  4.473352730274e-01
  1.764499999583e+01,  3.001384735107e+00,  2.320031967703e+01,  4.441404640675e-01
  1.765500000119e+01,  2.991374969482e+00,  2.321032944266e+01,  4.399090111256e-01
  1.766500000656e+01,  2.981330871582e+00,  2.322037354056e+01,  4.374269545078e-01
  1.767499999702e+01,  2.971141815186e+00,  2.323056259695e+01,  4.381022453308e-01
  1.768500000238e+01,  2.960968017578e+00,  2.324073639456e+01,  4.376631379128e-01
  1.769500000775e+01,  2.950904846191e+00,  2.325079956595e+01,  4.348650574684e-01
  1.770550000668e+01,  2.940422058105e+00,  2.326128235403e+01,  4.321928620338e-01
  1.771600000560e+01,  2.929985046387e+00,  2.327171936575e+01,  4.276695847511e-01
  1.772650000453e+01,  2.919490814209e+00,  2.328221359793e+01,  4.249048829079e-01
  1.773649999499e+01,  2.909442901611e+00,  2.329226151053e+01,  4.242135882378e-01
  1.774699999392e+01,  2.898950815201e+00,  2.330275359694e+01,  4.238599240780e-01
  1.775750000775e+01,  2.888548135757e+00,  2.331315627638e+01,  4.217909872532e-01
  1.776800000668e+01,  2.878183603287e+00,  2.332352080885e+01,  4.173889458179e-01
  1.777799999714e+01,  2.868147134781e+00,  2.333355727736e+01,  4.140949547291e-01
  1.778800000250e+01,  2.857954263687e+00,  2.334375014845e+01,  4.137827754021e-01
  1.779800000787e+01,  2.847841501236e+00,  2.335386291090e+01,  4.131018221378e-01
  1.780850000679e+01,  2.837381601334e+00,  2.336432281081e+01,  4.115339815617e-01
  1.781900000572e+01,  2.827032327652e+00,  2.337467208449e+01,  4.090370237827e-01
  1.782950000465e+01,  2.816656351089e+00,  2.338504806105e+01,  4.065136015415e-01
  1.783949999511e+01,  2.806635141373e+00,  2.339506927077e+01,  4.027046263218e-01
  1.784950000048e+01,  2.796468973160e+00,  2.340523543898e+01,  4.001626074314e-01
  1.785950000584e+01,  2.786249399185e+00,  2.341545501295e+01,  3.988114893436e-01
  1.786949999630e+01,  2.776136636734e+00,  2.342556777541e+01,  3.993160426617e-01
  1.787999999523e+01,  2.765775918961e+00,  2.343592849318e+01,  3.969061076641e-01
  1.789049999416e+01,  2.755499124527e+00,  2.344620528761e+01,  3.937413394451e-01
  1.790100000799e+01,  2.745027780533e+00,  2.345667663161e+01,  3.908481001854e-01
  1.791099999845e+01,  2.734869241714e+00,  2.346683517043e+01,  3.885762095451e-01
  1.792100000381e+01,  2.724668741226e+00,  2.347703567091e+01,  3.867020010948e-01
  1.793099999428e+01,  2.714643716812e+00,  2.348706069533e+01,  3.849620223045e-01
  1.794150000811e+01,  2.704302072525e+00,  2.349740233961e+01,  3.817510008812e-01
  1.795200000703e+01,  2.693987131119e+00,  2.350771728102e+01,  3.801269829273e-01
  1.796250000596e+01,  2.683588266373e+00,  2.351811614577e+01,  3.764734566212e-01
  1.797249999642e+01,  2.673490762711e+00,  2.352821364943e+01,  3.748529255390e-01
  1.798250000179e+01,  2.663309335709e+00,  2.353839507643e+01,  3.724010288715e-01
  1.799250000715e+01,  2.653096437454e+00,  2.354860797469e+01,  3.711460232735e-01
  1.800249999762e+01,  2.642949342728e+00,  2.355875506941e+01,  3.708000183105e-01
  1.801250000298e+01,  2.632893800735e+00,  2.356881061140e+01,  3.708841502666e-01
  1.802300000191e+01,  2.622472047806e+00,  2.357923236433e+01,  3.686970174313e-01
  1.803350000083e+01,  2.612035036087e+00,  2.358966937605e+01,  3.650134503841e-01
  1.804399999976e+01,  2.601563692093e+00,  2.360014072005e+01,  3.614819943905e-01
  1.805449999869e+01,  2.591122865677e+00,  2.361058154646e+01,  3.582428395748e-01
  1.806499999762e+01,  2.580724000931e+00,  2.362098041121e+01,  3.571117520332e-01
  1.807549999654e+01,  2.570359468460e+00,  2.363134494368e+01,  3.561607003212e-01
  1.808599999547e+01,  2.560040712357e+00,  2.364166369978e+01,  3.548772037029e-01
  1.809649999440e+01,  2.549649477005e+00,  2.365205493513e+01,  3.521077334881e-01
  1.810699999332e+01,  2.539155244827e+00,  2.366254916731e+01,  3.486067950726e-01
  1.811699999869e+01,  2.529145479202e+00,  2.367255893294e+01,  3.448497951031e-01
  1.812700000405e+01,  2.519036531448e+00,  2.368266788069e+01,  3.422783315182e-01
  1.813699999452e+01,  2.508836030960e+00,  2.369286838118e+01,  3.427020609379e-01
  1.814699999988e+01,  2.498811006546e+00,  2.370289340559e+01,  3.424455225468e-01
  1.815749999881e+01,  2.488559007645e+00,  2.371314540450e+01,  3.394595682621e-01
  1.816799999774e+01,  2.478402376175e+00,  2.372330203596e+01,  3.362237513065e-01
  1.817849999666e+01,  2.468175172806e+00,  2.373352923933e+01,  3.315517008305e-01
  1.818899999559e+01,  2.457726716995e+00,  2.374397769514e+01,  3.294023573399e-01
  1.819900000095e+01,  2.447587251663e+00,  2.375411716048e+01,  3.290276825428e-01
  1.820900000632e+01,  2.437405824661e+00,  2.376429858748e+01,  3.280192613602e-01
  1.821899999678e+01,  2.427312135696e+00,  2.377439227644e+01,  3.267835378647e-01
  1.822949999571e+01,  2.416886568069e+00,  2.378481784407e+01,  3.250235021114e-01
  1.823999999464e+01,  2.406567811966e+00,  2.379513660017e+01,  3.202637135983e-01
  1.825049999356e+01,  2.396127939224e+00,  2.380557647292e+01,  3.163668513298e-01
  1.826049999893e+01,  2.386030435562e+00,  2.381567397658e+01,  3.166071176529e-01
  1.827050000429e+01,  2.375871896744e+00,  2.382583251540e+01,  3.171696960926e-01
  1.828049999475e+01,  2.365801095963e+00,  2.383590331618e+01,  3.165900707245e-01
  1.829099999368e+01,  2.355375528336e+00,  2.384632888380e+01,  3.141267299652e-01
  1.830150000751e+01,  2.344900369644e+00,  2.385680404250e+01,  3.120955228806e-01
  1.831149999797e+01,  2.334810495377e+00,  2.386689391676e+01,  3.092197179794e-01
  1.832150000334e+01,  2.324709177017e+00,  2.387699523512e+01,  3.057507276535e-01
  1.833149999380e+01,  2.314691781998e+00,  2.388701263014e+01,  3.043352365494e-01
  1.834200000763e+01,  2.304247140884e+00,  2.389745727126e+01,  3.029243946075e-01
  1.835250000656e+01,  2.293886423111e+00,  2.390781798903e+01,  2.994968891144e-01
  1.836300000548e+01,  2.283487558365e+00,  2.391821685378e+01,  2.980957031250e-01
  1.837350000441e+01,  2.272997140884e+00,  2.392870727126e+01,  2.966434955597e-01
  1.838349999487e+01,  2.262945413589e+00,  2.393875899855e+01,  2.951779961586e-01
  1.839399999380e+01,  2.252489328384e+00,  2.394921508376e+01,  2.948802113533e-01
  1.840450000763e+01,  2.242182016373e+00,  2.395952239577e+01,  2.938671708107e-01
  1.841500000656e+01,  2.231964349747e+00,  2.396974006239e+01,  2.911840081215e-01
  1.842550000548e+01,  2.221649408340e+00,  2.398005500380e+01,  2.890051007271e-01
  1.843600000441e+01,  2.211193323135e+00,  2.399051108900e+01,  2.860706448555e-01
  1.844599999487e+01,  2.201111078262e+00,  2.400059333388e+01,  2.833769917488e-01
  1.845600000024e+01,  2.190986871719e+00,  2.401071754042e+01,  2.806919217110e-01
  1.846600000560e+01,  2.180828332901e+00,  2.402087607924e+01,  2.782464921474e-01
  1.847599999607e+01,  2.170734643936e+00,  2.403096976820e+01,  2.778723835945e-01
  1.848649999499e+01,  2.160293817520e+00,  2.404141059462e+01,  2.771226167679e-01
  1.849699999392e+01,  2.150043725967e+00,  2.405166068617e+01,  2.762018144131e-01
  1.850750000775e+01,  2.139908075333e+00,  2.406179633681e+01,  2.734242379665e-01
  1.851800000668e+01,  2.129738092422e+00,  2.407196631972e+01,  2.693015038967e-01
  1.852850000560e+01,  2.119354486465e+00,  2.408234992567e+01,  2.653695046902e-01
  1.853849999607e+01,  2.109161615372e+00,  2.409254279677e+01,  2.640514075756e-01
  1.854850000143e+01,  2.098800897598e+00,  2.410290351454e+01,  2.636291682720e-01
  1.855850000679e+01,  2.088569879532e+00,  2.411313453261e+01,  2.624433338642e-01
  1.856900000572e+01,  2.078090906143e+00,  2.412361350600e+01,  2.606821954250e-01
  1.857950000465e+01,  2.067730188370e+00,  2.413397422377e+01,  2.569070756435e-01
  1.859000000358e+01,  2.057304620743e+00,  2.414439979140e+01,  2.528572976589e-01
  1.859999999404e+01,  2.047233819962e+00,  2.415447059218e+01,  2.519299089909e-01
  1.860999999940e+01,  2.036979913712e+00,  2.416472449843e+01,  2.513326704502e-01
  1.862000000477e+01,  2.026699304581e+00,  2.417500510756e+01,  2.505455613136e-01
  1.862999999523e+01,  2.016590356827e+00,  2.418511405531e+01,  2.500405609608e-01
  1.864049999416e+01,  2.006233453751e+00,  2.419547095839e+01,  2.465157806873e-01
  1.865100000799e+01,  1.995907187462e+00,  2.420579722468e+01,  2.431502640247e-01
  1.866150000691e+01,  1.985573172569e+00,  2.421613123957e+01,  2.408961355686e-01
  1.867200000584e+01,  1.975185751915e+00,  2.422651866022e+01,  2.392503917217e-01
  1.868250000477e+01,  1.964710593224e+00,  2.423699381892e+01,  2.390571385622e-01
  1.869300000370e+01,  1.954212546349e+00,  2.424749186579e+01,  2.382342070341e-01
  1.870299999416e+01,  1.944195151329e+00,  2.425750926081e+01,  2.360991686583e-01
  1.871299999952e+01,  1.934097647667e+00,  2.426760676447e+01,  2.340573519468e-01
  1.872300000489e+01,  1.923942923546e+00,  2.427776148859e+01,  2.332714796066e-01
  1.873299999535e+01,  1.913803458214e+00,  2.428790095393e+01,  2.303980588913e-01
  1.874349999428e+01,  1.903307676315e+00,  2.429839673582e+01,  2.284525930882e-01
  1.875400000811e+01,  1.892981290817e+00,  2.430872312132e+01,  2.258118689060e-01
  1.876450000703e+01,  1.882670164108e+00,  2.431903424803e+01,  2.245966196060e-01
  1.877500000596e+01,  1.872328519821e+00,  2.432937589232e+01,  2.221733331680e-01
  1.878550000489e+01,  1.861994504929e+00,  2.433970990721e+01,  2.201791405678e-01
  1.879600000381e+01,  1.851553678513e+00,  2.435015073363e+01,  2.186965346336e-01
  1.880599999428e+01,  1.841532468796e+00,  2.436017194334e+01,  2.179365903139e-01
  1.881599999964e+01,  1.831503629684e+00,  2.437020078246e+01,  2.158513814211e-01
  1.882600000501e+01,  1.821501493454e+00,  2.438020291869e+01,  2.146257758141e-01
  1.883650000393e+01,  1.811049222946e+00,  2.439065518919e+01,  2.128095030785e-01
  1.884700000286e+01,  1.800669431686e+00,  2.440103498045e+01,  2.104663252831e-01
  1.885750000179e+01,  1.790297269821e+00,  2.441140714232e+01,  2.078017592430e-01
  1.886800000072e+01,  1.779898405075e+00,  2.442180600706e+01,  2.059546709061e-01
  1.887849999964e+01,  1.769453763962e+00,  2.443225064818e+01,  2.030249834061e-01
  1.888850000501e+01,  1.759386777878e+00,  2.444231763426e+01,  2.016312181950e-01
  1.889849999547e+01,  1.749296903610e+00,  2.445240750853e+01,  2.001158297062e-01
  1.890899999440e+01,  1.738810300827e+00,  2.446289411131e+01,  1.980425417423e-01
  1.891949999332e+01,  1.728449583054e+00,  2.447325482909e+01,  1.948782503605e-01
  1.893000000715e+01,  1.718065977097e+00,  2.448363843504e+01,  1.923967897892e-01
  1.894050000608e+01,  1.707609891891e+00,  2.449409452025e+01,  1.907622516155e-01
  1.895049999654e+01,  1.697523832321e+00,  2.450418057982e+01,  1.907723546028e-01
  1.896050000191e+01,  1.687369108200e+00,  2.451433530394e+01,  1.902350038290e-01
  1.897050000727e+01,  1.677248716354e+00,  2.452445569579e+01,  1.880564391613e-01
  1.898049999774e+01,  1.667208433151e+00,  2.453449597899e+01,  1.856803596020e-01
  1.899099999666e+01,  1.656710386276e+00,  2.454499402586e+01,  1.821403205395e-01
  1.900149999559e+01,  1.646299004555e+00,  2.455540540759e+01,  1.787304431200e-01
  1.901199999452e+01,  1.635858178139e+00,  2.456584623400e+01,  1.760129481554e-01
  1.902199999988e+01,  1.625764489174e+00,  2.457593992297e+01,  1.758959293365e-01
  1.903200000525e+01,  1.615609765053e+00,  2.458609464709e+01,  1.766902208328e-01
  1.904199999571e+01,  1.605538964272e+00,  2.459616544787e+01,  1.743063330650e-01
  1.905200000107e+01,  1.595471978188e+00,  2.460623243395e+01,  1.713666319847e-01
  1.906200000644e+01,  1.585382103920e+00,  2.461632230822e+01,  1.700122356415e-01
  1.907250000536e+01,  1.574937462807e+00,  2.462676694933e+01,  1.681472063065e-01
  1.908300000429e+01,  1.564668297768e+00,  2.463703611437e+01,  1.644412279129e-01
  1.909350000322e+01,  1.554402947426e+00,  2.464730146471e+01,  1.628984212875e-01
  1.910400000215e+01,  1.544038414955e+00,  2.465766599718e+01,  1.610442399979e-01
  1.911400000751e+01,  1.534032464027e+00,  2.466767194811e+01,  1.601374447346e-01
  1.912399999797e+01,  1.523892998695e+00,  2.467781141344e+01,  1.579336822033e-01
  1.913400000334e+01,  1.513742089272e+00,  2.468796232287e+01,  1.564432084560e-01
  1.914399999380e+01,  1.503690361977e+00,  2.469801405016e+01,  1.548481881618e-01
  1.915450000763e+01,  1.493219017982e+00,  2.470848539416e+01,  1.522522866726e-01
  1.916449999809e+01,  1.483193993568e+00,  2.471851041857e+01,  1.497495025396e-01
  1.917450000346e+01,  1.473146080971e+00,  2.472855833117e+01,  1.493047922850e-01
  1.918449999392e+01,  1.463079094887e+00,  2.473862531725e+01,  1.484240144491e-01
  1.919449999928e+01,  1.453012108803e+00,  2.474869230334e+01,  1.466585248709e-01
  1.920450000465e+01,  1.442987084389e+00,  2.475871732775e+01,  1.453984230757e-01
  1.921500000358e+01,  1.432550072670e+00,  2.476915433947e+01,  1.430383175611e-01
  1.922550000250e+01,  1.422082543373e+00,  2.477962186877e+01,  1.394534558058e-01
  1.923550000787e+01,  1.411962151527e+00,  2.478974226061e+01,  1.372218579054e-01
  1.924549999833e+01,  1.401733040810e+00,  2.479997137133e+01,  1.367616802454e-01
  1.925550000370e+01,  1.391524910927e+00,  2.481017950121e+01,  1.341421753168e-01
  1.926549999416e+01,  1.381400704384e+00,  2.482030370776e+01,  1.328570991755e-01
  1.927549999952e+01,  1.371348977089e+00,  2.483035543505e+01,  1.311193853617e-01
  1.928599999845e+01,  1.360892891884e+00,  2.484081152026e+01,  1.290792375803e-01
  1.929649999738e+01,  1.350429177284e+00,  2.485127523486e+01,  1.269222646952e-01
  1.930650000274e+01,  1.340373635292e+00,  2.486133077685e+01,  1.256822496653e-01
  1.931650000811e+01,  1.330249428749e+00,  2.487145498339e+01,  1.231435686350e-01
  1.932649999857e+01,  1.320083260536e+00,  2.488162115160e+01,  1.212593466043e-01
  1.933650000393e+01,  1.309970498085e+00,  2.489173391405e+01,  1.204005777836e-01
  1.934700000286e+01,  1.299514412880e+00,  2.490218999926e+01,  1.184575855732e-01
  1.935750000179e+01,  1.289245247841e+00,  2.491245916430e+01,  1.166819930077e-01
  1.936800000072e+01,  1.279086709023e+00,  2.492261770312e+01,  1.146454289556e-01
  1.937849999964e+01,  1.268792748451e+00,  2.493291166369e+01,  1.125406697392e-01
  1.938899999857e+01,  1.258336663246e+00,  2.494336774889e+01,  1.116259023547e-01
  1.939949999750e+01,  1.247869133949e+00,  2.495383527819e+01,  1.092460080981e-01
  1.940999999642e+01,  1.237393975258e+00,  2.496431043688e+01,  1.068100258708e-01
  1.942000000179e+01,  1.227384209633e+00,  2.497432020251e+01,  1.058796271682e-01
  1.943050000072e+01,  1.216916680336e+00,  2.498478773180e+01,  1.020410880446e-01
  1.944050000608e+01,  1.206842064857e+00,  2.499486234728e+01,  1.003688201308e-01
  1.945049999654e+01,  1.196637749672e+00,  2.500506666247e+01,  9.997304528952e-02
  1.946050000191e+01,  1.186524987221e+00,  2.501517942492e+01,  9.886156022549e-02
  1.947100000083e+01,  1.176114678383e+00,  2.502558973376e+01,  9.617601335049e-02
  1.948149999976e+01,  1.165851235390e+00,  2.503585317675e+01,  9.370754659176e-02
  1.949199999869e+01,  1.155576348305e+00,  2.504612806384e+01,  9.042786061764e-02
  1.950249999762e+01,  1.145164132118e+00,  2.505654028002e+01,  8.786607533693e-02
  1.951250000298e+01,  1.135028481483e+00,  2.506667593066e+01,  8.691871911287e-02
  1.952249999344e+01,  1.124763131142e+00,  2.507694128100e+01,  8.741997182369e-02
  1.953249999881e+01,  1.114562630653e+00,  2.508714178149e+01,  8.695779740810e-02
  1.954250000417e+01,  1.104491829872e+00,  2.509721258227e+01,  8.533473312855e-02
  1.955300000310e+01,  1.093997597694e+00,  2.510770681445e+01,  8.214183151722e-02
  1.956299999356e+01,  1.083991646767e+00,  2.511771276537e+01,  7.997699081898e-02
  1.957299999893e+01,  1.073855996132e+00,  2.512784841601e+01,  7.743830978870e-02
  1.958300000429e+01,  1.063598275185e+00,  2.513810613696e+01,  7.656504213810e-02
  1.959299999475e+01,  1.053435921669e+00,  2.514826849047e+01,  7.579889148474e-02
  1.960349999368e+01,  1.042983651161e+00,  2.515872076098e+01,  7.336058467627e-02
  1.961400000751e+01,  1.032701134682e+00,  2.516900327746e+01,  6.927218288183e-02
  1.962450000644e+01,  1.022363305092e+00,  2.517934110705e+01,  6.620516628027e-02
  1.963449999690e+01,  1.012281060219e+00,  2.518942335192e+01,  6.453759223223e-02
  1.964450000226e+01,  1.002008080482e+00,  2.519969633166e+01,  6.429935991764e-02
  1.965450000763e+01,  9.916778802872e-01,  2.521002653185e+01,  6.532847881317e-02
  1.966449999809e+01,  9.814201593399e-01,  2.522028425280e+01,  6.541152298450e-02
  1.967499999702e+01,  9.709450006485e-01,  2.523075941149e+01,  6.267638504505e-02
  1.968549999595e+01,  9.606434106827e-01,  2.524106100146e+01,  5.796141922474e-02
  1.969599999487e+01,  9.501682519913e-01,  2.525153616015e+01,  5.398602783680e-02
  1.970600000024e+01,  9.399105310440e-01,  2.526179388110e+01,  5.364136397839e-02
  1.971600000560e+01,  9.296184778214e-01,  2.527208593432e+01,  5.418978631496e-02
  1.972599999607e+01,  9.195362329483e-01,  2.528216817919e+01,  5.366313457489e-02
  1.973649999499e+01,  9.092785120010e-01,  2.529242590014e+01,  5.094358325005e-02
  1.974699999392e+01,  8.991930484772e-01,  2.530251136366e+01,  4.625698551536e-02
  1.975750000775e+01,  8.888914585114e-01,  2.531281295363e+01,  4.264780506492e-02
  1.976749999821e+01,  8.787329196930e-01,  2.532297149245e+01,  4.254623875022e-02
  1.977750000358e+01,  8.684294223785e-01,  2.533327498976e+01,  4.384330287576e-02
  1.978749999404e+01,  8.582632541656e-01,  2.534344115797e+01,  4.484680667520e-02
  1.979800000787e+01,  8.478853702545e-01,  2.535381904189e+01,  4.339978471398e-02
  1.980850000679e+01,  8.377668857574e-01,  2.536393752638e+01,  3.780362382531e-02
  1.981900000572e+01,  8.274252414703e-01,  2.537427917067e+01,  3.343007341027e-02
  1.982899999619e+01,  8.171408176422e-01,  2.538456359450e+01,  3.221413865685e-02
  1.983900000155e+01,  8.066771030426e-01,  2.539502730910e+01,  3.238851204515e-02
  1.984900000691e+01,  7.963812351227e-01,  2.540532317702e+01,  3.257888928056e-02
  1.985950000584e+01,  7.859308719635e-01,  2.541577354018e+01,  3.235289826989e-02
  1.987000000477e+01,  7.758276462555e-01,  2.542587676588e+01,  2.878472395241e-02
  1.988050000370e+01,  7.656404972076e-01,  2.543606391493e+01,  2.513968013227e-02
  1.989049999416e+01,  7.555544376373e-01,  2.544614997450e+01,  2.434531040490e-02
  1.990049999952e+01,  7.452394962311e-01,  2.545646491591e+01,  2.326598949730e-02
  1.991050000489e+01,  7.348825931549e-01,  2.546682181898e+01,  2.288231439888e-02
  1.992049999535e+01,  7.247278690338e-01,  2.547697654311e+01,  2.255530841649e-02
  1.993099999428e+01,  7.144033908844e-01,  2.548730102126e+01,  1.964755542576e-02
  1.994150000811e+01,  7.042562961578e-01,  2.549744811598e+01,  1.510806567967e-02
  1.995200000703e+01,  6.939165592194e-01,  2.550778785292e+01,  1.207108981907e-02
  1.996199999750e+01,  6.838648319244e-01,  2.551783958022e+01,  1.014490611851e-02
  1.997200000286e+01,  6.737406253815e-01,  2.552796378676e+01,  9.341390803456e-03
  1.998199999332e+01,  6.636888980865e-01,  2.553801551405e+01,  8.135946467519e-03
  1.999250000715e+01,  6.532175540924e-01,  2.554848685805e+01,  6.683671846986e-03
  2.000300000608e+01,  6.427784562111e-01,  2.555892595593e+01,  6.016957107931e-03
  2.001350000501e+01,  6.322994828224e-01,  2.556940492932e+01,  3.494965611026e-03
  2.002349999547e+01,  6.222439408302e-01,  2.557946047131e+01,  1.442896784283e-03
  2.003350000083e+01,  6.121769547462e-01,  2.558952745739e+01, -6.182317738421e-04
  2.004399999976e+01,  6.017170548439e-01,  2.559998735730e+01, -4.283016023692e-04
  2.005449999869e+01,  5.915012955666e-01,  2.561020311657e+01, -3.432584227994e-03
  2.006499999762e+01,  5.813046097755e-01,  2.562039980236e+01, -6.099057849497e-03
  2.007549999654e+01,  5.709477066994e-01,  2.563075670544e+01, -7.514757569879e-03
  2.008550000191e+01,  5.609417557716e-01,  2.564076265637e+01, -8.557957597077e-03
  2.009550000727e+01,  5.508251786232e-01,  2.565087923352e+01, -1.058403868228e-02
  2.010549999774e+01,  5.406590104103e-01,  2.566104540173e+01, -1.168749947101e-02
  2.011550000310e+01,  5.305920243263e-01,  2.567111238781e+01, -1.224885601550e-02
  2.012600000203e+01,  5.201626420021e-01,  2.568154177014e+01, -1.382790226489e-02
  2.013650000095e+01,  5.098724961281e-01,  2.569183191601e+01, -1.514516491443e-02
  2.014699999988e+01,  4.996395409107e-01,  2.570206487123e+01, -1.805268041790e-02
  2.015749999881e+01,  4.892597496510e-01,  2.571244466249e+01, -1.916990987957e-02
  2.016799999774e+01,  4.787655174732e-01,  2.572293889467e+01, -2.071438543499e-02
  2.017800000310e+01,  4.687519371510e-01,  2.573295247499e+01, -2.279983274639e-02
  2.018850000203e+01,  4.582653343678e-01,  2.574343907777e+01, -2.496801130474e-02
  2.019850000739e+01,  4.482364952564e-01,  2.575346791688e+01, -2.641609124839e-02
  2.020849999785e+01,  4.381885826588e-01,  2.576351582948e+01, -2.757763676345e-02
  2.021850000322e+01,  4.281139671803e-01,  2.577359044496e+01, -2.832024730742e-02
  2.022849999368e+01,  4.180355370045e-01,  2.578366887514e+01, -2.990561164916e-02
  2.023849999905e+01,  4.078884422779e-01,  2.579381596986e+01, -3.175335377455e-02
  2.024850000441e+01,  3.978159725666e-01,  2.580388843957e+01, -3.365329280496e-02
  2.025900000334e+01,  3.874209225178e-01,  2.581428348962e+01, -3.565267100930e-02
  2.026950000226e+01,  3.771822750568e-01,  2.582452213708e+01, -3.980067744851e-02
  2.028000000119e+01,  3.667681515217e-01,  2.583493626062e+01, -4.238626733422e-02
  2.029000000656e+01,  3.565943539143e-01,  2.584511005823e+01, -4.187459871173e-02
  2.029999999702e+01,  3.463976681232e-01,  2.585530674402e+01, -4.172364994884e-02
  2.031000000238e+01,  3.363611996174e-01,  2.586534321252e+01, -4.314146563411e-02
  2.032050000131e+01,  3.259623348713e-01,  2.587574207727e+01, -4.496906325221e-02
  2.033100000024e+01,  3.157141506672e-01,  2.588599026147e+01, -4.788587614894e-02
  2.034149999917e+01,  3.053553402424e-01,  2.589634907190e+01, -5.073169991374e-02
  2.035150000453e+01,  2.952807247639e-01,  2.590642368738e+01, -5.230820551515e-02
  2.036149999499e+01,  2.851336300373e-01,  2.591657078210e+01, -5.206425860524e-02
  2.037150000036e+01,  2.750361263752e-01,  2.592666828576e+01, -5.328726023436e-02
  2.038199999928e+01,  2.645457088947e-01,  2.593715870325e+01, -5.481778830290e-02
  2.039249999821e+01,  2.542383968830e-01,  2.594746601526e+01, -5.720769613981e-02
  2.040299999714e+01,  2.439463436604e-01,  2.595775806848e+01, -5.798166245222e-02
  2.041349999607e+01,  2.336199581623e-01,  2.596808445398e+01, -5.976092070341e-02
  2.042399999499e+01,  2.232210934162e-01,  2.597848331872e+01, -6.156002730131e-02
  2.043449999392e+01,  2.127917110920e-01,  2.598891270105e+01, -6.353611499071e-02
  2.044500000775e+01,  2.023203670979e-01,  2.599938404504e+01, -6.549180299044e-02
  2.045499999821e+01,  1.922800838947e-01,  2.600942432825e+01, -6.680113822222e-02
  2.046500000358e+01,  1.822169125080e-01,  2.601948749963e+01, -6.826879084110e-02
  2.047550000250e+01,  1.717417538166e-01,  2.602996265832e+01, -6.853301823139e-02
  2.048600000143e+01,  1.613695919514e-01,  2.604033482019e+01, -7.017095386982e-02
  2.049650000036e+01,  1.510101705790e-01,  2.605069424156e+01, -7.283936440945e-02
  2.050699999928e+01,  1.405769735575e-01,  2.606112743858e+01, -7.530151307583e-02
  2.051700000465e+01,  1.305557638407e-01,  2.607114864830e+01, -7.681515812874e-02
  2.052699999511e+01,  1.204964071512e-01,  2.608120800499e+01, -7.790227234364e-02
  2.053749999404e+01,  1.100212484598e-01,  2.609168316368e+01, -7.933874428272e-02
  2.054800000787e+01,  9.959949553013e-02,  2.610210491661e+01, -8.153144270182e-02
  2.055799999833e+01,  8.954395353794e-02,  2.611216045860e+01, -8.223120868206e-02
  2.056800000370e+01,  7.946933805943e-02,  2.612223507408e+01, -8.154635876417e-02
  2.057850000262e+01,  6.902851164341e-02,  2.613267590050e+01, -8.354599028826e-02
  2.058900000155e+01,  5.870784446597e-02,  2.614299656767e+01, -8.610261231661e-02
  2.059950000048e+01,  4.837001487613e-02,  2.615333439726e+01, -9.065926820040e-02
  2.060950000584e+01,  3.834117576480e-02,  2.616336323638e+01, -8.964876085520e-02
  2.062000000477e+01,  2.816165797412e-02,  2.617354275417e+01, -8.812884241343e-02
  2.063150000572e+01,  1.815952174366e-02,  2.618354489040e+01, -8.571151643991e-02
  2.064650000632e+01,  8.105887100101e-03,  2.619359852504e+01, -8.137134462595e-02
  2.066400000453e+01,  2.161634853110e-03,  2.619954277729e+01, -8.814314752817e-02
  2.066500000656e+01,  1.965177943930e-03,  2.619973923420e+01, -8.856467157602e-02
  2.067300000787e+01,  7.072814041749e-04,  2.620099713074e+01, -9.064940363169e-02
  2.067599999905e+01,  3.513224655762e-04,  2.620135308967e+01, -9.105161577463e-02
  2.091300000250e+01, -2.138408133760e-03,  2.620384282027e+01, -9.255922585726e-02
  2.091400000453e+01, -2.128841588274e-03,  2.620383325373e+01, -9.263814240694e-02
