           Test time,     Standard travel,     Tool separation,      Standard force
                 0.0,                 0.0,  2.620175367699e+01, -6.885927170515e-02
                 0.0,                 0.0,  2.620175312565e+01, -6.883143633604e-02
                 0.0,                 0.0,  2.620175563998e+01, -6.732296198606e-02
                 0.0,                 0.0,  2.620174892978e+01, -6.672182679176e-02
                 0.0,                 0.0,  2.620174778984e+01, -6.655159592628e-02
                 0.0,                 0.0,  2.620174321061e+01, -7.040917873383e-02
  0.000000000000e+00,  0.000000000000e+00,  2.620174598782e+01, -7.037339359522e-02
  8.000001311302e-03, -9.994953870773e-06,  2.620175598277e+01, -7.002675533295e-02
  1.100000739098e-02, -6.645917892456e-06,  2.620175263373e+01, -6.936061382294e-02
  1.299999654293e-02, -5.353242158890e-06,  2.620175134106e+01, -6.892669200897e-02
  1.399999856949e-02, -7.517635822296e-06,  2.620175350545e+01, -6.876027584076e-02
  1.140000075102e-01,  1.853746653069e-05,  2.620172745035e+01, -6.594076007605e-02
  2.144999951124e-01,  1.052674178936e-05,  2.620173546107e+01, -6.684063374996e-02
  3.145000040531e-01, -1.480123682995e-05,  2.620176078905e+01, -6.746855378151e-02
  3.889999985695e-01,  1.032499969006e-02,  2.619142098813e+01, -8.495863527060e-03
  3.955000042915e-01,  2.129606902599e-02,  2.618044991879e+01,  4.816002026200e-02
  3.994999974966e-01,  3.227476775646e-02,  2.616947122006e+01,  5.522102490067e-02
  4.025000035763e-01,  4.269652068615e-02,  2.615904946713e+01,  5.954784527421e-02
  4.050000011921e-01,  5.279783904552e-02,  2.614894814877e+01,  7.560009509325e-02
  4.074999988079e-01,  6.436400115490e-02,  2.613738198666e+01,  1.018757298589e-01
  4.095000028610e-01,  7.484678924084e-02,  2.612689919858e+01,  1.197590306401e-01
  4.115000069141e-01,  8.647398650646e-02,  2.611527200131e+01,  1.310200095177e-01
  4.134999960661e-01,  9.930662810802e-02,  2.610243935971e+01,  1.338557600975e-01
  4.150000065565e-01,  1.096826046705e-01,  2.609206338315e+01,  1.304339766502e-01
  4.165000021458e-01,  1.206994503736e-01,  2.608104653744e+01,  1.226977780461e-01
  4.179999977350e-01,  1.322503536940e-01,  2.606949563412e+01,  1.134509518743e-01
  4.194999933243e-01,  1.443353146315e-01,  2.605741067318e+01,  1.056079342961e-01
  4.210000038147e-01,  1.568780392408e-01,  2.604486794858e+01,  1.002292111516e-01
  4.224999994040e-01,  1.699090451002e-01,  2.603183694272e+01,  9.776491671801e-02
  4.239999949932e-01,  1.833672970533e-01,  2.601837869076e+01,  9.781295806170e-02
  4.255000054836e-01,  1.972833126783e-01,  2.600446267514e+01,  9.954483062029e-02
  4.270000010729e-01,  2.116265743971e-01,  2.599011941342e+01,  1.028063967824e-01
  4.284999966621e-01,  2.264275997877e-01,  2.597531838803e+01,  1.068423464894e-01
  4.294999986887e-01,  2.364984005690e-01,  2.596524758725e+01,  1.091769412160e-01
  4.305000007153e-01,  2.467828243971e-01,  2.595496316342e+01,  1.107295230031e-01
  4.315000027418e-01,  2.572808563709e-01,  2.594446513145e+01,  1.110356524587e-01
  4.325000047684e-01,  2.679314911366e-01,  2.593381449668e+01,  1.096890643239e-01
  4.335000067949e-01,  2.787652313709e-01,  2.592298075645e+01,  1.066830828786e-01
  4.344999939203e-01,  2.897515594959e-01,  2.591199442832e+01,  1.024411395192e-01
  4.354999959469e-01,  3.009209930897e-01,  2.590082499473e+01,  9.729892760515e-02
  4.364999979734e-01,  3.122124969959e-01,  2.588953349082e+01,  9.121067076921e-02
  4.375000000000e-01,  3.236565887928e-01,  2.587808939902e+01,  8.403903990984e-02
  4.385000020266e-01,  3.351922333241e-01,  2.586655375449e+01,  7.595188170671e-02
  4.395000040531e-01,  3.468499481678e-01,  2.585489603965e+01,  6.719333678484e-02
  4.405000060797e-01,  3.585686981678e-01,  2.584317728965e+01,  5.791598930955e-02
  4.414999932051e-01,  3.703790009022e-01,  2.583136698691e+01,  4.836398735642e-02
  4.424999952316e-01,  3.822198212147e-01,  2.581952616660e+01,  3.923923149705e-02
  4.434999972582e-01,  3.941216766834e-01,  2.580762431113e+01,  3.165561333299e-02
  4.444999992847e-01,  4.060235321522e-01,  2.579572245566e+01,  2.629977837205e-02
  4.455000013113e-01,  4.179253876209e-01,  2.578382060020e+01,  2.312595024705e-02
  4.465000033379e-01,  4.298577606678e-01,  2.577188822715e+01,  2.181750908494e-02
  4.475000053644e-01,  4.417901337147e-01,  2.575995585410e+01,  2.208906784654e-02
  4.485000073910e-01,  4.537225067616e-01,  2.574802348105e+01,  2.352339401841e-02
  4.494999945164e-01,  4.656548798084e-01,  2.573609110801e+01,  2.536589279771e-02
  4.504999965429e-01,  4.775872528553e-01,  2.572415873496e+01,  2.676970139146e-02
  4.514999985695e-01,  4.895501434803e-01,  2.571219584434e+01,  2.715570107102e-02
  4.525000005960e-01,  5.015130639076e-01,  2.570023292391e+01,  2.608758583665e-02
  4.535000026226e-01,  5.134759545326e-01,  2.568827003328e+01,  2.293664589524e-02
  4.545000046492e-01,  5.254083275795e-01,  2.567633766024e+01,  1.713830605149e-02
  4.555000066757e-01,  5.373712182045e-01,  2.566437476961e+01,  8.959595113993e-03
  4.564999938011e-01,  5.492730736732e-01,  2.565247291414e+01, -3.482658939902e-04
  4.574999958277e-01,  5.610833764076e-01,  2.564066261141e+01, -9.289916604757e-03
  4.584999978542e-01,  5.728631615639e-01,  2.562888282625e+01, -1.701086387038e-02
  4.594999998808e-01,  5.845208764076e-01,  2.561722511141e+01, -2.303808555007e-02
  4.605000019073e-01,  5.961175560951e-01,  2.560562843172e+01, -2.699774131179e-02
  4.615000039339e-01,  6.075921654701e-01,  2.559415382235e+01, -2.858847007155e-02
  4.625000059605e-01,  6.189447045326e-01,  2.558280128328e+01, -2.781837806106e-02
  4.635000079870e-01,  6.302056908607e-01,  2.557154029696e+01, -2.486580237746e-02
  4.644999951124e-01,  6.413751244545e-01,  2.556037086336e+01, -1.975410804152e-02
  4.654999971390e-01,  6.524530053139e-01,  2.554929298250e+01, -1.246040686965e-02
  4.664999991655e-01,  6.634393334389e-01,  2.553830665438e+01, -3.457721089944e-03
  4.675000011921e-01,  6.743646264076e-01,  2.552738136141e+01,  6.246868986636e-03
  4.685000032187e-01,  6.852288842201e-01,  2.551651710360e+01,  1.558524742723e-02
  4.695000052452e-01,  6.960626244545e-01,  2.550568336336e+01,  2.388602867723e-02
  4.705000072718e-01,  7.068658471107e-01,  2.549488014071e+01,  3.084403648973e-02
  4.714999943972e-01,  7.176385521889e-01,  2.548410743563e+01,  3.621513023973e-02
  4.724999964237e-01,  7.283807396889e-01,  2.547336524813e+01,  4.002219811082e-02
  4.734999984503e-01,  7.391229271889e-01,  2.546262306063e+01,  4.266196861863e-02
  4.745000004768e-01,  7.498345971107e-01,  2.545191139071e+01,  4.458076134324e-02
  4.755000025034e-01,  7.604852318764e-01,  2.544126075594e+01,  4.591590538621e-02
  4.765000045300e-01,  7.711358666420e-01,  2.543061012117e+01,  4.664451256394e-02
  4.775000065565e-01,  7.817559838295e-01,  2.541999000399e+01,  4.693824425340e-02
  4.784999936819e-01,  7.923455834389e-01,  2.540940040438e+01,  4.721719399095e-02
  4.794999957085e-01,  8.029046654701e-01,  2.539884132235e+01,  4.779512062669e-02
  4.804999977350e-01,  8.134332299232e-01,  2.538831275789e+01,  4.867440834641e-02
  4.814999997616e-01,  8.239312767982e-01,  2.537781471102e+01,  4.976922646165e-02
  4.825000017881e-01,  8.343988060951e-01,  2.536734718172e+01,  5.115014687181e-02
  4.835000038147e-01,  8.448053002357e-01,  2.535694068758e+01,  5.297357216477e-02
  4.845000058413e-01,  8.552117943764e-01,  2.534653419344e+01,  5.523187294602e-02
  4.855000078678e-01,  8.655572533607e-01,  2.533618873446e+01,  5.778009071946e-02
  4.864999949932e-01,  8.758721947670e-01,  2.532587379305e+01,  6.046563759446e-02
  4.874999970198e-01,  8.861871361732e-01,  2.531555885164e+01,  6.326562911272e-02
  4.884999990463e-01,  8.964410424232e-01,  2.530530494539e+01,  6.618768721819e-02
  4.895000010729e-01,  9.066644310951e-01,  2.529508155672e+01,  6.916315108538e-02
  4.905000030994e-01,  9.168573021889e-01,  2.528488868563e+01,  7.204706221819e-02
  4.915000051260e-01,  9.270196557045e-01,  2.527472633211e+01,  7.468683272600e-02
  4.925000071526e-01,  9.371514916420e-01,  2.526459449617e+01,  7.699090987444e-02
  4.934999942780e-01,  9.472528100014e-01,  2.525449317781e+01,  7.890970259905e-02
  4.944999963045e-01,  9.573541283607e-01,  2.524439185946e+01,  8.046991378069e-02
  4.954999983311e-01,  9.673944115639e-01,  2.523435157625e+01,  8.183176070452e-02
  4.965000003576e-01,  9.774041771889e-01,  2.522434181063e+01,  8.318597823381e-02
  4.975000023842e-01,  9.874139428139e-01,  2.521433204500e+01,  8.468133956194e-02
  4.989999979734e-01,  1.002367496490e+00,  2.519937849133e+01,  8.740503340960e-02
  5.004999935627e-01,  1.017260074615e+00,  2.518448591320e+01,  9.105951339006e-02
  5.020000040531e-01,  1.032122135162e+00,  2.516962385265e+01,  9.566003829241e-02
  5.034999996424e-01,  1.046923160553e+00,  2.515482282726e+01,  1.008785441518e-01
  5.049999952316e-01,  1.061693668365e+00,  2.514005231945e+01,  1.063335612416e-01
  5.065000057220e-01,  1.076464176178e+00,  2.512528181164e+01,  1.115444377065e-01
  5.080000013113e-01,  1.091204166412e+00,  2.511054182140e+01,  1.162136271596e-01
  5.094999969006e-01,  1.105913639069e+00,  2.509583234875e+01,  1.201961711049e-01
  5.110000073910e-01,  1.120592594147e+00,  2.508115339367e+01,  1.233356669545e-01
  5.125000029802e-01,  1.135302066803e+00,  2.506644392101e+01,  1.258152127266e-01
  5.139999985695e-01,  1.150011539459e+00,  2.505173444836e+01,  1.281154751778e-01
  5.154999941587e-01,  1.164690494537e+00,  2.503705549328e+01,  1.305263638496e-01
  5.170000046492e-01,  1.179369449615e+00,  2.502237653820e+01,  1.331279873848e-01
  5.185000002384e-01,  1.194048404694e+00,  2.500769758312e+01,  1.358821988106e-01
  5.199999958277e-01,  1.208727359772e+00,  2.499301862804e+01,  1.389225125313e-01
  5.215000063181e-01,  1.223406314850e+00,  2.497833967297e+01,  1.425312161446e-01
  5.230000019073e-01,  1.238085269928e+00,  2.496366071789e+01,  1.464374661446e-01
  5.244999974966e-01,  1.252779483795e+00,  2.494896650402e+01,  1.500083804131e-01
  5.260000079870e-01,  1.267458438873e+00,  2.493428754894e+01,  1.531288027763e-01
  5.275000035763e-01,  1.282167911530e+00,  2.491957807629e+01,  1.558677554131e-01
  5.289999991655e-01,  1.296846866608e+00,  2.490489912121e+01,  1.581375002861e-01
  5.304999947548e-01,  1.311525821686e+00,  2.489022016613e+01,  1.601058840752e-01
  5.320000052452e-01,  1.326204776764e+00,  2.487554121105e+01,  1.620284914970e-01
  5.335000008345e-01,  1.340883731842e+00,  2.486086225597e+01,  1.639472842216e-01
  5.349999964237e-01,  1.355532169342e+00,  2.484621381847e+01,  1.659118533134e-01
  5.365000069141e-01,  1.370180606842e+00,  2.483156538097e+01,  1.682159304619e-01
  5.380000025034e-01,  1.384798526764e+00,  2.481694746105e+01,  1.712676882744e-01
  5.394999980927e-01,  1.399446964264e+00,  2.480229902355e+01,  1.750823855400e-01
  5.409999936819e-01,  1.414064884186e+00,  2.478768110363e+01,  1.792175173759e-01
  5.425000041723e-01,  1.428682804108e+00,  2.477306318371e+01,  1.832687258720e-01
  5.439999997616e-01,  1.443331241608e+00,  2.475841474621e+01,  1.872436404228e-01
  5.454999953508e-01,  1.457949161530e+00,  2.474379682629e+01,  1.912338137627e-01
  5.470000058413e-01,  1.472628116608e+00,  2.472911787121e+01,  1.949188113213e-01
  5.485000014305e-01,  1.487276554108e+00,  2.471446943371e+01,  1.981155276299e-01
  5.499999970198e-01,  1.501955509186e+00,  2.469979047863e+01,  2.009841799736e-01
  5.515000075102e-01,  1.516634464264e+00,  2.468511152355e+01,  2.036048769951e-01
  5.530000030994e-01,  1.531343936920e+00,  2.467040205090e+01,  2.059547305107e-01
  5.544999986887e-01,  1.546053409576e+00,  2.465569257824e+01,  2.082511782646e-01
  5.559999942780e-01,  1.560762882233e+00,  2.464098310558e+01,  2.106925845146e-01
  5.575000047684e-01,  1.575472354889e+00,  2.462627363293e+01,  2.131187319756e-01
  5.590000003576e-01,  1.590181827545e+00,  2.461156416027e+01,  2.154647707939e-01
  5.604999959469e-01,  1.604891300201e+00,  2.459685468761e+01,  2.179481387138e-01
  5.620000064373e-01,  1.619631290436e+00,  2.458211469738e+01,  2.206069827080e-01
  5.635000020266e-01,  1.634340763092e+00,  2.456740522472e+01,  2.233230471611e-01
  5.649999976158e-01,  1.649080753326e+00,  2.455266523449e+01,  2.261382937431e-01
  5.664999932051e-01,  1.663820743561e+00,  2.453792524426e+01,  2.290412783623e-01
  5.680000036955e-01,  1.678560733795e+00,  2.452318525402e+01,  2.319061160088e-01
  5.694999992847e-01,  1.693300724030e+00,  2.450844526379e+01,  2.347518801689e-01
  5.709999948740e-01,  1.708040714264e+00,  2.449370527355e+01,  2.376396059990e-01
  5.725000053644e-01,  1.722811222076e+00,  2.447893476574e+01,  2.406837344170e-01
  5.740000009537e-01,  1.737581729889e+00,  2.446416425793e+01,  2.441322207451e-01
  5.754999965429e-01,  1.752352237701e+00,  2.444939375011e+01,  2.479621767998e-01
  5.770000070333e-01,  1.767183780670e+00,  2.443456220715e+01,  2.518913149834e-01
  5.785000026226e-01,  1.781984806061e+00,  2.441976118176e+01,  2.557594180107e-01
  5.799999982119e-01,  1.796846866608e+00,  2.440489912121e+01,  2.594444155693e-01
  5.814999938011e-01,  1.811708927155e+00,  2.439003706066e+01,  2.628852725029e-01
  5.830000042915e-01,  1.826601505280e+00,  2.437514448254e+01,  2.661888003349e-01
  5.844999998808e-01,  1.841524600983e+00,  2.436022138683e+01,  2.694007754326e-01
  5.859999954700e-01,  1.856447696686e+00,  2.434529829113e+01,  2.723304629326e-01
  5.875000059605e-01,  1.871431827545e+00,  2.433031416027e+01,  2.747260928154e-01
  5.885000079870e-01,  1.881441593170e+00,  2.432030439465e+01,  2.760307192802e-01
  5.894999951124e-01,  1.891451358795e+00,  2.431029462902e+01,  2.771674990654e-01
  5.904999971390e-01,  1.901461124420e+00,  2.430028486340e+01,  2.782203555107e-01
  5.914999991655e-01,  1.911470890045e+00,  2.429027509777e+01,  2.792922854424e-01
  5.925000011921e-01,  1.921511173248e+00,  2.428023481457e+01,  2.804901003838e-01
  5.935000032187e-01,  1.931551456451e+00,  2.427019453136e+01,  2.818252444267e-01
  5.945000052452e-01,  1.941561222076e+00,  2.426018476574e+01,  2.832214236259e-01
  5.955000072718e-01,  1.951601505280e+00,  2.425014448254e+01,  2.846481204033e-01
  5.964999943972e-01,  1.961641788483e+00,  2.424010419933e+01,  2.861511111259e-01
  5.974999964237e-01,  1.971682071686e+00,  2.423006391613e+01,  2.877952456474e-01
  5.984999984503e-01,  1.981752872467e+00,  2.421999311535e+01,  2.895576357841e-01
  5.995000004768e-01,  1.991793155670e+00,  2.420995283215e+01,  2.913390994072e-01
  6.005000025034e-01,  2.001833438873e+00,  2.419991254894e+01,  2.931091189384e-01
  6.015000045300e-01,  2.011873722076e+00,  2.418987226574e+01,  2.949516177177e-01
  6.025000065565e-01,  2.021944522858e+00,  2.417980146496e+01,  2.969581484795e-01
  6.034999936819e-01,  2.032015323639e+00,  2.416973066418e+01,  2.990943789482e-01
  6.044999957085e-01,  2.042055606842e+00,  2.415969038097e+01,  3.012306094170e-01
  6.054999977350e-01,  2.052126407623e+00,  2.414961958019e+01,  3.032752871513e-01
  6.064999997616e-01,  2.062197208405e+00,  2.413954877941e+01,  3.052894473076e-01
  6.075000017881e-01,  2.072268009186e+00,  2.412947797863e+01,  3.073417544365e-01
  6.085000038147e-01,  2.082369327545e+00,  2.411937666027e+01,  3.094398379326e-01
  6.095000058413e-01,  2.092440128326e+00,  2.410930585949e+01,  3.115150332451e-01
  6.105000078678e-01,  2.102510929108e+00,  2.409923505871e+01,  3.135978579521e-01
  6.114999949932e-01,  2.112612247467e+00,  2.408913374035e+01,  3.157646059990e-01
  6.124999970198e-01,  2.122713565826e+00,  2.407903242199e+01,  3.180076479912e-01
  6.134999990463e-01,  2.132814884186e+00,  2.406893110363e+01,  3.201896548271e-01
  6.145000010729e-01,  2.142946720123e+00,  2.405879926769e+01,  3.222114443779e-01
  6.155000030994e-01,  2.153048038483e+00,  2.404869794933e+01,  3.240920901299e-01
  6.165000051260e-01,  2.163179874420e+00,  2.403856611340e+01,  3.259422183037e-01
  6.175000071526e-01,  2.173311710358e+00,  2.402843427746e+01,  3.278114199638e-01
  6.184999942780e-01,  2.183443546295e+00,  2.401830244152e+01,  3.296462893486e-01
  6.194999963045e-01,  2.193575382233e+00,  2.400817060558e+01,  3.314010500908e-01
  6.204999983311e-01,  2.203707218170e+00,  2.399803876965e+01,  3.330795168877e-01
  6.215000003576e-01,  2.213869571686e+00,  2.398787641613e+01,  3.347122073174e-01
  6.225000023842e-01,  2.224001407623e+00,  2.397774458019e+01,  3.362991213799e-01
  6.235000044107e-01,  2.234133243561e+00,  2.396761274426e+01,  3.378402590752e-01
  6.245000064373e-01,  2.244295597076e+00,  2.395745039074e+01,  3.393928408623e-01
  6.254999935627e-01,  2.254427433014e+00,  2.394731855480e+01,  3.410560488701e-01
  6.264999955893e-01,  2.264559268951e+00,  2.393718671886e+01,  3.429023623466e-01
  6.274999976158e-01,  2.274691104889e+00,  2.392705488293e+01,  3.449546694756e-01
  6.284999996424e-01,  2.284822940826e+00,  2.391692304699e+01,  3.471977114677e-01
  6.295000016689e-01,  2.294985294342e+00,  2.390676069347e+01,  3.495857119560e-01
  6.305000036955e-01,  2.305117130280e+00,  2.389662885754e+01,  3.520347476006e-01
  6.315000057220e-01,  2.315248966217e+00,  2.388649702160e+01,  3.544837832451e-01
  6.325000077486e-01,  2.325380802155e+00,  2.387636518566e+01,  3.568946719170e-01
  6.334999948740e-01,  2.335543155670e+00,  2.386620283215e+01,  3.592903017998e-01
  6.344999969006e-01,  2.345674991608e+00,  2.385607099621e+01,  3.617011904716e-01
  6.354999989271e-01,  2.355837345123e+00,  2.384590864269e+01,  3.641044497490e-01
  6.365000009537e-01,  2.365999698639e+00,  2.383574628918e+01,  3.664924502373e-01
  6.375000029802e-01,  2.376162052155e+00,  2.382558393566e+01,  3.688346743584e-01
  6.385000050068e-01,  2.386324405670e+00,  2.381542158215e+01,  3.711540102959e-01
  6.395000070333e-01,  2.396486759186e+00,  2.380525922863e+01,  3.734733462334e-01
  6.404999941587e-01,  2.406649112701e+00,  2.379509687511e+01,  3.758384585381e-01
  6.414999961853e-01,  2.416811466217e+00,  2.378493452160e+01,  3.782417178154e-01
  6.424999982119e-01,  2.427004337311e+00,  2.377474165051e+01,  3.806449770927e-01
  6.435000002384e-01,  2.437166690826e+00,  2.376457929699e+01,  3.829490542412e-01
  6.445000022650e-01,  2.447359561920e+00,  2.375438642590e+01,  3.850852847099e-01
  6.455000042915e-01,  2.457552433014e+00,  2.374419355480e+01,  3.870765566826e-01
  6.465000063181e-01,  2.467745304108e+00,  2.373400068371e+01,  3.890144228935e-01
  6.474999934435e-01,  2.477938175201e+00,  2.372380781261e+01,  3.910056948662e-01
  6.484999954700e-01,  2.488131046295e+00,  2.371361494152e+01,  3.931190371513e-01
  6.494999974966e-01,  2.498323917389e+00,  2.370342207043e+01,  3.953315615654e-01
  6.504999995232e-01,  2.508547306061e+00,  2.369319868176e+01,  3.974983096123e-01
  6.515000015497e-01,  2.518770694733e+00,  2.368297529308e+01,  3.994895815849e-01
  6.525000035763e-01,  2.528963565826e+00,  2.367278242199e+01,  4.012481570244e-01
  6.535000056028e-01,  2.539186954498e+00,  2.366255903332e+01,  4.028770327568e-01
  6.545000076294e-01,  2.549410343170e+00,  2.365233564465e+01,  4.045287966728e-01
  6.554999947548e-01,  2.559633731842e+00,  2.364211225597e+01,  4.062492251396e-01
  6.564999967813e-01,  2.569857120514e+00,  2.363188886730e+01,  4.080192446709e-01
  6.574999988079e-01,  2.580080509186e+00,  2.362166547863e+01,  4.098159670830e-01
  6.585000008345e-01,  2.590303897858e+00,  2.361144208996e+01,  4.116546511650e-01
  6.595000028610e-01,  2.600527286530e+00,  2.360121870129e+01,  4.134857058525e-01
  6.605000048876e-01,  2.610750675201e+00,  2.359099531261e+01,  4.152175784111e-01
  6.615000069141e-01,  2.620974063873e+00,  2.358077192394e+01,  4.168044924736e-01
  6.624999940395e-01,  2.631166934967e+00,  2.357057905285e+01,  4.183532595634e-01
  6.634999960661e-01,  2.641390323639e+00,  2.356035566418e+01,  4.199706912041e-01
  6.644999980927e-01,  2.651583194733e+00,  2.355016279308e+01,  4.216644167900e-01
  6.655000001192e-01,  2.661776065826e+00,  2.353996992199e+01,  4.233924746513e-01
  6.665000021458e-01,  2.671968936920e+00,  2.352977705090e+01,  4.251815676689e-01
  6.675000041723e-01,  2.682161808014e+00,  2.351958417980e+01,  4.270736575127e-01
  6.685000061989e-01,  2.692324161530e+00,  2.350942182629e+01,  4.290878176689e-01
  6.694999933243e-01,  2.702517032623e+00,  2.349922895519e+01,  4.312316775322e-01
  6.704999953508e-01,  2.712679386139e+00,  2.348906660168e+01,  4.335433840752e-01
  6.714999973774e-01,  2.722811222076e+00,  2.347893476574e+01,  4.360763430595e-01
  6.724999994040e-01,  2.732973575592e+00,  2.346877241222e+01,  4.387695193291e-01
  6.735000014305e-01,  2.743135929108e+00,  2.345861005871e+01,  4.414474368095e-01
  6.745000034571e-01,  2.753267765045e+00,  2.344847822277e+01,  4.439498782158e-01
  6.755000054836e-01,  2.763399600983e+00,  2.343834638683e+01,  4.462463259697e-01
  6.765000075102e-01,  2.773561954498e+00,  2.342818403332e+01,  4.483749270439e-01
  6.774999946356e-01,  2.783693790436e+00,  2.341805219738e+01,  4.503661990166e-01
  6.784999966621e-01,  2.793795108795e+00,  2.340795087902e+01,  4.521896243095e-01
  6.794999986887e-01,  2.803926944733e+00,  2.339781904308e+01,  4.538909792900e-01
  6.805000007153e-01,  2.814028263092e+00,  2.338771772472e+01,  4.555389285088e-01
  6.815000027418e-01,  2.824129581451e+00,  2.337761640636e+01,  4.571563601494e-01
  6.825000047684e-01,  2.834230899811e+00,  2.336751508801e+01,  4.586898684502e-01
  6.835000067949e-01,  2.844332218170e+00,  2.335741376965e+01,  4.600898623466e-01
  6.844999939203e-01,  2.854403018951e+00,  2.334734296886e+01,  4.614097476006e-01
  6.854999959469e-01,  2.864443302155e+00,  2.333730268566e+01,  4.627906680107e-01
  6.864999979734e-01,  2.874514102936e+00,  2.332723188488e+01,  4.643661379814e-01
  6.875000000000e-01,  2.884554386139e+00,  2.331719160168e+01,  4.661933779716e-01
  6.885000020266e-01,  2.894564151764e+00,  2.330718183605e+01,  4.682227969170e-01
  6.895000040531e-01,  2.904573917389e+00,  2.329717207043e+01,  4.703666567802e-01
  6.905000060797e-01,  2.914583683014e+00,  2.328716230480e+01,  4.725562930107e-01
  6.920000016689e-01,  2.929567813873e+00,  2.327217817394e+01,  4.758521914482e-01
  6.934999972582e-01,  2.944521427155e+00,  2.325722456066e+01,  4.790260195732e-01
  6.950000077486e-01,  2.959444522858e+00,  2.324230146496e+01,  4.821464419365e-01
  6.965000033379e-01,  2.974337100983e+00,  2.322740888683e+01,  4.853584170341e-01
  6.979999989271e-01,  2.989199161530e+00,  2.321254682629e+01,  4.886314272881e-01
  6.994999945164e-01,  3.004061222076e+00,  2.319768476574e+01,  4.917213320732e-01
  7.010000050068e-01,  3.018862247467e+00,  2.318288374035e+01,  4.946815371513e-01
  7.025000005960e-01,  3.033663272858e+00,  2.316808271496e+01,  4.979240298271e-01
  7.039999961853e-01,  3.048433780670e+00,  2.315331220715e+01,  5.015632510185e-01
  7.055000066757e-01,  3.063173770905e+00,  2.313857221691e+01,  5.055915713310e-01
  7.070000022650e-01,  3.077913761139e+00,  2.312383222668e+01,  5.099326968193e-01
  7.084999978542e-01,  3.092592716217e+00,  2.310915327160e+01,  5.141898989677e-01
  7.099999934435e-01,  3.107302188873e+00,  2.309444379894e+01,  5.182029604912e-01
  7.115000039339e-01,  3.121981143951e+00,  2.307976484386e+01,  5.222083926201e-01
  7.129999995232e-01,  3.136629581451e+00,  2.306511640636e+01,  5.263053774834e-01
  7.144999951124e-01,  3.151308536530e+00,  2.305043745129e+01,  5.304405093193e-01
  7.160000056028e-01,  3.165987491608e+00,  2.303575849621e+01,  5.344917178154e-01
  7.175000011921e-01,  3.180635929108e+00,  2.302111005871e+01,  5.382148623466e-01
  7.189999967813e-01,  3.195314884186e+00,  2.300643110363e+01,  5.416786074638e-01
  7.205000072718e-01,  3.209963321686e+00,  2.299178266613e+01,  5.450202822685e-01
  7.220000028610e-01,  3.224672794342e+00,  2.297707319347e+01,  5.480262637138e-01
  7.234999984503e-01,  3.239321231842e+00,  2.296242475597e+01,  5.507804751396e-01
  7.249999940395e-01,  3.254000186920e+00,  2.294774580090e+01,  5.535613894463e-01
  7.265000045300e-01,  3.268679141998e+00,  2.293306684582e+01,  5.563117861748e-01
  7.280000001192e-01,  3.283358097076e+00,  2.291838789074e+01,  5.591422915459e-01
  7.294999957085e-01,  3.298037052155e+00,  2.290370893566e+01,  5.623695254326e-01
  7.310000061989e-01,  3.312685489655e+00,  2.288906049816e+01,  5.658790469170e-01
  7.325000017881e-01,  3.327364444733e+00,  2.287438154308e+01,  5.694343447685e-01
  7.339999973774e-01,  3.342012882233e+00,  2.285973310558e+01,  5.731422305107e-01
  7.355000078678e-01,  3.356691837311e+00,  2.284505415051e+01,  5.770866274834e-01
  7.370000034571e-01,  3.371370792389e+00,  2.283037519543e+01,  5.810768008232e-01
  7.384999990463e-01,  3.386049747467e+00,  2.281569624035e+01,  5.850211977959e-01
  7.399999946356e-01,  3.400728702545e+00,  2.280101728527e+01,  5.889045596123e-01
  7.415000051260e-01,  3.415438175201e+00,  2.278630781261e+01,  5.927268862724e-01
  7.430000007153e-01,  3.430147647858e+00,  2.277159833996e+01,  5.967246890068e-01
  7.444999963045e-01,  3.444887638092e+00,  2.275685834972e+01,  6.010658144951e-01
  7.460000067949e-01,  3.459627628326e+00,  2.274211835949e+01,  6.053993105888e-01
  7.475000023842e-01,  3.474398136139e+00,  2.272734785168e+01,  6.093818545341e-01
  7.489999979734e-01,  3.489199161530e+00,  2.271254682629e+01,  6.130515933037e-01
  7.504999935627e-01,  3.504000186920e+00,  2.269774580090e+01,  6.166145205498e-01
  7.520000040531e-01,  3.518862247467e+00,  2.268288374035e+01,  6.200477480888e-01
  7.534999996424e-01,  3.533724308014e+00,  2.266802167980e+01,  6.229850649834e-01
  7.549999952316e-01,  3.548586368561e+00,  2.265315961926e+01,  6.254188418388e-01
  7.565000057220e-01,  3.563478946686e+00,  2.263826704113e+01,  6.278068423271e-01
  7.580000013113e-01,  3.578402042389e+00,  2.262334394543e+01,  6.303245425224e-01
  7.594999969006e-01,  3.593294620514e+00,  2.260845136730e+01,  6.329223513603e-01
  7.610000073910e-01,  3.608217716217e+00,  2.259352827160e+01,  6.357528567314e-01
  7.625000029802e-01,  3.623140811920e+00,  2.257860517590e+01,  6.388427615166e-01
  7.639999985695e-01,  3.638033390045e+00,  2.256371259777e+01,  6.418945193291e-01
  7.654999941587e-01,  3.652956485748e+00,  2.254878950207e+01,  6.449310183525e-01
  7.670000046492e-01,  3.667849063873e+00,  2.253389692394e+01,  6.482498049736e-01
  7.685000002384e-01,  3.682772159576e+00,  2.251897382824e+01,  6.519653201103e-01
  7.699999958277e-01,  3.697664737701e+00,  2.250408125011e+01,  6.560775637627e-01
  7.715000063181e-01,  3.712587833405e+00,  2.248915815441e+01,  6.605483889580e-01
  7.730000019073e-01,  3.727480411530e+00,  2.247426557629e+01,  6.651794314384e-01
  7.745000123978e-01,  3.742424488068e+00,  2.245932149975e+01,  6.698794960976e-01
  7.760000079870e-01,  3.757347583771e+00,  2.244439840405e+01,  6.747089028358e-01
  7.775000035763e-01,  3.772270679474e+00,  2.242947530834e+01,  6.795001626015e-01
  7.789999991655e-01,  3.787254810333e+00,  2.241449117748e+01,  6.837802529335e-01
  7.804999947548e-01,  3.802238941193e+00,  2.239950704662e+01,  6.875491738319e-01
  7.820000052452e-01,  3.817223072052e+00,  2.238452291576e+01,  6.912418007851e-01
  7.830000072718e-01,  3.827232837677e+00,  2.237451315014e+01,  6.936755776405e-01
  7.839999943972e-01,  3.837273120880e+00,  2.236447286694e+01,  6.959186196327e-01
  7.849999964237e-01,  3.847282886505e+00,  2.235446310131e+01,  6.978946328163e-01
  7.859999984503e-01,  3.857323169708e+00,  2.234442281811e+01,  6.996608376503e-01
  7.870000004768e-01,  3.867363452911e+00,  2.233438253490e+01,  7.013316750526e-01
  7.880000025034e-01,  3.877434253693e+00,  2.232431173412e+01,  7.029719948769e-01
  7.890000045300e-01,  3.887474536896e+00,  2.231427145092e+01,  7.045817971230e-01
  7.900000065565e-01,  3.897514820099e+00,  2.230423116772e+01,  7.061801552773e-01
  7.909999936819e-01,  3.907555103302e+00,  2.229419088451e+01,  7.078433632851e-01
  7.919999957085e-01,  3.917625904083e+00,  2.228412008373e+01,  7.096362709999e-01
  7.929999977350e-01,  3.927666187286e+00,  2.227407980053e+01,  7.115626931190e-01
  7.939999997616e-01,  3.937706470490e+00,  2.226403951733e+01,  7.135921120644e-01
  7.950000017881e-01,  3.947746753693e+00,  2.225399923412e+01,  7.157512307167e-01
  7.960000038147e-01,  3.957787036896e+00,  2.224395895092e+01,  7.180934548378e-01
  7.970000058413e-01,  3.967827320099e+00,  2.223391866772e+01,  7.206264138222e-01
  7.980000078678e-01,  3.977867603302e+00,  2.222387838451e+01,  7.232890725136e-01
  7.989999949932e-01,  3.987907886505e+00,  2.221383810131e+01,  7.260585427284e-01
  7.999999970198e-01,  3.997917652130e+00,  2.220382833569e+01,  7.289271950722e-01
  8.009999990463e-01,  4.007957935333e+00,  2.219378805248e+01,  7.319179177284e-01
  8.020000010729e-01,  4.017967700958e+00,  2.218377828686e+01,  7.350688576698e-01
  8.030000030994e-01,  4.027977466583e+00,  2.217376852123e+01,  7.383723855019e-01
  8.040000051260e-01,  4.038017749786e+00,  2.216372823803e+01,  7.417674660683e-01
  8.050000071526e-01,  4.048027515411e+00,  2.215371847240e+01,  7.451320290565e-01
  8.059999942780e-01,  4.058067798615e+00,  2.214367818920e+01,  7.483668923378e-01
  8.069999963045e-01,  4.068108081818e+00,  2.213363790600e+01,  7.514567971230e-01
  8.079999983311e-01,  4.078148365021e+00,  2.212359762280e+01,  7.544704079628e-01
  8.090000003576e-01,  4.088188648224e+00,  2.211355733959e+01,  7.574611306190e-01
  8.100000023842e-01,  4.098228931427e+00,  2.210351705639e+01,  7.603908181190e-01
  8.110000044107e-01,  4.108299732208e+00,  2.209344625561e+01,  7.631221413612e-01
  8.120000064373e-01,  4.118370532990e+00,  2.208337545483e+01,  7.656169533730e-01
  8.129999935627e-01,  4.128441333771e+00,  2.207330465405e+01,  7.679744362831e-01
  8.139999955893e-01,  4.138542652130e+00,  2.206320333569e+01,  7.703319191933e-01
  8.149999976158e-01,  4.148613452911e+00,  2.205313253490e+01,  7.726970314980e-01
  8.159999996424e-01,  4.158714771271e+00,  2.204303121655e+01,  7.749705910683e-01
  8.170000016689e-01,  4.168846607208e+00,  2.203289938061e+01,  7.770839333534e-01
  8.180000036955e-01,  4.178947925568e+00,  2.202279806225e+01,  7.790485024452e-01
  8.190000057220e-01,  4.189049243927e+00,  2.201269674389e+01,  7.809444069862e-01
  8.200000077486e-01,  4.199181079865e+00,  2.200256490795e+01,  7.828059792519e-01
  8.209999948740e-01,  4.209312915802e+00,  2.199243307201e+01,  7.846522927284e-01
  8.219999969006e-01,  4.219444751740e+00,  2.198230123608e+01,  7.865291237831e-01
  8.229999989271e-01,  4.229576587677e+00,  2.197216940014e+01,  7.884975075722e-01
  8.240000009537e-01,  4.239708423615e+00,  2.196203756420e+01,  7.905498147011e-01
  8.250000029802e-01,  4.249840259552e+00,  2.195190572826e+01,  7.926555275917e-01
  8.260000050068e-01,  4.259972095490e+00,  2.194177389233e+01,  7.947841286659e-01
  8.270000070333e-01,  4.270103931427e+00,  2.193164205639e+01,  7.970195412636e-01
  8.279999941587e-01,  4.280235767365e+00,  2.192151022045e+01,  7.994533181190e-01
  8.289999961853e-01,  4.290367603302e+00,  2.191137838451e+01,  8.021007180214e-01
  8.299999982119e-01,  4.300499439240e+00,  2.190124654858e+01,  8.049083352089e-01
  8.310000002384e-01,  4.310631275177e+00,  2.189111471264e+01,  8.077922463417e-01
  8.320000022650e-01,  4.320763111115e+00,  2.188098287670e+01,  8.106990456581e-01
  8.330000042915e-01,  4.330894947052e+00,  2.187085104076e+01,  8.136821389198e-01
  8.340000063181e-01,  4.341026782990e+00,  2.186071920483e+01,  8.168101906776e-01
  8.349999934435e-01,  4.351158618927e+00,  2.185058736889e+01,  8.200526833534e-01
  8.359999954700e-01,  4.361290454865e+00,  2.184045553295e+01,  8.233333230019e-01
  8.369999974966e-01,  4.371422290802e+00,  2.183032369701e+01,  8.265681862831e-01
  8.379999995232e-01,  4.381584644318e+00,  2.182016134350e+01,  8.296962380409e-01
  8.390000015497e-01,  4.391716480255e+00,  2.181002950756e+01,  8.327174782753e-01
  8.400000035763e-01,  4.401878833771e+00,  2.179986715405e+01,  8.356929421425e-01
  8.410000056028e-01,  4.412041187286e+00,  2.178970480053e+01,  8.386684060097e-01
  8.420000076294e-01,  4.422203540802e+00,  2.177954244701e+01,  8.416209816933e-01
  8.429999947548e-01,  4.432365894318e+00,  2.176938009350e+01,  8.444820046425e-01
  8.439999967813e-01,  4.442558765411e+00,  2.175918722240e+01,  8.472362160683e-01
  8.449999988079e-01,  4.452721118927e+00,  2.174902486889e+01,  8.498378396034e-01
  8.460000008345e-01,  4.462913990021e+00,  2.173883199780e+01,  8.521571755409e-01
  8.470000028610e-01,  4.473106861115e+00,  2.172863912670e+01,  8.540149331093e-01
  8.480000048876e-01,  4.483330249786e+00,  2.171841573803e+01,  8.553424477577e-01
  8.490000069141e-01,  4.493523120880e+00,  2.170822286694e+01,  8.562636971474e-01
  8.499999940395e-01,  4.503715991974e+00,  2.169802999584e+01,  8.569980263710e-01
  8.509999960661e-01,  4.513908863068e+00,  2.168783712475e+01,  8.576312661171e-01
  8.519999980927e-01,  4.524101734161e+00,  2.167764425365e+01,  8.580709099770e-01
  8.530000001192e-01,  4.534264087677e+00,  2.166748190014e+01,  8.582149147987e-01
  8.540000021458e-01,  4.544395923615e+00,  2.165735006420e+01,  8.581151366234e-01
  8.550000041723e-01,  4.554527759552e+00,  2.164721822826e+01,  8.578867316246e-01
  8.560000061989e-01,  4.564629077911e+00,  2.163711690990e+01,  8.575710654259e-01
  8.569999933243e-01,  4.574669361115e+00,  2.162707662670e+01,  8.571552634239e-01
  8.579999953508e-01,  4.584709644318e+00,  2.161703634350e+01,  8.566946387291e-01
  8.595000058413e-01,  4.599663257599e+00,  2.160208273022e+01,  8.562125563622e-01
  8.610000014305e-01,  4.614525318146e+00,  2.158722066967e+01,  8.560992479324e-01
  8.624999970198e-01,  4.629234790802e+00,  2.157251119701e+01,  8.561463356018e-01
  8.640000075102e-01,  4.643822193146e+00,  2.155792379467e+01,  8.563871383667e-01
  8.655000030994e-01,  4.658257007599e+00,  2.154348898022e+01,  8.568410873413e-01
  8.669999986887e-01,  4.672508716583e+00,  2.152923727123e+01,  8.572969436646e-01
  8.684999942780e-01,  4.686607837677e+00,  2.151513815014e+01,  8.576660156250e-01
  8.700000047684e-01,  4.700493335724e+00,  2.150125265209e+01,  8.576949834824e-01
  8.715000003576e-01,  4.714195728302e+00,  2.148755025951e+01,  8.571432828903e-01
  8.729999959469e-01,  4.727653980255e+00,  2.147409200756e+01,  8.561075925827e-01
  8.745000064373e-01,  4.740868091583e+00,  2.146087789623e+01,  8.547381162643e-01
  8.760000020266e-01,  4.753838062286e+00,  2.144790792553e+01,  8.531893491745e-01
  8.774999976158e-01,  4.766502857208e+00,  2.143524313061e+01,  8.515604734421e-01
  8.789999932051e-01,  4.778923511505e+00,  2.142282247631e+01,  8.497065305710e-01
  8.805000036955e-01,  4.790977954865e+00,  2.141076803295e+01,  8.475359678268e-01
  8.819999992847e-01,  4.802757740021e+00,  2.139898824780e+01,  8.453844785690e-01
  8.834999948740e-01,  4.814156055450e+00,  2.138758993237e+01,  8.435572385788e-01
  8.850000053644e-01,  4.825203418732e+00,  2.137654256908e+01,  8.422640562057e-01
  8.865000009537e-01,  4.835869312286e+00,  2.136587667553e+01,  8.415306806564e-01
  8.879999965429e-01,  4.846153736115e+00,  2.135559225170e+01,  8.411120176315e-01
  8.900000005960e-01,  4.859261035919e+00,  2.134248495190e+01,  8.410000801086e-01
  8.920000046492e-01,  4.871635913849e+00,  2.133011007397e+01,  8.412990570068e-01
  8.939999938011e-01,  4.883293628693e+00,  2.131845235912e+01,  8.418421745300e-01
  8.959999978542e-01,  4.894188404083e+00,  2.130755758373e+01,  8.430485725403e-01
  8.980000019073e-01,  4.904350757599e+00,  2.129739523022e+01,  8.459858894348e-01
  9.004999995232e-01,  4.916008472443e+00,  2.128573751537e+01,  8.512425422668e-01
  9.029999971390e-01,  4.926582813263e+00,  2.127516317455e+01,  8.569722175598e-01
  9.060000032187e-01,  4.937836170197e+00,  2.126390981762e+01,  8.654637336731e-01
  9.095000028610e-01,  4.949127674103e+00,  2.125261831371e+01,  8.762059211731e-01
  9.134999960661e-01,  4.959839344025e+00,  2.124190664379e+01,  8.889775276184e-01
  9.185000061989e-01,  4.970295429230e+00,  2.123145055859e+01,  9.031529426575e-01
  9.255000054836e-01,  4.980385303497e+00,  2.122136068432e+01,  9.243702888489e-01
  9.395000040531e-01,  4.990510463715e+00,  2.121123552410e+01,  9.635510444641e-01
  9.699999988079e-01,  4.998181819916e+00,  2.120356416790e+01,  9.755802750587e-01
  1.070000007749e+00,  5.002486705780e+00,  2.119925928204e+01,  9.710384011269e-01
  1.170499995351e+00,  5.002094268799e+00,  2.119965171902e+01,  9.631246924400e-01
  1.270500004292e+00,  5.001504421234e+00,  2.120024156658e+01,  9.592384099960e-01
  1.371000006795e+00,  5.001036167145e+00,  2.120070982067e+01,  9.550836086273e-01
  1.471499994397e+00,  5.000654220581e+00,  2.120109176724e+01,  9.512309432030e-01
  1.571500003338e+00,  5.000413417816e+00,  2.120133257000e+01,  9.500348567963e-01
  1.672000005841e+00,  5.000245571136e+00,  2.120150041668e+01,  9.462987780571e-01
  1.772499993443e+00,  5.000148296356e+00,  2.120159769146e+01,  9.465235471725e-01
  1.872500002384e+00,  5.000079154968e+00,  2.120166683285e+01,  9.425180554390e-01
  1.973000004888e+00,  5.000035285950e+00,  2.120171070187e+01,  9.404643177986e-01
  2.073500007391e+00,  4.999987125397e+00,  2.120175886242e+01,  9.390243887901e-01
  2.173999994993e+00,  4.999980926514e+00,  2.120176506130e+01,  9.412738084793e-01
  2.274000003934e+00,  4.999981880188e+00,  2.120176410763e+01,  9.356436133385e-01
  2.374500006437e+00,  4.999979019165e+00,  2.120176696865e+01,  9.376720190048e-01
  2.474999994040e+00,  4.999978065491e+00,  2.120176792233e+01,  9.376402497292e-01
  2.575000002980e+00,  5.000011920929e+00,  2.120173406689e+01,  9.320992827415e-01
  2.675500005484e+00,  5.000039100647e+00,  2.120170688717e+01,  9.321336746216e-01
  2.776000007987e+00,  5.000020980835e+00,  2.120172500698e+01,  9.309479594231e-01
  2.876499995589e+00,  4.999978065491e+00,  2.120176792233e+01,  9.300410151482e-01
  2.976500004530e+00,  5.000030040741e+00,  2.120171594708e+01,  9.280076026917e-01
  3.077000007033e+00,  4.999990940094e+00,  2.120175504772e+01,  9.270743131638e-01
  3.177499994636e+00,  5.000014781952e+00,  2.120173120586e+01,  9.280349612236e-01
  3.277500003576e+00,  5.000007152557e+00,  2.120173883526e+01,  9.288095235825e-01
  3.378000006080e+00,  5.000012397766e+00,  2.120173359005e+01,  9.264325499535e-01
  3.478499993682e+00,  5.000023365021e+00,  2.120172262280e+01,  9.251101016998e-01
  3.578500002623e+00,  5.000025749207e+00,  2.120172023861e+01,  9.255931973457e-01
  3.679000005126e+00,  5.000007152557e+00,  2.120173883526e+01,  9.238759875298e-01
  3.779500007629e+00,  5.000040054321e+00,  2.120170593350e+01,  9.224520325661e-01
  3.879999995232e+00,  4.999991893768e+00,  2.120175409405e+01,  9.217688441277e-01
  3.980000004172e+00,  5.000004291534e+00,  2.120174169628e+01,  9.222166538239e-01
  4.080500006676e+00,  4.999979019165e+00,  2.120176696865e+01,  9.208157062531e-01
  4.180999994278e+00,  4.999990940094e+00,  2.120175504772e+01,  9.189154505730e-01
  4.281000003219e+00,  4.999997138977e+00,  2.120174884884e+01,  9.201966524124e-01
  4.381500005722e+00,  5.000006675720e+00,  2.120173931210e+01,  9.192266464233e-01
  4.481999993324e+00,  4.999994754791e+00,  2.120175123303e+01,  9.186031818390e-01
  4.582000002265e+00,  5.000012874603e+00,  2.120173311321e+01,  9.185680150986e-01
  4.682500004768e+00,  4.999982357025e+00,  2.120176363079e+01,  9.181949496269e-01
  4.783000007272e+00,  5.000030517578e+00,  2.120171547024e+01,  9.166783094406e-01
  4.883499994874e+00,  4.999983787537e+00,  2.120176220028e+01,  9.158440232277e-01
  4.983500003815e+00,  5.000015258789e+00,  2.120173072903e+01,  9.153850674629e-01
  5.084000006318e+00,  5.000017166138e+00,  2.120172882168e+01,  9.151949882507e-01
  5.184499993920e+00,  5.000003814697e+00,  2.120174217312e+01,  9.161680340767e-01
  5.284500002861e+00,  5.000000000000e+00,  2.120174598782e+01,  9.120125174522e-01
  5.385000005364e+00,  5.000018119812e+00,  2.120172786800e+01,  9.125488996506e-01
  5.485500007868e+00,  4.999994277954e+00,  2.120175170986e+01,  9.127849340439e-01
  5.585999995470e+00,  5.000004768372e+00,  2.120174121944e+01,  9.133939743042e-01
  5.686000004411e+00,  5.000015735626e+00,  2.120173025219e+01,  9.139138460159e-01
  5.786500006914e+00,  5.000016212463e+00,  2.120172977535e+01,  9.115970134735e-01
  5.886999994516e+00,  4.999996662140e+00,  2.120174932568e+01,  9.144842028618e-01
  5.987000003457e+00,  5.000004291534e+00,  2.120174169628e+01,  9.139701724052e-01
  6.086999997497e+00,  5.000028133392e+00,  2.120171785442e+01,  9.114177227020e-01
  6.187000006437e+00,  5.000016689301e+00,  2.120172929852e+01,  9.114274978638e-01
  6.287000000477e+00,  5.000010490417e+00,  2.120173549740e+01,  9.095157384872e-01
  6.386999994516e+00,  5.000025272369e+00,  2.120172071545e+01,  9.103394150734e-01
  6.487000003457e+00,  5.000002861023e+00,  2.120174312679e+01,  9.082159996033e-01
  6.586999997497e+00,  5.000001430511e+00,  2.120174455730e+01,  9.109766483307e-01
  6.687000006437e+00,  5.000022411346e+00,  2.120172357647e+01,  9.060334563255e-01
  6.787000000477e+00,  5.000006198883e+00,  2.120173978893e+01,  9.105348587036e-01
  6.886999994516e+00,  5.000006675720e+00,  2.120173931210e+01,  9.092587232590e-01
  6.987000003457e+00,  5.000025272369e+00,  2.120172071545e+01,  9.084736704826e-01
  7.086999997497e+00,  5.000017642975e+00,  2.120172834484e+01,  9.079557657242e-01
  7.187000006437e+00,  5.000013828278e+00,  2.120173215954e+01,  9.056747555733e-01
  7.287000000477e+00,  4.999998092651e+00,  2.120174789516e+01,  9.072334766388e-01
  7.386999994516e+00,  4.999997138977e+00,  2.120174884884e+01,  9.070824384689e-01
  7.487000003457e+00,  5.000004768372e+00,  2.120174121944e+01,  9.068697690964e-01
  7.586999997497e+00,  4.999992847443e+00,  2.120175314037e+01,  9.060723781586e-01
  7.687000006437e+00,  4.999989509583e+00,  2.120175647823e+01,  9.047766923904e-01
  7.787000000477e+00,  5.000035285950e+00,  2.120171070187e+01,  9.046309590340e-01
  7.886999994516e+00,  4.999977588654e+00,  2.120176839916e+01,  9.057291150093e-01
  7.987000003457e+00,  5.000008106232e+00,  2.120173788158e+01,  9.055097699165e-01
  8.086999997497e+00,  4.999992370605e+00,  2.120175361721e+01,  9.030416011810e-01
  8.187000006437e+00,  4.999992370605e+00,  2.120175361721e+01,  9.057733416557e-01
  8.287000000477e+00,  4.999990463257e+00,  2.120175552456e+01,  9.035571217537e-01
  8.386999994516e+00,  5.000016689301e+00,  2.120172929852e+01,  9.032034277916e-01
  8.487000003457e+00,  5.000009536743e+00,  2.120173645107e+01,  9.018787741661e-01
  8.586999997497e+00,  5.000010013580e+00,  2.120173597424e+01,  9.041464328766e-01
  8.687000006437e+00,  5.000009059906e+00,  2.120173692791e+01,  9.038221836090e-01
  8.787000000477e+00,  4.999989509583e+00,  2.120175647823e+01,  9.013356566429e-01
  8.886999994516e+00,  5.000026226044e+00,  2.120171976177e+01,  9.036867022514e-01
  8.987000003457e+00,  5.000029563904e+00,  2.120171642391e+01,  9.000244140625e-01
  9.086999997497e+00,  5.000001430511e+00,  2.120174455730e+01,  8.990989327431e-01
  9.187000006437e+00,  5.000027179718e+00,  2.120171880810e+01,  9.014485478401e-01
  9.287000000477e+00,  4.999987602234e+00,  2.120175838558e+01,  9.023757576942e-01
  9.386999994516e+00,  5.000014305115e+00,  2.120173168270e+01,  9.012063145638e-01
  9.487000003457e+00,  5.000019073486e+00,  2.120172691433e+01,  8.988497257233e-01
  9.586999997497e+00,  5.000037670135e+00,  2.120170831768e+01,  8.984747529030e-01
  9.687000006437e+00,  4.999988555908e+00,  2.120175743191e+01,  8.974992632866e-01
  9.787000000477e+00,  5.000051021576e+00,  2.120169496624e+01,  8.996210694313e-01
  9.886999994516e+00,  5.000003337860e+00,  2.120174264996e+01,  8.983308672905e-01
  9.987000003457e+00,  4.999988079071e+00,  2.120175790875e+01,  8.994745016098e-01
  1.008699999750e+01,  4.999999523163e+00,  2.120174646465e+01,  9.004216194153e-01
  1.018700000644e+01,  4.999994754791e+00,  2.120175123303e+01,  9.021282792091e-01
  1.028700000048e+01,  4.999990463257e+00,  2.120175552456e+01,  9.008074998856e-01
  1.038699999452e+01,  5.000023365021e+00,  2.120172262280e+01,  8.986423611641e-01
  1.048700000346e+01,  4.999995708466e+00,  2.120175027935e+01,  8.997131586075e-01
  1.058699999750e+01,  5.000000000000e+00,  2.120174598782e+01,  8.993278741837e-01
  1.068700000644e+01,  4.999997138977e+00,  2.120174884884e+01,  9.010872840881e-01
  1.078700000048e+01,  4.999985218048e+00,  2.120176076977e+01,  8.980921506882e-01
  1.088699999452e+01,  5.000028133392e+00,  2.120171785442e+01,  8.977891206741e-01
  1.098700000346e+01,  5.000009536743e+00,  2.120173645107e+01,  8.976660966873e-01
  1.104600000381e+01,  4.999999046326e+00,  2.120174694149e+01,  8.952571153641e-01
  1.104700000584e+01,  5.000000000000e+00,  2.120174598782e+01,  8.953617811203e-01
  1.104999999702e+01,  4.999989509583e+00,  2.120175647823e+01,  8.956247568130e-01
  1.115000000596e+01,  5.000005245209e+00,  2.120174074261e+01,  8.970870375633e-01
  1.125000000000e+01,  4.990988731384e+00,  2.121075725643e+01,  8.909809589386e-01
  1.127099999785e+01,  4.980851173401e+00,  2.122089481442e+01,  8.762085437775e-01
  1.128200000525e+01,  4.970383644104e+00,  2.123136234371e+01,  8.639621734619e-01
  1.129000000656e+01,  4.959832191467e+00,  2.124191379635e+01,  8.719425201416e-01
  1.129700000584e+01,  4.949370384216e+00,  2.125237560360e+01,  8.741197586060e-01
  1.130349999666e+01,  4.939028739929e+00,  2.126271724789e+01,  8.765020370483e-01
  1.131000000238e+01,  4.928301811218e+00,  2.127344417660e+01,  8.755316734314e-01
  1.131599999964e+01,  4.918196678162e+00,  2.128354930965e+01,  8.770436048508e-01
  1.132199999690e+01,  4.908171653748e+00,  2.129357433407e+01,  8.785797357559e-01
  1.132850000262e+01,  4.897791862488e+00,  2.130395412533e+01,  8.859769105911e-01
  1.133550000191e+01,  4.887469291687e+00,  2.131427669613e+01,  8.718415498734e-01
  1.134250000119e+01,  4.877230644226e+00,  2.132451534359e+01,  8.607407808304e-01
  1.134950000048e+01,  4.866625785828e+00,  2.133512020199e+01,  8.592167496681e-01
  1.135600000620e+01,  4.856604576111e+00,  2.134514141171e+01,  8.613839745522e-01
  1.136300000548e+01,  4.846037864685e+00,  2.135570812313e+01,  8.638778328896e-01
  1.137049999833e+01,  4.835417747498e+00,  2.136632824032e+01,  8.645331263542e-01
  1.137849999964e+01,  4.825087547302e+00,  2.137665844051e+01,  8.622104525566e-01
  1.138750000298e+01,  4.814829826355e+00,  2.138691616146e+01,  8.643737435341e-01
  1.139849999547e+01,  4.804486274719e+00,  2.139725971310e+01,  8.557725548744e-01
  1.141099999845e+01,  4.794062614441e+00,  2.140768337338e+01,  8.403325676918e-01
  1.142249999940e+01,  4.783690452576e+00,  2.141805553524e+01,  8.335900902748e-01
  1.143250000477e+01,  4.773636817932e+00,  2.142810916988e+01,  8.319774270058e-01
  1.144200000167e+01,  4.763455390930e+00,  2.143829059689e+01,  8.327448964119e-01
  1.145149999857e+01,  4.753148078918e+00,  2.144859790890e+01,  8.337258696556e-01
  1.146099999547e+01,  4.743103981018e+00,  2.145864200680e+01,  8.326378464699e-01
  1.147100000083e+01,  4.732983589172e+00,  2.146876239864e+01,  8.299685120583e-01
  1.148149999976e+01,  4.722796440125e+00,  2.147894954769e+01,  8.257895112038e-01
  1.149250000715e+01,  4.712344169617e+00,  2.148940181820e+01,  8.210754990578e-01
  1.150300000608e+01,  4.702250480652e+00,  2.149949550716e+01,  8.179031014442e-01
  1.151350000501e+01,  4.691969871521e+00,  2.150977611630e+01,  8.158035874367e-01
  1.152400000393e+01,  4.681540489197e+00,  2.152020549862e+01,  8.142245411873e-01
  1.153450000286e+01,  4.671156883240e+00,  2.153058910458e+01,  8.112991452217e-01
  1.154500000179e+01,  4.660885810852e+00,  2.154086017696e+01,  8.065164685249e-01
  1.155550000072e+01,  4.650595664978e+00,  2.155115032284e+01,  8.007844090462e-01
  1.156599999964e+01,  4.640139579773e+00,  2.156160640804e+01,  7.954686284065e-01
  1.157600000501e+01,  4.629733085632e+00,  2.157201290218e+01,  7.923902869225e-01
  1.158550000191e+01,  4.619460105896e+00,  2.158228588192e+01,  7.937807440758e-01
  1.159499999881e+01,  4.609198570251e+00,  2.159254741756e+01,  7.946427464485e-01
  1.160449999571e+01,  4.599188804626e+00,  2.160255718319e+01,  7.937021255493e-01
  1.161450000107e+01,  4.588995933533e+00,  2.161275005428e+01,  7.913050651550e-01
  1.162500000000e+01,  4.578789710999e+00,  2.162295627682e+01,  7.876596450806e-01
  1.163600000739e+01,  4.568394660950e+00,  2.163335132687e+01,  7.795419692993e-01
  1.164650000632e+01,  4.558194160461e+00,  2.164355182735e+01,  7.761161923409e-01
  1.165649999678e+01,  4.548169136047e+00,  2.165357685177e+01,  7.749912142754e-01
  1.166650000215e+01,  4.538037300110e+00,  2.166370868771e+01,  7.747369408607e-01
  1.167650000751e+01,  4.528016090393e+00,  2.167372989742e+01,  7.734735608101e-01
  1.168700000644e+01,  4.517697334290e+00,  2.168404865353e+01,  7.702334523201e-01
  1.169750000536e+01,  4.507534980774e+00,  2.169421100704e+01,  7.661975026131e-01
  1.170800000429e+01,  4.497363090515e+00,  2.170438289730e+01,  7.618973851204e-01
  1.171850000322e+01,  4.487076759338e+00,  2.171466922848e+01,  7.598428130150e-01
  1.172900000215e+01,  4.476689338684e+00,  2.172505664913e+01,  7.568380236626e-01
  1.173950000107e+01,  4.466206550598e+00,  2.173553943722e+01,  7.542434334755e-01
  1.174950000644e+01,  4.456093788147e+00,  2.174565219967e+01,  7.520518898964e-01
  1.175949999690e+01,  4.445958137512e+00,  2.175578785030e+01,  7.500534653664e-01
  1.176950000226e+01,  4.435853004456e+00,  2.176589298336e+01,  7.455969452858e-01
  1.177950000763e+01,  4.425797462463e+00,  2.177594852535e+01,  7.438686490059e-01
  1.179000000656e+01,  4.415371894836e+00,  2.178637409298e+01,  7.422896027565e-01
  1.180050000548e+01,  4.405089855194e+00,  2.179665613262e+01,  7.388643622398e-01
  1.181100000441e+01,  4.394797801971e+00,  2.180694818584e+01,  7.342657446861e-01
  1.182099999487e+01,  4.384776592255e+00,  2.181696939556e+01,  7.321240305901e-01
  1.183100000024e+01,  4.374553203583e+00,  2.182719278423e+01,  7.295023798943e-01
  1.184100000560e+01,  4.364341259003e+00,  2.183740472881e+01,  7.270428538322e-01
  1.185099999607e+01,  4.354285717010e+00,  2.184746027081e+01,  7.245036959648e-01
  1.186149999499e+01,  4.343890666962e+00,  2.185785532085e+01,  7.216460108757e-01
  1.187199999392e+01,  4.333503246307e+00,  2.186824274151e+01,  7.181074023247e-01
  1.188250000775e+01,  4.323020458221e+00,  2.187872552959e+01,  7.158064246178e-01
  1.189249999821e+01,  4.312930583954e+00,  2.188881540386e+01,  7.137257456779e-01
  1.190250000358e+01,  4.302787303925e+00,  2.189895868389e+01,  7.109243273735e-01
  1.191249999404e+01,  4.292724132538e+00,  2.190902185528e+01,  7.090261578560e-01
  1.192300000787e+01,  4.282325267792e+00,  2.191942072002e+01,  7.068747878075e-01
  1.193350000679e+01,  4.272010326385e+00,  2.192973566143e+01,  7.033557295799e-01
  1.194400000572e+01,  4.261626720428e+00,  2.194011926739e+01,  6.995419859886e-01
  1.195399999619e+01,  4.251590251923e+00,  2.195015573589e+01,  6.977981925011e-01
  1.196400000155e+01,  4.241496562958e+00,  2.196024942486e+01,  6.956552863121e-01
  1.197400000691e+01,  4.231467723846e+00,  2.197027826397e+01,  6.929530501366e-01
  1.198450000584e+01,  4.221053600311e+00,  2.198069238751e+01,  6.890811324120e-01
  1.199500000477e+01,  4.210704326630e+00,  2.199104166119e+01,  6.872764229774e-01
  1.200550000370e+01,  4.200366497040e+00,  2.200137949078e+01,  6.843157410622e-01
  1.201600000262e+01,  4.190001964569e+00,  2.201174402325e+01,  6.812003254890e-01
  1.202650000155e+01,  4.179576396942e+00,  2.202216959087e+01,  6.787548661232e-01
  1.203700000048e+01,  4.169101238251e+00,  2.203264474957e+01,  6.775134801865e-01
  1.204749999940e+01,  4.158683300018e+00,  2.204306268780e+01,  6.747718453407e-01
  1.205799999833e+01,  4.148276805878e+00,  2.205346918194e+01,  6.719996929169e-01
  1.206800000370e+01,  4.138270854950e+00,  2.206347513287e+01,  6.713246107101e-01
  1.207850000262e+01,  4.127788066864e+00,  2.207395792095e+01,  6.694026589394e-01
  1.208900000155e+01,  4.117331981659e+00,  2.208441400616e+01,  6.669250130653e-01
  1.209950000048e+01,  4.106856822968e+00,  2.209488916485e+01,  6.633449196815e-01
  1.210999999940e+01,  4.096370220184e+00,  2.210537576763e+01,  6.604700684547e-01
  1.212000000477e+01,  4.086349010468e+00,  2.211539697735e+01,  6.580057740211e-01
  1.212999999523e+01,  4.076285839081e+00,  2.212546014874e+01,  6.564724445343e-01
  1.214000000060e+01,  4.066215038300e+00,  2.213553094952e+01,  6.550329923630e-01
  1.215000000596e+01,  4.056193828583e+00,  2.214555215923e+01,  6.524080038071e-01
  1.215999999642e+01,  4.046187877655e+00,  2.215555811016e+01,  6.492861509323e-01
  1.217000000179e+01,  4.036120891571e+00,  2.216562509625e+01,  6.470845937729e-01
  1.218000000715e+01,  4.026042461395e+00,  2.217570352642e+01,  6.438635587692e-01
  1.218999999762e+01,  4.015986919403e+00,  2.218575906841e+01,  6.412347555161e-01
  1.220000000298e+01,  4.005965709686e+00,  2.219578027813e+01,  6.391367912292e-01
  1.221050000191e+01,  3.995528459549e+00,  2.220621752827e+01,  6.364263296127e-01
  1.222100000083e+01,  3.985171556473e+00,  2.221657443134e+01,  6.328824758530e-01
  1.223149999976e+01,  3.974707841873e+00,  2.222703814594e+01,  6.294263601303e-01
  1.224150000513e+01,  3.964522600174e+00,  2.223722338764e+01,  6.278840899467e-01
  1.225149999559e+01,  3.954238176346e+00,  2.224750781147e+01,  6.279755234718e-01
  1.226150000095e+01,  3.944094896317e+00,  2.225765109150e+01,  6.268898248672e-01
  1.227199999988e+01,  3.933657884598e+00,  2.226808810322e+01,  6.230469942093e-01
  1.228249999881e+01,  3.923362016678e+00,  2.227838397114e+01,  6.186796426773e-01
  1.229299999774e+01,  3.913035631180e+00,  2.228871035664e+01,  6.165360212326e-01
  1.230349999666e+01,  3.902566194534e+00,  2.229917979328e+01,  6.143704056740e-01
  1.231350000203e+01,  3.892499208450e+00,  2.230924677937e+01,  6.121626496315e-01
  1.232350000739e+01,  3.882432222366e+00,  2.231931376545e+01,  6.101120114326e-01
  1.233400000632e+01,  3.871976137161e+00,  2.232976985066e+01,  6.087027192116e-01
  1.234450000525e+01,  3.861705064774e+00,  2.234004092304e+01,  6.046028733253e-01
  1.235500000417e+01,  3.851430177689e+00,  2.235031581013e+01,  6.002331376076e-01
  1.236550000310e+01,  3.840985536575e+00,  2.236076045124e+01,  5.977528691292e-01
  1.237549999356e+01,  3.830937623978e+00,  2.237080836384e+01,  5.971392393112e-01
  1.238549999893e+01,  3.820893526077e+00,  2.238085246174e+01,  5.940083265305e-01
  1.239550000429e+01,  3.810818910599e+00,  2.239092707722e+01,  5.918267965317e-01
  1.240549999475e+01,  3.800770998001e+00,  2.240097498982e+01,  5.908259153366e-01
  1.241599999368e+01,  3.790288209915e+00,  2.241145777790e+01,  5.895300507545e-01
  1.242650000751e+01,  3.779843568802e+00,  2.242190241901e+01,  5.867543816566e-01
  1.243700000644e+01,  3.769376039505e+00,  2.243236994831e+01,  5.857834219933e-01
  1.244750000536e+01,  3.759042024612e+00,  2.244270396320e+01,  5.812878012657e-01
  1.245800000429e+01,  3.748751878738e+00,  2.245299410908e+01,  5.769810080528e-01
  1.246850000322e+01,  3.738337755203e+00,  2.246340823261e+01,  5.725693106651e-01
  1.247849999368e+01,  3.728228807449e+00,  2.247351718037e+01,  5.689011216164e-01
  1.248849999905e+01,  3.717971086502e+00,  2.248377490131e+01,  5.684630274773e-01
  1.249850000441e+01,  3.707648515701e+00,  2.249409747212e+01,  5.683169364929e-01
  1.250849999487e+01,  3.697463274002e+00,  2.250428271381e+01,  5.680110454559e-01
  1.251899999380e+01,  3.687033891678e+00,  2.251471209614e+01,  5.654981732368e-01
  1.252950000763e+01,  3.676799058914e+00,  2.252494692890e+01,  5.632110834122e-01
  1.254000000656e+01,  3.666545152664e+00,  2.253520083515e+01,  5.595241785049e-01
  1.255050000548e+01,  3.656119823456e+00,  2.254562616436e+01,  5.581533312798e-01
  1.256049999595e+01,  3.645987987518e+00,  2.255575800030e+01,  5.560714602470e-01
  1.257050000131e+01,  3.635787487030e+00,  2.256595850079e+01,  5.547282695770e-01
  1.258050000668e+01,  3.625613689423e+00,  2.257613229839e+01,  5.531321763992e-01
  1.259049999714e+01,  3.615561962128e+00,  2.258618402569e+01,  5.503584146500e-01
  1.260050000250e+01,  3.605544567108e+00,  2.259620142071e+01,  5.464578866959e-01
  1.261100000143e+01,  3.595069408417e+00,  2.260667657940e+01,  5.452266931534e-01
  1.262150000036e+01,  3.584582805634e+00,  2.261716318218e+01,  5.431697368622e-01
  1.263199999928e+01,  3.574096202850e+00,  2.262764978497e+01,  5.411968231201e-01
  1.264249999821e+01,  3.563632488251e+00,  2.263811349957e+01,  5.395488739014e-01
  1.265299999714e+01,  3.553275585175e+00,  2.264847040264e+01,  5.372192859650e-01
  1.266349999607e+01,  3.542907238007e+00,  2.265883874981e+01,  5.341475009918e-01
  1.267399999499e+01,  3.532462596893e+00,  2.266928339092e+01,  5.317280292511e-01
  1.268449999392e+01,  3.521995067596e+00,  2.267975092022e+01,  5.301959514618e-01
  1.269500000775e+01,  3.511519908905e+00,  2.269022607891e+01,  5.274212360382e-01
  1.270550000668e+01,  3.501071453094e+00,  2.270067453472e+01,  5.246460437775e-01
  1.271600000560e+01,  3.490680217743e+00,  2.271106577007e+01,  5.210945606232e-01
  1.272650000453e+01,  3.480304241180e+00,  2.272144174664e+01,  5.178987979889e-01
  1.273700000346e+01,  3.469859600067e+00,  2.273188638775e+01,  5.153186321259e-01
  1.274699999392e+01,  3.459846019745e+00,  2.274189996807e+01,  5.132460594177e-01
  1.275699999928e+01,  3.449809551239e+00,  2.275193643658e+01,  5.113868713379e-01
  1.276700000465e+01,  3.439761638641e+00,  2.276198434917e+01,  5.110138654709e-01
  1.277699999511e+01,  3.429740428925e+00,  2.277200555889e+01,  5.091692209244e-01
  1.278700000048e+01,  3.419734477997e+00,  2.278201150982e+01,  5.071840882301e-01
  1.279749999940e+01,  3.409289836884e+00,  2.279245615093e+01,  5.044732689857e-01
  1.280750000477e+01,  3.399271011353e+00,  2.280247497646e+01,  5.019645094872e-01
  1.281749999523e+01,  3.389123916626e+00,  2.281262207119e+01,  4.995545744896e-01
  1.282750000060e+01,  3.378915786743e+00,  2.282283020107e+01,  4.980308413506e-01
  1.283750000596e+01,  3.368799209595e+00,  2.283294677822e+01,  4.957701563835e-01
  1.284749999642e+01,  3.358789443970e+00,  2.284295654385e+01,  4.940816760063e-01
  1.285799999535e+01,  3.348348617554e+00,  2.285339737026e+01,  4.909526705742e-01
  1.286849999428e+01,  3.337972640991e+00,  2.286377334683e+01,  4.881991744041e-01
  1.287899999321e+01,  3.327566146851e+00,  2.287417984097e+01,  4.855815768242e-01
  1.288899999857e+01,  3.317552566528e+00,  2.288419342129e+01,  4.835364222527e-01
  1.289900000393e+01,  3.307477951050e+00,  2.289426803677e+01,  4.817949235439e-01
  1.290899999440e+01,  3.297441482544e+00,  2.290430450527e+01,  4.804760515690e-01
  1.291899999976e+01,  3.287397384644e+00,  2.291434860317e+01,  4.787425696850e-01
  1.292900000513e+01,  3.277376174927e+00,  2.292436981289e+01,  4.775458872318e-01
  1.293950000405e+01,  3.266920089722e+00,  2.293482589809e+01,  4.760672748089e-01
  1.295000000298e+01,  3.256540298462e+00,  2.294520568935e+01,  4.730603396893e-01
  1.296050000191e+01,  3.246156692505e+00,  2.295558929531e+01,  4.692198932171e-01
  1.297100000083e+01,  3.235773086548e+00,  2.296597290127e+01,  4.659382998943e-01
  1.298149999976e+01,  3.225374221802e+00,  2.297637176601e+01,  4.631535708904e-01
  1.299150000513e+01,  3.215368270874e+00,  2.298637771694e+01,  4.603426158428e-01
  1.300149999559e+01,  3.205198287964e+00,  2.299654769985e+01,  4.595578312874e-01
  1.301150000095e+01,  3.195039749146e+00,  2.300670623867e+01,  4.598059952259e-01
  1.302199999988e+01,  3.184568405151e+00,  2.301717758266e+01,  4.579942524433e-01
  1.303249999881e+01,  3.174230575562e+00,  2.302751541225e+01,  4.544284641743e-01
  1.304299999774e+01,  3.163942337036e+00,  2.303780365078e+01,  4.517083466053e-01
  1.305349999666e+01,  3.153544187546e+00,  2.304820180027e+01,  4.484972655773e-01
  1.306350000203e+01,  3.143473386765e+00,  2.305827260105e+01,  4.458079040051e-01
  1.307350000739e+01,  3.133215665817e+00,  2.306853032200e+01,  4.440977275372e-01
  1.308349999785e+01,  3.122942686081e+00,  2.307880330174e+01,  4.425263106823e-01
  1.309350000322e+01,  3.112742185593e+00,  2.308900380222e+01,  4.405848681927e-01
  1.310349999368e+01,  3.102694272995e+00,  2.309905171482e+01,  4.383523166180e-01
  1.311349999905e+01,  3.092688322067e+00,  2.310905766575e+01,  4.362005889416e-01
  1.312350000441e+01,  3.082667112350e+00,  2.311907887547e+01,  4.344322383404e-01
  1.313349999487e+01,  3.072531461716e+00,  2.312921452610e+01,  4.321334064007e-01
  1.314350000024e+01,  3.062308073044e+00,  2.313943791477e+01,  4.297611415386e-01
  1.315350000560e+01,  3.052096128464e+00,  2.314964985935e+01,  4.269730746746e-01
  1.316349999607e+01,  3.041952848434e+00,  2.315979313938e+01,  4.244608581066e-01
  1.317350000143e+01,  3.031908750534e+00,  2.316983723728e+01,  4.216704070568e-01
  1.318350000679e+01,  3.021902799606e+00,  2.317984318821e+01,  4.195413291454e-01
  1.319349999726e+01,  3.011873960495e+00,  2.318987202732e+01,  4.175114333630e-01
  1.320350000262e+01,  3.001745939255e+00,  2.320000004856e+01,  4.158723056316e-01
  1.321350000799e+01,  2.991575956345e+00,  2.321017003147e+01,  4.140860736370e-01
  1.322349999845e+01,  2.981375455856e+00,  2.322037053196e+01,  4.125439524651e-01
  1.323350000381e+01,  2.971220731735e+00,  2.323052525608e+01,  4.101316332817e-01
  1.324349999428e+01,  2.961218595505e+00,  2.324052739231e+01,  4.077257514000e-01
  1.325399999321e+01,  2.950865507126e+00,  2.325088048069e+01,  4.045414328575e-01
  1.326450000703e+01,  2.940497159958e+00,  2.326124882786e+01,  4.012731909752e-01
  1.327500000596e+01,  2.930041074753e+00,  2.327170491306e+01,  3.981294035912e-01
  1.328499999642e+01,  2.919996976852e+00,  2.328174901096e+01,  3.969361186028e-01
  1.329500000179e+01,  2.909937620163e+00,  2.329180836765e+01,  3.950812220573e-01
  1.330500000715e+01,  2.899831295013e+00,  2.330191469280e+01,  3.933576643467e-01
  1.331499999762e+01,  2.889794826508e+00,  2.331195116131e+01,  3.924585580826e-01
  1.332549999654e+01,  2.879424571991e+00,  2.332232141583e+01,  3.911996483803e-01
  1.333599999547e+01,  2.869102001190e+00,  2.333264398663e+01,  3.871589303017e-01
  1.334649999440e+01,  2.858703136444e+00,  2.334304285137e+01,  3.854480087757e-01
  1.335699999332e+01,  2.848258495331e+00,  2.335348749249e+01,  3.830118477345e-01
  1.336750000715e+01,  2.837760448456e+00,  2.336398553936e+01,  3.802984058857e-01
  1.337749999762e+01,  2.827670574188e+00,  2.337407541363e+01,  3.790013790131e-01
  1.338799999654e+01,  2.817245006561e+00,  2.338450098126e+01,  3.778311610222e-01
  1.339849999547e+01,  2.806968212128e+00,  2.339477777569e+01,  3.752643465996e-01
  1.340899999440e+01,  2.796735286713e+00,  2.340501070110e+01,  3.734915852547e-01
  1.341949999332e+01,  2.786405086517e+00,  2.341534090130e+01,  3.712304234505e-01
  1.342949999869e+01,  2.776338100433e+00,  2.342540788738e+01,  3.686454892159e-01
  1.343950000405e+01,  2.765981197357e+00,  2.343576479046e+01,  3.674618005753e-01
  1.344949999452e+01,  2.755471706390e+00,  2.344627428143e+01,  3.662879467010e-01
  1.345949999988e+01,  2.745038509369e+00,  2.345670747845e+01,  3.651372492313e-01
  1.346950000525e+01,  2.734830379486e+00,  2.346691560833e+01,  3.636265695095e-01
  1.348000000417e+01,  2.724393367767e+00,  2.347735262005e+01,  3.596812188625e-01
  1.349050000310e+01,  2.714040279388e+00,  2.348770570843e+01,  3.569551408291e-01
  1.350100000203e+01,  2.703649044037e+00,  2.349809694378e+01,  3.541630208492e-01
  1.351150000095e+01,  2.693150997162e+00,  2.350859499065e+01,  3.530300557613e-01
  1.352199999988e+01,  2.682652950287e+00,  2.351909303753e+01,  3.518388867378e-01
  1.353249999881e+01,  2.672193050385e+00,  2.352955293743e+01,  3.508953452110e-01
  1.354299999774e+01,  2.661717891693e+00,  2.354002809612e+01,  3.489122688770e-01
  1.355300000310e+01,  2.651710748672e+00,  2.355003523914e+01,  3.470921516418e-01
  1.356299999356e+01,  2.641681909561e+00,  2.356006407826e+01,  3.435463905334e-01
  1.357299999893e+01,  2.631633996964e+00,  2.357011199085e+01,  3.420734107494e-01
  1.358349999785e+01,  2.621162652969e+00,  2.358058333485e+01,  3.407160043716e-01
  1.359399999678e+01,  2.610868692398e+00,  2.359087729542e+01,  3.384798765182e-01
  1.360449999571e+01,  2.600696802139e+00,  2.360104918568e+01,  3.358906507492e-01
  1.361499999464e+01,  2.590416193008e+00,  2.361132979481e+01,  3.333425521851e-01
  1.362549999356e+01,  2.579921960831e+00,  2.362182402699e+01,  3.316062688828e-01
  1.363549999893e+01,  2.569763422012e+00,  2.363198256580e+01,  3.298271894455e-01
  1.364550000429e+01,  2.559593439102e+00,  2.364215254871e+01,  3.276590108871e-01
  1.365549999475e+01,  2.549492120743e+00,  2.365225386707e+01,  3.258272409439e-01
  1.366599999368e+01,  2.539032220840e+00,  2.366271376698e+01,  3.229328393936e-01
  1.367650000751e+01,  2.528702020645e+00,  2.367304396717e+01,  3.205863237381e-01
  1.368700000644e+01,  2.518368005753e+00,  2.368337798206e+01,  3.188594579697e-01
  1.369750000536e+01,  2.507881402969e+00,  2.369386458485e+01,  3.186033666134e-01
  1.370749999583e+01,  2.497833490372e+00,  2.370391249744e+01,  3.169595599174e-01
  1.371750000119e+01,  2.487823724747e+00,  2.371392226307e+01,  3.153678476810e-01
  1.372800000012e+01,  2.477352380753e+00,  2.372439360706e+01,  3.120757639408e-01
  1.373800000548e+01,  2.467350244522e+00,  2.373439574329e+01,  3.095809519291e-01
  1.374799999595e+01,  2.457313776016e+00,  2.374443221180e+01,  3.074074089527e-01
  1.375800000131e+01,  2.447242975235e+00,  2.375450301258e+01,  3.057354986668e-01
  1.376800000668e+01,  2.437168359756e+00,  2.376457762806e+01,  3.044360578060e-01
  1.377799999714e+01,  2.427150964737e+00,  2.377459502308e+01,  3.019426763058e-01
  1.378849999607e+01,  2.416710138321e+00,  2.378503584950e+01,  2.989600598812e-01
  1.379899999499e+01,  2.406326532364e+00,  2.379541945545e+01,  2.960327565670e-01
  1.380949999392e+01,  2.395886182785e+00,  2.380585980503e+01,  2.944668531418e-01
  1.381949999928e+01,  2.385880231857e+00,  2.381586575596e+01,  2.923268079758e-01
  1.382950000465e+01,  2.375839948654e+00,  2.382590603916e+01,  2.921410202980e-01
  1.383949999511e+01,  2.365811109543e+00,  2.383593487827e+01,  2.904103696346e-01
  1.384950000048e+01,  2.355755567551e+00,  2.384599042027e+01,  2.884872853756e-01
  1.385950000584e+01,  2.345719099045e+00,  2.385602688877e+01,  2.858994901180e-01
  1.387000000477e+01,  2.335247755051e+00,  2.386649823277e+01,  2.827161252499e-01
  1.388050000370e+01,  2.324810743332e+00,  2.387693524448e+01,  2.801612317562e-01
  1.389100000262e+01,  2.314430952072e+00,  2.388731503574e+01,  2.788260281086e-01
  1.390150000155e+01,  2.304148435593e+00,  2.389759755222e+01,  2.764916718006e-01
  1.391200000048e+01,  2.293867826462e+00,  2.390787816135e+01,  2.740812599659e-01
  1.392249999940e+01,  2.283465147018e+00,  2.391828084080e+01,  2.733854353428e-01
  1.393299999833e+01,  2.272978544235e+00,  2.392876744358e+01,  2.717978060246e-01
  1.394300000370e+01,  2.262957334518e+00,  2.393878865330e+01,  2.698446810246e-01
  1.395299999416e+01,  2.252936124802e+00,  2.394880986301e+01,  2.694405019283e-01
  1.396299999952e+01,  2.242922544479e+00,  2.395882344334e+01,  2.676052749157e-01
  1.397300000489e+01,  2.232908964157e+00,  2.396883702366e+01,  2.651824653149e-01
  1.398299999535e+01,  2.222845792770e+00,  2.397890019505e+01,  2.637760341167e-01
  1.399300000072e+01,  2.212824583054e+00,  2.398892140476e+01,  2.613889873028e-01
  1.400349999964e+01,  2.202353239059e+00,  2.399939274876e+01,  2.577993571758e-01
  1.401399999857e+01,  2.191904783249e+00,  2.400984120457e+01,  2.544262111187e-01
  1.402449999750e+01,  2.181418180466e+00,  2.402032780735e+01,  2.535262703896e-01
  1.403499999642e+01,  2.170958280563e+00,  2.403078770725e+01,  2.520763278008e-01
  1.404549999535e+01,  2.160544157028e+00,  2.404120183079e+01,  2.501565814018e-01
  1.405599999428e+01,  2.150254487991e+00,  2.405149149982e+01,  2.481363564730e-01
  1.406649999321e+01,  2.139983415604e+00,  2.406176257221e+01,  2.453003674746e-01
  1.407700000703e+01,  2.129595994949e+00,  2.407214999287e+01,  2.419148236513e-01
  1.408699999750e+01,  2.119490861893e+00,  2.408225512592e+01,  2.403486520052e-01
  1.409700000286e+01,  2.109145402908e+00,  2.409260058491e+01,  2.411782890558e-01
  1.410699999332e+01,  2.098742723465e+00,  2.410300326435e+01,  2.404490858316e-01
  1.411699999869e+01,  2.088504076004e+00,  2.411324191181e+01,  2.394783347845e-01
  1.412749999762e+01,  2.078063249588e+00,  2.412368273823e+01,  2.363889068365e-01
  1.413799999654e+01,  2.067820787430e+00,  2.413392520039e+01,  2.318608611822e-01
  1.414849999547e+01,  2.057620286942e+00,  2.414412570087e+01,  2.274739593267e-01
  1.415899999440e+01,  2.047301530838e+00,  2.415444445698e+01,  2.255963087082e-01
  1.416949999332e+01,  2.036849260330e+00,  2.416489672749e+01,  2.248053997755e-01
  1.417949999869e+01,  2.026755571365e+00,  2.417499041645e+01,  2.249354422092e-01
  1.418950000405e+01,  2.016688585281e+00,  2.418505740253e+01,  2.250347882509e-01
  1.420000000298e+01,  2.006224870682e+00,  2.419552111713e+01,  2.228059768677e-01
  1.420999999344e+01,  1.996222853661e+00,  2.420552313416e+01,  2.208271622658e-01
  1.421999999881e+01,  1.986136794090e+00,  2.421560919373e+01,  2.189573794603e-01
  1.423000000417e+01,  1.976069808006e+00,  2.422567617981e+01,  2.179388552904e-01
  1.423999999464e+01,  1.965999007225e+00,  2.423574698059e+01,  2.151498347521e-01
  1.425000000000e+01,  1.955951094627e+00,  2.424579489319e+01,  2.139843553305e-01
  1.426049999893e+01,  1.945498824120e+00,  2.425624716370e+01,  2.113314718008e-01
  1.427099999785e+01,  1.935141921043e+00,  2.426660406677e+01,  2.086654752493e-01
  1.428149999678e+01,  1.924739241600e+00,  2.427700674622e+01,  2.061625570059e-01
  1.429199999571e+01,  1.914302229881e+00,  2.428744375794e+01,  2.053461968899e-01
  1.430249999464e+01,  1.903824687004e+00,  2.429792130081e+01,  2.027009576559e-01
  1.431250000000e+01,  1.893788218498e+00,  2.430795776932e+01,  2.017318904400e-01
  1.432250000536e+01,  1.883725047112e+00,  2.431802094070e+01,  2.004680335522e-01
  1.433249999583e+01,  1.873715281487e+00,  2.432803070633e+01,  1.983179748058e-01
  1.434250000119e+01,  1.863678812981e+00,  2.433806717484e+01,  1.950473487377e-01
  1.435250000656e+01,  1.853619456291e+00,  2.434812653153e+01,  1.947164386511e-01
  1.436249999702e+01,  1.843605875969e+00,  2.435814011185e+01,  1.924121230841e-01
  1.437299999595e+01,  1.833176493645e+00,  2.436856949417e+01,  1.913062185049e-01
  1.438349999487e+01,  1.822869181633e+00,  2.437887680618e+01,  1.896640956402e-01
  1.439399999380e+01,  1.812653422356e+00,  2.438909256546e+01,  1.879708468914e-01
  1.440450000763e+01,  1.802460551262e+00,  2.439928543655e+01,  1.846172511578e-01
  1.441500000656e+01,  1.792031168938e+00,  2.440971481888e+01,  1.826352626085e-01
  1.442499999702e+01,  1.781838297844e+00,  2.441990768997e+01,  1.809782534838e-01
  1.443500000238e+01,  1.771607279778e+00,  2.443013870804e+01,  1.796588450670e-01
  1.444500000775e+01,  1.761467814445e+00,  2.444027817337e+01,  1.784850656986e-01
  1.445499999821e+01,  1.751397013664e+00,  2.445034897415e+01,  1.779626458883e-01
  1.446549999714e+01,  1.741085886955e+00,  2.446066010086e+01,  1.764089912176e-01
  1.447599999607e+01,  1.730997920036e+00,  2.447074806778e+01,  1.728765815496e-01
  1.448649999499e+01,  1.720772624016e+00,  2.448097336380e+01,  1.702360957861e-01
  1.449699999392e+01,  1.710312724113e+00,  2.449143326370e+01,  1.688313335180e-01
  1.450699999928e+01,  1.700245738029e+00,  2.450150024979e+01,  1.674435585737e-01
  1.451700000465e+01,  1.690163493156e+00,  2.451158249466e+01,  1.655528992414e-01
  1.452699999511e+01,  1.680012583733e+00,  2.452173340408e+01,  1.641767472029e-01
  1.453700000048e+01,  1.669861674309e+00,  2.453188431351e+01,  1.625283211470e-01
  1.454700000584e+01,  1.659790873528e+00,  2.454195511429e+01,  1.608846634626e-01
  1.455699999630e+01,  1.649782538414e+00,  2.455196344940e+01,  1.590996384621e-01
  1.456749999523e+01,  1.639315009117e+00,  2.456243097870e+01,  1.556990742683e-01
  1.457799999416e+01,  1.628839850426e+00,  2.457290613739e+01,  1.536115407944e-01
  1.458799999952e+01,  1.618791937828e+00,  2.458295404999e+01,  1.524173319340e-01
  1.459800000489e+01,  1.608709692955e+00,  2.459303629486e+01,  1.504456102848e-01
  1.460799999535e+01,  1.598661780357e+00,  2.460308420746e+01,  1.482698023319e-01
  1.461800000072e+01,  1.588610053062e+00,  2.461313593475e+01,  1.472755968571e-01
  1.462800000608e+01,  1.578565955162e+00,  2.462318003265e+01,  1.442698538303e-01
  1.463850000501e+01,  1.568094611168e+00,  2.463365137665e+01,  1.409544050694e-01
  1.464849999547e+01,  1.558084845543e+00,  2.464366114227e+01,  1.391920149326e-01
  1.465850000083e+01,  1.547964453697e+00,  2.465378153412e+01,  1.382533609867e-01
  1.466850000620e+01,  1.537863135338e+00,  2.466388285248e+01,  1.380874365568e-01
  1.467900000513e+01,  1.527414679527e+00,  2.467433130829e+01,  1.369917988777e-01
  1.468950000405e+01,  1.516981482506e+00,  2.468476450531e+01,  1.338532567024e-01
  1.469949999452e+01,  1.506876349449e+00,  2.469486963837e+01,  1.328143775463e-01
  1.470949999988e+01,  1.496710181236e+00,  2.470503580658e+01,  1.323770135641e-01
  1.471950000525e+01,  1.486631751060e+00,  2.471511423676e+01,  1.312407702208e-01
  1.473000000417e+01,  1.476240515709e+00,  2.472550547211e+01,  1.299964040518e-01
  1.474050000310e+01,  1.466087698936e+00,  2.473565828888e+01,  1.279657185078e-01
  1.475100000203e+01,  1.456081748009e+00,  2.474566423981e+01,  1.238768324256e-01
  1.476150000095e+01,  1.445875525475e+00,  2.475587046234e+01,  1.188013777137e-01
  1.477150000632e+01,  1.435743689537e+00,  2.476600229828e+01,  1.168009266257e-01
  1.478149999678e+01,  1.425283789635e+00,  2.477646219818e+01,  1.160026416183e-01
  1.479099999368e+01,  1.415216803551e+00,  2.478652918427e+01,  1.166726723313e-01
  1.480099999905e+01,  1.404810309410e+00,  2.479693567841e+01,  1.168969646096e-01
  1.481100000441e+01,  1.394718647003e+00,  2.480702734081e+01,  1.162659376860e-01
  1.482150000334e+01,  1.384354114532e+00,  2.481739187328e+01,  1.132032126188e-01
  1.483200000226e+01,  1.374050617218e+00,  2.482769537060e+01,  1.110185831785e-01
  1.484250000119e+01,  1.363712787628e+00,  2.483803320019e+01,  1.066269129515e-01
  1.485250000656e+01,  1.353657245636e+00,  2.484808874218e+01,  1.044183671474e-01
  1.486249999702e+01,  1.343464374542e+00,  2.485828161327e+01,  1.021808981895e-01
  1.487250000238e+01,  1.333199024200e+00,  2.486854696362e+01,  1.021469831467e-01
  1.488250000775e+01,  1.323021411896e+00,  2.487872457592e+01,  1.008917689323e-01
  1.489249999821e+01,  1.312992572784e+00,  2.488875341503e+01,  1.002774536610e-01
  1.490299999714e+01,  1.302635669708e+00,  2.489911031811e+01,  9.711745381355e-02
  1.491349999607e+01,  1.292362689972e+00,  2.490938329784e+01,  9.392502903938e-02
  1.492399999499e+01,  1.282013416290e+00,  2.491973257153e+01,  9.127858281136e-02
  1.493449999392e+01,  1.271507740021e+00,  2.493023824780e+01,  9.084422141314e-02
  1.494449999928e+01,  1.261421680450e+00,  2.494032430737e+01,  9.058976918459e-02
  1.495450000465e+01,  1.251320362091e+00,  2.495042562573e+01,  9.103719145060e-02
  1.496449999511e+01,  1.241234302521e+00,  2.496051168530e+01,  9.030578285456e-02
  1.497499999404e+01,  1.230747699738e+00,  2.497099828808e+01,  8.747623115778e-02
  1.498550000787e+01,  1.220299243927e+00,  2.498144674389e+01,  8.526501804590e-02
  1.499600000679e+01,  1.209908008575e+00,  2.499183797924e+01,  8.306679874659e-02
  1.500650000572e+01,  1.199619770050e+00,  2.500212621777e+01,  8.118031173944e-02
  1.501700000465e+01,  1.189423084259e+00,  2.501232290356e+01,  7.937047630548e-02
  1.502750000358e+01,  1.179216861725e+00,  2.502252912609e+01,  7.636258751154e-02
  1.503800000250e+01,  1.168875217438e+00,  2.503287077038e+01,  7.344386726618e-02
  1.504800000787e+01,  1.158857822418e+00,  2.504288816540e+01,  7.175896316767e-02
  1.505799999833e+01,  1.148742914200e+00,  2.505300307362e+01,  6.951010972261e-02
  1.506800000370e+01,  1.138527154922e+00,  2.506321883289e+01,  6.952420622110e-02
  1.507799999416e+01,  1.128330469131e+00,  2.507341551868e+01,  6.915113329887e-02
  1.508799999952e+01,  1.118183374405e+00,  2.508356261341e+01,  6.738564372063e-02
  1.509800000489e+01,  1.108085870743e+00,  2.509366011707e+01,  6.525072455406e-02
  1.510799999535e+01,  1.097984552383e+00,  2.510376143543e+01,  6.368467211723e-02
  1.511800000072e+01,  1.087978601456e+00,  2.511376738636e+01,  6.030675768852e-02
  1.512849999964e+01,  1.077488183975e+00,  2.512425780384e+01,  5.829760432243e-02
  1.513899999857e+01,  1.067043542862e+00,  2.513470244495e+01,  5.625912547112e-02
  1.514949999750e+01,  1.056602716446e+00,  2.514514327137e+01,  5.521102249622e-02
  1.515950000286e+01,  1.046600580215e+00,  2.515514540760e+01,  5.241532623768e-02
  1.516949999332e+01,  1.036342859268e+00,  2.516540312855e+01,  5.155777186155e-02
  1.517949999869e+01,  1.025940179825e+00,  2.517580580799e+01,  4.968308657408e-02
  1.518950000405e+01,  1.015594720840e+00,  2.518615126698e+01,  4.915705323219e-02
  1.519949999452e+01,  1.005447626114e+00,  2.519629836170e+01,  4.674378037453e-02
  1.520999999344e+01,  9.949877262115e-01,  2.520675826160e+01,  4.624853655696e-02
  1.522050000727e+01,  9.847395420074e-01,  2.521700644581e+01,  4.299698397517e-02
  1.523100000620e+01,  9.745047092438e-01,  2.522724127857e+01,  4.016314074397e-02
  1.524150000513e+01,  9.640486240387e-01,  2.523769736378e+01,  3.839008137584e-02
  1.525149999559e+01,  9.538404941559e-01,  2.524790549366e+01,  3.605882450938e-02
  1.526150000095e+01,  9.435369968414e-01,  2.525820899097e+01,  3.558720275760e-02
  1.527150000632e+01,  9.332983493805e-01,  2.526844763844e+01,  3.567622229457e-02
  1.528149999678e+01,  9.232809543610e-01,  2.527846503346e+01,  3.502137586474e-02
  1.529199999571e+01,  9.129164218903e-01,  2.528882956593e+01,  3.236205503345e-02
  1.530249999464e+01,  9.026091098785e-01,  2.529913687794e+01,  3.162566572428e-02
  1.531299999356e+01,  8.923034071922e-01,  2.530944258062e+01,  2.959074079990e-02
  1.532350000739e+01,  8.819732069969e-01,  2.531977278082e+01,  2.648700773716e-02
  1.533400000632e+01,  8.715743422508e-01,  2.533017164557e+01,  2.468933165073e-02
  1.534450000525e+01,  8.611182570457e-01,  2.534062773077e+01,  2.387763559818e-02
  1.535500000417e+01,  8.506583571434e-01,  2.535108763067e+01,  2.266903221607e-02
  1.536550000310e+01,  8.402289748192e-01,  2.536151701300e+01,  2.198697626591e-02
  1.537600000203e+01,  8.297805190086e-01,  2.537196546881e+01,  2.064086496830e-02
  1.538600000739e+01,  8.197249770164e-01,  2.538202101080e+01,  1.784564554691e-02
  1.539599999785e+01,  8.095015883446e-01,  2.539224439947e+01,  1.617552340031e-02
  1.540600000322e+01,  7.992057204247e-01,  2.540254026739e+01,  1.419760286808e-02
  1.541599999368e+01,  7.889212965965e-01,  2.541282469122e+01,  1.273341476917e-02
  1.542599999905e+01,  7.787780165672e-01,  2.542296797125e+01,  1.209477335215e-02
  1.543649999797e+01,  7.683333754539e-01,  2.543341261236e+01,  1.147361844778e-02
  1.544699999690e+01,  7.580203413963e-01,  2.544372564642e+01,  7.311306428164e-03
  1.545749999583e+01,  7.476138472557e-01,  2.545413214056e+01,  5.462131928653e-03
  1.546750000119e+01,  7.375430464745e-01,  2.546420294134e+01,  4.572376143187e-03
  1.547750000656e+01,  7.274112105370e-01,  2.547433477728e+01,  2.116188174114e-03
  1.548749999702e+01,  7.172641158104e-01,  2.548448187201e+01,  1.183382933959e-03
  1.549750000238e+01,  7.072047591209e-01,  2.549454122870e+01,  1.208953326568e-03
  1.550800000131e+01,  6.967448592186e-01,  2.550500112860e+01, -1.735992962494e-03
  1.551850000024e+01,  6.862658858299e-01,  2.551548010199e+01, -4.611559677869e-03
  1.552899999917e+01,  6.757678389549e-01,  2.552597814886e+01, -5.792923737317e-03
  1.553900000453e+01,  6.657389998436e-01,  2.553600698797e+01, -9.031124413013e-03
  1.554899999499e+01,  6.555766463280e-01,  2.554616934149e+01, -1.046568900347e-02
  1.555900000036e+01,  6.454153656960e-01,  2.555633062212e+01, -1.018358673900e-02
  1.556949999928e+01,  6.350203156471e-01,  2.556672567217e+01, -1.112525071949e-02
  1.557999999821e+01,  6.248541474342e-01,  2.557689184038e+01, -1.374475564808e-02
  1.559049999714e+01,  6.147242188454e-01,  2.558702176897e+01, -1.587693206966e-02
  1.560099999607e+01,  6.043673157692e-01,  2.559737867205e+01, -1.986281387508e-02
  1.561100000143e+01,  5.941668152809e-01,  2.560757917254e+01, -1.921095512807e-02
  1.562100000679e+01,  5.840235352516e-01,  2.561772245256e+01, -1.898618601263e-02
  1.563150000572e+01,  5.736284852028e-01,  2.562811750261e+01, -1.968806050718e-02
  1.564200000465e+01,  5.635519623756e-01,  2.563819402544e+01, -2.160348556936e-02
  1.565299999714e+01,  5.534144043922e-01,  2.564833158342e+01, -2.778925560415e-02
  1.566349999607e+01,  5.432634949684e-01,  2.565848249285e+01, -3.166200965643e-02
  1.567350000143e+01,  5.329104065895e-01,  2.566883558123e+01, -2.889825962484e-02
  1.568350000679e+01,  5.224619507790e-01,  2.567928403704e+01, -2.789117954671e-02
  1.569349999726e+01,  5.122271180153e-01,  2.568951886980e+01, -2.813545428216e-02
  1.570399999619e+01,  5.018931031227e-01,  2.569985288469e+01, -2.716043405235e-02
  1.571500000358e+01,  4.916964173317e-01,  2.571004957048e+01, -3.717401623726e-02
  1.572550000250e+01,  4.813547730446e-01,  2.572039121477e+01, -4.276099801064e-02
  1.573550000787e+01,  4.708262085915e-01,  2.573091977922e+01, -4.005733132362e-02
  1.574500000477e+01,  4.607668519020e-01,  2.574097913591e+01, -3.871741890907e-02
  1.575499999523e+01,  4.504290223122e-01,  2.575131696550e+01, -3.913709521294e-02
  1.576549999416e+01,  4.400492310524e-01,  2.576169675676e+01, -3.717485070229e-02
  1.577650000155e+01,  4.300222992897e-01,  2.577172368853e+01, -4.528132081032e-02
  1.578749999404e+01,  4.197283387184e-01,  2.578201764910e+01, -5.367890000343e-02
  1.579749999940e+01,  4.092951416969e-01,  2.579245084612e+01, -5.177685618401e-02
  1.580699999630e+01,  3.989738821983e-01,  2.580277210562e+01, -5.026428028941e-02
  1.581649999321e+01,  3.887352347374e-01,  2.581301075308e+01, -4.899678751826e-02
  1.582649999857e+01,  3.783478140831e-01,  2.582339817373e+01, -4.800897464156e-02
  1.583699999750e+01,  3.680805563927e-01,  2.583366543142e+01, -4.758113250136e-02
  1.584800000489e+01,  3.579601645470e-01,  2.584378582327e+01, -5.664008483291e-02
  1.585850000381e+01,  3.477272391319e-01,  2.585401874868e+01, -5.884220823646e-02
  1.586849999428e+01,  3.373894095421e-01,  2.586435657827e+01, -5.789029225707e-02
  1.587849999964e+01,  3.269523978233e-01,  2.587479358999e+01, -5.742653831840e-02
  1.588850000501e+01,  3.167633414268e-01,  2.588498264639e+01, -5.945834144950e-02
  1.589900000393e+01,  3.065208792686e-01,  2.589522510855e+01, -5.967795476317e-02
  1.590999999642e+01,  2.963928580284e-01,  2.590535312979e+01, -6.573330610991e-02
  1.592049999535e+01,  2.863411307335e-01,  2.591540485708e+01, -7.207008451223e-02
  1.593050000072e+01,  2.758736014366e-01,  2.592587238638e+01, -6.864758580923e-02
  1.593999999762e+01,  2.657951712608e-01,  2.593595081656e+01, -6.678434461355e-02
  1.595000000298e+01,  2.554726004601e-01,  2.594627338736e+01, -6.656726449728e-02
  1.596050000191e+01,  2.451385855675e-01,  2.595660740225e+01, -6.701646000147e-02
  1.597200000286e+01,  2.347320914268e-01,  2.596701389639e+01, -7.069400697947e-02
  1.598350000381e+01,  2.243809103966e-01,  2.597736507742e+01, -8.313364535570e-02
  1.599349999428e+01,  2.141613364220e-01,  2.598758465139e+01, -7.773918658495e-02
  1.600300000608e+01,  2.040752768517e-01,  2.599767071096e+01, -7.778640836477e-02
  1.601299999654e+01,  1.936191916466e-01,  2.600812679617e+01, -7.706963270903e-02
  1.602300000191e+01,  1.835216879845e-01,  2.601822429983e+01, -7.729687541723e-02
  1.603399999440e+01,  1.731361746788e-01,  2.602860981314e+01, -7.858171314001e-02
  1.604500000179e+01,  1.628364920616e-01,  2.603890949575e+01, -9.384980052710e-02
  1.605449999869e+01,  1.528000235558e-01,  2.604894596426e+01, -8.666386455297e-02
  1.606399999559e+01,  1.425121575594e-01,  2.605923383026e+01, -8.411668986082e-02
  1.607350000739e+01,  1.324604302645e-01,  2.606928555755e+01, -8.306315541267e-02
  1.608349999785e+01,  1.223514899611e-01,  2.607939449786e+01, -8.240042626858e-02
  1.609450000525e+01,  1.122730597854e-01,  2.608947292803e+01, -8.200846612453e-02
  1.610649999976e+01,  1.018360480666e-01,  2.609990993975e+01, -1.045266240835e-01
  1.611650000513e+01,  9.141238778830e-02,  2.611033360003e+01, -9.844230115414e-02
  1.612600000203e+01,  8.086093515158e-02,  2.612088505266e+01, -9.511588513851e-02
  1.613549999893e+01,  7.043155282736e-02,  2.613131443499e+01, -9.407113492489e-02
  1.614550000429e+01,  5.993731692433e-02,  2.614180867089e+01, -9.365932643414e-02
  1.615649999678e+01,  4.952128604054e-02,  2.615222470178e+01, -8.912365138531e-02
  1.616899999976e+01,  3.933222964406e-02,  2.616241375817e+01, -1.098622530699e-01
  1.618000000715e+01,  2.929194830358e-02,  2.617245403951e+01, -1.076451987028e-01
  1.619099999964e+01,  1.889499090612e-02,  2.618285099691e+01, -1.001626700163e-01
  1.620350000262e+01,  8.549531921744e-03,  2.619319645589e+01, -9.643189609051e-02
  1.620999999344e+01,  4.164536949247e-03,  2.619758145087e+01, -9.517280757427e-02
  1.621099999547e+01,  3.561814781278e-03,  2.619818417304e+01, -9.495489299297e-02
  1.621899999678e+01, -4.455246089492e-04,  2.620219151243e+01, -8.953706920147e-02
  1.622200000286e+01, -1.506010419689e-03,  2.620325199824e+01, -8.803014457226e-02
  1.652500000596e+01, -2.310745185241e-03,  2.620405673300e+01, -1.026880741119e-01
  1.652600000799e+01, -2.301685279235e-03,  2.620404767310e+01, -1.025612354279e-01
