           Test time,     Standard travel,     Tool separation,      Standard force
                 0.0,                 0.0,  2.860263293484e+01, -9.045766666532e-03
                 0.0,                 0.0,  2.860263674209e+01, -8.889840915799e-03
                 0.0,                 0.0,  2.860263529109e+01, -8.307635784149e-03
                 0.0,                 0.0,  2.860264638966e+01, -8.426576852798e-03
                 0.0,                 0.0,  2.860265097177e+01, -8.405417203903e-03
                 0.0,                 0.0,  2.860281504684e+01, -7.854466326535e-03
  0.000000000000e+00,  0.000000000000e+00,  2.860281569504e+01, -7.624570745975e-03
  8.000001311302e-03,  4.794914275408e-06,  2.860281090013e+01, -7.506136316806e-03
  1.100000739098e-02,  1.307995989919e-05,  2.860280261508e+01, -7.294182199985e-03
  1.300001144409e-02,  2.048583701253e-05,  2.860279520920e+01, -7.159952539951e-03
  1.399999856949e-02,  2.128677442670e-05,  2.860279440827e+01, -7.069830317050e-03
  1.140000075102e-01, -5.489913746715e-06,  2.860282118496e+01, -7.196566555649e-03
  2.145000100136e-01,  1.697721745586e-05,  2.860279871782e+01, -6.533250678331e-03
  3.150000125170e-01,  1.937915658345e-05,  2.860279631589e+01, -8.183759637177e-03
  4.155000001192e-01,  6.682847742923e-05,  2.860274886656e+01, -6.545683369040e-03
  5.000000000000e-01,  1.022409182042e-02,  2.859259160322e+01, -5.842147395015e-03
  5.210000127554e-01,  2.036641724408e-02,  2.858244927780e+01,  6.968157365918e-03
  5.324999988079e-01,  3.040097840130e-02,  2.857241471664e+01,  1.387848146260e-02
  5.410000085831e-01,  4.101346805692e-02,  2.856180222698e+01,  2.642490155995e-02
  5.474999994040e-01,  5.125211551785e-02,  2.855156357952e+01,  1.312686689198e-02
  5.535000115633e-01,  6.156324222684e-02,  2.854125245281e+01,  5.150334909558e-03
  5.595000088215e-01,  7.225202023983e-02,  2.853056367480e+01, -3.327829530463e-03
  5.655000060797e-01,  8.302854001522e-02,  2.851978715503e+01, -3.533346345648e-03
  5.715000033379e-01,  9.372495114803e-02,  2.850909074389e+01, -1.139353029430e-02
  5.775000005960e-01,  1.039635986090e-01,  2.849885209643e+01, -1.749108545482e-02
  5.840000063181e-01,  1.143243163824e-01,  2.848849137866e+01, -1.985572092235e-02
  5.914999991655e-01,  1.248223632574e-01,  2.847799333178e+01, -2.885363809764e-02
  6.000000089407e-01,  1.348626464605e-01,  2.846795304858e+01, -1.084445230663e-02
  6.090000122786e-01,  1.450249999762e-01,  2.845779069507e+01, -4.612190648913e-03
  6.180000007153e-01,  1.553792655468e-01,  2.844743642949e+01, -2.609639195725e-03
  6.265000104904e-01,  1.654843986034e-01,  2.843733129644e+01, -2.624540356919e-03
  6.350000053644e-01,  1.758908927441e-01,  2.842692480230e+01, -4.375844262540e-03
  6.435000002384e-01,  1.864537894726e-01,  2.841636190557e+01, -5.032098852098e-03
  6.515000015497e-01,  1.966123282909e-01,  2.840620336675e+01, -4.727578721941e-03
  6.595000028610e-01,  2.069921195507e-01,  2.839582357549e+01, -3.925061784685e-03
  6.670000106096e-01,  2.170285880566e-01,  2.838578710699e+01, -6.012178026140e-03
  6.745000034571e-01,  2.271146476269e-01,  2.837570104741e+01, -1.292250212282e-02
  6.825000047684e-01,  2.374181449413e-01,  2.836539755010e+01, -1.557148154825e-02
  6.909999996424e-01,  2.475766837597e-01,  2.835523901128e+01, -1.659215055406e-02
  7.005000114441e-01,  2.577123343945e-01,  2.834510336065e+01, -1.942205987871e-02
  7.120000123978e-01,  2.680272758007e-01,  2.833478841924e+01, -2.022972889245e-02
  7.255000025034e-01,  2.780713737011e-01,  2.832474432134e+01, -5.288514308631e-03
  7.384999990463e-01,  2.882489860058e-01,  2.831456670904e+01,  5.126867908984e-04
  7.495000064373e-01,  2.983560264111e-01,  2.830445966863e+01,  1.682308735326e-03
  7.595000118017e-01,  3.087358176708e-01,  2.829407987737e+01, -7.291974034160e-04
  7.690000087023e-01,  3.190965354443e-01,  2.828371915960e+01, -8.697146549821e-03
  7.785000056028e-01,  3.291177451611e-01,  2.827369794988e+01, -1.028820499778e-02
  7.890000045300e-01,  3.395471274853e-01,  2.826326856756e+01, -1.123830303550e-02
  8.000000119209e-01,  3.496770560741e-01,  2.825313863897e+01, -8.252587169409e-03
  8.115000128746e-01,  3.599500358105e-01,  2.824286565923e+01, -6.551977247000e-03
  8.225000053644e-01,  3.700017631054e-01,  2.823281393194e+01, -1.523282146081e-03
  8.330000042915e-01,  3.803453147411e-01,  2.822247038030e+01, -5.837937351316e-04
  8.425000011921e-01,  3.905076682568e-01,  2.821230802678e+01, -2.477790927514e-03
  8.515000045300e-01,  4.006166160107e-01,  2.820219907903e+01, -7.065918296576e-03
  8.605000078678e-01,  4.108628928661e-01,  2.819195280218e+01, -9.566690772772e-03
  8.695000112057e-01,  4.209638237953e-01,  2.818185187125e+01, -1.315572392195e-02
  8.790000081062e-01,  4.311719536781e-01,  2.817164374136e+01, -1.486083399504e-02
  8.889999985695e-01,  4.412541985512e-01,  2.816156149649e+01, -1.130839716643e-02
  8.995000123978e-01,  4.513822197914e-01,  2.815143347525e+01, -8.070672862232e-03
  9.105000048876e-01,  4.618173241615e-01,  2.814099837088e+01, -6.282474379987e-03
  9.210000038147e-01,  4.718728661537e-01,  2.813094282889e+01, -5.005923565477e-03
  9.315000027418e-01,  4.821401238441e-01,  2.812067557120e+01, -6.773123983294e-03
  9.420000016689e-01,  4.925466179848e-01,  2.811026907706e+01, -8.730016648769e-03
  9.525000005960e-01,  5.029225945473e-01,  2.809989310049e+01, -8.690480142832e-03
  9.629999995232e-01,  5.132108330727e-01,  2.808960486197e+01, -8.315507322550e-03
  9.735000133514e-01,  5.235181450844e-01,  2.807929754996e+01, -7.414017338306e-03
  9.840000122786e-01,  5.338636040688e-01,  2.806895209097e+01, -7.297430653125e-03
  9.945000112057e-01,  5.442681908607e-01,  2.805854750418e+01, -7.548179943115e-03
  1.005000010133e+00,  5.547013878822e-01,  2.804811430716e+01, -7.522020954639e-03
  1.015000000596e+00,  5.647569298744e-01,  2.803805876517e+01, -6.825108546764e-03
  1.025000005960e+00,  5.748239159584e-01,  2.802799177908e+01, -6.475110072643e-03
  1.035000011325e+00,  5.849328637123e-01,  2.801788283133e+01, -6.460715550929e-03
  1.045000001788e+00,  5.951142907143e-01,  2.800770140433e+01, -5.859870929271e-03
  1.055000007153e+00,  6.053376793861e-01,  2.799747801566e+01, -6.933782715350e-03
  1.065000012517e+00,  6.154428124428e-01,  2.798737288260e+01, -7.685307879001e-03
  1.075000002980e+00,  6.254449486732e-01,  2.797737074637e+01, -7.603381294757e-03
  1.085500001907e+00,  6.358705163002e-01,  2.796694517874e+01, -6.660733837634e-03
  1.096000000834e+00,  6.462655663490e-01,  2.795655012869e+01, -8.072499185801e-03
  1.106499999762e+00,  6.565843224525e-01,  2.794623137259e+01, -6.771240849048e-03
  1.117000013590e+00,  6.669037342072e-01,  2.793591196083e+01, -5.578254349530e-03
  1.127500012517e+00,  6.773712635040e-01,  2.792544443154e+01, -5.842094309628e-03
  1.137500002980e+00,  6.874649524689e-01,  2.791535074257e+01, -5.792264826596e-03
  1.147500008345e+00,  6.975929737091e-01,  2.790522272133e+01, -5.808000452816e-03
  1.157499998808e+00,  7.077438831329e-01,  2.789507181191e+01, -7.276837714016e-03
  1.167500004172e+00,  7.179062366486e-01,  2.788490945839e+01, -8.074685931206e-03
  1.177500009537e+00,  7.279961109161e-01,  2.787481958413e+01, -7.781609892845e-03
  1.187500000000e+00,  7.380058765411e-01,  2.786480981850e+01, -8.112505078316e-03
  1.197999998927e+00,  7.484886646271e-01,  2.785432703041e+01, -7.895683869720e-03
  1.208500012755e+00,  7.589333057404e-01,  2.784388238930e+01, -6.237929686904e-03
  1.219000011683e+00,  7.693512439728e-01,  2.783346445107e+01, -5.974536761642e-03
  1.229500010610e+00,  7.797195911407e-01,  2.782309610390e+01, -6.221240386367e-03
  1.240000009537e+00,  7.900574207306e-01,  2.781275827431e+01, -6.513616070151e-03
  1.250500008464e+00,  8.004333972931e-01,  2.780238229775e+01, -6.746849045157e-03
  1.261000007391e+00,  8.108665943146e-01,  2.779194910073e+01, -7.618745788932e-03
  1.271000012755e+00,  8.208839893341e-01,  2.778193170571e+01, -7.444908842444e-03
  1.281000003219e+00,  8.310081958771e-01,  2.777180749916e+01, -7.482124492526e-03
  1.291000008583e+00,  8.411514759064e-01,  2.776166421914e+01, -7.030815817416e-03
  1.300999999046e+00,  8.512794971466e-01,  2.775153619790e+01, -7.521064020693e-03
  1.311000004411e+00,  8.613770008087e-01,  2.774143869423e+01, -6.995395757258e-03
  1.321000009775e+00,  8.714630603790e-01,  2.773135263466e+01, -7.188544608653e-03
  1.331000000238e+00,  8.815834522247e-01,  2.772123224282e+01, -7.216976024210e-03
  1.341000005603e+00,  8.917381763458e-01,  2.771107751870e+01, -9.064958430827e-03
  1.351000010967e+00,  9.018433094025e-01,  2.770097238564e+01, -9.076789952815e-03
  1.361000001431e+00,  9.118912220001e-01,  2.769092447304e+01, -9.352975524962e-03
  1.371000006795e+00,  9.219139218330e-01,  2.768090177321e+01, -9.601422585547e-03
  1.381500005722e+00,  9.323356747627e-01,  2.767048002028e+01, -8.909859694541e-03
  1.392000004649e+00,  9.427154660225e-01,  2.766010022902e+01, -7.677652873099e-03
  1.402500003576e+00,  9.532173275948e-01,  2.764959836745e+01, -6.576218642294e-03
  1.412500008941e+00,  9.633186459541e-01,  2.763949704909e+01, -7.015799172223e-03
  1.422499999404e+00,  9.734237790108e-01,  2.762939191603e+01, -7.641230709851e-03
  1.432500004768e+00,  9.835289120674e-01,  2.761928678297e+01, -8.055818267167e-03
  1.442500010133e+00,  9.936607480049e-01,  2.760915494704e+01, -7.531316019595e-03
  1.452500000596e+00,  1.003765940666e+00,  2.759904975438e+01, -7.770747877657e-03
  1.462500005960e+00,  1.013874888420e+00,  2.758894080662e+01, -7.237480022013e-03
  1.472500011325e+00,  1.024006724358e+00,  2.757880897068e+01, -7.203896529973e-03
  1.482500001788e+00,  1.034150004387e+00,  2.756866569065e+01, -7.678528316319e-03
  1.492500007153e+00,  1.044251322746e+00,  2.755856437230e+01, -9.045560844243e-03
  1.503000006080e+00,  1.054734110832e+00,  2.754808158421e+01, -9.987552650273e-03
  1.513500005007e+00,  1.065098643303e+00,  2.753771705174e+01, -1.016406435519e-02
  1.524000003934e+00,  1.075447916985e+00,  2.752736777806e+01, -9.706896729767e-03
  1.534500002861e+00,  1.085793375969e+00,  2.751702231907e+01, -8.455556817353e-03
  1.545000001788e+00,  1.096169352531e+00,  2.750664634251e+01, -7.360530085862e-03
  1.555500000715e+00,  1.106575846672e+00,  2.749623984837e+01, -6.933254189789e-03
  1.565999999642e+00,  1.117020487785e+00,  2.748579520726e+01, -7.225231267512e-03
  1.576499998569e+00,  1.127514719963e+00,  2.747530097508e+01, -7.014946080744e-03
  1.586500003934e+00,  1.137600779533e+00,  2.746521491551e+01, -7.627279497683e-03
  1.596500009298e+00,  1.147686839104e+00,  2.745512885594e+01, -8.526117540896e-03
  1.606499999762e+00,  1.157704234123e+00,  2.744511146092e+01, -8.430720306933e-03
  1.616999998689e+00,  1.168053507805e+00,  2.743476218724e+01, -8.171797730029e-03
  1.627500012517e+00,  1.178353905678e+00,  2.742446178936e+01, -7.384456228465e-03
  1.638000011444e+00,  1.188710808754e+00,  2.741410488629e+01, -7.050759624690e-03
  1.648500010371e+00,  1.199185967445e+00,  2.740362972760e+01, -7.850430905819e-03
  1.658500000834e+00,  1.209313988686e+00,  2.739350170636e+01, -8.434049785137e-03
  1.668500006199e+00,  1.219476342201e+00,  2.738333935284e+01, -9.996764361858e-03
  1.679000005126e+00,  1.229966759682e+00,  2.737284893536e+01, -1.058416813612e-02
  1.689500004053e+00,  1.240350365639e+00,  2.736246532940e+01, -9.766422212124e-03
  1.700000002980e+00,  1.250745415688e+00,  2.735207027935e+01, -7.894240319729e-03
  1.710000008345e+00,  1.260781884193e+00,  2.734203381085e+01, -8.813582360744e-03
  1.719999998808e+00,  1.270883202553e+00,  2.733193249249e+01, -9.218722581863e-03
  1.730000004172e+00,  1.280992150307e+00,  2.732182354473e+01, -9.816676378250e-03
  1.740000009537e+00,  1.291028618813e+00,  2.731178707623e+01, -1.087103784084e-02
  1.750500008464e+00,  1.301458001137e+00,  2.730135769390e+01, -1.166115701199e-02
  1.761000007391e+00,  1.311767220497e+00,  2.729104847454e+01, -1.017241179943e-02
  1.771500006318e+00,  1.322188973427e+00,  2.728062672161e+01, -1.029460132122e-02
  1.781500011683e+00,  1.332210183144e+00,  2.727060551190e+01, -9.112611413002e-03
  1.791500002146e+00,  1.342303872108e+00,  2.726051182293e+01, -9.352840483189e-03
  1.801500007510e+00,  1.352382302284e+00,  2.725043339276e+01, -9.473493322730e-03
  1.811500012875e+00,  1.362384438515e+00,  2.724043125653e+01, -8.313721045852e-03
  1.822000011802e+00,  1.372848153114e+00,  2.722996754193e+01, -7.323031779379e-03
  1.832500010729e+00,  1.383254647255e+00,  2.721956104779e+01, -7.223790045828e-03
  1.843000009656e+00,  1.393661141396e+00,  2.720915455365e+01, -6.763299461454e-03
  1.853000000119e+00,  1.403674721718e+00,  2.719914097332e+01, -7.904389873147e-03
  1.863000005484e+00,  1.413676857948e+00,  2.718913883709e+01, -7.831254974008e-03
  1.873500004411e+00,  1.424146771431e+00,  2.717866892361e+01, -7.724660448730e-03
  1.884000003338e+00,  1.434618115425e+00,  2.716819757962e+01, -7.908242754638e-03
  1.894500002265e+00,  1.445032238960e+00,  2.715778345608e+01, -8.298653177917e-03
  1.905000001192e+00,  1.455309033394e+00,  2.714750666165e+01, -8.249172940850e-03
  1.915500000119e+00,  1.465574383736e+00,  2.713724131131e+01, -8.132511749864e-03
  1.925999999046e+00,  1.475923657417e+00,  2.712689203762e+01, -8.012669160962e-03
  1.936000004411e+00,  1.485937237740e+00,  2.711687845730e+01, -8.585231378675e-03
  1.946000009775e+00,  1.496065258980e+00,  2.710675043606e+01, -9.106712415814e-03
  1.956000000238e+00,  1.506261944771e+00,  2.709655375027e+01, -9.028779342771e-03
  1.966000005603e+00,  1.516401410103e+00,  2.708641428494e+01, -1.054869778454e-02
  1.976000010967e+00,  1.526403546333e+00,  2.707641214871e+01, -1.087577827275e-02
  1.986500009894e+00,  1.536760449409e+00,  2.706605524563e+01, -9.774396196008e-03
  1.997000008821e+00,  1.547044873238e+00,  2.705577082180e+01, -9.451696649194e-03
  2.007500007749e+00,  1.557375073433e+00,  2.704544062161e+01, -9.301220998168e-03
  2.018000006676e+00,  1.567823529243e+00,  2.703499216580e+01, -8.110118098557e-03
  2.028000012040e+00,  1.577856183052e+00,  2.702495951199e+01, -9.366658516228e-03
  2.038000002503e+00,  1.587930798531e+00,  2.701488489651e+01, -9.027556516230e-03
  2.048000007868e+00,  1.597963452339e+00,  2.700485224270e+01, -7.713631261140e-03
  2.058000013232e+00,  1.608038067818e+00,  2.699477762722e+01, -7.854954339564e-03
  2.068000003695e+00,  1.618116497993e+00,  2.698469919705e+01, -8.901969529688e-03
  2.078000009060e+00,  1.628248333931e+00,  2.697456736111e+01, -8.640565909445e-03
  2.087999999523e+00,  1.638330578804e+00,  2.696448511624e+01, -9.662584401667e-03
  2.098000004888e+00,  1.648347973824e+00,  2.695446772122e+01, -9.729684330523e-03
  2.108500003815e+00,  1.658823132515e+00,  2.694399256253e+01, -9.335995651782e-03
  2.119000017643e+00,  1.669276952744e+00,  2.693353874230e+01, -9.796083904803e-03
  2.129500001669e+00,  1.679599523544e+00,  2.692321617150e+01, -8.924455381930e-03
  2.140000000596e+00,  1.689944982529e+00,  2.691287071251e+01, -8.182019926608e-03
  2.150499999523e+00,  1.700366735458e+00,  2.690244895958e+01, -8.290209807456e-03
  2.161000013351e+00,  1.710761785507e+00,  2.689205390953e+01, -7.704780437052e-03
  2.171500012279e+00,  1.721164464951e+00,  2.688165123009e+01, -6.286264397204e-03
  2.182000011206e+00,  1.731605291367e+00,  2.687121040368e+01, -7.669107057154e-03
  2.192500010133e+00,  1.742084264755e+00,  2.686073143029e+01, -7.430835627019e-03
  2.202500000596e+00,  1.752158880234e+00,  2.685065681481e+01, -7.201944477856e-03
  2.212500005960e+00,  1.762302160263e+00,  2.684051353478e+01, -8.804743178189e-03
  2.222500011325e+00,  1.772411108017e+00,  2.683040458702e+01, -9.548147208989e-03
  2.232500001788e+00,  1.782420873642e+00,  2.682039482140e+01, -8.966603316367e-03
  2.243000000715e+00,  1.792804479599e+00,  2.681001121544e+01, -9.363316930830e-03
  2.253499999642e+00,  1.803104162216e+00,  2.679971153283e+01, -8.253552950919e-03
  2.263999998569e+00,  1.813476324081e+00,  2.678933937096e+01, -7.484653033316e-03
  2.274000003934e+00,  1.823486089706e+00,  2.677932960534e+01, -8.046352304518e-03
  2.284000009298e+00,  1.833579778671e+00,  2.676923591637e+01, -8.300327695906e-03
  2.293999999762e+00,  1.843719244003e+00,  2.675909645104e+01, -8.816734887660e-03
  2.304000005126e+00,  1.853778600693e+00,  2.674903709435e+01, -9.612516500056e-03
  2.314500004053e+00,  1.864234685898e+00,  2.673858100914e+01, -8.003191091120e-03
  2.325000002980e+00,  1.874637365341e+00,  2.672817832970e+01, -7.114880718291e-03
  2.335500001907e+00,  1.885097265244e+00,  2.671771842980e+01, -7.418342866004e-03
  2.345500007272e+00,  1.895122289658e+00,  2.670769340538e+01, -7.084497250617e-03
  2.355500012636e+00,  1.905208349228e+00,  2.669760734581e+01, -7.559535093606e-03
  2.365500003099e+00,  1.915302038193e+00,  2.668751365685e+01, -8.773994632065e-03
  2.375500008464e+00,  1.925349831581e+00,  2.667746586346e+01, -8.666440844536e-03
  2.385499998927e+00,  1.935390114784e+00,  2.666742558026e+01, -8.389420807362e-03
  2.396000012755e+00,  1.945884346962e+00,  2.665693134808e+01, -8.995361626148e-03
  2.406500011683e+00,  1.956309914589e+00,  2.664650578045e+01, -8.564539253712e-03
  2.417000010610e+00,  1.966758370399e+00,  2.663605732464e+01, -7.149763405323e-03
  2.427000001073e+00,  1.976779580116e+00,  2.662603611493e+01, -6.415195763111e-03
  2.437000006437e+00,  1.986850380898e+00,  2.661596531414e+01, -6.293348968029e-03
  2.447000011802e+00,  1.996947884560e+00,  2.660586781048e+01, -6.869293749332e-03
  2.457000002265e+00,  2.006995916367e+00,  2.659581977868e+01, -7.788367569447e-03
  2.467500001192e+00,  2.017490148544e+00,  2.658532554650e+01, -8.348576724529e-03
  2.478000000119e+00,  2.027984380722e+00,  2.657483131432e+01, -7.556177675724e-03
  2.488000005484e+00,  2.038013219833e+00,  2.656480247521e+01, -8.160658180714e-03
  2.498500004411e+00,  2.048473119736e+00,  2.655434257531e+01, -7.867909967899e-03
  2.509000003338e+00,  2.058933019638e+00,  2.654388267540e+01, -6.585992872715e-03
  2.519500002265e+00,  2.069358587265e+00,  2.653345710778e+01, -6.833106279373e-03
  2.530000001192e+00,  2.079704046249e+00,  2.652311164879e+01, -8.024305105209e-03
  2.540500000119e+00,  2.090068578720e+00,  2.651274711632e+01, -7.000654935837e-03
  2.550999999046e+00,  2.100558996201e+00,  2.650225669884e+01, -7.446140050888e-03
  2.561000004411e+00,  2.110671758652e+00,  2.649214393639e+01, -8.467406034470e-03
  2.571000009775e+00,  2.120757818222e+00,  2.648205787682e+01, -9.465903043747e-03
  2.581000000238e+00,  2.130790472031e+00,  2.647202522301e+01, -9.685277938843e-03
  2.591499999166e+00,  2.141277074814e+00,  2.646153862023e+01, -9.797960519791e-03
  2.602000012994e+00,  2.151649236679e+00,  2.645116645836e+01, -9.285360574722e-03
  2.612500011921e+00,  2.162017583847e+00,  2.644079811119e+01, -8.669387549162e-03
  2.622500002384e+00,  2.172059774399e+00,  2.643075592064e+01, -9.347096085548e-03
  2.632500007749e+00,  2.182065725327e+00,  2.642074996972e+01, -9.324029088020e-03
  2.643000006676e+00,  2.192552328110e+00,  2.641026336693e+01, -7.834747433662e-03
  2.653000012040e+00,  2.202619314194e+00,  2.640019638085e+01, -8.056774735451e-03
  2.663000002503e+00,  2.212690114975e+00,  2.639012558007e+01, -7.237985264510e-03
  2.673000007868e+00,  2.222772359848e+00,  2.638004333519e+01, -7.362633477896e-03
  2.683000013232e+00,  2.232843160629e+00,  2.636997253441e+01, -8.860511705279e-03
  2.693500012159e+00,  2.243299245834e+00,  2.635951644921e+01, -9.042827412486e-03
  2.704000011086e+00,  2.253736257553e+00,  2.634907943749e+01, -7.888285443187e-03
  2.714500010014e+00,  2.264177083969e+00,  2.633863861107e+01, -8.907584473491e-03
  2.725000008941e+00,  2.274560689926e+00,  2.632825500512e+01, -8.206157013774e-03
  2.734999999404e+00,  2.284589529037e+00,  2.631822616600e+01, -8.559403941035e-03
  2.745000004768e+00,  2.294664144516e+00,  2.630815155053e+01, -8.959202095866e-03
  2.755000010133e+00,  2.304727315903e+00,  2.629808837914e+01, -1.020255498588e-02
  2.765500009060e+00,  2.315171957016e+00,  2.628764373803e+01, -1.006247755140e-02
  2.776000007987e+00,  2.325505971909e+00,  2.627730972313e+01, -7.432183716446e-03
  2.786500006914e+00,  2.335901021957e+00,  2.626691467308e+01, -6.437411997467e-03
  2.796500012279e+00,  2.345937490463e+00,  2.625687820458e+01, -6.744197104126e-03
  2.806500002742e+00,  2.356023550034e+00,  2.624679214501e+01, -8.092275820673e-03
  2.816500008106e+00,  2.366117238998e+00,  2.623669845604e+01, -9.285575710237e-03
  2.826499998569e+00,  2.376127004623e+00,  2.622668869042e+01, -1.089174952358e-02
  2.837000012398e+00,  2.386422872543e+00,  2.621639282250e+01, -9.561388753355e-03
  2.847500011325e+00,  2.396596670151e+00,  2.620621902489e+01, -8.003084920347e-03
  2.858000010252e+00,  2.406827688217e+00,  2.619598800682e+01, -6.126342806965e-03
  2.868500009179e+00,  2.417291402817e+00,  2.618552429222e+01, -5.474126432091e-03
  2.878499999642e+00,  2.427479028702e+00,  2.617533666634e+01, -6.469233892858e-03
  2.888500005007e+00,  2.437771081924e+00,  2.616504461312e+01, -7.666214369237e-03
  2.898500010371e+00,  2.448112726212e+00,  2.615470296883e+01, -1.063500251621e-02
  2.908500000834e+00,  2.458324670792e+00,  2.614449102425e+01, -1.095236744732e-02
  2.918500006199e+00,  2.468368768692e+00,  2.613444692635e+01, -1.017424836755e-02
  2.929000005126e+00,  2.478863000870e+00,  2.612395269417e+01, -9.177777916193e-03
  2.939000010490e+00,  2.488910913467e+00,  2.611390478157e+01, -9.218823164701e-03
  2.949000000954e+00,  2.498989343643e+00,  2.610382635140e+01, -9.083550423384e-03
  2.959000006318e+00,  2.509163141251e+00,  2.609365255379e+01, -9.722005575895e-03
  2.969000011683e+00,  2.519336938858e+00,  2.608347875618e+01, -1.100004836917e-02
  2.979000002146e+00,  2.529434442520e+00,  2.607338125252e+01, -1.115503534675e-02
  2.989500001073e+00,  2.539860010147e+00,  2.606295568489e+01, -1.070294156671e-02
  3.000000000000e+00,  2.550186395645e+00,  2.605262929940e+01, -8.936498314142e-03
  3.010499998927e+00,  2.560430765152e+00,  2.604238492989e+01, -7.850144058466e-03
  3.021000012755e+00,  2.570764780045e+00,  2.603205091500e+01, -7.901635020971e-03
  3.031500011683e+00,  2.581243753433e+00,  2.602157194161e+01, -7.695995271206e-03
  3.041500002146e+00,  2.591379404068e+00,  2.601143629097e+01, -8.925609290600e-03
  3.051500007510e+00,  2.601545572281e+00,  2.600127012276e+01, -9.964488446712e-03
  3.061500012875e+00,  2.611685037613e+00,  2.599113065743e+01, -8.753493428230e-03
  3.071500003338e+00,  2.621786355972e+00,  2.598102933907e+01, -8.007541298866e-03
  3.081500008702e+00,  2.631883859634e+00,  2.597093183541e+01, -9.534373879433e-03
  3.092000007629e+00,  2.642347574234e+00,  2.596046812081e+01, -1.015730202198e-02
  3.102500006557e+00,  2.652670145035e+00,  2.595014555001e+01, -8.765533566475e-03
  3.113000005484e+00,  2.663023233414e+00,  2.593979246163e+01, -8.963510394096e-03
  3.123500004411e+00,  2.673461437225e+00,  2.592935425782e+01, -7.458969485015e-03
  3.133500009775e+00,  2.683551311493e+00,  2.591926438355e+01, -6.474688183516e-03
  3.143500000238e+00,  2.693816661835e+00,  2.590899903321e+01, -5.750074516982e-03
  3.153500005603e+00,  2.704165935516e+00,  2.589864975953e+01, -8.410587906837e-03
  3.163500010967e+00,  2.714450359344e+00,  2.588836533570e+01, -9.396150708199e-03
  3.173500001431e+00,  2.724597454071e+00,  2.587821824097e+01, -9.876951575279e-03
  3.183500006795e+00,  2.734603404999e+00,  2.586821229004e+01, -8.612375706434e-03
  3.194000005722e+00,  2.745025157928e+00,  2.585779053711e+01, -8.070934563875e-03
  3.204500004649e+00,  2.755492687225e+00,  2.584732300782e+01, -6.045955698937e-03
  3.214500010014e+00,  2.765529155731e+00,  2.583728653931e+01, -5.819702055305e-03
  3.224500000477e+00,  2.775657176971e+00,  2.582715851807e+01, -6.411567330360e-03
  3.234500005841e+00,  2.785766124725e+00,  2.581704957032e+01, -7.314369082451e-03
  3.244500011206e+00,  2.795844554901e+00,  2.580697114014e+01, -8.325368165970e-03
  3.254500001669e+00,  2.805861949921e+00,  2.579695374512e+01, -8.171387016773e-03
  3.265000000596e+00,  2.816340923309e+00,  2.578647477173e+01, -8.233763277531e-03
  3.275499999523e+00,  2.826716899872e+00,  2.577609879517e+01, -8.083803579211e-03
  3.286000013351e+00,  2.837077617645e+00,  2.576573807740e+01, -7.096713408828e-03
  3.296500012279e+00,  2.847571849823e+00,  2.575524384522e+01, -6.747310981154e-03
  3.306500002742e+00,  2.857646465302e+00,  2.574516922974e+01, -8.842026814818e-03
  3.316500008106e+00,  2.867709636688e+00,  2.573510605835e+01, -9.430160745978e-03
  3.327000007033e+00,  2.878180980682e+00,  2.572463471436e+01, -9.576668962836e-03
  3.337500005960e+00,  2.888535976410e+00,  2.571427971863e+01, -9.233882650733e-03
  3.348000004888e+00,  2.898761272430e+00,  2.570405442261e+01, -8.006965741515e-03
  3.358500003815e+00,  2.909083843231e+00,  2.569373185181e+01, -5.927836522460e-03
  3.368500009179e+00,  2.919143199921e+00,  2.568367249512e+01, -5.283331498504e-03
  3.378499999642e+00,  2.929407358170e+00,  2.567340833687e+01, -6.376970093697e-03
  3.388500005007e+00,  2.939703226089e+00,  2.566311246895e+01, -8.216027170420e-03
  3.398500010371e+00,  2.949846506119e+00,  2.565296918892e+01, -8.323760703206e-03
  3.409000009298e+00,  2.960226297379e+00,  2.564258939766e+01, -7.680804934353e-03
  3.419500008225e+00,  2.970449686050e+00,  2.563236600899e+01, -6.417544092983e-03
  3.430000007153e+00,  2.980749368668e+00,  2.562206632637e+01, -6.883592810482e-03
  3.440500006080e+00,  2.991194009781e+00,  2.561162168526e+01, -5.746276583523e-03
  3.450500011444e+00,  3.001360177994e+00,  2.560145551705e+01, -6.853149738163e-03
  3.460500001907e+00,  3.011663675308e+00,  2.559115201973e+01, -8.037785068154e-03
  3.470500007272e+00,  3.021951913834e+00,  2.558086378121e+01, -8.038129657507e-03
  3.480500012636e+00,  3.032118082047e+00,  2.557069761300e+01, -7.816202938557e-03
  3.490500003099e+00,  3.042173624039e+00,  2.556064207100e+01, -8.735828101635e-03
  3.501000002027e+00,  3.052555322647e+00,  2.555026037239e+01, -7.195405662060e-03
  3.511500000954e+00,  3.062931299210e+00,  2.553988439583e+01, -7.225073873997e-03
  3.521999999881e+00,  3.073406457901e+00,  2.552940923714e+01, -8.871473371983e-03
  3.532000005245e+00,  3.083477258682e+00,  2.551933843636e+01, -7.535852491856e-03
  3.542000010610e+00,  3.093658685684e+00,  2.550915700936e+01, -7.609345018864e-03
  3.552000001073e+00,  3.103916406631e+00,  2.549889928841e+01, -1.067138463259e-02
  3.562000006437e+00,  3.114032983780e+00,  2.548878271126e+01, -1.066131517291e-02
  3.572500005364e+00,  3.124378442764e+00,  2.547843725228e+01, -9.482394903898e-03
  3.583000004292e+00,  3.134540796280e+00,  2.546827489876e+01, -8.880149573088e-03
  3.593500003219e+00,  3.144769906998e+00,  2.545804578804e+01, -8.318569511175e-03
  3.604000002146e+00,  3.155149698257e+00,  2.544766599678e+01, -7.453624159098e-03
  3.614000007510e+00,  3.165151834488e+00,  2.543766386055e+01, -7.360104471445e-03
  3.624000012875e+00,  3.175215959549e+00,  2.542759973549e+01, -8.266338147223e-03
  3.634000003338e+00,  3.185237169266e+00,  2.541757852578e+01, -8.541918359697e-03
  3.644500002265e+00,  3.195609331131e+00,  2.540720636391e+01, -7.920927368104e-03
  3.655000001192e+00,  3.205981492996e+00,  2.539683420205e+01, -7.396659348160e-03
  3.665500000119e+00,  3.216410875320e+00,  2.538640481972e+01, -8.507749997079e-03
  3.675999999046e+00,  3.226905107498e+00,  2.537591058754e+01, -8.419691585004e-03
  3.686500012875e+00,  3.237372636795e+00,  2.536544305825e+01, -8.806592784822e-03
  3.697000011802e+00,  3.247824907303e+00,  2.535499078774e+01, -9.555882774293e-03
  3.707500010729e+00,  3.258153200150e+00,  2.534466249489e+01, -8.971280418336e-03
  3.718000009656e+00,  3.268471956253e+00,  2.533434373879e+01, -8.528261445463e-03
  3.728500008583e+00,  3.278851747513e+00,  2.532396394753e+01, -9.241125546396e-03
  3.738499999046e+00,  3.288857698441e+00,  2.531395799660e+01, -9.482285939157e-03
  3.748500004411e+00,  3.298897981644e+00,  2.530391771340e+01, -9.404367767274e-03
  3.758500009775e+00,  3.308957338333e+00,  2.529385835671e+01, -9.574706666172e-03
  3.768500000238e+00,  3.319012880325e+00,  2.528380281472e+01, -7.948140613735e-03
  3.778500005603e+00,  3.329118013382e+00,  2.527369768166e+01, -7.575424853712e-03
  3.788500010967e+00,  3.339287996292e+00,  2.526352769875e+01, -7.442711386830e-03
  3.798500001431e+00,  3.349480867386e+00,  2.525333482766e+01, -9.036778472364e-03
  3.808500006795e+00,  3.359650850296e+00,  2.524316484475e+01, -9.551106952131e-03
  3.818500012159e+00,  3.369714021683e+00,  2.523310167336e+01, -1.036673691124e-02
  3.829000011086e+00,  3.380139589310e+00,  2.522267610573e+01, -1.079964544624e-02
  3.839500010014e+00,  3.390500307083e+00,  2.521231538796e+01, -1.009812019765e-02
  3.850000008941e+00,  3.400925874710e+00,  2.520188982033e+01, -8.725157007575e-03
  3.859999999404e+00,  3.410947084427e+00,  2.519186861061e+01, -9.403517469764e-03
  3.870000004768e+00,  3.420991182327e+00,  2.518182451271e+01, -1.097088120878e-02
  3.880500003695e+00,  3.431478261948e+00,  2.517133743309e+01, -1.045946776867e-02
  3.891000002623e+00,  3.441838979721e+00,  2.516097671532e+01, -1.012711133808e-02
  3.901500001550e+00,  3.452092885971e+00,  2.515072280907e+01, -9.791954420507e-03
  3.912000000477e+00,  3.462278127670e+00,  2.514053756737e+01, -8.265509270132e-03
  3.922499999404e+00,  3.472594976425e+00,  2.513022071862e+01, -7.717772852629e-03
  3.933000013232e+00,  3.482978582382e+00,  2.511983711266e+01, -8.650480769575e-03
  3.943500012159e+00,  3.493423223495e+00,  2.510939247155e+01, -9.307204745710e-03
  3.954000011086e+00,  3.503864049911e+00,  2.509895164513e+01, -8.688895963132e-03
  3.964500010014e+00,  3.514323949814e+00,  2.508849174523e+01, -8.844777010381e-03
  3.975000008941e+00,  3.524745702744e+00,  2.507806999230e+01, -8.756219409406e-03
  3.985500007868e+00,  3.535106420517e+00,  2.506770927452e+01, -8.155166171491e-03
  3.996000006795e+00,  3.545455694199e+00,  2.505736000084e+01, -6.961464416236e-03
  4.006500005722e+00,  3.555877447128e+00,  2.504693824791e+01, -7.515996228904e-03
  4.016500011086e+00,  3.565898656845e+00,  2.503691703820e+01, -7.716260384768e-03
  4.026500001550e+00,  3.575969457626e+00,  2.502684623742e+01, -8.915147744119e-03
  4.036500006914e+00,  3.586074590683e+00,  2.501674110436e+01, -9.113094769418e-03
  4.046500012279e+00,  3.596183538437e+00,  2.500663215660e+01, -9.781978093088e-03
  4.056500002742e+00,  3.606307744980e+00,  2.499650795006e+01, -1.024091895670e-02
  4.066500008106e+00,  3.616397619247e+00,  2.498641807579e+01, -9.478910826147e-03
  4.076499998569e+00,  3.626518011093e+00,  2.497629768395e+01, -8.569269441068e-03
  4.086500003934e+00,  3.636665105820e+00,  2.496615058922e+01, -8.956426754594e-03
  4.096500009298e+00,  3.646770238876e+00,  2.495604545617e+01, -7.902467623353e-03
  4.106499999762e+00,  3.656852483749e+00,  2.494596321129e+01, -6.810287013650e-03
  4.116500005126e+00,  3.667014837265e+00,  2.493580085778e+01, -6.916323676705e-03
  4.126500010490e+00,  3.677188634872e+00,  2.492562706017e+01, -7.886652834713e-03
  4.136500000954e+00,  3.687293767929e+00,  2.491552192711e+01, -7.637766189873e-03
  4.146500006318e+00,  3.697326421738e+00,  2.490548927330e+01, -8.747425861657e-03
  4.157000005245e+00,  3.707664251328e+00,  2.489515144371e+01, -8.180328644812e-03
  4.167500004172e+00,  3.717859029770e+00,  2.488495666527e+01, -6.185718812048e-03
  4.178000003099e+00,  3.728149175644e+00,  2.487466651940e+01, -4.607995040715e-03
  4.188500002027e+00,  3.738639593124e+00,  2.486417610192e+01, -4.616026766598e-03
  4.198500007391e+00,  3.748767614365e+00,  2.485404808068e+01, -5.514745600522e-03
  4.208500012755e+00,  3.758895635605e+00,  2.484392005944e+01, -7.440452463925e-03
  4.219000011683e+00,  3.769336462021e+00,  2.483347923302e+01, -8.723025210202e-03
  4.229500010610e+00,  3.779586553574e+00,  2.482322914147e+01, -8.342956192791e-03
  4.240000009537e+00,  3.789771795273e+00,  2.481304389977e+01, -8.458127267659e-03
  4.250500008464e+00,  3.800061941147e+00,  2.480275375389e+01, -7.673074491322e-03
  4.261000007391e+00,  3.810498952866e+00,  2.479231674218e+01, -7.315297611058e-03
  4.271000012755e+00,  3.820527791977e+00,  2.478228790306e+01, -8.870680816472e-03
  4.281500011683e+00,  3.830999135971e+00,  2.477181655907e+01, -9.743784554303e-03
  4.292000010610e+00,  3.841363668442e+00,  2.476145202660e+01, -9.037171490490e-03
  4.302500009537e+00,  3.851743459702e+00,  2.475107223534e+01, -7.878457196057e-03
  4.312500000000e+00,  3.861779928207e+00,  2.474103576683e+01, -8.029823191464e-03
  4.322500005364e+00,  3.871892690659e+00,  2.473092300438e+01, -7.865195162594e-03
  4.332500010729e+00,  3.881994009018e+00,  2.472082168602e+01, -9.046469815075e-03
  4.343000009656e+00,  3.892453908920e+00,  2.471036178612e+01, -9.443973191082e-03
  4.353500008583e+00,  3.902740240097e+00,  2.470007545494e+01, -1.007227320224e-02
  4.364000007510e+00,  3.912990331650e+00,  2.468982536339e+01, -8.715790696442e-03
  4.374500006437e+00,  3.923388957977e+00,  2.467942673706e+01, -7.962632924318e-03
  4.384500011802e+00,  3.933417797089e+00,  2.466939789795e+01, -7.834870368242e-03
  4.394500002265e+00,  3.943522930145e+00,  2.465929276490e+01, -7.767859846354e-03
  4.404500007629e+00,  3.953635692596e+00,  2.464918000245e+01, -6.545964628458e-03
  4.414500012994e+00,  3.963695049286e+00,  2.463912064576e+01, -7.322216406465e-03
  4.425000011921e+00,  3.974185466766e+00,  2.462863022828e+01, -6.775388494134e-03
  4.435000002384e+00,  3.984214305878e+00,  2.461860138916e+01, -7.167229428887e-03
  4.445000007749e+00,  3.994334697723e+00,  2.460848099732e+01, -6.822356954217e-03
  4.455000013113e+00,  4.004512310028e+00,  2.459830338501e+01, -9.183892980218e-03
  4.465000003576e+00,  4.014575481415e+00,  2.458824021363e+01, -8.252808824182e-03
  4.475500002503e+00,  4.025020122528e+00,  2.457779557251e+01, -7.540890946984e-03
  4.486000001431e+00,  4.035464763641e+00,  2.456735093140e+01, -7.791662588716e-03
  4.496500000358e+00,  4.045886516571e+00,  2.455692917847e+01, -8.183563128114e-03
  4.506999999285e+00,  4.056254863739e+00,  2.454656083130e+01, -7.708029821515e-03
  4.517500013113e+00,  4.066684246063e+00,  2.453613144898e+01, -7.936792448163e-03
  4.528000012040e+00,  4.077128887177e+00,  2.452568680787e+01, -8.284958079457e-03
  4.538500010967e+00,  4.087539196014e+00,  2.451527649903e+01, -7.209094241261e-03
  4.549000009894e+00,  4.098025798798e+00,  2.450478989624e+01, -8.189888671041e-03
  4.559000000358e+00,  4.108050823212e+00,  2.449476487183e+01, -7.412800565362e-03
  4.569000005722e+00,  4.118068218231e+00,  2.448474747681e+01, -6.834173575044e-03
  4.579000011086e+00,  4.128100872040e+00,  2.447471482300e+01, -6.691832095385e-03
  4.589000001550e+00,  4.138103008270e+00,  2.446471268677e+01, -6.043318659067e-03
  4.599500000477e+00,  4.148494243622e+00,  2.445432145142e+01, -4.531789571047e-03
  4.609999999404e+00,  4.158912181854e+00,  2.444390351319e+01, -5.449313670397e-03
  4.620500013232e+00,  4.169387340546e+00,  2.443342835450e+01, -6.876666098833e-03
  4.630500003695e+00,  4.179405212402e+00,  2.442341048264e+01, -7.585817016661e-03
  4.640500009060e+00,  4.189483642578e+00,  2.441333205246e+01, -8.328073658049e-03
  4.650499999523e+00,  4.199581146240e+00,  2.440323454880e+01, -9.614747948945e-03
  4.661000013351e+00,  4.210075378418e+00,  2.439274031662e+01, -9.852391667664e-03
  4.671500012279e+00,  4.220481872559e+00,  2.438233382248e+01, -8.905989117920e-03
  4.682000011206e+00,  4.230926513672e+00,  2.437188918137e+01, -7.858258672059e-03
  4.692000001669e+00,  4.240997314453e+00,  2.436181838059e+01, -9.080556221306e-03
  4.702000007033e+00,  4.251205444336e+00,  2.435161025071e+01, -8.829657919705e-03
  4.712000012398e+00,  4.261466979980e+00,  2.434134871506e+01, -9.384077042341e-03
  4.722000002861e+00,  4.271671295166e+00,  2.433114439988e+01, -9.737739339471e-03
  4.732000008225e+00,  4.281730651855e+00,  2.432108504319e+01, -1.024409569800e-02
  4.742500007153e+00,  4.292121887207e+00,  2.431069380783e+01, -7.779324427247e-03
  4.753000006080e+00,  4.302484512329e+00,  2.430033118271e+01, -7.418686524034e-03
  4.763500005007e+00,  4.312936782837e+00,  2.428987891220e+01, -7.902914658189e-03
  4.773500010371e+00,  4.323011398315e+00,  2.427980429673e+01, -8.578831329942e-03
  4.783500000834e+00,  4.333169937134e+00,  2.426964575791e+01, -9.771639481187e-03
  4.793500006199e+00,  4.343370437622e+00,  2.425944525742e+01, -1.018742658198e-02
  4.803500011563e+00,  4.353521347046e+00,  2.424929434800e+01, -9.612778201699e-03
  4.813500002027e+00,  4.363595962524e+00,  2.423921973252e+01, -7.601359859109e-03
  4.823500007391e+00,  4.373640060425e+00,  2.422917563462e+01, -7.190981879830e-03
  4.834000006318e+00,  4.384115219116e+00,  2.421870047593e+01, -7.000492885709e-03
  4.844500005245e+00,  4.394548416138e+00,  2.420826727890e+01, -7.875798270106e-03
  4.855000004172e+00,  4.405015945435e+00,  2.419779974961e+01, -7.846591994166e-03
  4.865000009537e+00,  4.415052413940e+00,  2.418776328110e+01, -8.683471009135e-03
  4.875000000000e+00,  4.425129890442e+00,  2.417768580460e+01, -8.811336942017e-03
  4.885000005364e+00,  4.435162544250e+00,  2.416765315079e+01, -9.049923159182e-03
  4.895500004292e+00,  4.445588111877e+00,  2.415722758316e+01, -8.889161981642e-03
  4.906000003219e+00,  4.455918312073e+00,  2.414689738297e+01, -8.985915221274e-03
  4.916500002146e+00,  4.466174125671e+00,  2.413664156937e+01, -8.530207909644e-03
  4.927000001073e+00,  4.476523399353e+00,  2.412629229569e+01, -7.651073392481e-03
  4.937000006437e+00,  4.486578941345e+00,  2.411623675370e+01, -7.140187080950e-03
  4.947000011802e+00,  4.496798515320e+00,  2.410601717972e+01, -7.570413406938e-03
  4.957000002265e+00,  4.507002830505e+00,  2.409581286454e+01, -8.517530746758e-03
  4.967000007629e+00,  4.517146110535e+00,  2.408566958451e+01, -9.972640313208e-03
  4.977500006557e+00,  4.527644157410e+00,  2.407517153763e+01, -1.025425549597e-02
  4.988000005484e+00,  4.537978172302e+00,  2.406483752274e+01, -1.033512409776e-02
  4.998500004411e+00,  4.548289299011e+00,  2.405452639603e+01, -9.894995950162e-03
  5.009000003338e+00,  4.558707237244e+00,  2.404410845780e+01, -8.319883607328e-03
  5.019000008702e+00,  4.568770408630e+00,  2.403404528641e+01, -6.583928596228e-03
  5.028999999166e+00,  4.578951835632e+00,  2.402386385941e+01, -7.511883508414e-03
  5.039000004530e+00,  4.589163780212e+00,  2.401365191483e+01, -8.919446729124e-03
  5.049000009894e+00,  4.599238395691e+00,  2.400357729935e+01, -8.883803151548e-03
  5.059500008821e+00,  4.609671592712e+00,  2.399314410233e+01, -9.333877824247e-03
  5.070000007749e+00,  4.620032310486e+00,  2.398278338456e+01, -8.790998719633e-03
  5.080500006676e+00,  4.630484580994e+00,  2.397233111405e+01, -6.874113809317e-03
  5.090500012040e+00,  4.640616416931e+00,  2.396219927811e+01, -6.494076456875e-03
  5.100500002503e+00,  4.650897026062e+00,  2.395191866898e+01, -6.945879664272e-03
  5.110500007868e+00,  4.661177635193e+00,  2.394163805985e+01, -7.878036238253e-03
  5.120500013232e+00,  4.671294212341e+00,  2.393152148270e+01, -9.597391821444e-03
  5.131000012159e+00,  4.681646823883e+00,  2.392116887116e+01, -1.108037587255e-02
  5.141500011086e+00,  4.691790103912e+00,  2.391102559113e+01, -1.004621759057e-02
  5.152000010014e+00,  4.701939105988e+00,  2.390087658905e+01, -8.061621338129e-03
  5.162500008941e+00,  4.712345600128e+00,  2.389047009491e+01, -7.195555139333e-03
  5.172499999404e+00,  4.722462177277e+00,  2.388035351777e+01, -8.344314992428e-03
  5.182500004768e+00,  4.732651233673e+00,  2.387016446137e+01, -8.187465369701e-03
  5.192500010133e+00,  4.742866992950e+00,  2.385994870209e+01, -8.494086563587e-03
  5.202500000596e+00,  4.753075122833e+00,  2.384974057221e+01, -1.009196788073e-02
  5.212500005960e+00,  4.763184070587e+00,  2.383963162445e+01, -9.520761668682e-03
  5.222500011325e+00,  4.773235797882e+00,  2.382957989716e+01, -8.592031896114e-03
  5.232500001788e+00,  4.783295154572e+00,  2.381952054047e+01, -8.433915674686e-03
  5.242500007153e+00,  4.793320178986e+00,  2.380949551606e+01, -7.772244978696e-03
  5.253000006080e+00,  4.803787708282e+00,  2.379902798676e+01, -7.578814867884e-03
  5.263500005007e+00,  4.814270496368e+00,  2.378854519867e+01, -6.593073252589e-03
  5.273500010371e+00,  4.824337482452e+00,  2.377847821259e+01, -7.675314787775e-03
  5.283500000834e+00,  4.834450244904e+00,  2.376836545014e+01, -7.554876152426e-03
  5.293500006199e+00,  4.844540119171e+00,  2.375827557587e+01, -7.836641743779e-03
  5.303500011563e+00,  4.854584217072e+00,  2.374823147797e+01, -7.489281240851e-03
  5.314000010490e+00,  4.865047931671e+00,  2.373776776337e+01, -8.498342707753e-03
  5.324500009418e+00,  4.875381946564e+00,  2.372743374848e+01, -6.978245917708e-03
  5.335000008345e+00,  4.885702610016e+00,  2.371711308503e+01, -7.154973689467e-03
  5.345500007272e+00,  4.896181583405e+00,  2.370663411164e+01, -6.683635059744e-03
  5.355500012636e+00,  4.906294345856e+00,  2.369652134919e+01, -6.334888283163e-03
  5.365500003099e+00,  4.916429996490e+00,  2.368638569855e+01, -6.452518049628e-03
  5.375500008464e+00,  4.926536083221e+00,  2.367627961182e+01, -6.793254986405e-03
  5.386000007391e+00,  4.937030315399e+00,  2.366578537964e+01, -6.842339411378e-03
  5.396500006318e+00,  4.947448253632e+00,  2.365536744141e+01, -8.562052622437e-03
  5.407000005245e+00,  4.957839488983e+00,  2.364497620606e+01, -9.002299979329e-03
  5.417000010610e+00,  4.967872142792e+00,  2.363494355225e+01, -8.071156218648e-03
  5.427000001073e+00,  4.978076457977e+00,  2.362473923706e+01, -8.038515225053e-03
  5.437000006437e+00,  4.988418102264e+00,  2.361439759278e+01, -8.422071114182e-03
  5.447000011802e+00,  4.998652935028e+00,  2.360416276001e+01, -8.735114708543e-03
  5.457000002265e+00,  5.008655071259e+00,  2.359416062378e+01, -8.471815846860e-03
  5.467500001192e+00,  5.018920421600e+00,  2.358389527344e+01, -8.214189670980e-03
  5.478000000119e+00,  5.029073238373e+00,  2.357374245667e+01, -7.210864685476e-03
  5.488499999046e+00,  5.039313793182e+00,  2.356350190186e+01, -5.199327133596e-03
  5.498500004411e+00,  5.049331188202e+00,  2.355348450684e+01, -4.663511179388e-03
  5.508500009775e+00,  5.059581279755e+00,  2.354323441529e+01, -5.654151551425e-03
  5.518500000238e+00,  5.069911479950e+00,  2.353290421509e+01, -6.276083178818e-03
  5.528500005603e+00,  5.080127239227e+00,  2.352268845581e+01, -8.045633323491e-03
  5.538500010967e+00,  5.090152263641e+00,  2.351266343140e+01, -8.705635555089e-03
  5.549000009894e+00,  5.100518703461e+00,  2.350229699158e+01, -8.137364871800e-03
  5.559500008821e+00,  5.110837459564e+00,  2.349197823548e+01, -7.497687824070e-03
  5.570000007749e+00,  5.121236324310e+00,  2.348157937073e+01, -7.658739574254e-03
  5.580000013113e+00,  5.131303310394e+00,  2.347151238465e+01, -8.029659278691e-03
  5.590000003576e+00,  5.141412258148e+00,  2.346140343689e+01, -8.374591358006e-03
  5.600000008941e+00,  5.151452541351e+00,  2.345136315369e+01, -9.199519641697e-03
  5.610500007868e+00,  5.161916255951e+00,  2.344089943909e+01, -9.472799487412e-03
  5.621000006795e+00,  5.172275066376e+00,  2.343054062867e+01, -9.055566973984e-03
  5.631500005722e+00,  5.182516098022e+00,  2.342029959702e+01, -7.338168099523e-03
  5.642000004649e+00,  5.192813873291e+00,  2.341000182175e+01, -5.688341334462e-03
  5.652500003576e+00,  5.203254699707e+00,  2.339956099533e+01, -5.647005513310e-03
  5.662500008941e+00,  5.213287353516e+00,  2.338952834153e+01, -5.339505150914e-03
  5.672499999404e+00,  5.223323822021e+00,  2.337949187302e+01, -6.837459281087e-03
  5.683000013232e+00,  5.233806610107e+00,  2.336900908493e+01, -7.353456690907e-03
  5.693500012159e+00,  5.244266510010e+00,  2.335854918503e+01, -6.596596911550e-03
  5.704000011086e+00,  5.254695892334e+00,  2.334811980271e+01, -6.594227626920e-03
  5.714500010014e+00,  5.265098571777e+00,  2.333771712326e+01, -6.370501592755e-03
  5.725000008941e+00,  5.275547027588e+00,  2.332726866745e+01, -5.511524155736e-03
  5.734999999404e+00,  5.285564422607e+00,  2.331725127243e+01, -5.803259089589e-03
  5.745000004768e+00,  5.295635223389e+00,  2.330718047165e+01, -6.498010829091e-03
  5.755000010133e+00,  5.305686950684e+00,  2.329712874436e+01, -6.660135462880e-03
  5.765000000596e+00,  5.315746307373e+00,  2.328706938767e+01, -6.996871903539e-03
  5.775000005960e+00,  5.325828552246e+00,  2.327698714280e+01, -7.228584960103e-03
  5.785000011325e+00,  5.335903167725e+00,  2.326691252732e+01, -7.677676156163e-03
  5.795500010252e+00,  5.346355438232e+00,  2.325646025681e+01, -9.164726361632e-03
  5.806500002742e+00,  5.356763839722e+00,  2.324605185532e+01, -1.475516520441e-02
  5.819000005722e+00,  5.366859436035e+00,  2.323595625901e+01, -1.770940981805e-02
  5.837500005960e+00,  5.377028465271e+00,  2.322578722977e+01, -1.784008555114e-02
  5.938000008464e+00,  5.383537292480e+00,  2.321927840256e+01, -8.719991892576e-03
  6.038000002503e+00,  5.382787704468e+00,  2.322002799057e+01, -6.281200330704e-03
  6.138000011444e+00,  5.381947517395e+00,  2.322086817765e+01, -6.435855757445e-03
  6.238000005484e+00,  5.381271362305e+00,  2.322154433274e+01, -1.001007761806e-02
  6.337999999523e+00,  5.380766868591e+00,  2.322204882645e+01, -7.723551709205e-03
  6.438000008464e+00,  5.380460739136e+00,  2.322235495591e+01, -7.772307842970e-03
  6.538000002503e+00,  5.380270481110e+00,  2.322254521393e+01, -9.134838357568e-03
  6.638000011444e+00,  5.380145549774e+00,  2.322267014527e+01, -5.999915301800e-03
  6.738000005484e+00,  5.380040168762e+00,  2.322277552628e+01, -8.395230397582e-03
  6.837999999523e+00,  5.380037784576e+00,  2.322277791047e+01, -9.899927303195e-03
  6.938000008464e+00,  5.379987716675e+00,  2.322282797837e+01, -7.725432049483e-03
  7.038000002503e+00,  5.379970073700e+00,  2.322284562134e+01, -7.515347097069e-03
  7.138000011444e+00,  5.379983425140e+00,  2.322283226990e+01, -8.978087455034e-03
  7.238000005484e+00,  5.379986286163e+00,  2.322282940888e+01, -8.734847418964e-03
  7.337999999523e+00,  5.380007743835e+00,  2.322280795121e+01, -7.082218769938e-03
  7.438000008464e+00,  5.379998683929e+00,  2.322281701111e+01, -8.288393728435e-03
  7.538000002503e+00,  5.380001068115e+00,  2.322281462693e+01, -7.636351976544e-03
  7.638000011444e+00,  5.380032539368e+00,  2.322278315567e+01, -7.608949206769e-03
  7.738000005484e+00,  5.380004405975e+00,  2.322281128907e+01, -6.534600630403e-03
  7.837999999523e+00,  5.380034446716e+00,  2.322278124833e+01, -8.451493456960e-03
  7.938000008464e+00,  5.380061626434e+00,  2.322275406861e+01, -7.549012079835e-03
  8.038000002503e+00,  5.380029678345e+00,  2.322278601670e+01, -2.937214216217e-03
  8.138000011444e+00,  5.380021572113e+00,  2.322279412293e+01, -7.716656196862e-03
  8.238000005484e+00,  5.380030632019e+00,  2.322278506302e+01, -7.341033779085e-03
  8.337999999523e+00,  5.380048274994e+00,  2.322276742005e+01, -8.450622670352e-03
  8.381000012159e+00,  5.380037784576e+00,  2.322277791047e+01, -6.704826839268e-03
