           Test time,     Standard travel,     Tool separation,      Standard force
                 0.0,                 0.0,  2.938335323728e+01, -5.238306708634e-03
                 0.0,                 0.0,  2.938335493602e+01, -5.195748992264e-03
                 0.0,                 0.0,  2.938334319390e+01, -5.910676904023e-03
                 0.0,                 0.0,  2.938333714403e+01, -6.081846542656e-03
                 0.0,                 0.0,  2.938333395518e+01, -6.225374527276e-03
                 0.0,                 0.0,  2.911754382703e+01, -5.630476865917e-03
  0.000000000000e+00,  0.000000000000e+00,  2.911753338974e+01, -5.048258695751e-03
  8.000001311302e-03, -2.786517143250e-06,  2.911753617625e+01, -3.690226469189e-03
  1.100000739098e-02,  6.482936441898e-06,  2.911752690680e+01, -3.403647337109e-03
  1.299999654293e-02,  5.313195288181e-06,  2.911752807654e+01, -3.271086607128e-03
  1.399999856949e-02,  7.630325853825e-06,  2.911752575941e+01, -3.178103361279e-03
  1.140000075102e-01,  1.812658774725e-05,  2.911751526315e+01, -4.517032299191e-03
  2.144999951124e-01, -6.462074679803e-07,  2.911753403595e+01, -4.753962159157e-03
  3.145000040531e-01, -8.620424523542e-06,  2.911754201016e+01, -3.700777888298e-03
  4.150000065565e-01,  5.186485126615e-03,  2.911234690461e+01, -6.281406618655e-03
  4.475000053644e-01,  1.522819884121e-02,  2.910230519090e+01,  5.800991319120e-03
  4.619999974966e-01,  2.524559386075e-02,  2.909228779588e+01,  2.077427320182e-02
  4.710000008345e-01,  3.530685976148e-02,  2.908222652998e+01,  3.533974289894e-02
  4.780000001192e-01,  4.556076601148e-02,  2.907197262373e+01,  2.928963117301e-02
  4.845000058413e-01,  5.622665956616e-02,  2.906130673017e+01,  2.548113279045e-02
  4.905000030994e-01,  6.665985286236e-02,  2.905087353688e+01,  2.517516352236e-02
  4.965000003576e-01,  7.738296687603e-02,  2.904015042286e+01,  2.553159929812e-02
  5.024999976158e-01,  8.812133967876e-02,  2.902941205006e+01,  2.400239743292e-02
  5.084999948740e-01,  9.852783381939e-02,  2.901900555592e+01,  2.329381741583e-02
  5.150000005960e-01,  1.091403216124e-01,  2.900839306813e+01,  2.362235821784e-02
  5.219999998808e-01,  1.192874163389e-01,  2.899824597340e+01,  2.524819411337e-02
  5.300000011921e-01,  1.294459551573e-01,  2.898808743458e+01,  4.459634050727e-02
  5.384999960661e-01,  1.398028582335e-01,  2.897773053150e+01,  5.670800432563e-02
  5.470000058413e-01,  1.502322405577e-01,  2.896730114918e+01,  6.266274303198e-02
  5.555000007153e-01,  1.608638018370e-01,  2.895666958790e+01,  7.170548290014e-02
  5.635000020266e-01,  1.713771075010e-01,  2.894615628224e+01,  8.229698985815e-02
  5.709999948740e-01,  1.821078509092e-01,  2.893542553883e+01,  9.044971317053e-02
  5.780000090599e-01,  1.928843706846e-01,  2.892464901905e+01,  8.410301059484e-02
  5.850000083447e-01,  2.035311907530e-01,  2.891400219898e+01,  7.985653728247e-02
  5.925000011921e-01,  2.141627520323e-01,  2.890337063771e+01,  8.268030732870e-02
  6.005000025034e-01,  2.243823260069e-01,  2.889315106373e+01,  8.598383516073e-02
  6.099999994040e-01,  2.348117083311e-01,  2.888272168141e+01,  8.907254785299e-02
  6.220000088215e-01,  2.448200285435e-01,  2.887271336119e+01,  9.348016232252e-02
  6.385000050068e-01,  2.551216185093e-01,  2.886241177123e+01,  1.248636767268e-01
  6.515000015497e-01,  2.652134001255e-01,  2.885231998961e+01,  1.320925205946e-01
  6.620000004768e-01,  2.753185331821e-01,  2.884221485656e+01,  1.354177445173e-01
  6.714999973774e-01,  2.856372892857e-01,  2.883189610045e+01,  1.337819546461e-01
  6.805000007153e-01,  2.957805693150e-01,  2.882175282042e+01,  1.326525062323e-01
  6.899999976158e-01,  3.062404692173e-01,  2.881129292052e+01,  1.332973092794e-01
  7.000000029802e-01,  3.165859282017e-01,  2.880094746154e+01,  1.382287591696e-01
  7.105000019073e-01,  3.266033232212e-01,  2.879093006652e+01,  1.446975320578e-01
  7.220000028610e-01,  3.368038237095e-01,  2.878072956603e+01,  1.531642526388e-01
  7.339999973774e-01,  3.472274839878e-01,  2.877030590575e+01,  1.608604043722e-01
  7.454999983311e-01,  3.573307096958e-01,  2.876020268004e+01,  1.656774133444e-01
  7.569999992847e-01,  3.676189482212e-01,  2.874991444152e+01,  1.718028634787e-01
  7.680000066757e-01,  3.777355253696e-01,  2.873979786437e+01,  1.781667321920e-01
  7.785000056028e-01,  3.878501951694e-01,  2.872968319457e+01,  1.847385019064e-01
  7.884999960661e-01,  3.981842100620e-01,  2.871934917968e+01,  1.926120370626e-01
  7.974999994040e-01,  4.083541929722e-01,  2.870917919677e+01,  1.968606561422e-01
  8.059999942780e-01,  4.185813963413e-01,  2.869895199340e+01,  1.986335366964e-01
  8.145000040531e-01,  4.290908873081e-01,  2.868844250243e+01,  2.009961456060e-01
  8.229999989271e-01,  4.395240843296e-01,  2.867800930541e+01,  2.029462903738e-01
  8.320000022650e-01,  4.500526487827e-01,  2.866748074095e+01,  2.076593488455e-01
  8.414999991655e-01,  4.604400694370e-01,  2.865709332030e+01,  2.115112394094e-01
  8.519999980927e-01,  4.709133207798e-01,  2.864662006896e+01,  2.217937558889e-01
  8.630000054836e-01,  4.813274443150e-01,  2.863620594542e+01,  2.284442037344e-01
  8.739999979734e-01,  4.916252493858e-01,  2.862590814035e+01,  2.382495850325e-01
  8.844999969006e-01,  5.019096732140e-01,  2.861562371652e+01,  2.419302910566e-01
  8.945000022650e-01,  5.119842886925e-01,  2.860554910105e+01,  2.457569092512e-01
  9.045000076294e-01,  5.221237540245e-01,  2.859540963571e+01,  2.476368397474e-01
  9.150000065565e-01,  5.325798392296e-01,  2.858495355051e+01,  2.557545304298e-01
  9.255000054836e-01,  5.429367423058e-01,  2.857459664743e+01,  2.611523270607e-01
  9.360000044107e-01,  5.531639456749e-01,  2.856436944406e+01,  2.667093873024e-01
  9.465000033379e-01,  5.633873343468e-01,  2.855414605539e+01,  2.737589478493e-01
  9.570000022650e-01,  5.737976431847e-01,  2.854373574655e+01,  2.783899903297e-01
  9.670000076294e-01,  5.837997794151e-01,  2.853373361032e+01,  2.831421494484e-01
  9.775000065565e-01,  5.942673087120e-01,  2.852326608103e+01,  2.889013886452e-01
  9.880000054836e-01,  6.047043204308e-01,  2.851282906931e+01,  2.955217957497e-01
  9.985000044107e-01,  6.150841116905e-01,  2.850244927805e+01,  3.013029694557e-01
  1.009000003338e+00,  6.254562735558e-01,  2.849207711618e+01,  3.077173829079e-01
  1.019500002265e+00,  6.359619498253e-01,  2.848157143991e+01,  3.111272454262e-01
  1.030000001192e+00,  6.464447379112e-01,  2.847108865183e+01,  3.160691857338e-01
  1.040500000119e+00,  6.568588614464e-01,  2.846067452829e+01,  3.206134438515e-01
  1.050999999046e+00,  6.672691702843e-01,  2.845026421945e+01,  3.264146447182e-01
  1.061499997973e+00,  6.777672171593e-01,  2.843976617258e+01,  3.321643471718e-01
  1.071500003338e+00,  6.877846121788e-01,  2.842974877756e+01,  3.369222283363e-01
  1.081500008702e+00,  6.978325247765e-01,  2.841970086496e+01,  3.410497307777e-01
  1.091499999166e+00,  7.078804373741e-01,  2.840965295236e+01,  3.468747735023e-01
  1.101500004530e+00,  7.179207205772e-01,  2.839961266916e+01,  3.519731163979e-01
  1.112000003457e+00,  7.283920645714e-01,  2.838914132517e+01,  3.585277199745e-01
  1.122000008821e+00,  7.384124398232e-01,  2.837912094991e+01,  3.653052151203e-01
  1.131999999285e+00,  7.484832406044e-01,  2.836905014913e+01,  3.714211285114e-01
  1.142000004649e+00,  7.585044503212e-01,  2.835902893942e+01,  3.770220577717e-01
  1.152500003576e+00,  7.689262032509e-01,  2.834860718649e+01,  3.825381100178e-01
  1.163000002503e+00,  7.793441414833e-01,  2.833818924825e+01,  3.877203762531e-01
  1.173500001431e+00,  7.897811532021e-01,  2.832775223654e+01,  3.927853405476e-01
  1.183500006795e+00,  7.998328804970e-01,  2.831770050924e+01,  3.976333439350e-01
  1.193499997258e+00,  8.099418282509e-01,  2.830759156149e+01,  4.026534855366e-01
  1.203500002623e+00,  8.200355172157e-01,  2.829749787252e+01,  4.070833027363e-01
  1.214000001550e+00,  8.305068612099e-01,  2.828702652853e+01,  4.130971729755e-01
  1.224500000477e+00,  8.409553170204e-01,  2.827657807272e+01,  4.186218082905e-01
  1.234999999404e+00,  8.513808846474e-01,  2.826615250509e+01,  4.246871769428e-01
  1.245000004768e+00,  8.614631295204e-01,  2.825607026022e+01,  4.291074573994e-01
  1.254999995232e+00,  8.716445565224e-01,  2.824588883322e+01,  4.341333210468e-01
  1.265000000596e+00,  8.817840218544e-01,  2.823574936788e+01,  4.385068714619e-01
  1.275499999523e+00,  8.922134041786e-01,  2.822531998556e+01,  4.459493458271e-01
  1.285999998450e+00,  9.025779366493e-01,  2.821495545309e+01,  4.523341953754e-01
  1.296499997377e+00,  9.129615426064e-01,  2.820457184713e+01,  4.574134647846e-01
  1.306999996305e+00,  9.233375191689e-01,  2.819419587057e+01,  4.623897373676e-01
  1.317499995232e+00,  9.337630867958e-01,  2.818377030294e+01,  4.678895771503e-01
  1.327500000596e+00,  9.438186287880e-01,  2.817371476095e+01,  4.735925495625e-01
  1.337500005960e+00,  9.538512825966e-01,  2.816368210714e+01,  4.770639240742e-01
  1.348000004888e+00,  9.640346169472e-01,  2.815349877279e+01,  4.823329746723e-01
  1.359500005841e+00,  9.744125008583e-01,  2.814312088888e+01,  4.850409328938e-01
  1.372999995947e+00,  9.846861958504e-01,  2.813284719389e+01,  4.867483973503e-01
  1.393000006676e+00,  9.946969151497e-01,  2.812283647459e+01,  4.936985373497e-01
  1.402999997139e+00,  9.975512623787e-01,  2.811998212736e+01,  4.963740706444e-01
  1.503000006080e+00,  1.003126978874e+00,  2.811440641086e+01,  5.030411481857e-01
  1.603500008583e+00,  1.002613663673e+00,  2.811491972606e+01,  5.007534623146e-01
  1.703999996185e+00,  1.001855254173e+00,  2.811567813556e+01,  4.981051385403e-01
  1.804000005126e+00,  1.001273036003e+00,  2.811626035373e+01,  4.973418712616e-01
  1.904500007629e+00,  1.000839352608e+00,  2.811669403713e+01,  4.935539662838e-01
  2.004999995232e+00,  1.000565409660e+00,  2.811696798008e+01,  4.914267957211e-01
  2.105000004172e+00,  1.000359892845e+00,  2.811717349689e+01,  4.929493963718e-01
  2.205500006676e+00,  1.000203967094e+00,  2.811732942264e+01,  4.910992681980e-01
  2.305999994278e+00,  1.000142216682e+00,  2.811739117306e+01,  4.904335439205e-01
  2.406000003219e+00,  1.000083804131e+00,  2.811744958561e+01,  4.873890578747e-01
  2.506500005722e+00,  1.000045895576e+00,  2.811748749416e+01,  4.885752499104e-01
  2.607000008225e+00,  1.000030875206e+00,  2.811750251453e+01,  4.868872463703e-01
  2.707499995828e+00,  1.000033497810e+00,  2.811749989193e+01,  4.875018000603e-01
  2.807500004768e+00,  1.000007629395e+00,  2.811752576034e+01,  4.851096272469e-01
  2.908000007272e+00,  9.999837279320e-01,  2.811754966181e+01,  4.854055047035e-01
  3.008499994874e+00,  1.000002503395e+00,  2.811753088634e+01,  4.867890775204e-01
  3.108500003815e+00,  1.000018477440e+00,  2.811751491230e+01,  4.842868149281e-01
  3.209000006318e+00,  1.000022888184e+00,  2.811751050155e+01,  4.836380183697e-01
  3.309500008821e+00,  9.999947547913e-01,  2.811753863495e+01,  4.811477959156e-01
  3.409999996424e+00,  1.000027060509e+00,  2.811750632923e+01,  4.794566929340e-01
  3.510000005364e+00,  1.000021576881e+00,  2.811751181286e+01,  4.812452793121e-01
  3.610500007868e+00,  1.000035166740e+00,  2.811749822300e+01,  4.807679057121e-01
  3.710999995470e+00,  1.000019907951e+00,  2.811751348179e+01,  4.816724658012e-01
  3.811000004411e+00,  1.000019192696e+00,  2.811751419704e+01,  4.812495708466e-01
  3.911500006914e+00,  1.000050067902e+00,  2.811748332184e+01,  4.817167818546e-01
  4.011999994516e+00,  1.000010967255e+00,  2.811752242248e+01,  4.806115925312e-01
  4.112000003457e+00,  1.000004410744e+00,  2.811752897899e+01,  4.786078035831e-01
  4.212500005960e+00,  1.000024080276e+00,  2.811750930946e+01,  4.785795211792e-01
  4.313000008464e+00,  1.000051736832e+00,  2.811748165291e+01,  4.767928123474e-01
  4.413499996066e+00,  1.000051259995e+00,  2.811748212974e+01,  4.767895042896e-01
  4.513500005007e+00,  1.000009536743e+00,  2.811752385299e+01,  4.761529266834e-01
  4.614000007510e+00,  1.000016450882e+00,  2.811751693886e+01,  4.752543866634e-01
  4.714499995112e+00,  1.000054955482e+00,  2.811747843426e+01,  4.765259027481e-01
  4.814500004053e+00,  1.000009775162e+00,  2.811752361458e+01,  4.754638075829e-01
  4.915000006557e+00,  9.999769330025e-01,  2.811755645674e+01,  4.746658802032e-01
  5.015500009060e+00,  1.000018596649e+00,  2.811751479309e+01,  4.726578593254e-01
  5.115999996662e+00,  1.000034451485e+00,  2.811749893825e+01,  4.739091694355e-01
  5.216000005603e+00,  1.000011563301e+00,  2.811752182644e+01,  4.728371798992e-01
  5.316500008106e+00,  1.000000953674e+00,  2.811753243606e+01,  4.736792743206e-01
  5.416999995708e+00,  1.000018119812e+00,  2.811751526993e+01,  4.736825525761e-01
  5.517000004649e+00,  1.000004053116e+00,  2.811752933662e+01,  4.723439216614e-01
  5.617500007153e+00,  9.999927878380e-01,  2.811754060190e+01,  4.728271961212e-01
  5.717999994755e+00,  1.000016212463e+00,  2.811751717727e+01,  4.716430902481e-01
  5.818000003695e+00,  9.999960660934e-01,  2.811753732364e+01,  4.721624851227e-01
  5.918500006199e+00,  1.000017523766e+00,  2.811751586597e+01,  4.717487394810e-01
  6.018500000238e+00,  1.000018715858e+00,  2.811751467388e+01,  4.710383713245e-01
  6.118499994278e+00,  1.000025987625e+00,  2.811750740211e+01,  4.687649607658e-01
  6.218500003219e+00,  1.000029921532e+00,  2.811750346821e+01,  4.730434715748e-01
  6.318499997258e+00,  9.999913573265e-01,  2.811754203241e+01,  4.694591760635e-01
  6.418500006199e+00,  1.000008106232e+00,  2.811752528351e+01,  4.695691466331e-01
  6.518500000238e+00,  9.999904036522e-01,  2.811754298609e+01,  4.689800143242e-01
  6.618499994278e+00,  1.000035047531e+00,  2.811749834221e+01,  4.697307348251e-01
  6.718500003219e+00,  1.000001549721e+00,  2.811753184002e+01,  4.700101017952e-01
  6.818499997258e+00,  1.000012040138e+00,  2.811752134960e+01,  4.706575274467e-01
  6.918500006199e+00,  1.000030994415e+00,  2.811750239532e+01,  4.707994759083e-01
  7.018500000238e+00,  1.000041484833e+00,  2.811749190490e+01,  4.669148921967e-01
  7.118499994278e+00,  1.000022649765e+00,  2.811751073997e+01,  4.683122336864e-01
  7.218500003219e+00,  9.999984502792e-01,  2.811753493946e+01,  4.684506058693e-01
  7.318499997258e+00,  1.000050425529e+00,  2.811748296421e+01,  4.688628613949e-01
  7.418500006199e+00,  1.000012755394e+00,  2.811752063434e+01,  4.674009680748e-01
  7.518500000238e+00,  1.000033020973e+00,  2.811750036876e+01,  4.681915640831e-01
  7.618499994278e+00,  1.000006556511e+00,  2.811752683323e+01,  4.706592261791e-01
  7.718500003219e+00,  1.000032663345e+00,  2.811750072639e+01,  4.678473472595e-01
  7.818499997258e+00,  9.999799728394e-01,  2.811755341690e+01,  4.688229560852e-01
  7.918500006199e+00,  1.000022411346e+00,  2.811751097839e+01,  4.675088524818e-01
  8.018500000238e+00,  1.000008106232e+00,  2.811752528351e+01,  4.672413170338e-01
  8.118499994278e+00,  1.000023245811e+00,  2.811751014393e+01,  4.652459621429e-01
  8.218500003219e+00,  1.000020027161e+00,  2.811751336258e+01,  4.663861393929e-01
  8.318499997258e+00,  1.000001668930e+00,  2.811753172081e+01,  4.673296213150e-01
  8.418500006199e+00,  1.000022411346e+00,  2.811751097839e+01,  4.661772847176e-01
  8.518500000238e+00,  1.000030040741e+00,  2.811750334900e+01,  4.672633707523e-01
  8.618499994278e+00,  1.000020503998e+00,  2.811751288574e+01,  4.662450253963e-01
  8.718500003219e+00,  9.999879598618e-01,  2.811754542988e+01,  4.658907353878e-01
  8.818499997258e+00,  1.000008463860e+00,  2.811752492588e+01,  4.687995612621e-01
  8.918500006199e+00,  1.000008702278e+00,  2.811752468746e+01,  4.678607583046e-01
  9.018500000238e+00,  1.000032424927e+00,  2.811750096481e+01,  4.672974646091e-01
  9.118499994278e+00,  1.000009179115e+00,  2.811752421062e+01,  4.670142829418e-01
  9.218500003219e+00,  1.000019788742e+00,  2.811751360100e+01,  4.667329192162e-01
  9.318499997258e+00,  1.000006318092e+00,  2.811752707165e+01,  4.656734466553e-01
  9.418500006199e+00,  9.999873638153e-01,  2.811754602592e+01,  4.667854011059e-01
  9.518500000238e+00,  1.000025510788e+00,  2.811750787895e+01,  4.650110304356e-01
  9.618499994278e+00,  1.000016808510e+00,  2.811751658123e+01,  4.656366109848e-01
  9.718500003219e+00,  1.000021100044e+00,  2.811751228969e+01,  4.659265279770e-01
  9.818499997258e+00,  1.000015258789e+00,  2.811751813095e+01,  4.657429754734e-01
  9.918500006199e+00,  1.000009298325e+00,  2.811752409141e+01,  4.653531014919e-01
  1.001850000024e+01,  9.999701976776e-01,  2.811756319206e+01,  4.653354883194e-01
  1.011849999428e+01,  1.000019192696e+00,  2.811751419704e+01,  4.636601209641e-01
  1.021850000322e+01,  1.000032067299e+00,  2.811750132244e+01,  4.636685252190e-01
  1.031849999726e+01,  1.000018358231e+00,  2.811751503151e+01,  4.655586183071e-01
  1.041850000620e+01,  1.000015377998e+00,  2.811751801174e+01,  4.649595916271e-01
  1.051850000024e+01,  9.999978542328e-01,  2.811753553550e+01,  4.632581770420e-01
  1.061849999428e+01,  1.000001788139e+00,  2.811753160160e+01,  4.650404155254e-01
  1.071850000322e+01,  9.999989867210e-01,  2.811753440302e+01,  4.632123410702e-01
  1.081849999726e+01,  1.000006318092e+00,  2.811752707165e+01,  4.620181620121e-01
  1.091850000620e+01,  1.000014901161e+00,  2.811751848858e+01,  4.621747732162e-01
  1.101850000024e+01,  1.000021100044e+00,  2.811751228969e+01,  4.627565741539e-01
  1.111849999428e+01,  9.999986886978e-01,  2.811753470104e+01,  4.610964059830e-01
  1.121850000322e+01,  9.999801516533e-01,  2.811755323808e+01,  4.650136232376e-01
  1.131849999726e+01,  9.999867677689e-01,  2.811754662197e+01,  4.627493917942e-01
  1.141850000620e+01,  9.999987483025e-01,  2.811753464144e+01,  4.613758027554e-01
  1.151850000024e+01,  9.999972581863e-01,  2.811753613155e+01,  4.647555649281e-01
  1.161849999428e+01,  1.000048279762e+00,  2.811748510998e+01,  4.649604260921e-01
  1.171850000322e+01,  1.000015139580e+00,  2.811751825016e+01,  4.612170755863e-01
  1.181849999726e+01,  1.000000119209e+00,  2.811753327053e+01,  4.610570073128e-01
  1.191850000620e+01,  1.000015497208e+00,  2.811751789253e+01,  4.621793329716e-01
  1.201850000024e+01,  1.000029802322e+00,  2.811750358742e+01,  4.608127474785e-01
  1.211849999428e+01,  1.000029444695e+00,  2.811750394504e+01,  4.616181552410e-01
  1.221850000322e+01,  1.000036954880e+00,  2.811749643486e+01,  4.604667723179e-01
  1.231849999726e+01,  9.999917745590e-01,  2.811754161518e+01,  4.615084230900e-01
  1.241850000620e+01,  1.000024199486e+00,  2.811750919025e+01,  4.639938175678e-01
  1.251850000024e+01,  1.000011682510e+00,  2.811752170723e+01,  4.617173075676e-01
  1.261849999428e+01,  1.000025629997e+00,  2.811750775974e+01,  4.637371897697e-01
  1.271850000322e+01,  1.000000715256e+00,  2.811753267448e+01,  4.629181921482e-01
  1.281849999726e+01,  1.000003218651e+00,  2.811753017109e+01,  4.626887142658e-01
  1.291850000620e+01,  9.999845027924e-01,  2.811754888695e+01,  4.615077376366e-01
  1.301850000024e+01,  1.000017523766e+00,  2.811751586597e+01,  4.611327350140e-01
  1.311849999428e+01,  1.000021696091e+00,  2.811751169365e+01,  4.625046849251e-01
  1.321850000322e+01,  9.999886155128e-01,  2.811754477422e+01,  4.602483510971e-01
  1.331849999726e+01,  9.999910593033e-01,  2.811754233043e+01,  4.606975317001e-01
  1.341850000620e+01,  9.999865889549e-01,  2.811754680078e+01,  4.591363370419e-01
  1.351850000024e+01,  1.000002503395e+00,  2.811753088634e+01,  4.629367589951e-01
  1.361849999428e+01,  1.000018119812e+00,  2.811751526993e+01,  4.588856399059e-01
  1.371850000322e+01,  1.000010251999e+00,  2.811752313774e+01,  4.589947164059e-01
  1.381849999726e+01,  9.999771714211e-01,  2.811755621832e+01,  4.616211354733e-01
  1.391850000620e+01,  9.999943375587e-01,  2.811753905218e+01,  4.588968455791e-01
  1.401850000024e+01,  1.000033259392e+00,  2.811750013035e+01,  4.598948955536e-01
  1.411849999428e+01,  1.000010013580e+00,  2.811752337616e+01,  4.581366181374e-01
  1.421850000322e+01,  1.000026106834e+00,  2.811750728290e+01,  4.607558250427e-01
  1.431849999726e+01,  9.999758005142e-01,  2.811755758922e+01,  4.576435387135e-01
  1.441850000620e+01,  1.000021219254e+00,  2.811751217048e+01,  4.578028619289e-01
  1.451850000024e+01,  1.000023365021e+00,  2.811751002472e+01,  4.590657651424e-01
  1.461849999428e+01,  1.000016450882e+00,  2.811751693886e+01,  4.586223363876e-01
  1.471850000322e+01,  1.000009536743e+00,  2.811752385299e+01,  4.593527317047e-01
  1.481849999726e+01,  9.999997615814e-01,  2.811753362816e+01,  4.588495790958e-01
  1.491850000620e+01,  1.000011086464e+00,  2.811752230327e+01,  4.586543440819e-01
  1.501850000024e+01,  1.000030636787e+00,  2.811750275295e+01,  4.575125873089e-01
  1.511849999428e+01,  9.999756813049e-01,  2.811755770843e+01,  4.565288126469e-01
  1.521850000322e+01,  1.000009059906e+00,  2.811752432983e+01,  4.576230645180e-01
  1.531849999726e+01,  1.000008940697e+00,  2.811752444904e+01,  4.573985636234e-01
  1.541850000620e+01,  1.000021576881e+00,  2.811751181286e+01,  4.590893387794e-01
  1.551850000024e+01,  9.999890327454e-01,  2.811754435699e+01,  4.577136337757e-01
  1.561849999428e+01,  9.999608993530e-01,  2.811757249038e+01,  4.591630101204e-01
  1.571850000322e+01,  1.000003099442e+00,  2.811753029030e+01,  4.593169391155e-01
  1.581849999726e+01,  9.999939799309e-01,  2.811753940981e+01,  4.577134251595e-01
  1.591850000620e+01,  1.000038385391e+00,  2.811749500435e+01,  4.564400911331e-01
  1.601850000024e+01,  1.000010728836e+00,  2.811752266090e+01,  4.571827054024e-01
  1.611849999428e+01,  1.000005364418e+00,  2.811752802532e+01,  4.596012234688e-01
  1.621850000322e+01,  1.000018358231e+00,  2.811751503151e+01,  4.576785564423e-01
  1.631849999726e+01,  1.000038385391e+00,  2.811749500435e+01,  4.582264721394e-01
  1.641850000620e+01,  1.000030636787e+00,  2.811750275295e+01,  4.578363895416e-01
  1.651850000024e+01,  1.000000119209e+00,  2.811753327053e+01,  4.587350785732e-01
  1.661849999428e+01,  1.000020742416e+00,  2.811751264732e+01,  4.577620923519e-01
  1.671850000322e+01,  1.000037312508e+00,  2.811749607723e+01,  4.566363096237e-01
  1.681849999726e+01,  1.000009059906e+00,  2.811752432983e+01,  4.572428166866e-01
  1.691850000620e+01,  9.999996423721e-01,  2.811753374737e+01,  4.563361108303e-01
  1.701850000024e+01,  1.000013351440e+00,  2.811752003830e+01,  4.585488438606e-01
  1.711849999428e+01,  9.999954104424e-01,  2.811753797930e+01,  4.565569460392e-01
  1.721850000322e+01,  1.000010013580e+00,  2.811752337616e+01,  4.577240943909e-01
  1.731849999726e+01,  9.999952912331e-01,  2.811753809850e+01,  4.581962823868e-01
  1.741850000620e+01,  9.999861121178e-01,  2.811754727762e+01,  4.579822719097e-01
  1.751850000024e+01,  9.999828934669e-01,  2.811755049627e+01,  4.581935107708e-01
  1.761849999428e+01,  9.999718070030e-01,  2.811756158273e+01,  4.592978954315e-01
  1.771850000322e+01,  9.999611973763e-01,  2.811757219236e+01,  4.599869251251e-01
  1.781849999726e+01,  1.000013351440e+00,  2.811752003830e+01,  4.559888243675e-01
  1.791850000620e+01,  9.999707937241e-01,  2.811756259601e+01,  4.571612179279e-01
  1.801850000024e+01,  1.000004053116e+00,  2.811752933662e+01,  4.566190838814e-01
  1.811849999428e+01,  1.000026822090e+00,  2.811750656765e+01,  4.552318155766e-01
  1.821850000322e+01,  1.000016331673e+00,  2.811751705807e+01,  4.568157196045e-01
  1.831849999726e+01,  9.999775886536e-01,  2.811755580108e+01,  4.558661282063e-01
  1.841850000620e+01,  1.000016093254e+00,  2.811751729648e+01,  4.539873898029e-01
  1.851850000024e+01,  1.000004529953e+00,  2.811752885978e+01,  4.547891020775e-01
  1.861849999428e+01,  1.000028967857e+00,  2.811750442188e+01,  4.549878239632e-01
  1.871850000322e+01,  1.000001311302e+00,  2.811753207844e+01,  4.567422270775e-01
  1.881849999726e+01,  1.000014901161e+00,  2.811751848858e+01,  4.559344053268e-01
  1.891850000620e+01,  1.000007510185e+00,  2.811752587955e+01,  4.545907974243e-01
  1.901850000024e+01,  1.000025272369e+00,  2.811750811737e+01,  4.549429416656e-01
  1.911849999428e+01,  9.999843835831e-01,  2.811754900615e+01,  4.557583630085e-01
  1.921850000322e+01,  1.000005245209e+00,  2.811752814453e+01,  4.551254212856e-01
  1.931849999726e+01,  9.999889135361e-01,  2.811754447620e+01,  4.552859365940e-01
  1.941850000620e+01,  1.000020146370e+00,  2.811751324337e+01,  4.560769796371e-01
  1.951850000024e+01,  9.999838471413e-01,  2.811754954260e+01,  4.541626572609e-01
  1.961849999428e+01,  9.999986886978e-01,  2.811753470104e+01,  4.553002119064e-01
  1.971850000322e+01,  1.000029444695e+00,  2.811750394504e+01,  4.555005133152e-01
  1.981849999726e+01,  1.000000238419e+00,  2.811753315132e+01,  4.567859768867e-01
  1.991850000620e+01,  1.000024318695e+00,  2.811750907104e+01,  4.555924832821e-01
  2.001850000024e+01,  1.000026702881e+00,  2.811750668686e+01,  4.559105336666e-01
  2.011849999428e+01,  1.000001668930e+00,  2.811753172081e+01,  4.541665911674e-01
  2.021850000322e+01,  1.000014781952e+00,  2.811751860779e+01,  4.576272368431e-01
  2.031849999726e+01,  1.000000238419e+00,  2.811753315132e+01,  4.542699456215e-01
  2.041850000620e+01,  9.999989867210e-01,  2.811753440302e+01,  4.558263123035e-01
  2.051850000024e+01,  1.000003457069e+00,  2.811752993267e+01,  4.544077217579e-01
  2.061849999428e+01,  9.999994039536e-01,  2.811753398578e+01,  4.563809931278e-01
  2.071850000322e+01,  1.000053524971e+00,  2.811747986477e+01,  4.546347558498e-01
  2.081849999726e+01,  1.000011682510e+00,  2.811752170723e+01,  4.558367133141e-01
  2.091850000620e+01,  9.999965429306e-01,  2.811753684681e+01,  4.555284678936e-01
  2.101850000024e+01,  9.999803304672e-01,  2.811755305927e+01,  4.523384571075e-01
  2.111849999428e+01,  1.000035166740e+00,  2.811749822300e+01,  4.542864263058e-01
  2.121850000322e+01,  9.999935626984e-01,  2.811753982704e+01,  4.541381299496e-01
  2.131849999726e+01,  1.000011920929e+00,  2.811752146881e+01,  4.546313881874e-01
  2.141850000620e+01,  9.999889135361e-01,  2.811754447620e+01,  4.537079036236e-01
  2.151850000024e+01,  1.000010013580e+00,  2.811752337616e+01,  4.534178078175e-01
  2.161849999428e+01,  1.000015020370e+00,  2.811751836937e+01,  4.538933634758e-01
  2.171850000322e+01,  1.000023603439e+00,  2.811750978630e+01,  4.549705088139e-01
  2.181849999726e+01,  1.000018596649e+00,  2.811751479309e+01,  4.531489014626e-01
  2.191850000620e+01,  9.999739527702e-01,  2.811755943697e+01,  4.519303739071e-01
  2.201850000024e+01,  1.000015854836e+00,  2.811751753490e+01,  4.555450081825e-01
  2.211849999428e+01,  1.000015258789e+00,  2.811751813095e+01,  4.542222619057e-01
  2.221850000322e+01,  1.000029087067e+00,  2.811750430267e+01,  4.528916776180e-01
  2.231849999726e+01,  1.000015974045e+00,  2.811751741569e+01,  4.537930786610e-01
  2.241850000620e+01,  1.000017523766e+00,  2.811751586597e+01,  4.527518153191e-01
  2.251850000024e+01,  1.000010132790e+00,  2.811752325695e+01,  4.544088840485e-01
  2.261849999428e+01,  1.000014185905e+00,  2.811751920383e+01,  4.531502723694e-01
  2.271850000322e+01,  1.000009417534e+00,  2.811752397220e+01,  4.530159235001e-01
  2.281849999726e+01,  9.999789595604e-01,  2.811755443018e+01,  4.523880183697e-01
  2.291850000620e+01,  9.999988675117e-01,  2.811753452223e+01,  4.532983005047e-01
  2.301850000024e+01,  1.000012516975e+00,  2.811752087276e+01,  4.538604915142e-01
  2.311849999428e+01,  1.000012874603e+00,  2.811752051513e+01,  4.518420994282e-01
  2.321850000322e+01,  1.000033855438e+00,  2.811749953430e+01,  4.534918963909e-01
  2.331849999726e+01,  1.000014781952e+00,  2.811751860779e+01,  4.517291784286e-01
  2.341850000620e+01,  1.000012159348e+00,  2.811752123039e+01,  4.512161016464e-01
  2.351850000024e+01,  1.000003695488e+00,  2.811752969425e+01,  4.519422948360e-01
  2.361849999428e+01,  1.000013589859e+00,  2.811751979988e+01,  4.502222239971e-01
  2.371850000322e+01,  1.000013351440e+00,  2.811752003830e+01,  4.509141445160e-01
  2.381849999726e+01,  1.000033497810e+00,  2.811749989193e+01,  4.507731795311e-01
  2.391850000620e+01,  1.000022053719e+00,  2.811751133602e+01,  4.552754163742e-01
  2.401850000024e+01,  9.999955892563e-01,  2.811753780048e+01,  4.520061314106e-01
  2.411849999428e+01,  9.999892711639e-01,  2.811754411857e+01,  4.539184570313e-01
  2.421850000322e+01,  9.999787807465e-01,  2.811755460899e+01,  4.537383615971e-01
  2.431849999726e+01,  9.999763965607e-01,  2.811755699318e+01,  4.509863853455e-01
  2.441850000620e+01,  9.999706745148e-01,  2.811756271522e+01,  4.523953497410e-01
  2.451850000024e+01,  1.000017881393e+00,  2.811751550834e+01,  4.488138854504e-01
  2.461849999428e+01,  9.999819397926e-01,  2.811755144995e+01,  4.536325037479e-01
  2.471850000322e+01,  1.000007033348e+00,  2.811752635639e+01,  4.508390128613e-01
  2.481849999726e+01,  1.000001192093e+00,  2.811753219764e+01,  4.523856639862e-01
  2.491850000620e+01,  1.000023484230e+00,  2.811750990551e+01,  4.506867229939e-01
  2.501850000024e+01,  1.000005960464e+00,  2.811752742927e+01,  4.508503973484e-01
  2.511849999428e+01,  1.000011682510e+00,  2.811752170723e+01,  4.498910009861e-01
  2.521850000322e+01,  1.000009655952e+00,  2.811752373379e+01,  4.505123198032e-01
  2.531849999726e+01,  1.000003457069e+00,  2.811752993267e+01,  4.546061158180e-01
  2.541850000620e+01,  9.999994635582e-01,  2.811753392618e+01,  4.524675309658e-01
  2.551850000024e+01,  1.000003218651e+00,  2.811753017109e+01,  4.515840411186e-01
  2.561849999428e+01,  1.000015735626e+00,  2.811751765411e+01,  4.530895352364e-01
  2.571850000322e+01,  1.000011086464e+00,  2.811752230327e+01,  4.524717926979e-01
  2.581849999726e+01,  1.000028014183e+00,  2.811750537555e+01,  4.510867595673e-01
  2.591850000620e+01,  1.000008821487e+00,  2.811752456825e+01,  4.514313340187e-01
  2.601850000024e+01,  1.000008583069e+00,  2.811752480667e+01,  4.513337314129e-01
  2.611849999428e+01,  1.000018715858e+00,  2.811751467388e+01,  4.507110416889e-01
  2.621850000322e+01,  9.999763965607e-01,  2.811755699318e+01,  4.504610002041e-01
  2.631849999726e+01,  9.999989271164e-01,  2.811753446262e+01,  4.522444903851e-01
  2.641850000620e+01,  1.000021576881e+00,  2.811751181286e+01,  4.526665508747e-01
  2.651850000024e+01,  1.000007271767e+00,  2.811752611797e+01,  4.514984786510e-01
  2.661849999428e+01,  9.999908208847e-01,  2.811754256885e+01,  4.535408616066e-01
  2.671850000322e+01,  1.000028610229e+00,  2.811750477951e+01,  4.521231055260e-01
  2.681849999726e+01,  1.000016570091e+00,  2.811751681965e+01,  4.533770382404e-01
  2.691850000620e+01,  9.999718070030e-01,  2.811756158273e+01,  4.549898505211e-01
  2.701850000024e+01,  9.999880790710e-01,  2.811754531067e+01,  4.533948600292e-01
  2.711849999428e+01,  1.000012755394e+00,  2.811752063434e+01,  4.531027376652e-01
  2.721850000322e+01,  9.999822974205e-01,  2.811755109232e+01,  4.513063728809e-01
  2.731849999726e+01,  1.000014901161e+00,  2.811751848858e+01,  4.522765874863e-01
  2.741850000620e+01,  9.999924302101e-01,  2.811754095953e+01,  4.517713487148e-01
  2.751850000024e+01,  9.999770522118e-01,  2.811755633753e+01,  4.498463273048e-01
  2.761849999428e+01,  1.000020742416e+00,  2.811751264732e+01,  4.496866762638e-01
  2.771850000322e+01,  1.000004887581e+00,  2.811752850216e+01,  4.510008394718e-01
  2.781849999726e+01,  9.999964237213e-01,  2.811753696602e+01,  4.514386951923e-01
  2.791850000620e+01,  1.000027298927e+00,  2.811750609081e+01,  4.492278099060e-01
  2.801850000024e+01,  1.000000953674e+00,  2.811753243606e+01,  4.501045346260e-01
  2.811849999428e+01,  1.000006079674e+00,  2.811752731006e+01,  4.512434601784e-01
  2.821850000322e+01,  1.000004768372e+00,  2.811752862137e+01,  4.518298506737e-01
  2.831849999726e+01,  1.000012159348e+00,  2.811752123039e+01,  4.510280787945e-01
  2.841850000620e+01,  1.000004172325e+00,  2.811752921741e+01,  4.529820978642e-01
  2.851850000024e+01,  9.999741911888e-01,  2.811755919855e+01,  4.541610479355e-01
  2.861849999428e+01,  1.000003337860e+00,  2.811753005188e+01,  4.510157108307e-01
  2.871850000322e+01,  1.000002980232e+00,  2.811753040951e+01,  4.509493112564e-01
  2.881849999726e+01,  9.999704957008e-01,  2.811756289404e+01,  4.509994685650e-01
  2.891850000620e+01,  1.000010490417e+00,  2.811752289932e+01,  4.497607648373e-01
  2.901850000024e+01,  1.000020623207e+00,  2.811751276653e+01,  4.482536017895e-01
  2.911849999428e+01,  1.000023603439e+00,  2.811750978630e+01,  4.498553574085e-01
  2.921850000322e+01,  1.000029802322e+00,  2.811750358742e+01,  4.504133164883e-01
  2.931849999726e+01,  1.000022649765e+00,  2.811751073997e+01,  4.511561393738e-01
  2.941850000620e+01,  9.999883174896e-01,  2.811754507225e+01,  4.519761204720e-01
  2.951850000024e+01,  1.000015854836e+00,  2.811751753490e+01,  4.515592455864e-01
  2.961849999428e+01,  1.000020503998e+00,  2.811751288574e+01,  4.519837796688e-01
  2.971850000322e+01,  9.999966621399e-01,  2.811753672760e+01,  4.509804248810e-01
  2.981849999726e+01,  9.999660253525e-01,  2.811756736439e+01,  4.510660469532e-01
  2.991850000620e+01,  9.999895095825e-01,  2.811754388016e+01,  4.532510936260e-01
  3.001850000024e+01,  1.000001549721e+00,  2.811753184002e+01,  4.504824876785e-01
  3.011849999428e+01,  1.000005245209e+00,  2.811752814453e+01,  4.528270065784e-01
  3.021850000322e+01,  1.000006437302e+00,  2.811752695244e+01,  4.500110745430e-01
  3.031849999726e+01,  9.999716877937e-01,  2.811756170194e+01,  4.530761837959e-01
  3.041850000620e+01,  1.000017523766e+00,  2.811751586597e+01,  4.501744210720e-01
  3.051850000024e+01,  9.999788999557e-01,  2.811755448978e+01,  4.514858126640e-01
  3.061849999428e+01,  9.999755024910e-01,  2.811755788725e+01,  4.527652561665e-01
  3.071850000322e+01,  9.999893903732e-01,  2.811754399936e+01,  4.522308111191e-01
  3.081849999726e+01,  9.999734759331e-01,  2.811755991380e+01,  4.528357684612e-01
  3.091850000620e+01,  9.999737739563e-01,  2.811755961578e+01,  4.530452787876e-01
  3.101850000024e+01,  9.999709725380e-01,  2.811756241720e+01,  4.549103975296e-01
  3.111849999428e+01,  1.000016570091e+00,  2.811751681965e+01,  4.497766196728e-01
  3.121850000322e+01,  1.000011444092e+00,  2.811752194565e+01,  4.527707993984e-01
  3.131849999726e+01,  1.000040769577e+00,  2.811749262016e+01,  4.511318504810e-01
  3.141850000620e+01,  9.999756813049e-01,  2.811755770843e+01,  4.514846205711e-01
  3.151850000024e+01,  1.000029087067e+00,  2.811750430267e+01,  4.503022432327e-01
  3.161849999428e+01,  1.000007271767e+00,  2.811752611797e+01,  4.492565393448e-01
  3.171850000322e+01,  1.000003457069e+00,  2.811752993267e+01,  4.494497478008e-01
  3.181849999726e+01,  1.000037431717e+00,  2.811749595802e+01,  4.500328004360e-01
  3.191850000620e+01,  1.000000119209e+00,  2.811753327053e+01,  4.511930346489e-01
  3.201850000024e+01,  1.000010371208e+00,  2.811752301853e+01,  4.519586265087e-01
  3.211849999428e+01,  1.000000000000e+00,  2.811753338974e+01,  4.511810541153e-01
  3.221850000322e+01,  9.999926090240e-01,  2.811754078071e+01,  4.507535696030e-01
  3.231849999726e+01,  1.000004291534e+00,  2.811752909820e+01,  4.509090483189e-01
  3.241850000620e+01,  1.000019431114e+00,  2.811751395862e+01,  4.511003196239e-01
  3.251850000024e+01,  1.000002503395e+00,  2.811753088634e+01,  4.502658843994e-01
  3.261849999428e+01,  9.999907612801e-01,  2.811754262846e+01,  4.508796632290e-01
  3.271850000322e+01,  9.999814033508e-01,  2.811755198639e+01,  4.499341249466e-01
  3.281849999726e+01,  9.999626874924e-01,  2.811757070225e+01,  4.492970705032e-01
  3.291850000620e+01,  1.000021219254e+00,  2.811751217048e+01,  4.506402015686e-01
  3.301850000024e+01,  1.000000834465e+00,  2.811753255527e+01,  4.490444660187e-01
  3.311849999428e+01,  1.000000238419e+00,  2.811753315132e+01,  4.502643048763e-01
  3.321850000322e+01,  1.000029683113e+00,  2.811750370662e+01,  4.493370354176e-01
  3.331849999726e+01,  9.999900460243e-01,  2.811754334371e+01,  4.488881528378e-01
  3.341850000620e+01,  1.000006318092e+00,  2.811752707165e+01,  4.509497880936e-01
  3.351850000024e+01,  1.000024557114e+00,  2.811750883262e+01,  4.526062011719e-01
  3.361849999428e+01,  9.999988079071e-01,  2.811753458183e+01,  4.510568678379e-01
  3.371850000322e+01,  1.000016331673e+00,  2.811751705807e+01,  4.482450783253e-01
  3.381849999726e+01,  9.999915361404e-01,  2.811754185360e+01,  4.508650004864e-01
  3.391850000620e+01,  9.999802708626e-01,  2.811755311888e+01,  4.504909217358e-01
  3.401850000024e+01,  9.999996423721e-01,  2.811753374737e+01,  4.488094449043e-01
  3.411849999428e+01,  9.999893307686e-01,  2.811754405897e+01,  4.494762718678e-01
  3.421850000322e+01,  9.999742507935e-01,  2.811755913894e+01,  4.518350362778e-01
  3.431849999726e+01,  9.999841451645e-01,  2.811754924457e+01,  4.471252262592e-01
  3.441850000620e+01,  1.000000476837e+00,  2.811753291290e+01,  4.496734440327e-01
  3.451850000024e+01,  1.000006794930e+00,  2.811752659481e+01,  4.500146806240e-01
  3.461849999428e+01,  1.000028967857e+00,  2.811750442188e+01,  4.497187137604e-01
  3.471850000322e+01,  1.000004887581e+00,  2.811752850216e+01,  4.486194252968e-01
  3.481849999726e+01,  1.000002741814e+00,  2.811753064792e+01,  4.472762346268e-01
  3.491850000620e+01,  9.999956488609e-01,  2.811753774088e+01,  4.484830200672e-01
  3.501850000024e+01,  9.999951720238e-01,  2.811753821771e+01,  4.488090574741e-01
  3.511849999428e+01,  1.000006794930e+00,  2.811752659481e+01,  4.503563046455e-01
  3.521850000322e+01,  9.999789595604e-01,  2.811755443018e+01,  4.477053284645e-01
  3.531849999726e+01,  9.999648332596e-01,  2.811756855648e+01,  4.463234841824e-01
  3.541850000620e+01,  1.000021100044e+00,  2.811751228969e+01,  4.490301609039e-01
  3.551850000024e+01,  1.000039458275e+00,  2.811749393146e+01,  4.486790299416e-01
  3.561849999428e+01,  9.999911785126e-01,  2.811754221123e+01,  4.486971497536e-01
  3.571850000322e+01,  1.000006556511e+00,  2.811752683323e+01,  4.488563835621e-01
  3.581849999726e+01,  1.000005006790e+00,  2.811752838295e+01,  4.500364661217e-01
  3.591850000620e+01,  1.000020503998e+00,  2.811751288574e+01,  4.472450613976e-01
  3.601850000024e+01,  1.000041484833e+00,  2.811749190490e+01,  4.457857012749e-01
  3.611849999428e+01,  1.000009417534e+00,  2.811752397220e+01,  4.445577561855e-01
  3.621850000322e+01,  9.999663233757e-01,  2.811756706636e+01,  4.474018216133e-01
  3.631849999726e+01,  1.000001788139e+00,  2.811753160160e+01,  4.488785266876e-01
  3.641850000620e+01,  1.000008225441e+00,  2.811752516430e+01,  4.453557431698e-01
  3.651850000024e+01,  9.999930858612e-01,  2.811754030388e+01,  4.471679925919e-01
  3.661849999428e+01,  1.000001549721e+00,  2.811753184002e+01,  4.464953839779e-01
  3.671850000322e+01,  9.999756813049e-01,  2.811755770843e+01,  4.471256434917e-01
  3.681849999726e+01,  9.999862313271e-01,  2.811754715841e+01,  4.464928209782e-01
  3.691850000620e+01,  9.999997019768e-01,  2.811753368776e+01,  4.481958448887e-01
  3.701850000024e+01,  9.999911189079e-01,  2.811754227083e+01,  4.485606849194e-01
  3.711849999428e+01,  9.999627470970e-01,  2.811757064264e+01,  4.486872255802e-01
  3.721850000322e+01,  1.000000596046e+00,  2.811753279369e+01,  4.478704631329e-01
  3.731849999726e+01,  1.000007510185e+00,  2.811752587955e+01,  4.460854828358e-01
  3.741850000620e+01,  9.999961853027e-01,  2.811753720443e+01,  4.459001123905e-01
  3.751850000024e+01,  1.000009179115e+00,  2.811752421062e+01,  4.466461837292e-01
  3.761849999428e+01,  9.999998211861e-01,  2.811753356855e+01,  4.465994834900e-01
  3.771850000322e+01,  9.999837279320e-01,  2.811754966181e+01,  4.467706084251e-01
  3.781849999726e+01,  1.000038743019e+00,  2.811749464672e+01,  4.475876986980e-01
  3.791850000620e+01,  1.000017404556e+00,  2.811751598518e+01,  4.475778341293e-01
  3.801850000024e+01,  1.000044941902e+00,  2.811748844784e+01,  4.493497908115e-01
  3.811849999428e+01,  9.999953508377e-01,  2.811753803890e+01,  4.477864205837e-01
  3.821850000322e+01,  1.000012993813e+00,  2.811752039593e+01,  4.475854635239e-01
  3.831849999726e+01,  1.000016450882e+00,  2.811751693886e+01,  4.471754729748e-01
  3.841850000620e+01,  1.000002264977e+00,  2.811753112476e+01,  4.476893246174e-01
  3.851850000024e+01,  1.000011682510e+00,  2.811752170723e+01,  4.478392004967e-01
  3.861849999428e+01,  1.000008702278e+00,  2.811752468746e+01,  4.477016627789e-01
  3.871850000322e+01,  1.000008702278e+00,  2.811752468746e+01,  4.482383430004e-01
  3.881849999726e+01,  1.000011324883e+00,  2.811752206486e+01,  4.457786977291e-01
  3.891850000620e+01,  9.999526739120e-01,  2.811758071583e+01,  4.465397894382e-01
  3.901850000024e+01,  1.000007271767e+00,  2.811752611797e+01,  4.462410807610e-01
  3.911849999428e+01,  1.000006318092e+00,  2.811752707165e+01,  4.478314220905e-01
  3.921850000322e+01,  1.000013709068e+00,  2.811751968067e+01,  4.455319344997e-01
  3.931849999726e+01,  9.999853372574e-01,  2.811754805248e+01,  4.476425945759e-01
  3.941850000620e+01,  9.999694228172e-01,  2.811756396692e+01,  4.467196166515e-01
  3.951850000024e+01,  1.000054240227e+00,  2.811747914951e+01,  4.451919794083e-01
  3.961849999428e+01,  1.000013113022e+00,  2.811752027672e+01,  4.450280964375e-01
  3.971850000322e+01,  9.999986886978e-01,  2.811753470104e+01,  4.462742507458e-01
  3.981849999726e+01,  9.999983906746e-01,  2.811753499906e+01,  4.489196538925e-01
  3.991850000620e+01,  1.000005125999e+00,  2.811752826374e+01,  4.479042887688e-01
  4.001850000024e+01,  1.000034928322e+00,  2.811749846142e+01,  4.475363790989e-01
  4.011849999428e+01,  1.000009059906e+00,  2.811752432983e+01,  4.471739530563e-01
  4.021850000322e+01,  9.999943971634e-01,  2.811753899257e+01,  4.464809596539e-01
  4.031849999726e+01,  9.999793767929e-01,  2.811755401294e+01,  4.460211396217e-01
  4.041850000620e+01,  9.999989271164e-01,  2.811753446262e+01,  4.461581110954e-01
  4.051850000024e+01,  9.999777078629e-01,  2.811755568187e+01,  4.474274814129e-01
  4.061849999428e+01,  9.999824166298e-01,  2.811755097311e+01,  4.469721317291e-01
  4.071850000322e+01,  9.999942779541e-01,  2.811753911178e+01,  4.470927715302e-01
  4.081849999726e+01,  9.999995827675e-01,  2.811753380697e+01,  4.441269636154e-01
  4.091850000620e+01,  1.000000476837e+00,  2.811753291290e+01,  4.465947747231e-01
  4.101850000024e+01,  1.000010013580e+00,  2.811752337616e+01,  4.439868032932e-01
  4.111849999428e+01,  1.000008940697e+00,  2.811752444904e+01,  4.469472467899e-01
  4.121850000322e+01,  9.999853372574e-01,  2.811754805248e+01,  4.459720253944e-01
  4.131849999726e+01,  9.999898076057e-01,  2.811754358213e+01,  4.410701692104e-01
  4.141850000620e+01,  1.000014305115e+00,  2.811751908462e+01,  4.447845220566e-01
  4.151850000024e+01,  1.000021696091e+00,  2.811751169365e+01,  4.461035728455e-01
  4.161849999428e+01,  9.999680519104e-01,  2.811756533783e+01,  4.444136619568e-01
  4.171850000322e+01,  1.000010371208e+00,  2.811752301853e+01,  4.463305771351e-01
  4.181849999726e+01,  9.999993443489e-01,  2.811753404539e+01,  4.459953010082e-01
  4.191850000620e+01,  1.000045895576e+00,  2.811748749416e+01,  4.466613233089e-01
  4.201850000024e+01,  1.000007152557e+00,  2.811752623718e+01,  4.461145699024e-01
  4.211849999428e+01,  9.999977350235e-01,  2.811753565471e+01,  4.445554912090e-01
  4.221850000322e+01,  9.999991059303e-01,  2.811753428381e+01,  4.449501633644e-01
  4.231849999726e+01,  1.000014305115e+00,  2.811751908462e+01,  4.472950696945e-01
  4.241850000620e+01,  9.999992847443e-01,  2.811753410499e+01,  4.456221461296e-01
  4.251850000024e+01,  9.999917149544e-01,  2.811754167478e+01,  4.472048282623e-01
  4.261849999428e+01,  1.000010728836e+00,  2.811752266090e+01,  4.473159909248e-01
  4.271850000322e+01,  1.000040650368e+00,  2.811749273937e+01,  4.478981196880e-01
  4.281849999726e+01,  1.000007748604e+00,  2.811752564113e+01,  4.460420012474e-01
  4.291850000620e+01,  9.999845623970e-01,  2.811754882734e+01,  4.452602863312e-01
  4.301850000024e+01,  9.999889731407e-01,  2.811754441660e+01,  4.454332590103e-01
  4.311849999428e+01,  9.999818205833e-01,  2.811755156915e+01,  4.437035918236e-01
  4.321850000322e+01,  9.999945759773e-01,  2.811753881376e+01,  4.469667971134e-01
  4.331849999726e+01,  1.000003457069e+00,  2.811752993267e+01,  4.449016749859e-01
  4.341850000620e+01,  1.000009775162e+00,  2.811752361458e+01,  4.487327635288e-01
  4.351850000024e+01,  9.999940991402e-01,  2.811753929060e+01,  4.452636539936e-01
  4.361849999428e+01,  9.999836683273e-01,  2.811754972141e+01,  4.464380145073e-01
  4.371850000322e+01,  9.999980330467e-01,  2.811753535669e+01,  4.463315904140e-01
  4.381849999726e+01,  1.000021576881e+00,  2.811751181286e+01,  4.447554051876e-01
  4.391850000620e+01,  1.000003933907e+00,  2.811752945583e+01,  4.437421262264e-01
  4.401850000024e+01,  9.999963641167e-01,  2.811753702562e+01,  4.452499747276e-01
  4.411849999428e+01,  1.000024437904e+00,  2.811750895183e+01,  4.459631145000e-01
  4.421850000322e+01,  1.000012397766e+00,  2.811752099197e+01,  4.452699422836e-01
  4.431849999726e+01,  9.999858736992e-01,  2.811754751604e+01,  4.437019824982e-01
  4.441850000620e+01,  1.000005364418e+00,  2.811752802532e+01,  4.450578689575e-01
  4.451850000024e+01,  9.999631047249e-01,  2.811757028501e+01,  4.447972774506e-01
  4.461849999428e+01,  9.999733567238e-01,  2.811756003301e+01,  4.462164938450e-01
  4.471850000322e+01,  9.999933838844e-01,  2.811754000585e+01,  4.424196481705e-01
  4.481849999726e+01,  9.999931454659e-01,  2.811754024427e+01,  4.447811841965e-01
  4.491850000620e+01,  1.000007271767e+00,  2.811752611797e+01,  4.434805214405e-01
  4.501850000024e+01,  1.000002026558e+00,  2.811753136318e+01,  4.464574158192e-01
  4.511849999428e+01,  9.999856352806e-01,  2.811754775446e+01,  4.457775354385e-01
  4.521850000322e+01,  1.000026226044e+00,  2.811750716369e+01,  4.461257457733e-01
  4.531849999726e+01,  1.000017285347e+00,  2.811751610439e+01,  4.463821351528e-01
  4.541850000620e+01,  1.000026106834e+00,  2.811750728290e+01,  4.447651505470e-01
  4.551850000024e+01,  9.999799728394e-01,  2.811755341690e+01,  4.448172450066e-01
  4.561849999428e+01,  1.000003457069e+00,  2.811752993267e+01,  4.457539916039e-01
  4.571850000322e+01,  1.000015735626e+00,  2.811751765411e+01,  4.470556974411e-01
  4.581849999726e+01,  1.000006079674e+00,  2.811752731006e+01,  4.463873207569e-01
  4.591850000620e+01,  9.999876022339e-01,  2.811754578750e+01,  4.441652894020e-01
  4.601850000024e+01,  1.000005125999e+00,  2.811752826374e+01,  4.470188319683e-01
  4.611849999428e+01,  1.000024795532e+00,  2.811750859421e+01,  4.452683031559e-01
  4.621850000322e+01,  1.000007510185e+00,  2.811752587955e+01,  4.448240995407e-01
  4.631849999726e+01,  9.999910593033e-01,  2.811754233043e+01,  4.462419152260e-01
  4.641850000620e+01,  1.000001549721e+00,  2.811753184002e+01,  4.451121091843e-01
  4.651850000024e+01,  9.999932050705e-01,  2.811754018467e+01,  4.439556002617e-01
  4.661849999428e+01,  9.999824166298e-01,  2.811755097311e+01,  4.423713982105e-01
  4.671850000322e+01,  9.999745488167e-01,  2.811755884092e+01,  4.462074339390e-01
  4.681849999726e+01,  9.999875426292e-01,  2.811754584711e+01,  4.459224045277e-01
  4.691850000620e+01,  1.000002861023e+00,  2.811753052871e+01,  4.444206953049e-01
  4.701850000024e+01,  1.000037670135e+00,  2.811749571960e+01,  4.448249936104e-01
  4.711849999428e+01,  1.000003695488e+00,  2.811752969425e+01,  4.461775720119e-01
  4.721850000322e+01,  1.000026106834e+00,  2.811750728290e+01,  4.420314431190e-01
  4.731849999726e+01,  9.999834299088e-01,  2.811754995983e+01,  4.440076053143e-01
  4.741850000620e+01,  1.000002026558e+00,  2.811753136318e+01,  4.439745545387e-01
  4.751850000024e+01,  9.999969601631e-01,  2.811753642957e+01,  4.476991295815e-01
  4.761849999428e+01,  1.000012159348e+00,  2.811752123039e+01,  4.464192390442e-01
  4.771850000322e+01,  1.000017881393e+00,  2.811751550834e+01,  4.444226324558e-01
  4.781849999726e+01,  9.999955892563e-01,  2.811753780048e+01,  4.447281658649e-01
  4.791850000620e+01,  9.999785423279e-01,  2.811755484741e+01,  4.439755678177e-01
  4.801850000024e+01,  1.000005602837e+00,  2.811752778690e+01,  4.470329582691e-01
  4.811849999428e+01,  9.999913573265e-01,  2.811754203241e+01,  4.432078003883e-01
  4.821850000322e+01,  1.000018000603e+00,  2.811751538913e+01,  4.450262486935e-01
  4.831849999726e+01,  1.000008463860e+00,  2.811752492588e+01,  4.434511065483e-01
  4.841850000620e+01,  9.999960064888e-01,  2.811753738325e+01,  4.458722174168e-01
  4.851850000024e+01,  1.000009059906e+00,  2.811752432983e+01,  4.441640377045e-01
  4.861849999428e+01,  9.999867081642e-01,  2.811754668157e+01,  4.433360099792e-01
  4.871850000322e+01,  9.999767541885e-01,  2.811755663555e+01,  4.448619186878e-01
  4.881849999726e+01,  1.000005006790e+00,  2.811752838295e+01,  4.424981176853e-01
  4.891850000620e+01,  9.999994039536e-01,  2.811753398578e+01,  4.448478519917e-01
  4.901850000024e+01,  9.999952912331e-01,  2.811753809850e+01,  4.468020200729e-01
  4.911849999428e+01,  9.999917149544e-01,  2.811754167478e+01,  4.413263499737e-01
  4.921850000322e+01,  1.000006437302e+00,  2.811752695244e+01,  4.439626038074e-01
  4.931849999726e+01,  9.999940991402e-01,  2.811753929060e+01,  4.423788487911e-01
  4.941850000620e+01,  9.999874830246e-01,  2.811754590671e+01,  4.459212720394e-01
  4.951850000024e+01,  9.999922513962e-01,  2.811754113834e+01,  4.448057711124e-01
  4.961849999428e+01,  1.000007510185e+00,  2.811752587955e+01,  4.449748992920e-01
  4.971850000322e+01,  9.999819397926e-01,  2.811755144995e+01,  4.447891116142e-01
  4.981849999726e+01,  9.999745488167e-01,  2.811755884092e+01,  4.418266117573e-01
  4.991850000620e+01,  9.999943375587e-01,  2.811753905218e+01,  4.451950192451e-01
  5.001850000024e+01,  1.000000953674e+00,  2.811753243606e+01,  4.438990056515e-01
  5.011849999428e+01,  9.999986290932e-01,  2.811753476064e+01,  4.455889165401e-01
  5.021850000322e+01,  1.000017523766e+00,  2.811751586597e+01,  4.452481567860e-01
  5.031849999726e+01,  9.999717473984e-01,  2.811756164234e+01,  4.439862370491e-01
  5.041850000620e+01,  1.000035524368e+00,  2.811749786537e+01,  4.468441009521e-01
  5.051850000024e+01,  1.000012755394e+00,  2.811752063434e+01,  4.428214430809e-01
  5.061849999428e+01,  1.000029921532e+00,  2.811750346821e+01,  4.454849064350e-01
  5.071850000322e+01,  1.000022530556e+00,  2.811751085918e+01,  4.423943459988e-01
  5.081849999726e+01,  1.000013232231e+00,  2.811752015751e+01,  4.444013834000e-01
  5.091850000620e+01,  1.000043392181e+00,  2.811748999756e+01,  4.433939456940e-01
  5.101850000024e+01,  9.999890923500e-01,  2.811754429739e+01,  4.454613924026e-01
  5.111849999428e+01,  1.000000476837e+00,  2.811753291290e+01,  4.438146054745e-01
  5.121850000322e+01,  9.999910593033e-01,  2.811754233043e+01,  4.460960626602e-01
  5.131849999726e+01,  1.000012397766e+00,  2.811752099197e+01,  4.463729560375e-01
  5.141850000620e+01,  1.000001311302e+00,  2.811753207844e+01,  4.441798925400e-01
  5.151850000024e+01,  1.000001668930e+00,  2.811753172081e+01,  4.443633854389e-01
  5.161849999428e+01,  9.999868273735e-01,  2.811754656236e+01,  4.449193477631e-01
  5.171850000322e+01,  1.000005602837e+00,  2.811752778690e+01,  4.450435638428e-01
  5.181849999726e+01,  1.000012040138e+00,  2.811752134960e+01,  4.438533782959e-01
  5.191850000620e+01,  9.999873042107e-01,  2.811754608553e+01,  4.447292089462e-01
  5.201850000024e+01,  9.999817013741e-01,  2.811755168836e+01,  4.416350424290e-01
  5.211849999428e+01,  1.000017166138e+00,  2.811751622360e+01,  4.448405802250e-01
  5.221850000322e+01,  1.000025153160e+00,  2.811750823658e+01,  4.441452026367e-01
  5.231849999726e+01,  1.000005483627e+00,  2.811752790611e+01,  4.439896941185e-01
  5.241850000620e+01,  9.999998807907e-01,  2.811753350895e+01,  4.417656362057e-01
  5.251850000024e+01,  1.000017285347e+00,  2.811751610439e+01,  4.440287053585e-01
  5.261849999428e+01,  9.999859929085e-01,  2.811754739683e+01,  4.442387521267e-01
  5.271850000322e+01,  9.999794960022e-01,  2.811755389374e+01,  4.456863105297e-01
  5.281849999726e+01,  9.999741911888e-01,  2.811755919855e+01,  4.451643526554e-01
  5.291850000620e+01,  1.000018000603e+00,  2.811751538913e+01,  4.465812742710e-01
  5.301850000024e+01,  9.999985098839e-01,  2.811753487985e+01,  4.437704682350e-01
  5.311849999428e+01,  1.000004649162e+00,  2.811752874058e+01,  4.451594948769e-01
  5.321850000322e+01,  1.000016570091e+00,  2.811751681965e+01,  4.431984126568e-01
  5.331849999726e+01,  9.999977350235e-01,  2.811753565471e+01,  4.437797069550e-01
  5.341850000620e+01,  9.999939203262e-01,  2.811753946941e+01,  4.449361264706e-01
  5.351850000024e+01,  1.000000953674e+00,  2.811753243606e+01,  4.439087510109e-01
  5.361849999428e+01,  9.999855756760e-01,  2.811754781406e+01,  4.419097006321e-01
  5.371850000322e+01,  9.999882578850e-01,  2.811754513185e+01,  4.443281292915e-01
  5.381849999726e+01,  9.999683499336e-01,  2.811756503980e+01,  4.428395032883e-01
  5.391850000620e+01,  1.000023007393e+00,  2.811751038234e+01,  4.431791007519e-01
  5.401850000024e+01,  1.000007033348e+00,  2.811752635639e+01,  4.453922212124e-01
  5.411849999428e+01,  1.000009298325e+00,  2.811752409141e+01,  4.439324438572e-01
  5.421850000322e+01,  1.000022411346e+00,  2.811751097839e+01,  4.448223710060e-01
  5.431849999726e+01,  9.999969601631e-01,  2.811753642957e+01,  4.440883100033e-01
  5.441850000620e+01,  1.000012278557e+00,  2.811752111118e+01,  4.418596029282e-01
  5.451850000024e+01,  1.000010371208e+00,  2.811752301853e+01,  4.460906684399e-01
  5.461849999428e+01,  9.999908208847e-01,  2.811754256885e+01,  4.430131912231e-01
  5.471850000322e+01,  1.000024318695e+00,  2.811750907104e+01,  4.431678950787e-01
  5.481849999726e+01,  1.000015377998e+00,  2.811751801174e+01,  4.447520077229e-01
  5.491850000620e+01,  1.000005602837e+00,  2.811752778690e+01,  4.459009170532e-01
  5.501850000024e+01,  9.999859333038e-01,  2.811754745643e+01,  4.455640912056e-01
  5.511849999428e+01,  9.999925494194e-01,  2.811754084032e+01,  4.463096559048e-01
  5.521850000322e+01,  1.000004768372e+00,  2.811752862137e+01,  4.454983174801e-01
  5.531849999726e+01,  1.000010013580e+00,  2.811752337616e+01,  4.466657340527e-01
  5.541850000620e+01,  9.999887943268e-01,  2.811754459541e+01,  4.454775452614e-01
  5.551850000024e+01,  9.999957084656e-01,  2.811753768127e+01,  4.431966543198e-01
  5.561849999428e+01,  9.999947547913e-01,  2.811753863495e+01,  4.435896873474e-01
  5.571850000322e+01,  1.000010371208e+00,  2.811752301853e+01,  4.443123638630e-01
  5.581849999726e+01,  9.999965429306e-01,  2.811753684681e+01,  4.431222081184e-01
  5.591850000620e+01,  9.999773502350e-01,  2.811755603950e+01,  4.431435167789e-01
  5.601850000024e+01,  1.000052332878e+00,  2.811748105686e+01,  4.440915286541e-01
  5.611849999428e+01,  9.999999403954e-01,  2.811753344934e+01,  4.433086514473e-01
  5.621850000322e+01,  9.999908208847e-01,  2.811754256885e+01,  4.437392055988e-01
  5.631849999726e+01,  9.999821186066e-01,  2.811755127113e+01,  4.419215023518e-01
  5.641850000620e+01,  9.999938607216e-01,  2.811753952902e+01,  4.451031982899e-01
  5.651850000024e+01,  1.000016212463e+00,  2.811751717727e+01,  4.417797029018e-01
  5.661849999428e+01,  9.999707937241e-01,  2.811756259601e+01,  4.410821497440e-01
  5.671850000322e+01,  1.000025868416e+00,  2.811750752132e+01,  4.413418769836e-01
  5.681849999726e+01,  9.999971985817e-01,  2.811753619116e+01,  4.448487460613e-01
  5.691850000620e+01,  9.999893903732e-01,  2.811754399936e+01,  4.435756206512e-01
  5.701850000024e+01,  1.000025510788e+00,  2.811750787895e+01,  4.416433274746e-01
  5.711849999428e+01,  9.999998211861e-01,  2.811753356855e+01,  4.416494667530e-01
  5.721850000322e+01,  9.999787807465e-01,  2.811755460899e+01,  4.410854578018e-01
  5.731849999726e+01,  9.999962449074e-01,  2.811753714483e+01,  4.419456720352e-01
  5.741850000620e+01,  9.999985694885e-01,  2.811753482025e+01,  4.416094720364e-01
  5.751850000024e+01,  1.000005006790e+00,  2.811752838295e+01,  4.408795833588e-01
  5.761849999428e+01,  9.999820590019e-01,  2.811755133074e+01,  4.413601756096e-01
  5.771850000322e+01,  9.999843835831e-01,  2.811754900615e+01,  4.415835738182e-01
  5.781849999726e+01,  9.999982118607e-01,  2.811753517788e+01,  4.409835338593e-01
  5.791850000620e+01,  9.999785423279e-01,  2.811755484741e+01,  4.433548450470e-01
  5.801850000024e+01,  9.999963641167e-01,  2.811753702562e+01,  4.411854445934e-01
  5.811849999428e+01,  1.000009775162e+00,  2.811752361458e+01,  4.407985508442e-01
  5.821850000322e+01,  1.000004649162e+00,  2.811752874058e+01,  4.404372870922e-01
  5.831849999726e+01,  1.000015258789e+00,  2.811751813095e+01,  4.405558705330e-01
  5.841850000620e+01,  1.000011324883e+00,  2.811752206486e+01,  4.398442208767e-01
  5.851850000024e+01,  1.000013947487e+00,  2.811751944225e+01,  4.398256838322e-01
  5.861849999428e+01,  1.000008225441e+00,  2.811752516430e+01,  4.418183267117e-01
  5.871850000322e+01,  9.999964833260e-01,  2.811753690641e+01,  4.416562914848e-01
  5.881849999726e+01,  1.000008225441e+00,  2.811752516430e+01,  4.409219622612e-01
  5.891850000620e+01,  9.999774694443e-01,  2.811755592029e+01,  4.410049021244e-01
  5.901850000024e+01,  9.999998211861e-01,  2.811753356855e+01,  4.399783015251e-01
  5.911849999428e+01,  1.000027775764e+00,  2.811750561397e+01,  4.424695074558e-01
  5.921850000322e+01,  9.999946355820e-01,  2.811753875416e+01,  4.431955814362e-01
  5.931849999726e+01,  1.000030159950e+00,  2.811750322979e+01,  4.426192939281e-01
  5.941850000620e+01,  9.999983310699e-01,  2.811753505867e+01,  4.403295814991e-01
  5.951850000024e+01,  1.000008106232e+00,  2.811752528351e+01,  4.403300285339e-01
  5.961849999428e+01,  1.000000596046e+00,  2.811753279369e+01,  4.394900500774e-01
  5.971850000322e+01,  1.000001907349e+00,  2.811753148239e+01,  4.413440823555e-01
  5.981849999726e+01,  1.000018596649e+00,  2.811751479309e+01,  4.423552751541e-01
  5.991850000620e+01,  9.999775886536e-01,  2.811755580108e+01,  4.429395496845e-01
  6.001850000024e+01,  9.999840259552e-01,  2.811754936378e+01,  4.418424665928e-01
  6.011849999428e+01,  1.000008821487e+00,  2.811752456825e+01,  4.410797655582e-01
  6.021850000322e+01,  9.999991655350e-01,  2.811753422420e+01,  4.419982433319e-01
  6.031849999726e+01,  1.000019669533e+00,  2.811751372020e+01,  4.389245808125e-01
  6.041850000620e+01,  9.999815821648e-01,  2.811755180757e+01,  4.406286478043e-01
  6.051850000024e+01,  1.000007271767e+00,  2.811752611797e+01,  4.414362311363e-01
  6.061849999428e+01,  1.000040769577e+00,  2.811749262016e+01,  4.420590698719e-01
  6.071850000322e+01,  1.000015616417e+00,  2.811751777332e+01,  4.405387938023e-01
  6.081849999726e+01,  1.000002503395e+00,  2.811753088634e+01,  4.407980740070e-01
  6.091850000620e+01,  1.000000357628e+00,  2.811753303211e+01,  4.419109225273e-01
  6.101850000024e+01,  9.999959468842e-01,  2.811753744285e+01,  4.445460736752e-01
  6.111849999428e+01,  1.000025987625e+00,  2.811750740211e+01,  4.412541985512e-01
  6.121850000322e+01,  1.000016808510e+00,  2.811751658123e+01,  4.407887756824e-01
  6.131849999726e+01,  1.000026345253e+00,  2.811750704448e+01,  4.401116967201e-01
  6.141850000620e+01,  9.999684095383e-01,  2.811756498020e+01,  4.435391426086e-01
  6.150599999726e+01,  9.999983310699e-01,  2.811753505867e+01,  4.411397874355e-01
  6.150699999928e+01,  9.999961853027e-01,  2.811753720443e+01,  4.411073625088e-01
  6.151000000536e+01,  1.000004529953e+00,  2.811752885978e+01,  4.407784640789e-01
  6.160999999940e+01,  9.999793171883e-01,  2.811755407255e+01,  4.415982663631e-01
  6.169300000370e+01,  9.898890852928e-01,  2.812764430444e+01,  4.427206516266e-01
  6.171600000560e+01,  9.797934889793e-01,  2.813773990076e+01,  4.203670024872e-01
  6.172750000656e+01,  9.695433974266e-01,  2.814798999231e+01,  4.016606807709e-01
  6.173550000787e+01,  9.588126540184e-01,  2.815872073572e+01,  4.056743383408e-01
  6.174199999869e+01,  9.485667347908e-01,  2.816896665495e+01,  4.107576012611e-01
  6.174799999595e+01,  9.384730458260e-01,  2.817906034391e+01,  4.105283021927e-01
  6.175400000811e+01,  9.280131459236e-01,  2.818952024381e+01,  4.103643894196e-01
  6.176000000536e+01,  9.174082875252e-01,  2.820012510221e+01,  4.086335301399e-01
  6.176600000262e+01,  9.069483876228e-01,  2.821058500211e+01,  4.115727543831e-01
  6.177250000834e+01,  8.963015675545e-01,  2.822123182218e+01,  4.079543352127e-01
  6.177950000763e+01,  8.859522938728e-01,  2.823158109586e+01,  4.111874103546e-01
  6.178750000894e+01,  8.758090138435e-01,  2.824172437589e+01,  3.872005939484e-01
  6.179600000381e+01,  8.652384877205e-01,  2.825229490202e+01,  3.708469867706e-01
  6.180400000513e+01,  8.548052906990e-01,  2.826272809904e+01,  3.647644519806e-01
  6.181149999797e+01,  8.446391224861e-01,  2.827289426725e+01,  3.560841083527e-01
  6.181900000572e+01,  8.339121937752e-01,  2.828362119596e+01,  3.507959842682e-01
  6.182600000501e+01,  8.235858082771e-01,  2.829394758146e+01,  3.527806401253e-01
  6.183300000429e+01,  8.135340809822e-01,  2.830399930876e+01,  3.538137972355e-01
  6.184100000560e+01,  8.029597401619e-01,  2.831457364958e+01,  3.544379770756e-01
  6.185000000894e+01,  7.926066517830e-01,  2.832492673795e+01,  3.471194803715e-01
  6.186050000787e+01,  7.822611927986e-01,  2.833527219694e+01,  3.391810953617e-01
  6.187299999595e+01,  7.719615101814e-01,  2.834557187956e+01,  3.297297060490e-01
  6.188600000739e+01,  7.617667317390e-01,  2.835576665800e+01,  3.145205080509e-01
  6.189750000834e+01,  7.513774037361e-01,  2.836615598600e+01,  3.067862093449e-01
  6.190749999881e+01,  7.412112355232e-01,  2.837632215421e+01,  3.052745163441e-01
  6.191699999571e+01,  7.311213612556e-01,  2.838641202848e+01,  3.027502894402e-01
  6.192700000107e+01,  7.206156849861e-01,  2.839691770475e+01,  2.986618876457e-01
  6.193700000644e+01,  7.104914784431e-01,  2.840704191129e+01,  2.938210368156e-01
  6.194750000536e+01,  7.003329396248e-01,  2.841720045011e+01,  2.889592051506e-01
  6.195849999785e+01,  6.901209950447e-01,  2.842741239469e+01,  2.832733988762e-01
  6.196950000525e+01,  6.800253987312e-01,  2.843750799101e+01,  2.763668894768e-01
  6.198049999774e+01,  6.697581410408e-01,  2.844777524870e+01,  2.712532877922e-01
  6.199150000513e+01,  6.592795848846e-01,  2.845825380485e+01,  2.641134858131e-01
  6.200200000405e+01,  6.491725444794e-01,  2.846836084526e+01,  2.569933533669e-01
  6.201250000298e+01,  6.389377117157e-01,  2.847859567802e+01,  2.499857693911e-01
  6.202250000834e+01,  6.288478374481e-01,  2.848868555229e+01,  2.401362210512e-01
  6.203200000525e+01,  6.185595989227e-01,  2.849897379081e+01,  2.368505746126e-01
  6.204100000858e+01,  6.083819866180e-01,  2.850915140312e+01,  2.357858568430e-01
  6.204999999702e+01,  5.981624126434e-01,  2.851937097709e+01,  2.350213229656e-01
  6.205950000882e+01,  5.877330303192e-01,  2.852980035942e+01,  2.296912372112e-01
  6.206949999928e+01,  5.772426128387e-01,  2.854029077690e+01,  2.265731990337e-01
  6.207999999821e+01,  5.670859813690e-01,  2.855044740837e+01,  2.187850177288e-01
  6.209100000560e+01,  5.567481517792e-01,  2.856078523796e+01,  2.083251178265e-01
  6.210150000453e+01,  5.464618206024e-01,  2.857107156914e+01,  2.016036212444e-01
  6.211149999499e+01,  5.361621379852e-01,  2.858137125175e+01,  1.988789737225e-01
  6.212150000036e+01,  5.256717205048e-01,  2.859186166923e+01,  1.968261897564e-01
  6.213150000572e+01,  5.153949260712e-01,  2.860213846367e+01,  1.939818561077e-01
  6.214200000465e+01,  5.051925182343e-01,  2.861234087150e+01,  1.875626742840e-01
  6.215299999714e+01,  4.948356151581e-01,  2.862269777458e+01,  1.791169345379e-01
  6.216349999607e+01,  4.846885204315e-01,  2.863284486931e+01,  1.740204989910e-01
  6.217399999499e+01,  4.742400646210e-01,  2.864329332512e+01,  1.680733859539e-01
  6.218400000036e+01,  4.640243053436e-01,  2.865350908439e+01,  1.631524264812e-01
  6.219400000572e+01,  4.537322521210e-01,  2.866380113762e+01,  1.598534286022e-01
  6.220399999619e+01,  4.437034130096e-01,  2.867382997673e+01,  1.545939147472e-01
  6.221449999511e+01,  4.334933757782e-01,  2.868404001396e+01,  1.450400054455e-01
  6.222500000894e+01,  4.231688976288e-01,  2.869436449211e+01,  1.386074721813e-01
  6.223499999940e+01,  4.131362438202e-01,  2.870439714592e+01,  1.353592574596e-01
  6.224500000477e+01,  4.030701220036e-01,  2.871446326773e+01,  1.307262033224e-01
  6.225499999523e+01,  3.930069506168e-01,  2.872452643912e+01,  1.257623285055e-01
  6.226500000060e+01,  3.829094469547e-01,  2.873462394278e+01,  1.214221566916e-01
  6.227500000596e+01,  3.728767931461e-01,  2.874465659659e+01,  1.163734048605e-01
  6.228550000489e+01,  3.624474108219e-01,  2.875508597892e+01,  1.097596734762e-01
  6.229600000381e+01,  3.519836962223e-01,  2.876554969352e+01,  1.030419915915e-01
  6.230599999428e+01,  3.418861925602e-01,  2.877564719718e+01,  9.949384629726e-02
  6.231650000811e+01,  3.314072191715e-01,  2.878612617057e+01,  9.515224397182e-02
  6.232700000703e+01,  3.211266100407e-01,  2.879640677970e+01,  8.767448365688e-02
  6.233750000596e+01,  3.106590807438e-01,  2.880687430899e+01,  8.016858994961e-02
  6.234749999642e+01,  3.004395067692e-01,  2.881709388297e+01,  7.833932340145e-02
  6.235750000179e+01,  2.903381884098e-01,  2.882719520133e+01,  7.397435605526e-02
  6.236800000072e+01,  2.799240648746e-01,  2.883760932486e+01,  6.865666806698e-02
  6.237849999964e+01,  2.695938646793e-01,  2.884793952506e+01,  6.467579305172e-02
  6.238899999857e+01,  2.593914568424e-01,  2.885814193290e+01,  5.888436734676e-02
  6.239949999750e+01,  2.490993887186e-01,  2.886843400102e+01,  5.233739316463e-02
  6.240950000286e+01,  2.390972524881e-01,  2.887843613725e+01,  4.704450070858e-02
  6.241950000823e+01,  2.289234548807e-01,  2.888860993486e+01,  4.274247586727e-02
  6.242949999869e+01,  2.186733633280e-01,  2.889886002641e+01,  4.046748578548e-02
  6.243950000405e+01,  2.086407095194e-01,  2.890889268022e+01,  3.866644203663e-02
  6.245000000298e+01,  1.984878927469e-01,  2.891904549699e+01,  3.150530159473e-02
  6.246050000191e+01,  1.882416158915e-01,  2.892929177385e+01,  2.242346107960e-02
  6.247050000727e+01,  1.780487447977e-01,  2.893948464494e+01,  1.871319115162e-02
  6.248049999774e+01,  1.677605062723e-01,  2.894977288347e+01,  1.461811363697e-02
  6.249050000310e+01,  1.576203554869e-01,  2.895991303425e+01,  9.099622257054e-03
  6.250100000203e+01,  1.471299380064e-01,  2.897040345173e+01,  3.508230205625e-03
  6.251150000095e+01,  1.368226259947e-01,  2.898071076374e+01, -1.887659193017e-03
  6.252199999988e+01,  1.265610903502e-01,  2.899097229939e+01, -1.051841210574e-02
  6.253200000525e+01,  1.165131777525e-01,  2.900102021199e+01, -1.544604729861e-02
  6.254199999571e+01,  1.063546389341e-01,  2.901117875080e+01, -1.991782523692e-02
  6.255200000107e+01,  9.621898829937e-02,  2.902131440144e+01, -2.442202903330e-02
  6.256250000000e+01,  8.573620021343e-02,  2.903179718952e+01, -2.974353171885e-02
  6.257299999893e+01,  7.529918849468e-02,  2.904223420124e+01, -3.561339899898e-02
  6.258300000429e+01,  6.517498195171e-02,  2.905235840779e+01, -3.836474940181e-02
  6.259299999475e+01,  5.495541170239e-02,  2.906257797804e+01, -4.097495600581e-02
  6.260300000012e+01,  4.491131380200e-02,  2.907262207594e+01, -4.481730982661e-02
  6.261349999905e+01,  3.479855135083e-02,  2.908273483839e+01, -4.682162031531e-02
  6.262550000846e+01,  2.455608732998e-02,  2.909297730241e+01, -5.054667219520e-02
  6.264050000906e+01,  1.436321623623e-02,  2.910317017350e+01, -5.847671255469e-02
  6.266200000048e+01,  4.286693409085e-03,  2.911324669633e+01, -6.226327642798e-02
  6.266899999976e+01,  2.204822609201e-03,  2.911532856713e+01, -6.353452056646e-02
  6.267000000179e+01,  1.956867286935e-03,  2.911557652245e+01, -6.372525542974e-02
  6.267800000310e+01,  3.041496674996e-04,  2.911722924007e+01, -6.545951217413e-02
  6.268099999428e+01, -1.731643424137e-04,  2.911770655408e+01, -6.608130782843e-02
  6.295100000501e+01, -2.278100233525e-03,  2.911981148997e+01, -6.167341396213e-02
  6.295200000703e+01, -2.269323449582e-03,  2.911980271319e+01, -6.160355731845e-02
