           Test time,     Standard travel,     Tool separation,      Standard force
                 0.0,                 0.0,  2.711487663336e+01, -1.401823293418e-02
                 0.0,                 0.0,  2.711488320477e+01, -1.396327745169e-02
                 0.0,                 0.0,  2.711487205125e+01, -1.285182964057e-02
                 0.0,                 0.0,  2.711488261617e+01, -1.312905084342e-02
                 0.0,                 0.0,  2.711488936640e+01, -1.307349931449e-02
                 0.0,                 0.0,  2.706882010625e+01, -1.470154896379e-02
  0.000000000000e+00,  0.000000000000e+00,  2.706881267378e+01, -1.423043385148e-02
  8.000001311302e-03, -1.681968569756e-05,  2.706882949346e+01, -1.245183125138e-02
  1.100000739098e-02, -9.417533874512e-06,  2.706882209131e+01, -1.213223114610e-02
  1.300001144409e-02, -1.201070335810e-05,  2.706882468448e+01, -1.212019100785e-02
  1.399999856949e-02, -1.837349918787e-05,  2.706883104728e+01, -1.213595643640e-02
  1.140000075102e-01, -5.838836295879e-05,  2.706887106214e+01, -1.332037523389e-02
  2.145000100136e-01, -4.260163041181e-05,  2.706885527541e+01, -1.345327030867e-02
  3.150000125170e-01, -4.092828748981e-05,  2.706885360207e+01, -8.953330107033e-03
  4.155000001192e-01, -3.225860564271e-05,  2.706884493238e+01, -1.267619896680e-02
  5.155000090599e-01, -5.149491335033e-05,  2.706886416869e+01, -1.191574987024e-02
  5.920000076294e-01,  1.016798242927e-02,  2.705864469135e+01,  1.544068381190e-02
  6.025000065565e-01,  2.046957239509e-02,  2.704834310138e+01,  2.972338721156e-02
  6.095000058413e-01,  3.072347864509e-02,  2.703808919513e+01,  1.825020834804e-02
  6.155000030994e-01,  4.090109094977e-02,  2.702791158283e+01,  4.158716648817e-03
  6.215000003576e-01,  5.151357874274e-02,  2.701729909504e+01, -5.244512110949e-03
  6.275000125170e-01,  6.207647547126e-02,  2.700673619831e+01, -8.123654872179e-03
  6.335000097752e-01,  7.226552814245e-02,  2.699654714564e+01, -1.224114373326e-02
  6.400000005960e-01,  8.236303180456e-02,  2.698644964197e+01, -2.510430291295e-02
  6.480000019073e-01,  9.251012653112e-02,  2.697630254725e+01, -2.904956415296e-02
  6.605000048876e-01,  1.026400551200e-01,  2.696617261866e+01, -1.441927626729e-02
  6.770000010729e-01,  1.127623543143e-01,  2.695605031946e+01,  2.442578598857e-02
  6.880000084639e-01,  1.228884682059e-01,  2.694592420557e+01,  2.214337512851e-02
  6.975000053644e-01,  1.333560049534e-01,  2.693545666883e+01,  1.595235988498e-02
  7.065000087023e-01,  1.436595022678e-01,  2.692515317151e+01,  1.412738487124e-02
  7.155000120401e-01,  1.538638174534e-01,  2.691494885633e+01,  1.196921989322e-02
  7.250000089407e-01,  1.639803946018e-01,  2.690483227918e+01,  4.352699965239e-03
  7.365000098944e-01,  1.743792593479e-01,  2.689443341443e+01,  1.651687547565e-02
  7.480000108480e-01,  1.844748556614e-01,  2.688433781812e+01,  3.000564500690e-02
  7.585000097752e-01,  1.948088705540e-01,  2.687400380323e+01,  3.396267816424e-02
  7.680000066757e-01,  2.048415243626e-01,  2.686397114942e+01,  3.354973718524e-02
  7.775000035763e-01,  2.150458395481e-01,  2.685376683423e+01,  3.402129933238e-02
  7.875000089407e-01,  2.254752218723e-01,  2.684333745191e+01,  3.262565657496e-02
  7.980000078678e-01,  2.356651276350e-01,  2.683314754614e+01,  3.775864094496e-02
  8.090000003576e-01,  2.459514588118e-01,  2.682286121497e+01,  4.614716023207e-02
  8.194999992847e-01,  2.561176419258e-01,  2.681269503185e+01,  5.267029255629e-02
  8.295000046492e-01,  2.663028836250e-01,  2.680250979015e+01,  5.577879399061e-02
  8.395000100136e-01,  2.766941189766e-01,  2.679211855480e+01,  5.806856602430e-02
  8.495000004768e-01,  2.870166897774e-01,  2.678179598400e+01,  5.838171020150e-02
  8.599999994040e-01,  2.974804043770e-01,  2.677133226940e+01,  6.105676665902e-02
  8.704999983311e-01,  3.076103329659e-01,  2.676120234081e+01,  6.589857488871e-02
  8.810000121593e-01,  3.177765011787e-01,  2.675103617260e+01,  7.275358587503e-02
  8.915000110865e-01,  3.282020688057e-01,  2.674061060497e+01,  7.685104757547e-02
  9.015000015497e-01,  3.383644223213e-01,  2.673044825146e+01,  8.335129171610e-02
  9.115000069141e-01,  3.486221432686e-01,  2.672019053051e+01,  8.723131567240e-02
  9.215000122786e-01,  3.587768673897e-01,  2.671003580639e+01,  9.076467901468e-02
  9.320000112057e-01,  3.691986203194e-01,  2.669961405346e+01,  9.506765753031e-02
  9.425000101328e-01,  3.795211911201e-01,  2.668929148266e+01,  9.960142523050e-02
  9.530000090599e-01,  3.898399472237e-01,  2.667897272656e+01,  1.027170792222e-01
  9.635000079870e-01,  4.001777768135e-01,  2.666863489697e+01,  1.072117462754e-01
  9.740000069141e-01,  4.105880856514e-01,  2.665822458813e+01,  1.130119934678e-01
  9.845000058413e-01,  4.210861325264e-01,  2.664772654125e+01,  1.193434372544e-01
  9.945000112057e-01,  4.311760067940e-01,  2.663763666699e+01,  1.252309381962e-01
  1.004500001669e+00,  4.413421750069e-01,  2.662747049877e+01,  1.294309198856e-01
  1.014500007033e+00,  4.514892697334e-01,  2.661732340405e+01,  1.334830820560e-01
  1.024500012398e+00,  4.615333676338e-01,  2.660727930615e+01,  1.375023424625e-01
  1.035000011325e+00,  4.719741940498e-01,  2.659683847973e+01,  1.431528627872e-01
  1.045500010252e+00,  4.823433756828e-01,  2.658646929810e+01,  1.498438566923e-01
  1.056000009179e+00,  4.927727580070e-01,  2.657603991577e+01,  1.566406935453e-01
  1.065999999642e+00,  5.029236674309e-01,  2.656588900635e+01,  1.621853560209e-01
  1.076000005007e+00,  5.132347941399e-01,  2.655557787964e+01,  1.663653105497e-01
  1.086000010371e+00,  5.235421061516e-01,  2.654527056763e+01,  1.681305617094e-01
  1.096000000834e+00,  5.336586833000e-01,  2.653515399048e+01,  1.725942343473e-01
  1.106499999762e+00,  5.440613627434e-01,  2.652475131104e+01,  1.799432486296e-01
  1.116999998689e+00,  5.543667674065e-01,  2.651444590637e+01,  1.868249624968e-01
  1.127500012517e+00,  5.646931529045e-01,  2.650411952087e+01,  1.930486410856e-01
  1.138000011444e+00,  5.751835703850e-01,  2.649362910339e+01,  1.990224570036e-01
  1.148000001907e+00,  5.852963328362e-01,  2.648351634094e+01,  2.016023546457e-01
  1.158000007272e+00,  5.953060984612e-01,  2.647350657532e+01,  2.050861269236e-01
  1.168500006199e+00,  6.056019663811e-01,  2.646321070740e+01,  2.112392336130e-01
  1.179000005126e+00,  6.157471537590e-01,  2.645306552002e+01,  2.184509187937e-01
  1.189500004053e+00,  6.259114146233e-01,  2.644290125916e+01,  2.256807237864e-01
  1.200000002980e+00,  6.362606883049e-01,  2.643255198547e+01,  2.327464967966e-01
  1.210000008345e+00,  6.463047862053e-01,  2.642250788757e+01,  2.363399416208e-01
  1.219999998808e+00,  6.564404368401e-01,  2.641237223694e+01,  2.408718019724e-01
  1.230000004172e+00,  6.666104197502e-01,  2.640220225403e+01,  2.446159273386e-01
  1.240000009537e+00,  6.766812205315e-01,  2.639213145325e+01,  2.477630525827e-01
  1.250500008464e+00,  6.870056986809e-01,  2.638180697510e+01,  2.543815672398e-01
  1.261000007391e+00,  6.972176432610e-01,  2.637159503052e+01,  2.618545591831e-01
  1.271500006318e+00,  7.075096964836e-01,  2.636130297730e+01,  2.681087553501e-01
  1.282000005245e+00,  7.179619669914e-01,  2.635085070679e+01,  2.737201750278e-01
  1.292000010610e+00,  7.280976176262e-01,  2.634071505615e+01,  2.791084349155e-01
  1.302000001073e+00,  7.384280562401e-01,  2.633038461754e+01,  2.840142846107e-01
  1.312000006437e+00,  7.488421797752e-01,  2.631997049400e+01,  2.879386544228e-01
  1.322000011802e+00,  7.591647505760e-01,  2.630964792320e+01,  2.923493981361e-01
  1.332000002265e+00,  7.692393660545e-01,  2.629957330772e+01,  2.982526421547e-01
  1.342500001192e+00,  7.796382308006e-01,  2.628917444298e+01,  3.046537041664e-01
  1.353000000119e+00,  7.900103926659e-01,  2.627880228111e+01,  3.100581765175e-01
  1.363000005484e+00,  8.000277876854e-01,  2.626878488609e+01,  3.163562417030e-01
  1.373000010848e+00,  8.102282881737e-01,  2.625858438561e+01,  3.215432763100e-01
  1.383000001311e+00,  8.205584883690e-01,  2.624825418541e+01,  3.261895775795e-01
  1.393000006676e+00,  8.308314681053e-01,  2.623798120567e+01,  3.307643532753e-01
  1.403000012040e+00,  8.408717513084e-01,  2.622794092247e+01,  3.365464806557e-01
  1.413500010967e+00,  8.510932326317e-01,  2.621771944115e+01,  3.425021767616e-01
  1.424000009894e+00,  8.611373305321e-01,  2.620767534325e+01,  3.491798043251e-01
  1.434500008821e+00,  8.712939620018e-01,  2.619751871178e+01,  3.557677865028e-01
  1.445000007749e+00,  8.817500472069e-01,  2.618706262657e+01,  3.618074059486e-01
  1.455000013113e+00,  8.920077681541e-01,  2.617680490563e+01,  3.665404915810e-01
  1.465000003576e+00,  9.023684859276e-01,  2.616644418785e+01,  3.714700341225e-01
  1.475000008941e+00,  9.125842452049e-01,  2.615622842857e+01,  3.770747780800e-01
  1.485500007868e+00,  9.230136275291e-01,  2.614579904625e+01,  3.828311562538e-01
  1.496000006795e+00,  9.331931471825e-01,  2.613561952660e+01,  3.897491097450e-01
  1.506500005722e+00,  9.432696700096e-01,  2.612554300377e+01,  3.968768715858e-01
  1.517000004649e+00,  9.534549117088e-01,  2.611535776207e+01,  4.015789628029e-01
  1.527500003576e+00,  9.637202620506e-01,  2.610509241173e+01,  4.049413800240e-01
  1.538500010967e+00,  9.739837050438e-01,  2.609482896874e+01,  4.066463112831e-01
  1.550999999046e+00,  9.841337800026e-01,  2.608467889378e+01,  4.084313809872e-01
  1.568500012159e+00,  9.942179322243e-01,  2.607459474155e+01,  4.121196568012e-01
  1.578000009060e+00,  9.975395798683e-01,  2.607127309391e+01,  4.154870808125e-01
  1.678500011563e+00,  1.003340601921e+00,  2.606547207186e+01,  4.249612092972e-01
  1.778999999166e+00,  1.002625703812e+00,  2.606618696997e+01,  4.213167130947e-01
  1.879000008106e+00,  1.001833558083e+00,  2.606697911570e+01,  4.216016530991e-01
  1.979500010610e+00,  1.001175165176e+00,  2.606763750860e+01,  4.186304509640e-01
  2.080000013113e+00,  1.000756621361e+00,  2.606805605242e+01,  4.174934029579e-01
  2.180500000715e+00,  1.000456452370e+00,  2.606835622141e+01,  4.174024462700e-01
  2.280500009656e+00,  1.000301599503e+00,  2.606851107428e+01,  4.178151190281e-01
  2.381000012159e+00,  1.000163197517e+00,  2.606864947626e+01,  4.169839322567e-01
  2.481499999762e+00,  1.000066637993e+00,  2.606874603579e+01,  4.133280813694e-01
  2.581500008702e+00,  1.000038385391e+00,  2.606877428839e+01,  4.135103225708e-01
  2.682000011206e+00,  1.000015139580e+00,  2.606879753420e+01,  4.130866229534e-01
  2.782499998808e+00,  9.999886751175e-01,  2.606882399866e+01,  4.104455411434e-01
  2.882500007749e+00,  9.999958276749e-01,  2.606881684610e+01,  4.112478196621e-01
  2.983000010252e+00,  9.999504685402e-01,  2.606886220524e+01,  4.075142741203e-01
  3.083500012755e+00,  1.000009059906e+00,  2.606880361387e+01,  4.106212854385e-01
  3.184000000358e+00,  9.999740719795e-01,  2.606883860180e+01,  4.089635014534e-01
  3.284000009298e+00,  9.999722838402e-01,  2.606884038994e+01,  4.064422547817e-01
  3.384500011802e+00,  1.000001788139e+00,  2.606881088564e+01,  4.094533622265e-01
  3.484999999404e+00,  9.999992847443e-01,  2.606881338903e+01,  4.062418341637e-01
  3.585000008345e+00,  9.999886155128e-01,  2.606882405827e+01,  4.045793712139e-01
  3.685500010848e+00,  1.000022530556e+00,  2.606879014322e+01,  4.051254093647e-01
  3.785999998450e+00,  1.000023722649e+00,  2.606878895113e+01,  4.068571925163e-01
  3.886000007391e+00,  9.999948143959e-01,  2.606881785938e+01,  4.068336486816e-01
  3.986500009894e+00,  1.000002145767e+00,  2.606881052801e+01,  4.059805572033e-01
  4.087000012398e+00,  1.000001668930e+00,  2.606881100485e+01,  4.021042883396e-01
  4.187500000000e+00,  1.000004649162e+00,  2.606880802462e+01,  4.046447277069e-01
  4.287500008941e+00,  1.000026106834e+00,  2.606878656694e+01,  4.040183424950e-01
  4.388000011444e+00,  1.000007271767e+00,  2.606880540201e+01,  4.033287167549e-01
  4.488499999046e+00,  1.000004529953e+00,  2.606880814383e+01,  4.034264385700e-01
  4.588500007987e+00,  9.999919533730e-01,  2.606882072041e+01,  4.036017358303e-01
  4.689000010490e+00,  1.000018477440e+00,  2.606879419634e+01,  4.040922224522e-01
  4.789500012994e+00,  1.000019788742e+00,  2.606879288504e+01,  4.046294689178e-01
  4.890000000596e+00,  1.000014185905e+00,  2.606879848787e+01,  4.033149182796e-01
  4.990000009537e+00,  1.000010013580e+00,  2.606880266020e+01,  4.024253189564e-01
  5.090500012040e+00,  9.999822974205e-01,  2.606883037636e+01,  4.017075896263e-01
  5.190999999642e+00,  1.000010371208e+00,  2.606880230257e+01,  4.005045294762e-01
  5.291000008583e+00,  1.000000953674e+00,  2.606881172010e+01,  4.010636210442e-01
  5.391500011086e+00,  1.000000834465e+00,  2.606881183931e+01,  3.998053967953e-01
  5.491999998689e+00,  1.000024914742e+00,  2.606878775904e+01,  3.995867073536e-01
  5.592000007629e+00,  9.999877214432e-01,  2.606882495234e+01,  3.973524272442e-01
  5.692500010133e+00,  9.999843239784e-01,  2.606882834980e+01,  4.013581275940e-01
  5.793000012636e+00,  9.999857544899e-01,  2.606882691929e+01,  4.018398821354e-01
  5.893500000238e+00,  1.000006198883e+00,  2.606880647490e+01,  3.981748223305e-01
  5.993500009179e+00,  1.000000715256e+00,  2.606881195852e+01,  3.988100588322e-01
  6.093500003219e+00,  9.999832510948e-01,  2.606882942268e+01,  4.008314013481e-01
  6.193500012159e+00,  1.000020146370e+00,  2.606879252741e+01,  3.974870145321e-01
  6.293500006199e+00,  1.000007748604e+00,  2.606880492518e+01,  4.004184901714e-01
  6.393500000238e+00,  1.000025153160e+00,  2.606878752062e+01,  3.977896869183e-01
  6.493500009179e+00,  1.000003099442e+00,  2.606880957434e+01,  3.982416987419e-01
  6.593500003219e+00,  1.000020623207e+00,  2.606879205057e+01,  3.995824456215e-01
  6.693500012159e+00,  1.000015258789e+00,  2.606879741499e+01,  3.991331458092e-01
  6.793500006199e+00,  9.999796152115e-01,  2.606883305857e+01,  3.981479704380e-01
  6.893500000238e+00,  9.999982118607e-01,  2.606881446192e+01,  3.972690999508e-01
  6.993500009179e+00,  9.999769330025e-01,  2.606883574078e+01,  3.968677222729e-01
  7.093500003219e+00,  1.000001788139e+00,  2.606881088564e+01,  3.932240605354e-01
  7.193500012159e+00,  1.000010848045e+00,  2.606880182573e+01,  3.954164683819e-01
  7.293500006199e+00,  9.999970793724e-01,  2.606881559441e+01,  3.965758085251e-01
  7.393500000238e+00,  1.000006794930e+00,  2.606880587885e+01,  3.942669332027e-01
  7.493500009179e+00,  1.000008344650e+00,  2.606880432913e+01,  3.963956236839e-01
  7.593500003219e+00,  1.000003337860e+00,  2.606880933592e+01,  3.953496813774e-01
  7.693500012159e+00,  1.000016212463e+00,  2.606879646132e+01,  3.968475162983e-01
  7.793500006199e+00,  1.000014662743e+00,  2.606879801104e+01,  3.946898877621e-01
  7.893500000238e+00,  9.999976158142e-01,  2.606881505796e+01,  3.964381217957e-01
  7.993500009179e+00,  1.000011324883e+00,  2.606880134890e+01,  3.923390805721e-01
  8.093500003219e+00,  1.000017762184e+00,  2.606879491160e+01,  3.950159847736e-01
  8.193500012159e+00,  9.999940395355e-01,  2.606881863424e+01,  3.922829926014e-01
  8.293500006199e+00,  1.000011801720e+00,  2.606880087206e+01,  3.944817781448e-01
  8.393500000238e+00,  1.000005483627e+00,  2.606880719015e+01,  3.921814560890e-01
  8.493500009179e+00,  1.000022768974e+00,  2.606878990480e+01,  3.932327628136e-01
  8.593500003219e+00,  1.000017285347e+00,  2.606879538843e+01,  3.951505720615e-01
  8.693500012159e+00,  9.999995231628e-01,  2.606881315062e+01,  3.939749896526e-01
  8.793500006199e+00,  9.999957084656e-01,  2.606881696531e+01,  3.900992274284e-01
  8.893500000238e+00,  1.000019669533e+00,  2.606879300425e+01,  3.905486166477e-01
  8.993500009179e+00,  1.000018000603e+00,  2.606879467318e+01,  3.919802904129e-01
  9.093500003219e+00,  1.000001430511e+00,  2.606881124327e+01,  3.928830027580e-01
  9.193500012159e+00,  1.000009298325e+00,  2.606880337545e+01,  3.936015963554e-01
  9.293500006199e+00,  9.999722242355e-01,  2.606884044954e+01,  3.941451311111e-01
  9.393500000238e+00,  1.000017166138e+00,  2.606879550764e+01,  3.932285308838e-01
  9.493500009179e+00,  9.999955892563e-01,  2.606881708452e+01,  3.928027153015e-01
  9.593500003219e+00,  9.999666213989e-01,  2.606884605238e+01,  3.912778794765e-01
  9.693500012159e+00,  1.000008821487e+00,  2.606880385229e+01,  3.924659192562e-01
  9.793500006199e+00,  9.999787807465e-01,  2.606883389303e+01,  3.927277624607e-01
  9.893500000238e+00,  9.999714493752e-01,  2.606884122440e+01,  3.909490108490e-01
  9.993500009179e+00,  1.000034809113e+00,  2.606877786467e+01,  3.910441696644e-01
  1.009350000322e+01,  9.999971985817e-01,  2.606881547520e+01,  3.885684609413e-01
  1.019350001216e+01,  1.000004172325e+00,  2.606880850145e+01,  3.917769789696e-01
  1.029350000620e+01,  1.000023484230e+00,  2.606878918955e+01,  3.919976651669e-01
  1.039350000024e+01,  9.999920129776e-01,  2.606882066080e+01,  3.932566344738e-01
  1.049350000918e+01,  1.000028610229e+00,  2.606878406355e+01,  3.910636007786e-01
  1.059350000322e+01,  9.999949932098e-01,  2.606881768057e+01,  3.912444114685e-01
  1.069350001216e+01,  1.000002264977e+00,  2.606881040880e+01,  3.925691843033e-01
  1.079350000620e+01,  1.000021576881e+00,  2.606879109690e+01,  3.931655585766e-01
  1.089350000024e+01,  1.000037908554e+00,  2.606877476523e+01,  3.908323347569e-01
  1.099350000918e+01,  9.999996423721e-01,  2.606881303141e+01,  3.936709463596e-01
  1.109350000322e+01,  9.999759793282e-01,  2.606883669445e+01,  3.908414244652e-01
  1.119350001216e+01,  9.999948143959e-01,  2.606881785938e+01,  3.921832442284e-01
  1.129350000620e+01,  1.000005245209e+00,  2.606880742857e+01,  3.922221660614e-01
  1.139350000024e+01,  1.000014781952e+00,  2.606879789183e+01,  3.905226886272e-01
  1.149350000918e+01,  1.000009655952e+00,  2.606880301783e+01,  3.891288042068e-01
  1.159350000322e+01,  9.999871253967e-01,  2.606882554838e+01,  3.912905752659e-01
  1.169350001216e+01,  1.000002026558e+00,  2.606881064722e+01,  3.890557587147e-01
  1.179350000620e+01,  1.000022172928e+00,  2.606879050085e+01,  3.895157873631e-01
  1.189350000024e+01,  1.000031352043e+00,  2.606878132174e+01,  3.908703923225e-01
  1.199350000918e+01,  1.000011563301e+00,  2.606880111048e+01,  3.896927833557e-01
  1.209350000322e+01,  9.999990463257e-01,  2.606881362745e+01,  3.884576559067e-01
  1.219350001216e+01,  1.000002622604e+00,  2.606881005117e+01,  3.884320557117e-01
  1.229350000620e+01,  9.999912381172e-01,  2.606882143566e+01,  3.911681771278e-01
  1.239350000024e+01,  9.999851584435e-01,  2.606882751534e+01,  3.884040713310e-01
  1.249350000918e+01,  1.000016808510e+00,  2.606879586527e+01,  3.887347877026e-01
  1.259350000322e+01,  1.000019669533e+00,  2.606879300425e+01,  3.883804380894e-01
  1.269350001216e+01,  1.000010132790e+00,  2.606880254099e+01,  3.880439996719e-01
  1.279350000620e+01,  9.999650120735e-01,  2.606884766171e+01,  3.884819149971e-01
  1.289350000024e+01,  9.999806880951e-01,  2.606883198568e+01,  3.878518640995e-01
  1.299350000918e+01,  1.000002622604e+00,  2.606881005117e+01,  3.867288529873e-01
  1.309350000322e+01,  9.999985694885e-01,  2.606881410429e+01,  3.887906670570e-01
  1.319350001216e+01,  1.000021219254e+00,  2.606879145453e+01,  3.865405619144e-01
  1.329350000620e+01,  1.000015735626e+00,  2.606879693815e+01,  3.901584446430e-01
  1.339350000024e+01,  1.000032782555e+00,  2.606877989122e+01,  3.871311843395e-01
  1.349350000918e+01,  1.000020384789e+00,  2.606879228899e+01,  3.884574770927e-01
  1.359350000322e+01,  9.999917745590e-01,  2.606882089922e+01,  3.895208239555e-01
  1.369350001216e+01,  1.000020146370e+00,  2.606879252741e+01,  3.889246582985e-01
  1.379350000620e+01,  9.999941587448e-01,  2.606881851503e+01,  3.898105919361e-01
  1.389350000024e+01,  1.000012159348e+00,  2.606880051443e+01,  3.897183239460e-01
  1.399350000918e+01,  9.999895095825e-01,  2.606882316420e+01,  3.880394399166e-01
  1.409350000322e+01,  9.999949336052e-01,  2.606881774017e+01,  3.854414224625e-01
  1.419350001216e+01,  9.999960064888e-01,  2.606881666729e+01,  3.874297440052e-01
  1.429350000620e+01,  9.999893307686e-01,  2.606882334301e+01,  3.859874606133e-01
  1.439350000024e+01,  1.000021457672e+00,  2.606879121611e+01,  3.857845664024e-01
  1.449350000918e+01,  1.000002741814e+00,  2.606880993197e+01,  3.854588568211e-01
  1.459350000322e+01,  9.999883174896e-01,  2.606882435629e+01,  3.864826858044e-01
  1.469350001216e+01,  1.000012993813e+00,  2.606879967997e+01,  3.847238421440e-01
  1.479350000620e+01,  1.000027656555e+00,  2.606878501722e+01,  3.868007659912e-01
  1.489350000024e+01,  9.999903440475e-01,  2.606882232973e+01,  3.857062458992e-01
  1.499350000918e+01,  9.999901056290e-01,  2.606882256815e+01,  3.846431970596e-01
  1.509350000322e+01,  1.000007152557e+00,  2.606880552122e+01,  3.845618665218e-01
  1.519350001216e+01,  9.999746084213e-01,  2.606883806536e+01,  3.835348784924e-01
  1.529350000620e+01,  9.999951720238e-01,  2.606881750176e+01,  3.830262422562e-01
  1.539350000024e+01,  1.000013232231e+00,  2.606879944155e+01,  3.832117915154e-01
  1.549350000918e+01,  1.000013232231e+00,  2.606879944155e+01,  3.831274509430e-01
  1.559350000322e+01,  9.999989867210e-01,  2.606881368706e+01,  3.820751607418e-01
  1.569350001216e+01,  1.000003814697e+00,  2.606880885908e+01,  3.858495056629e-01
  1.579350000620e+01,  1.000001907349e+00,  2.606881076643e+01,  3.842061460018e-01
  1.589350000024e+01,  1.000025153160e+00,  2.606878752062e+01,  3.836873173714e-01
  1.599350000918e+01,  9.999973773956e-01,  2.606881529638e+01,  3.834661841393e-01
  1.609350000322e+01,  9.999954700470e-01,  2.606881720373e+01,  3.824611902237e-01
  1.619350001216e+01,  1.000010013580e+00,  2.606880266020e+01,  3.838928937912e-01
  1.629350000620e+01,  1.000009179115e+00,  2.606880349466e+01,  3.844759166241e-01
  1.639350000024e+01,  9.999933838844e-01,  2.606881928989e+01,  3.850619792938e-01
  1.649350000918e+01,  9.999914765358e-01,  2.606882119724e+01,  3.816793262959e-01
  1.659350000322e+01,  1.000005245209e+00,  2.606880742857e+01,  3.846119046211e-01
  1.669350001216e+01,  1.000001192093e+00,  2.606881148169e+01,  3.818177580833e-01
  1.679350000620e+01,  1.000025153160e+00,  2.606878752062e+01,  3.841657936573e-01
  1.689350000024e+01,  1.000003695488e+00,  2.606880897829e+01,  3.846949636936e-01
  1.699350000918e+01,  1.000019431114e+00,  2.606879324266e+01,  3.832803368568e-01
  1.709350000322e+01,  9.999917149544e-01,  2.606882095882e+01,  3.841539323330e-01
  1.719350001216e+01,  9.999991655350e-01,  2.606881350824e+01,  3.842968344688e-01
  1.729350000620e+01,  9.999900460243e-01,  2.606882262775e+01,  3.847246170044e-01
  1.739350000024e+01,  9.999721050262e-01,  2.606884056875e+01,  3.850995600224e-01
  1.749350000918e+01,  9.999946355820e-01,  2.606881803820e+01,  3.833348453045e-01
  1.759350000322e+01,  1.000013113022e+00,  2.606879956076e+01,  3.840860426426e-01
  1.769350001216e+01,  1.000039577484e+00,  2.606877309630e+01,  3.828344345093e-01
  1.779350000620e+01,  9.999823570251e-01,  2.606883031675e+01,  3.837960958481e-01
  1.789350000024e+01,  9.999775290489e-01,  2.606883514473e+01,  3.819545209408e-01
  1.799350000918e+01,  9.999620318413e-01,  2.606885064194e+01,  3.829983174801e-01
  1.809350000322e+01,  1.000005841255e+00,  2.606880683252e+01,  3.831280469894e-01
  1.819350001216e+01,  1.000005364418e+00,  2.606880730936e+01,  3.813966214657e-01
  1.829350000620e+01,  1.000011444092e+00,  2.606880122969e+01,  3.813484311104e-01
  1.839350000024e+01,  1.000000119209e+00,  2.606881255457e+01,  3.822313547134e-01
  1.849350000918e+01,  9.999998807907e-01,  2.606881279299e+01,  3.808723688126e-01
  1.859350000322e+01,  1.000015258789e+00,  2.606879741499e+01,  3.815656602383e-01
  1.869350001216e+01,  1.000029444695e+00,  2.606878322908e+01,  3.799166381359e-01
  1.879350000620e+01,  9.999892711639e-01,  2.606882340262e+01,  3.779518306255e-01
  1.889350000024e+01,  9.999681711197e-01,  2.606884450266e+01,  3.814241588116e-01
  1.899350000918e+01,  9.999958276749e-01,  2.606881684610e+01,  3.804083466530e-01
  1.909350000322e+01,  1.000036835670e+00,  2.606877583811e+01,  3.806006312370e-01
  1.919350001216e+01,  1.000021457672e+00,  2.606879121611e+01,  3.785667121410e-01
  1.929350000620e+01,  9.999950528145e-01,  2.606881762096e+01,  3.783686161041e-01
  1.939350000024e+01,  9.999843239784e-01,  2.606882834980e+01,  3.785200417042e-01
  1.949350000918e+01,  9.999946355820e-01,  2.606881803820e+01,  3.805869221687e-01
  1.959350000322e+01,  9.999935626984e-01,  2.606881911108e+01,  3.765000402927e-01
  1.969350001216e+01,  1.000004172325e+00,  2.606880850145e+01,  3.810378611088e-01
  1.979350000620e+01,  1.000006437302e+00,  2.606880623648e+01,  3.793044090271e-01
  1.989350000024e+01,  1.000000953674e+00,  2.606881172010e+01,  3.811157047749e-01
  1.999350000918e+01,  1.000000476837e+00,  2.606881219694e+01,  3.787113428116e-01
  2.009350000322e+01,  1.000000476837e+00,  2.606881219694e+01,  3.800012767315e-01
  2.019350001216e+01,  1.000013709068e+00,  2.606879896471e+01,  3.802627325058e-01
  2.029350000620e+01,  1.000007033348e+00,  2.606880564043e+01,  3.774895370007e-01
  2.039350000024e+01,  1.000013232231e+00,  2.606879944155e+01,  3.787590563297e-01
  2.049350000918e+01,  1.000011563301e+00,  2.606880111048e+01,  3.786717057228e-01
  2.059350000322e+01,  1.000003933907e+00,  2.606880873987e+01,  3.768993318081e-01
  2.069350001216e+01,  1.000021100044e+00,  2.606879157373e+01,  3.794839382172e-01
  2.079350000620e+01,  1.000020861626e+00,  2.606879181215e+01,  3.791645467281e-01
  2.089350000024e+01,  9.999985694885e-01,  2.606881410429e+01,  3.818359076977e-01
  2.099350000918e+01,  9.999613165855e-01,  2.606885135719e+01,  3.792249262333e-01
  2.109350000322e+01,  1.000012040138e+00,  2.606880063364e+01,  3.802262842655e-01
  2.119350001216e+01,  9.999813437462e-01,  2.606883133003e+01,  3.817944228649e-01
  2.129350000620e+01,  1.000006079674e+00,  2.606880659411e+01,  3.795639872551e-01
  2.139350000024e+01,  1.000007629395e+00,  2.606880504438e+01,  3.800167143345e-01
  2.149350000918e+01,  1.000016927719e+00,  2.606879574606e+01,  3.804183006287e-01
  2.159350000322e+01,  9.999873638153e-01,  2.606882530996e+01,  3.773734867573e-01
  2.169350001216e+01,  9.999911785126e-01,  2.606882149527e+01,  3.792792558670e-01
  2.179350000620e+01,  9.999989867210e-01,  2.606881368706e+01,  3.767414093018e-01
  2.189350000024e+01,  9.999778866768e-01,  2.606883478710e+01,  3.771776854992e-01
  2.199350000918e+01,  9.999794363976e-01,  2.606883323738e+01,  3.754725158215e-01
  2.209350000322e+01,  9.999850392342e-01,  2.606882763455e+01,  3.758264482021e-01
  2.219350001216e+01,  1.000031828880e+00,  2.606878084490e+01,  3.808552026749e-01
  2.229350000620e+01,  1.000013947487e+00,  2.606879872629e+01,  3.778353035450e-01
  2.239350000024e+01,  9.999873638153e-01,  2.606882530996e+01,  3.808532953262e-01
  2.249350000918e+01,  9.999992847443e-01,  2.606881338903e+01,  3.783782124519e-01
  2.259350000322e+01,  9.999685287476e-01,  2.606884414503e+01,  3.761024773121e-01
  2.269350001216e+01,  1.000022292137e+00,  2.606879038164e+01,  3.764598667622e-01
  2.279350000620e+01,  1.000000238419e+00,  2.606881243536e+01,  3.786657154560e-01
  2.289350000024e+01,  9.999647736549e-01,  2.606884790012e+01,  3.760306835175e-01
  2.299350000918e+01,  9.999964237213e-01,  2.606881625006e+01,  3.754496872425e-01
  2.309350000322e+01,  9.999681115150e-01,  2.606884456226e+01,  3.781604766846e-01
  2.319350001216e+01,  1.000015139580e+00,  2.606879753420e+01,  3.770427703857e-01
  2.329350000620e+01,  1.000018954277e+00,  2.606879371950e+01,  3.782704770565e-01
  2.339350000024e+01,  1.000009655952e+00,  2.606880301783e+01,  3.786179721355e-01
  2.349350000918e+01,  1.000005841255e+00,  2.606880683252e+01,  3.762427866459e-01
  2.359350000322e+01,  1.000006079674e+00,  2.606880659411e+01,  3.785494863987e-01
  2.369350001216e+01,  1.000012755394e+00,  2.606879991839e+01,  3.778716623783e-01
  2.379350000620e+01,  1.000006198883e+00,  2.606880647490e+01,  3.778040409088e-01
  2.389350000024e+01,  1.000030636787e+00,  2.606878203699e+01,  3.773720860481e-01
  2.399350000918e+01,  1.000002264977e+00,  2.606881040880e+01,  3.762585222721e-01
  2.409350000322e+01,  1.000033855438e+00,  2.606877881834e+01,  3.793549239635e-01
  2.419350001216e+01,  1.000006914139e+00,  2.606880575964e+01,  3.755592703819e-01
  2.429350000620e+01,  1.000004291534e+00,  2.606880838224e+01,  3.783105611801e-01
  2.439350000024e+01,  9.999833703041e-01,  2.606882930348e+01,  3.781155645847e-01
  2.449350000918e+01,  1.000004291534e+00,  2.606880838224e+01,  3.772523403168e-01
  2.459350000322e+01,  1.000016093254e+00,  2.606879658053e+01,  3.761560022831e-01
  2.469350001216e+01,  1.000004649162e+00,  2.606880802462e+01,  3.776184320450e-01
  2.479350000620e+01,  1.000023484230e+00,  2.606878918955e+01,  3.736057579517e-01
  2.489350000024e+01,  9.999903440475e-01,  2.606882232973e+01,  3.742272853851e-01
  2.499350000918e+01,  1.000012874603e+00,  2.606879979918e+01,  3.752847313881e-01
  2.509350000322e+01,  1.000004291534e+00,  2.606880838224e+01,  3.771165013313e-01
  2.519350001216e+01,  1.000018239021e+00,  2.606879443476e+01,  3.766682744026e-01
  2.529350000620e+01,  1.000015616417e+00,  2.606879705736e+01,  3.728004693985e-01
  2.539350000024e+01,  1.000018000603e+00,  2.606879467318e+01,  3.738996982574e-01
  2.549350000918e+01,  1.000018715858e+00,  2.606879395792e+01,  3.762268126011e-01
  2.559350000322e+01,  1.000011563301e+00,  2.606880111048e+01,  3.766019940376e-01
  2.569350001216e+01,  1.000000596046e+00,  2.606881207773e+01,  3.753631412983e-01
  2.579350000620e+01,  1.000000715256e+00,  2.606881195852e+01,  3.752477467060e-01
  2.589350000024e+01,  1.000004887581e+00,  2.606880778620e+01,  3.754178583622e-01
  2.599350000918e+01,  9.999656677246e-01,  2.606884700605e+01,  3.761888146400e-01
  2.609350000322e+01,  9.999877810478e-01,  2.606882489273e+01,  3.749032020569e-01
  2.619350001216e+01,  9.999862909317e-01,  2.606882638285e+01,  3.771240115166e-01
  2.629350000620e+01,  9.999904632568e-01,  2.606882221052e+01,  3.762448430061e-01
  2.639350000024e+01,  1.000010013580e+00,  2.606880266020e+01,  3.769668340683e-01
  2.649350000918e+01,  1.000012516975e+00,  2.606880015680e+01,  3.734844923019e-01
  2.659350000322e+01,  9.999876618385e-01,  2.606882501194e+01,  3.768419921398e-01
  2.669350001216e+01,  1.000017166138e+00,  2.606879550764e+01,  3.750613927841e-01
  2.679350000620e+01,  1.000025391579e+00,  2.606878728220e+01,  3.761790394783e-01
  2.689350000024e+01,  1.000006914139e+00,  2.606880575964e+01,  3.752910196781e-01
  2.699350000918e+01,  1.000002026558e+00,  2.606881064722e+01,  3.740007877350e-01
  2.709350000322e+01,  9.999926686287e-01,  2.606882000515e+01,  3.757680654526e-01
  2.719350001216e+01,  9.999936819077e-01,  2.606881899187e+01,  3.749050199986e-01
  2.729350000620e+01,  9.999829530716e-01,  2.606882972071e+01,  3.762345314026e-01
  2.739350000024e+01,  9.999907612801e-01,  2.606882191250e+01,  3.753027617931e-01
  2.749350000918e+01,  1.000013232231e+00,  2.606879944155e+01,  3.736358880997e-01
  2.759350000322e+01,  9.999905824661e-01,  2.606882209131e+01,  3.728359043598e-01
  2.769350001216e+01,  1.000017404556e+00,  2.606879526922e+01,  3.702972233295e-01
  2.779350000620e+01,  1.000015854836e+00,  2.606879681894e+01,  3.713329434395e-01
  2.789350000024e+01,  9.999999403954e-01,  2.606881273338e+01,  3.734576404095e-01
  2.799350000918e+01,  9.999892711639e-01,  2.606882340262e+01,  3.713297843933e-01
  2.809350000322e+01,  9.999892711639e-01,  2.606882340262e+01,  3.703359961510e-01
  2.819350001216e+01,  9.999983906746e-01,  2.606881428310e+01,  3.728927969933e-01
  2.829350000620e+01,  1.000024199486e+00,  2.606878847429e+01,  3.700110614300e-01
  2.839350000024e+01,  9.999935030937e-01,  2.606881917069e+01,  3.707825243473e-01
  2.849350000918e+01,  9.999883770943e-01,  2.606882429668e+01,  3.745271861553e-01
  2.859350000322e+01,  1.000006556511e+00,  2.606880611727e+01,  3.696361482143e-01
  2.869350001216e+01,  1.000013947487e+00,  2.606879872629e+01,  3.736526370049e-01
  2.879350000620e+01,  1.000029802322e+00,  2.606878287146e+01,  3.721346259117e-01
  2.889350000024e+01,  1.000007033348e+00,  2.606880564043e+01,  3.733406066895e-01
  2.899350000918e+01,  1.000050425529e+00,  2.606876224825e+01,  3.719765543938e-01
  2.909350000322e+01,  1.000011324883e+00,  2.606880134890e+01,  3.708200454712e-01
  2.919350001216e+01,  1.000000357628e+00,  2.606881231615e+01,  3.695687353611e-01
  2.929350000620e+01,  1.000004410744e+00,  2.606880826304e+01,  3.710807561874e-01
  2.939350000024e+01,  1.000004887581e+00,  2.606880778620e+01,  3.702829480171e-01
  2.949350000918e+01,  1.000013828278e+00,  2.606879884550e+01,  3.713852763176e-01
  2.959350000322e+01,  9.999738335609e-01,  2.606883884022e+01,  3.702330589294e-01
  2.969350001216e+01,  9.999906420708e-01,  2.606882203171e+01,  3.702298104763e-01
  2.979350000620e+01,  9.999912977219e-01,  2.606882137606e+01,  3.712959587574e-01
  2.989350000024e+01,  9.999899268150e-01,  2.606882274696e+01,  3.702153563499e-01
  2.999350000918e+01,  9.999986886978e-01,  2.606881398508e+01,  3.719386160374e-01
  3.009350000322e+01,  9.999896883965e-01,  2.606882298538e+01,  3.683854043484e-01
  3.019350001216e+01,  1.000010251999e+00,  2.606880242178e+01,  3.695595264435e-01
  3.029350000620e+01,  9.999885559082e-01,  2.606882411787e+01,  3.723089694977e-01
  3.039350000024e+01,  9.999775290489e-01,  2.606883514473e+01,  3.711355924606e-01
  3.049350000918e+01,  9.999939203262e-01,  2.606881875345e+01,  3.707973957062e-01
  3.059350000322e+01,  9.999935030937e-01,  2.606881917069e+01,  3.698704838753e-01
  3.069350001216e+01,  1.000027775764e+00,  2.606878489801e+01,  3.715791106224e-01
  3.079350000620e+01,  1.000023722649e+00,  2.606878895113e+01,  3.709481358528e-01
  3.089350000024e+01,  1.000010013580e+00,  2.606880266020e+01,  3.700335323811e-01
  3.099350000918e+01,  1.000002980232e+00,  2.606880969355e+01,  3.706668317318e-01
  3.109350000322e+01,  9.999954104424e-01,  2.606881726334e+01,  3.718755841255e-01
  3.119350001216e+01,  1.000001430511e+00,  2.606881124327e+01,  3.713149428368e-01
  3.129350000620e+01,  9.999996423721e-01,  2.606881303141e+01,  3.692577481270e-01
  3.139350000024e+01,  1.000023484230e+00,  2.606878918955e+01,  3.708635568619e-01
  3.149350000918e+01,  9.999980926514e-01,  2.606881458113e+01,  3.706184625626e-01
  3.159350000322e+01,  9.999842643738e-01,  2.606882840941e+01,  3.704863190651e-01
  3.169350001216e+01,  1.000003457069e+00,  2.606880921671e+01,  3.700884282589e-01
  3.179350000620e+01,  9.999947547913e-01,  2.606881791899e+01,  3.665260672569e-01
  3.189350000024e+01,  9.999867081642e-01,  2.606882596561e+01,  3.680474460125e-01
  3.199350000918e+01,  9.999915957451e-01,  2.606882107803e+01,  3.716412782669e-01
  3.209350000322e+01,  9.999824762344e-01,  2.606883019754e+01,  3.693334162235e-01
  3.219350001216e+01,  9.999966621399e-01,  2.606881601164e+01,  3.696172237396e-01
  3.229350000620e+01,  9.999604225159e-01,  2.606885225126e+01,  3.678331375122e-01
  3.239350000024e+01,  1.000005483627e+00,  2.606880719015e+01,  3.703164756298e-01
  3.249350000918e+01,  9.999690651894e-01,  2.606884360859e+01,  3.694060444832e-01
  3.259350000322e+01,  1.000013947487e+00,  2.606879872629e+01,  3.697085380554e-01
  3.269350001216e+01,  1.000011801720e+00,  2.606880087206e+01,  3.682469427586e-01
  3.279350000620e+01,  1.000002622604e+00,  2.606881005117e+01,  3.709070384502e-01
  3.289350000024e+01,  1.000005125999e+00,  2.606880754778e+01,  3.682536184788e-01
  3.299350000918e+01,  9.999959468842e-01,  2.606881672690e+01,  3.705953657627e-01
  3.309350000322e+01,  9.999823570251e-01,  2.606883031675e+01,  3.692580461502e-01
  3.319350001216e+01,  1.000022172928e+00,  2.606879050085e+01,  3.702981472015e-01
  3.329350000620e+01,  9.999827742577e-01,  2.606882989952e+01,  3.707731068134e-01
  3.339350000024e+01,  1.000012397766e+00,  2.606880027601e+01,  3.688111901283e-01
  3.349350000918e+01,  1.000019073486e+00,  2.606879360029e+01,  3.697722852230e-01
  3.359350000322e+01,  9.999856948853e-01,  2.606882697889e+01,  3.695254921913e-01
  3.369350001216e+01,  1.000031709671e+00,  2.606878096411e+01,  3.698059916496e-01
  3.379350000620e+01,  9.999951720238e-01,  2.606881750176e+01,  3.677691519260e-01
  3.389350000024e+01,  1.000001549721e+00,  2.606881112406e+01,  3.687182962894e-01
  3.399350000918e+01,  1.000006079674e+00,  2.606880659411e+01,  3.688864707947e-01
  3.409350000322e+01,  9.999962449074e-01,  2.606881642887e+01,  3.702223896980e-01
  3.419350001216e+01,  1.000012636185e+00,  2.606880003759e+01,  3.661053478718e-01
  3.429350000620e+01,  1.000042676926e+00,  2.606876999685e+01,  3.683517873287e-01
  3.439350000024e+01,  9.999815225601e-01,  2.606883115122e+01,  3.671506643295e-01
  3.449350000918e+01,  9.999899268150e-01,  2.606882274696e+01,  3.679119646549e-01
  3.459350000322e+01,  9.999712109566e-01,  2.606884146282e+01,  3.686755895615e-01
  3.469350001216e+01,  1.000003099442e+00,  2.606880957434e+01,  3.657046854496e-01
  3.479350000620e+01,  9.999819397926e-01,  2.606883073399e+01,  3.667812347412e-01
  3.489350000024e+01,  9.999848604202e-01,  2.606882781336e+01,  3.660426437855e-01
  3.499350000918e+01,  1.000005841255e+00,  2.606880683252e+01,  3.690823614597e-01
  3.509350000322e+01,  9.999963641167e-01,  2.606881630966e+01,  3.695690035820e-01
  3.519350001216e+01,  9.999839067459e-01,  2.606882876703e+01,  3.666242361069e-01
  3.529350000620e+01,  1.000012755394e+00,  2.606879991839e+01,  3.676888346672e-01
  3.539350000024e+01,  1.000001907349e+00,  2.606881076643e+01,  3.685084581375e-01
  3.549350000918e+01,  1.000014901161e+00,  2.606879777262e+01,  3.659727275372e-01
  3.559350000322e+01,  1.000021576881e+00,  2.606879109690e+01,  3.660825490952e-01
  3.569350001216e+01,  1.000001311302e+00,  2.606881136248e+01,  3.689813315868e-01
  3.579350000620e+01,  9.999985098839e-01,  2.606881416390e+01,  3.673416078091e-01
  3.589350000024e+01,  1.000009775162e+00,  2.606880289862e+01,  3.671083748341e-01
  3.599350000918e+01,  1.000003218651e+00,  2.606880945513e+01,  3.678663671017e-01
  3.609350000322e+01,  1.000000476837e+00,  2.606881219694e+01,  3.693911731243e-01
  3.619350001216e+01,  9.999897480011e-01,  2.606882292578e+01,  3.675172924995e-01
  3.629350000620e+01,  9.999997019768e-01,  2.606881297180e+01,  3.690406680107e-01
  3.639350000024e+01,  9.999974370003e-01,  2.606881523678e+01,  3.680583536625e-01
  3.649350000918e+01,  9.999818205833e-01,  2.606883085320e+01,  3.686904609203e-01
  3.659350000322e+01,  9.999930858612e-01,  2.606881958792e+01,  3.701580762863e-01
  3.669350001216e+01,  9.999871253967e-01,  2.606882554838e+01,  3.682302534580e-01
  3.679350000620e+01,  1.000006556511e+00,  2.606880611727e+01,  3.687517344952e-01
  3.689350000024e+01,  9.999902844429e-01,  2.606882238934e+01,  3.684911131859e-01
  3.699350000918e+01,  9.999923706055e-01,  2.606882030317e+01,  3.687971532345e-01
  3.709350000322e+01,  9.999914765358e-01,  2.606882119724e+01,  3.669042289257e-01
  3.719350001216e+01,  9.999837279320e-01,  2.606882894585e+01,  3.678449094296e-01
  3.729350000620e+01,  9.999871850014e-01,  2.606882548878e+01,  3.668418526649e-01
  3.739350000024e+01,  1.000012516975e+00,  2.606880015680e+01,  3.675242364407e-01
  3.749350000918e+01,  1.000007748604e+00,  2.606880492518e+01,  3.712210059166e-01
  3.759350000322e+01,  1.000012636185e+00,  2.606880003759e+01,  3.654105365276e-01
  3.769350001216e+01,  1.000034213066e+00,  2.606877846071e+01,  3.658446371555e-01
  3.779350000620e+01,  9.999917149544e-01,  2.606882095882e+01,  3.685964643955e-01
  3.789350000024e+01,  9.999912381172e-01,  2.606882143566e+01,  3.660881519318e-01
  3.799350000918e+01,  1.000039577484e+00,  2.606877309630e+01,  3.665867149830e-01
  3.809350000322e+01,  1.000030517578e+00,  2.606878215620e+01,  3.652939796448e-01
  3.819350001216e+01,  1.000015497208e+00,  2.606879717657e+01,  3.665140867233e-01
  3.829350000620e+01,  1.000017046928e+00,  2.606879562685e+01,  3.660800158978e-01
  3.839350000024e+01,  1.000027894974e+00,  2.606878477881e+01,  3.674151003361e-01
  3.849350000918e+01,  9.999760985374e-01,  2.606883657524e+01,  3.664368093014e-01
  3.859350000322e+01,  1.000006079674e+00,  2.606880659411e+01,  3.677747249603e-01
  3.869350001216e+01,  1.000009417534e+00,  2.606880325625e+01,  3.691276609898e-01
  3.879350000620e+01,  1.000017285347e+00,  2.606879538843e+01,  3.671984374523e-01
  3.889350000024e+01,  9.999921917915e-01,  2.606882048199e+01,  3.643614351749e-01
  3.899350000918e+01,  9.999995827675e-01,  2.606881309101e+01,  3.657573163509e-01
  3.909350000322e+01,  9.999870061874e-01,  2.606882566759e+01,  3.660563826561e-01
  3.919350001216e+01,  1.000006556511e+00,  2.606880611727e+01,  3.650328218937e-01
  3.929350000620e+01,  1.000028371811e+00,  2.606878430197e+01,  3.658012151718e-01
  3.939350000024e+01,  1.000013351440e+00,  2.606879932234e+01,  3.653922677040e-01
  3.949350000918e+01,  1.000003933907e+00,  2.606880873987e+01,  3.653850257397e-01
  3.959350000322e+01,  9.999946951866e-01,  2.606881797859e+01,  3.653561174870e-01
  3.969350001216e+01,  1.000011444092e+00,  2.606880122969e+01,  3.655623793602e-01
  3.979350000620e+01,  1.000022411346e+00,  2.606879026243e+01,  3.686073124409e-01
  3.989350000024e+01,  1.000003457069e+00,  2.606880921671e+01,  3.655801713467e-01
  3.999350000918e+01,  1.000019907951e+00,  2.606879276583e+01,  3.652340769768e-01
  4.009350000322e+01,  9.999923110008e-01,  2.606882036278e+01,  3.670726120472e-01
  4.019350001216e+01,  1.000002741814e+00,  2.606880993197e+01,  3.632858097553e-01
  4.029350000620e+01,  9.999960660934e-01,  2.606881660769e+01,  3.673023581505e-01
  4.039350000024e+01,  1.000024557114e+00,  2.606878811667e+01,  3.642294704914e-01
  4.049350000918e+01,  9.999924898148e-01,  2.606882018396e+01,  3.651266694069e-01
  4.059350000322e+01,  1.000005841255e+00,  2.606880683252e+01,  3.650162518024e-01
  4.069350001216e+01,  1.000037789345e+00,  2.606877488443e+01,  3.654610812664e-01
  4.079350000620e+01,  1.000008106232e+00,  2.606880456755e+01,  3.657224774361e-01
  4.089350000024e+01,  9.999935030937e-01,  2.606881917069e+01,  3.659901320934e-01
  4.099350000918e+01,  9.999929666519e-01,  2.606881970713e+01,  3.669547140598e-01
  4.109350000322e+01,  1.000000715256e+00,  2.606881195852e+01,  3.639566302299e-01
  4.119350001216e+01,  9.999936819077e-01,  2.606881899187e+01,  3.650175333023e-01
  4.129350000620e+01,  1.000000715256e+00,  2.606881195852e+01,  3.643782138824e-01
  4.139350000024e+01,  1.000006198883e+00,  2.606880647490e+01,  3.651537299156e-01
  4.149350000918e+01,  1.000046610832e+00,  2.606876606295e+01,  3.633841276169e-01
  4.159350000322e+01,  9.999818205833e-01,  2.606883085320e+01,  3.646748661995e-01
  4.169350001216e+01,  9.999719262123e-01,  2.606884074757e+01,  3.655848801136e-01
  4.179350000620e+01,  9.999942183495e-01,  2.606881845543e+01,  3.654822707176e-01
  4.189350000024e+01,  1.000011801720e+00,  2.606880087206e+01,  3.661021590233e-01
  4.199350000918e+01,  1.000036239624e+00,  2.606877643416e+01,  3.631241023540e-01
  4.209350000322e+01,  9.999902248383e-01,  2.606882244894e+01,  3.641678690910e-01
  4.219350001216e+01,  1.000005364418e+00,  2.606880730936e+01,  3.634845316410e-01
  4.229350000620e+01,  9.999801516533e-01,  2.606883252213e+01,  3.652629852295e-01
  4.239350000024e+01,  1.000012040138e+00,  2.606880063364e+01,  3.652612566948e-01
  4.249350000918e+01,  1.000000476837e+00,  2.606881219694e+01,  3.645788431168e-01
  4.259350000322e+01,  1.000021576881e+00,  2.606879109690e+01,  3.657633662224e-01
  4.269350001216e+01,  1.000009417534e+00,  2.606880325625e+01,  3.650254011154e-01
  4.279350000620e+01,  1.000005960464e+00,  2.606880671331e+01,  3.638216257095e-01
  4.289350000024e+01,  1.000002503395e+00,  2.606881017038e+01,  3.624391555786e-01
  4.299350000918e+01,  1.000007987022e+00,  2.606880468676e+01,  3.629740476608e-01
  4.309350000322e+01,  9.999921321869e-01,  2.606882054159e+01,  3.618202209473e-01
  4.319350001216e+01,  9.999873042107e-01,  2.606882536957e+01,  3.630965352058e-01
  4.329350000620e+01,  1.000043630600e+00,  2.606876904318e+01,  3.633076250553e-01
  4.339350000024e+01,  9.999703168869e-01,  2.606884235689e+01,  3.648366034031e-01
  4.349350000918e+01,  1.000015020370e+00,  2.606879765341e+01,  3.636520206928e-01
  4.359350000322e+01,  9.999994635582e-01,  2.606881321022e+01,  3.615911304951e-01
  4.369350001216e+01,  1.000000476837e+00,  2.606881219694e+01,  3.646017014980e-01
  4.379350000620e+01,  1.000019311905e+00,  2.606879336187e+01,  3.591508269310e-01
  4.389350000024e+01,  1.000007152557e+00,  2.606880552122e+01,  3.642107844353e-01
  4.399350000918e+01,  9.999896287918e-01,  2.606882304499e+01,  3.638715147972e-01
  4.409350000322e+01,  1.000014662743e+00,  2.606879801104e+01,  3.625692427158e-01
  4.419350001216e+01,  1.000016212463e+00,  2.606879646132e+01,  3.635041117668e-01
  4.429350000620e+01,  1.000022053719e+00,  2.606879062006e+01,  3.621248006821e-01
  4.439350000024e+01,  1.000009655952e+00,  2.606880301783e+01,  3.627300560474e-01
  4.449350000918e+01,  9.999653697014e-01,  2.606884730408e+01,  3.621897697449e-01
  4.459350000322e+01,  9.999965429306e-01,  2.606881613085e+01,  3.648611307144e-01
  4.469350001216e+01,  1.000008702278e+00,  2.606880397150e+01,  3.657763302326e-01
  4.479350000620e+01,  1.000029444695e+00,  2.606878322908e+01,  3.650341629982e-01
  4.489350000024e+01,  9.999897480011e-01,  2.606882292578e+01,  3.637822568417e-01
  4.499350000918e+01,  9.999671578407e-01,  2.606884551594e+01,  3.635493814945e-01
  4.509350000322e+01,  9.999799132347e-01,  2.606883276054e+01,  3.632419407368e-01
  4.519350001216e+01,  1.000013113022e+00,  2.606879956076e+01,  3.647279739380e-01
  4.529350000620e+01,  1.000013709068e+00,  2.606879896471e+01,  3.648935854435e-01
  4.539350000024e+01,  9.999979138374e-01,  2.606881475994e+01,  3.636364936829e-01
  4.549350000918e+01,  9.999854564667e-01,  2.606882721731e+01,  3.631804287434e-01
  4.559350000322e+01,  1.000009179115e+00,  2.606880349466e+01,  3.648459017277e-01
  4.569350001216e+01,  1.000013828278e+00,  2.606879884550e+01,  3.627822697163e-01
  4.579350000620e+01,  1.000026822090e+00,  2.606878585169e+01,  3.614491522312e-01
  4.589350000024e+01,  9.999899864197e-01,  2.606882268736e+01,  3.634415864944e-01
  4.599350000918e+01,  1.000031232834e+00,  2.606878144095e+01,  3.620957434177e-01
  4.609350000322e+01,  9.999928474426e-01,  2.606881982634e+01,  3.613513112068e-01
  4.619350001216e+01,  1.000022411346e+00,  2.606879026243e+01,  3.622267246246e-01
  4.629350000620e+01,  1.000016212463e+00,  2.606879646132e+01,  3.622507750988e-01
  4.639350000024e+01,  1.000000953674e+00,  2.606881172010e+01,  3.614080250263e-01
  4.649350000918e+01,  9.999809861183e-01,  2.606883168766e+01,  3.626643717289e-01
  4.659350000322e+01,  9.999819993973e-01,  2.606883067438e+01,  3.619018495083e-01
  4.669350001216e+01,  1.000018835068e+00,  2.606879383871e+01,  3.631962537766e-01
  4.679350000620e+01,  9.999861121178e-01,  2.606882656166e+01,  3.615335822105e-01
  4.689350000024e+01,  1.000014662743e+00,  2.606879801104e+01,  3.612758815289e-01
  4.699350000918e+01,  1.000016570091e+00,  2.606879610369e+01,  3.612647950649e-01
  4.709350000322e+01,  9.999965429306e-01,  2.606881613085e+01,  3.633916378021e-01
  4.719350001216e+01,  1.000008702278e+00,  2.606880397150e+01,  3.634301722050e-01
  4.729350000620e+01,  1.000020027161e+00,  2.606879264662e+01,  3.638370037079e-01
  4.739350000024e+01,  9.999792575836e-01,  2.606883341620e+01,  3.625375926495e-01
  4.749350000918e+01,  1.000002861023e+00,  2.606880981276e+01,  3.615409731865e-01
  4.759350000322e+01,  1.000026226044e+00,  2.606878644774e+01,  3.608312606812e-01
  4.769350001216e+01,  1.000029206276e+00,  2.606878346750e+01,  3.628519773483e-01
  4.779350000620e+01,  1.000012040138e+00,  2.606880063364e+01,  3.644881844521e-01
  4.789350000024e+01,  9.999963641167e-01,  2.606881630966e+01,  3.619647324085e-01
  4.799350000918e+01,  1.000005364418e+00,  2.606880730936e+01,  3.615757226944e-01
  4.809350000322e+01,  1.000017881393e+00,  2.606879479239e+01,  3.608380854130e-01
  4.819350001216e+01,  1.000000476837e+00,  2.606881219694e+01,  3.603555560112e-01
  4.829350000620e+01,  1.000010848045e+00,  2.606880182573e+01,  3.593475222588e-01
  4.839350000024e+01,  1.000004053116e+00,  2.606880862066e+01,  3.601361215115e-01
  4.849350000918e+01,  9.999685883522e-01,  2.606884408543e+01,  3.579565882683e-01
  4.859350000322e+01,  1.000005125999e+00,  2.606880754778e+01,  3.580733537674e-01
  4.869350001216e+01,  9.999745488167e-01,  2.606883812496e+01,  3.605817258358e-01
  4.879350000620e+01,  9.999755620956e-01,  2.606883711168e+01,  3.616594374180e-01
  4.889350000024e+01,  9.999874830246e-01,  2.606882519075e+01,  3.602387309074e-01
  4.899350000918e+01,  9.999548196793e-01,  2.606885785410e+01,  3.612577617168e-01
  4.909350000322e+01,  1.000017642975e+00,  2.606879503080e+01,  3.589294850826e-01
  4.919350001216e+01,  9.999881386757e-01,  2.606882453510e+01,  3.607579469681e-01
  4.929350000620e+01,  9.999963045120e-01,  2.606881636927e+01,  3.594488799572e-01
  4.939350000024e+01,  1.000005006790e+00,  2.606880766699e+01,  3.586434125900e-01
  4.949350000918e+01,  9.999870061874e-01,  2.606882566759e+01,  3.582948148251e-01
  4.959350000322e+01,  9.999983310699e-01,  2.606881434271e+01,  3.597401082516e-01
  4.969350001216e+01,  9.999961256981e-01,  2.606881654808e+01,  3.587824404240e-01
  4.979350000620e+01,  9.999764561653e-01,  2.606883621761e+01,  3.618226945400e-01
  4.989350000024e+01,  9.999868869781e-01,  2.606882578680e+01,  3.603418469429e-01
  4.999350000918e+01,  9.999805092812e-01,  2.606883216450e+01,  3.592188656330e-01
  5.009350000322e+01,  9.999715089798e-01,  2.606884116480e+01,  3.577097654343e-01
  5.019350001216e+01,  1.000015258789e+00,  2.606879741499e+01,  3.587063848972e-01
  5.029350000620e+01,  1.000009655952e+00,  2.606880301783e+01,  3.585101068020e-01
  5.039350000024e+01,  1.000013589859e+00,  2.606879908392e+01,  3.603702187538e-01
  5.049350000918e+01,  1.000003099442e+00,  2.606880957434e+01,  3.594740331173e-01
  5.059350000322e+01,  1.000023722649e+00,  2.606878895113e+01,  3.583328723907e-01
  5.069350001216e+01,  1.000012636185e+00,  2.606880003759e+01,  3.580267727375e-01
  5.079350000620e+01,  1.000004410744e+00,  2.606880826304e+01,  3.577556014061e-01
  5.089350000024e+01,  9.999939799309e-01,  2.606881869385e+01,  3.582785427570e-01
  5.099350000918e+01,  9.999925494194e-01,  2.606882012436e+01,  3.576023280621e-01
  5.109350000322e+01,  9.999995231628e-01,  2.606881315062e+01,  3.576234877110e-01
  5.119350001216e+01,  1.000018835068e+00,  2.606879383871e+01,  3.586877882481e-01
  5.129350000620e+01,  1.000030279160e+00,  2.606878239462e+01,  3.595316112041e-01
  5.139350000024e+01,  1.000015139580e+00,  2.606879753420e+01,  3.583078384399e-01
  5.149350000918e+01,  1.000006079674e+00,  2.606880659411e+01,  3.557969927788e-01
  5.159350000322e+01,  9.999890327454e-01,  2.606882364103e+01,  3.577882647514e-01
  5.169350001216e+01,  9.999895095825e-01,  2.606882316420e+01,  3.583975434303e-01
  5.179350000620e+01,  1.000021100044e+00,  2.606879157373e+01,  3.581699430943e-01
  5.189350000024e+01,  1.000012636185e+00,  2.606880003759e+01,  3.575511276722e-01
  5.199350000918e+01,  1.000007987022e+00,  2.606880468676e+01,  3.570457100868e-01
  5.209350000322e+01,  1.000030040741e+00,  2.606878263304e+01,  3.561584055424e-01
  5.219350001216e+01,  9.999838471413e-01,  2.606882882664e+01,  3.565005958080e-01
  5.229350000620e+01,  9.999758601189e-01,  2.606883681366e+01,  3.586001098156e-01
  5.239350000024e+01,  1.000021934509e+00,  2.606879073927e+01,  3.560389280319e-01
  5.249350000918e+01,  9.999974370003e-01,  2.606881523678e+01,  3.572766184807e-01
  5.259350000322e+01,  1.000006437302e+00,  2.606880623648e+01,  3.583728373051e-01
  5.269350001216e+01,  1.000000953674e+00,  2.606881172010e+01,  3.573642969131e-01
  5.279350000620e+01,  1.000015616417e+00,  2.606879705736e+01,  3.591324388981e-01
  5.289350000024e+01,  1.000007867813e+00,  2.606880480597e+01,  3.599075376987e-01
  5.299350000918e+01,  1.000022530556e+00,  2.606879014322e+01,  3.581078052521e-01
  5.309350000322e+01,  9.999727606773e-01,  2.606883991310e+01,  3.567743003368e-01
  5.319350001216e+01,  9.999850988388e-01,  2.606882757494e+01,  3.605367839336e-01
  5.329350000620e+01,  1.000018358231e+00,  2.606879431555e+01,  3.572333753109e-01
  5.339350000024e+01,  9.999925494194e-01,  2.606882012436e+01,  3.581557273865e-01
  5.349350000918e+01,  1.000016927719e+00,  2.606879574606e+01,  3.552445769310e-01
  5.359350000322e+01,  9.999796152115e-01,  2.606883305857e+01,  3.564505875111e-01
  5.369350001216e+01,  1.000017642975e+00,  2.606879503080e+01,  3.568247556686e-01
  5.379350000620e+01,  1.000003218651e+00,  2.606880945513e+01,  3.575827479362e-01
  5.389350000024e+01,  9.999872446060e-01,  2.606882542917e+01,  3.563132584095e-01
  5.399350000918e+01,  1.000016808510e+00,  2.606879586527e+01,  3.582257330418e-01
  5.409350000322e+01,  1.000006914139e+00,  2.606880575964e+01,  3.569770753384e-01
  5.419350001216e+01,  1.000035405159e+00,  2.606877726862e+01,  3.552994132042e-01
  5.429350000620e+01,  1.000020146370e+00,  2.606879252741e+01,  3.566026389599e-01
  5.439350000024e+01,  9.999831318855e-01,  2.606882954189e+01,  3.570936024189e-01
  5.449350000918e+01,  9.999973773956e-01,  2.606881529638e+01,  3.566633760929e-01
  5.459350000322e+01,  9.999921321869e-01,  2.606882054159e+01,  3.586210608482e-01
  5.469350001216e+01,  9.999933838844e-01,  2.606881928989e+01,  3.559231758118e-01
  5.479350000620e+01,  9.999765753746e-01,  2.606883609840e+01,  3.568240106106e-01
  5.489350000024e+01,  1.000006914139e+00,  2.606880575964e+01,  3.552386760712e-01
  5.499350000918e+01,  1.000005006790e+00,  2.606880766699e+01,  3.556871712208e-01
  5.509350000322e+01,  9.999886155128e-01,  2.606882405827e+01,  3.562547862530e-01
  5.519350001216e+01,  9.999964833260e-01,  2.606881619045e+01,  3.535937070847e-01
  5.529350000620e+01,  1.000007987022e+00,  2.606880468676e+01,  3.578803837299e-01
  5.539350000024e+01,  9.999986886978e-01,  2.606881398508e+01,  3.564780652523e-01
  5.549350000918e+01,  1.000017166138e+00,  2.606879550764e+01,  3.554216027260e-01
  5.559350000322e+01,  1.000020623207e+00,  2.606879205057e+01,  3.559748828411e-01
  5.569350001216e+01,  1.000040650368e+00,  2.606877202341e+01,  3.560480475426e-01
  5.579350000620e+01,  1.000017762184e+00,  2.606879491160e+01,  3.542433083057e-01
  5.589350000024e+01,  1.000003695488e+00,  2.606880897829e+01,  3.542324602604e-01
  5.599350000918e+01,  1.000001192093e+00,  2.606881148169e+01,  3.554042577744e-01
  5.609350000322e+01,  1.000009298325e+00,  2.606880337545e+01,  3.528303503990e-01
  5.619350001216e+01,  1.000016689301e+00,  2.606879598448e+01,  3.558773398399e-01
  5.629350000620e+01,  9.999941587448e-01,  2.606881851503e+01,  3.553838431835e-01
  5.639350000024e+01,  1.000020027161e+00,  2.606879264662e+01,  3.546484708786e-01
  5.649350000918e+01,  1.000004291534e+00,  2.606880838224e+01,  3.541554510593e-01
  5.659350000322e+01,  9.999800324440e-01,  2.606883264134e+01,  3.550132811069e-01
  5.669350001216e+01,  9.999860525131e-01,  2.606882662127e+01,  3.543224632740e-01
  5.679350000620e+01,  9.999895691872e-01,  2.606882310459e+01,  3.560831844807e-01
  5.689350000024e+01,  1.000007152557e+00,  2.606880552122e+01,  3.543523252010e-01
  5.699350000918e+01,  1.000024080276e+00,  2.606878859350e+01,  3.547201454639e-01
  5.709350000322e+01,  1.000023365021e+00,  2.606878930876e+01,  3.565537631512e-01
  5.719350001216e+01,  1.000025868416e+00,  2.606878680536e+01,  3.552910387516e-01
  5.729350000620e+01,  1.000011086464e+00,  2.606880158732e+01,  3.561302721500e-01
  5.739350000024e+01,  1.000012755394e+00,  2.606879991839e+01,  3.547807633877e-01
  5.749350000918e+01,  1.000000596046e+00,  2.606881207773e+01,  3.559116125107e-01
  5.759350000322e+01,  1.000002264977e+00,  2.606881040880e+01,  3.552357256413e-01
  5.769350001216e+01,  9.999901056290e-01,  2.606882256815e+01,  3.540158271790e-01
  5.779350000620e+01,  9.999914765358e-01,  2.606882119724e+01,  3.533554375172e-01
  5.789350000024e+01,  9.999788403511e-01,  2.606883383343e+01,  3.533151149750e-01
  5.799350000918e+01,  9.999836683273e-01,  2.606882900545e+01,  3.532167077065e-01
  5.809350000322e+01,  9.999986886978e-01,  2.606881398508e+01,  3.545992970467e-01
  5.819350001216e+01,  9.999955892563e-01,  2.606881708452e+01,  3.562806248665e-01
  5.829350000620e+01,  9.999824762344e-01,  2.606883019754e+01,  3.555632829666e-01
  5.839350000024e+01,  1.000023126602e+00,  2.606878954718e+01,  3.531900048256e-01
  5.849350000918e+01,  1.000016450882e+00,  2.606879622290e+01,  3.545123040676e-01
  5.859350000322e+01,  1.000021576881e+00,  2.606879109690e+01,  3.545190989971e-01
  5.869350001216e+01,  1.000001907349e+00,  2.606881076643e+01,  3.528957962990e-01
  5.879350000620e+01,  1.000005245209e+00,  2.606880742857e+01,  3.533442318439e-01
  5.889350000024e+01,  1.000010371208e+00,  2.606880230257e+01,  3.532080948353e-01
  5.899350000918e+01,  9.999726414680e-01,  2.606884003231e+01,  3.526885509491e-01
  5.909350000322e+01,  9.999917149544e-01,  2.606882095882e+01,  3.536121547222e-01
  5.919350001216e+01,  1.000004529953e+00,  2.606880814383e+01,  3.514581322670e-01
  5.929350000620e+01,  9.999943375587e-01,  2.606881833622e+01,  3.536564707756e-01
  5.939350000024e+01,  1.000024795532e+00,  2.606878787825e+01,  3.526156544685e-01
  5.949350000918e+01,  1.000021696091e+00,  2.606879097769e+01,  3.537216484547e-01
  5.959350000322e+01,  1.000031352043e+00,  2.606878132174e+01,  3.547905981541e-01
  5.969350001216e+01,  9.999907612801e-01,  2.606882191250e+01,  3.527197241783e-01
  5.979350000620e+01,  1.000009655952e+00,  2.606880301783e+01,  3.537314534187e-01
  5.989350000024e+01,  9.999945163727e-01,  2.606881815741e+01,  3.541677594185e-01
  5.999350000918e+01,  1.000037193298e+00,  2.606877548048e+01,  3.526658713818e-01
  6.009350000322e+01,  9.999782443047e-01,  2.606883442947e+01,  3.532980084419e-01
  6.019350001216e+01,  1.000009775162e+00,  2.606880289862e+01,  3.519438803196e-01
  6.029350000620e+01,  9.999970793724e-01,  2.606881559441e+01,  3.514043688774e-01
  6.039350000024e+01,  1.000003814697e+00,  2.606880885908e+01,  3.505676090717e-01
  6.049350000918e+01,  1.000010609627e+00,  2.606880206415e+01,  3.531609177589e-01
  6.059350000322e+01,  1.000008702278e+00,  2.606880397150e+01,  3.533577620983e-01
  6.069350001216e+01,  9.999879002571e-01,  2.606882477352e+01,  3.530864119530e-01
  6.079350000620e+01,  9.999950528145e-01,  2.606881762096e+01,  3.535982966423e-01
  6.089350000024e+01,  9.999836683273e-01,  2.606882900545e+01,  3.516359627247e-01
  6.099350000918e+01,  9.999824762344e-01,  2.606883019754e+01,  3.529060482979e-01
  6.109350000322e+01,  9.999983906746e-01,  2.606881428310e+01,  3.538607358932e-01
  6.119350001216e+01,  1.000006079674e+00,  2.606880659411e+01,  3.548155426979e-01
  6.129350000620e+01,  1.000012397766e+00,  2.606880027601e+01,  3.543113172054e-01
  6.139350000024e+01,  9.999973773956e-01,  2.606881529638e+01,  3.539141118526e-01
  6.149350000918e+01,  1.000017404556e+00,  2.606879526922e+01,  3.557959496975e-01
  6.159350000322e+01,  1.000007271767e+00,  2.606880540201e+01,  3.528872728348e-01
  6.168400000036e+01,  9.999884963036e-01,  2.606882417748e+01,  3.528764247894e-01
  6.168500000238e+01,  9.999905228615e-01,  2.606882215092e+01,  3.528899848461e-01
  6.168800000846e+01,  9.999979734421e-01,  2.606881470034e+01,  3.529421985149e-01
  6.178800000250e+01,  9.999735951424e-01,  2.606883907864e+01,  3.531858026981e-01
  6.187000000477e+01,  9.899545311928e-01,  2.607885814259e+01,  3.515304625034e-01
  6.189300000668e+01,  9.797998070717e-01,  2.608901286671e+01,  3.357919752598e-01
  6.190500000119e+01,  9.695096611977e-01,  2.609930301258e+01,  3.170532286167e-01
  6.191300000250e+01,  9.590917229652e-01,  2.610972095081e+01,  3.191961348057e-01
  6.191950000823e+01,  9.490610361099e-01,  2.611975163767e+01,  3.235363066196e-01
  6.192599999905e+01,  9.382616281509e-01,  2.613055104563e+01,  3.230521082878e-01
  6.193200001121e+01,  9.279161691666e-01,  2.614089650461e+01,  3.216202259064e-01
  6.193800000846e+01,  9.174410104752e-01,  2.615137166330e+01,  3.187849521637e-01
  6.194400000572e+01,  9.070307016373e-01,  2.616178197214e+01,  3.202862739563e-01
  6.195050001144e+01,  8.963228464127e-01,  2.617248982737e+01,  3.190577030182e-01
  6.195750001073e+01,  8.859201669693e-01,  2.618289250681e+01,  3.239328861237e-01
  6.196550001204e+01,  8.758150339127e-01,  2.619299763987e+01,  3.045618534088e-01
  6.197450000048e+01,  8.652368783951e-01,  2.620357579538e+01,  2.892420291901e-01
  6.198300001025e+01,  8.551622629166e-01,  2.621365041086e+01,  2.804014682770e-01
  6.199150000513e+01,  8.446146249771e-01,  2.622419804880e+01,  2.654402256012e-01
  6.199900001287e+01,  8.343034982681e-01,  2.623450917551e+01,  2.574198246002e-01
  6.200600001216e+01,  8.238893747330e-01,  2.624492329905e+01,  2.620178461075e-01
  6.201300001144e+01,  8.134218454361e-01,  2.625539082834e+01,  2.637525796890e-01
  6.202000001073e+01,  8.033663034439e-01,  2.626544637034e+01,  2.629134058952e-01
  6.202750000358e+01,  7.933489084244e-01,  2.627546376535e+01,  2.607328295708e-01
  6.203599999845e+01,  7.831293344498e-01,  2.628568333933e+01,  2.587292790413e-01
  6.204600000381e+01,  7.730718851089e-01,  2.629574078867e+01,  2.584984302521e-01
  6.205950000882e+01,  7.627416849136e-01,  2.630607098887e+01,  2.322323173285e-01
  6.207200001180e+01,  7.527147531509e-01,  2.631609792063e+01,  2.185318320990e-01
  6.208300000429e+01,  7.422529459000e-01,  2.632655972788e+01,  2.134873718023e-01
  6.209300000966e+01,  7.318273782730e-01,  2.633698529551e+01,  2.130505442619e-01
  6.210250000656e+01,  7.217069864273e-01,  2.634710568735e+01,  2.121282219887e-01
  6.211250001192e+01,  7.113348245621e-01,  2.635747784922e+01,  2.084963917732e-01
  6.212300001085e+01,  7.009989023209e-01,  2.636781377146e+01,  2.021611332893e-01
  6.213400000334e+01,  6.905771493912e-01,  2.637823552439e+01,  1.929448246956e-01
  6.214450000226e+01,  6.805082559586e-01,  2.638830441782e+01,  1.849053502083e-01
  6.215500000119e+01,  6.702047586441e-01,  2.639860791514e+01,  1.797154545784e-01
  6.216550000012e+01,  6.598554849625e-01,  2.640895718882e+01,  1.753347516060e-01
  6.217599999905e+01,  6.496225595474e-01,  2.641919011423e+01,  1.705733388662e-01
  6.218650001287e+01,  6.395250558853e-01,  2.642928761789e+01,  1.652814000845e-01
  6.219750000536e+01,  6.290537118912e-01,  2.643975896189e+01,  1.579781621695e-01
  6.220800000429e+01,  6.188379526138e-01,  2.644997472117e+01,  1.495915502310e-01
  6.221800000966e+01,  6.087099313736e-01,  2.646010274241e+01,  1.424523442984e-01
  6.222750000656e+01,  5.986467599869e-01,  2.647016591379e+01,  1.362544149160e-01
  6.223700000346e+01,  5.883051156998e-01,  2.648050755808e+01,  1.336265653372e-01
  6.224650000036e+01,  5.780588388443e-01,  2.649075383493e+01,  1.308239549398e-01
  6.225650000572e+01,  5.676218271255e-01,  2.650119084665e+01,  1.261108964682e-01
  6.226700000465e+01,  5.571314096451e-01,  2.651168126413e+01,  1.198090165854e-01
  6.227750000358e+01,  5.468431711197e-01,  2.652196950266e+01,  1.114758104086e-01
  6.228800000250e+01,  5.364328622818e-01,  2.653237981150e+01,  1.037109941244e-01
  6.229800000787e+01,  5.262285470963e-01,  2.654258412668e+01,  9.858499467373e-02
  6.230799999833e+01,  5.159021615982e-01,  2.655291051218e+01,  9.483896195889e-02
  6.231800000370e+01,  5.056482553482e-01,  2.656316441843e+01,  9.114776551723e-02
  6.232850000262e+01,  4.952665865421e-01,  2.657354608724e+01,  8.587680757046e-02
  6.233900000155e+01,  4.851900637150e-01,  2.658362261006e+01,  7.673107087612e-02
  6.234950000048e+01,  4.749037325382e-01,  2.659390894124e+01,  6.947742402554e-02
  6.235950000584e+01,  4.647947847843e-01,  2.660401788899e+01,  6.416259706020e-02
  6.236950001121e+01,  4.545256197453e-01,  2.661428705403e+01,  6.045256555080e-02
  6.237950000167e+01,  4.442831575871e-01,  2.662452951619e+01,  5.768261849880e-02
  6.238950000703e+01,  4.342428743839e-01,  2.663456979940e+01,  5.410920083523e-02
  6.240000000596e+01,  4.240118563175e-01,  2.664480081746e+01,  4.770813882351e-02
  6.241050000489e+01,  4.138952791691e-01,  2.665491739461e+01,  4.020272195339e-02
  6.242100000381e+01,  4.036001265049e-01,  2.666521254727e+01,  3.278637304902e-02
  6.243100000918e+01,  3.935789167881e-01,  2.667523375699e+01,  2.705002203584e-02
  6.244099999964e+01,  3.834661543369e-01,  2.668534651944e+01,  2.257252112031e-02
  6.245100000501e+01,  3.734182417393e-01,  2.669539443204e+01,  1.850700750947e-02
  6.246150000393e+01,  3.630041182041e-01,  2.670580855558e+01,  1.386642828584e-02
  6.247200000286e+01,  3.527330458164e-01,  2.671607962796e+01,  7.124905008823e-03
  6.248250000179e+01,  3.423914015293e-01,  2.672642127225e+01,  1.802484766813e-04
  6.249300000072e+01,  3.319505751133e-01,  2.673686209867e+01, -5.105014424771e-03
  6.250349999964e+01,  3.214983046055e-01,  2.674731436917e+01, -1.044749841094e-02
  6.251399999857e+01,  3.110155165195e-01,  2.675779715726e+01, -1.595019921660e-02
  6.252400000393e+01,  3.009904921055e-01,  2.676782218167e+01, -1.950597390532e-02
  6.253450000286e+01,  2.905801832676e-01,  2.677823249051e+01, -2.425717934966e-02
  6.254500000179e+01,  2.801431715488e-01,  2.678866950223e+01, -3.183507546782e-02
  6.255500000715e+01,  2.699846327305e-01,  2.679882804105e+01, -3.593015298247e-02
  6.256500001252e+01,  2.598184645176e-01,  2.680899420926e+01, -4.066800698638e-02
  6.257500000298e+01,  2.497438490391e-01,  2.681906882474e+01, -4.621934518218e-02
  6.258500000834e+01,  2.397378981113e-01,  2.682907477567e+01, -5.176019296050e-02
  6.259550000727e+01,  2.292970716953e-01,  2.683951560208e+01, -5.553865060210e-02
  6.260600000620e+01,  2.189020216465e-01,  2.684991065213e+01, -6.256913393736e-02
  6.261600001156e+01,  2.088235914707e-01,  2.685998908231e+01, -6.771992892027e-02
  6.262600000203e+01,  1.985658705235e-01,  2.687024680326e+01, -7.193516939878e-02
  6.263600000739e+01,  1.882814466953e-01,  2.688053122708e+01, -7.607936114073e-02
  6.264600001276e+01,  1.781038343906e-01,  2.689070883939e+01, -8.220862597227e-02
  6.265600000322e+01,  1.681016981602e-01,  2.690071097562e+01, -8.708190172911e-02
  6.266650000215e+01,  1.577390730381e-01,  2.691107360074e+01, -9.230326861143e-02
  6.267700000107e+01,  1.474488526583e-01,  2.692136382112e+01, -9.811691939831e-02
  6.268750000000e+01,  1.370881348848e-01,  2.693172453889e+01, -1.048994511366e-01
  6.269799999893e+01,  1.266549378633e-01,  2.694215773592e+01, -1.099091023207e-01
  6.270800000429e+01,  1.166451722383e-01,  2.695216750154e+01, -1.155338734388e-01
  6.271800000966e+01,  1.065820008516e-01,  2.696223067293e+01, -1.207628697157e-01
  6.272800000012e+01,  9.646923840046e-02,  2.697234343538e+01, -1.247368305922e-01
  6.273800000548e+01,  8.644802868366e-02,  2.698236464510e+01, -1.290579289198e-01
  6.274850000441e+01,  7.601864635944e-02,  2.699279402742e+01, -1.351242512465e-01
  6.275900000334e+01,  6.561596691608e-02,  2.700319670686e+01, -1.405392140150e-01
  6.276950000226e+01,  5.519039556384e-02,  2.701362227822e+01, -1.464119404554e-01
  6.278000000119e+01,  4.475338384509e-02,  2.702405928993e+01, -1.496352404356e-01
  6.279050000012e+01,  3.446896001697e-02,  2.703434371376e+01, -1.518593281507e-01
  6.280150000751e+01,  2.439243718982e-02,  2.704442023659e+01, -1.518028825521e-01
  6.281500001252e+01,  1.407368108630e-02,  2.705473899269e+01, -1.543775647879e-01
  6.283600001037e+01,  3.966641146690e-03,  2.706484603263e+01, -1.630021184683e-01
  6.284100000560e+01,  2.552342135459e-03,  2.706626033164e+01, -1.648565381765e-01
  6.284200000763e+01,  2.307724673301e-03,  2.706650494911e+01, -1.651083081961e-01
  6.285000000894e+01,  7.088896236382e-04,  2.706810378416e+01, -1.678591817617e-01
  6.285300000012e+01,  2.573248057161e-04,  2.706855534897e+01, -1.682907193899e-01
  6.307000000775e+01, -2.296718070284e-03,  2.707110939185e+01, -1.633722633123e-01
  6.307100000978e+01, -2.297582337633e-03,  2.707111025612e+01, -1.634862273932e-01
