           Test time,     Standard travel,     Tool separation,      Standard force
                 0.0,                 0.0,  1.966153130122e+01, -9.535960853100e-03
                 0.0,                 0.0,  1.966153098830e+01, -9.561531245708e-03
                 0.0,                 0.0,  1.966151862778e+01, -1.005544513464e-02
                 0.0,                 0.0,  1.966150260904e+01, -1.033727079630e-02
                 0.0,                 0.0,  1.966150130891e+01, -1.033935695887e-02
                 0.0,                 0.0,  1.970990597559e+01, -9.584876708686e-03
  0.000000000000e+00,  0.000000000000e+00,  1.970990627450e+01, -9.753557853401e-03
  8.000001311302e-03,  1.214444637299e-06,  1.970990506005e+01, -9.958709590137e-03
  1.100000739098e-02, -2.705492079258e-06,  1.970990897999e+01, -9.493554942310e-03
  1.300001144409e-02, -5.991198122501e-06,  1.970991226570e+01, -9.098256938159e-03
  1.400001347065e-02, -7.999129593372e-06,  1.970991427363e+01, -8.916105143726e-03
  1.145000010729e-01, -1.076184071280e-05,  1.970991703634e+01, -9.458638727665e-03
  2.145000100136e-01, -3.364615622559e-05,  1.970993992065e+01, -8.567364886403e-03
  3.150000125170e-01,  1.906834881993e-06,  1.970990436766e+01, -9.640904143453e-03
  4.155000001192e-01, -4.852228812524e-06,  1.970991112673e+01, -6.456816568971e-03
  5.010000020266e-01,  1.009249873459e-02,  1.969981377576e+01, -7.974142208695e-04
  5.200000107288e-01,  2.016902156174e-02,  1.968973725294e+01,  1.274571474642e-02
  5.305000096560e-01,  3.058314509690e-02,  1.967932312940e+01,  1.930332928896e-02
  5.385000109673e-01,  4.113078117371e-02,  1.966877549332e+01,  2.202940732241e-02
  5.450000017881e-01,  5.149149894714e-02,  1.965841477555e+01,  4.023791104555e-02
  5.505000054836e-01,  6.209635734558e-02,  1.964780991715e+01,  3.306520730257e-02
  5.555000007153e-01,  7.270121574402e-02,  1.963720505875e+01,  2.003420144320e-02
  5.605000108480e-01,  8.360362052917e-02,  1.962630265397e+01,  8.826619945467e-03
  5.655000060797e-01,  9.430766105652e-02,  1.961559861344e+01,  2.626783214509e-03
  5.705000013113e-01,  1.044852733612e-01,  1.960542100114e+01,  1.141942106187e-03
  5.760000050068e-01,  1.148383617401e-01,  1.959506791276e+01, -3.964268602431e-03
  5.820000022650e-01,  1.249167919159e-01,  1.958498948258e+01,  3.869212232530e-03
  5.890000015497e-01,  1.355216503143e-01,  1.957438462418e+01,  5.244172178209e-03
  5.975000113249e-01,  1.460120677948e-01,  1.956389420670e+01, -3.007494844496e-03
  6.095000058413e-01,  1.563403606415e-01,  1.955356591386e+01,  3.233186155558e-02
  6.215000003576e-01,  1.665988117456e-01,  1.954330746275e+01,  4.372461885214e-02
  6.320000141859e-01,  1.769271045923e-01,  1.953297916991e+01,  4.438178986311e-02
  6.415000110865e-01,  1.869521290064e-01,  1.952295414549e+01,  4.555041342974e-02
  6.510000079870e-01,  1.971869617701e-01,  1.951271931273e+01,  4.617623612285e-02
  6.605000048876e-01,  2.072348743677e-01,  1.950267140013e+01,  4.966096207500e-02
  6.705000102520e-01,  2.174048572779e-01,  1.949250141722e+01,  5.708054825664e-02
  6.810000091791e-01,  2.279029041529e-01,  1.948200337035e+01,  6.494263559580e-02
  6.909999996424e-01,  2.379775196314e-01,  1.947192875487e+01,  6.944016367197e-02
  7.010000050068e-01,  2.481894642115e-01,  1.946171681029e+01,  7.296780496836e-02
  7.110000103712e-01,  2.584243118763e-01,  1.945148196262e+01,  7.652501016855e-02
  7.210000008345e-01,  2.685332596302e-01,  1.944137301487e+01,  8.049992471933e-02
  7.314999997616e-01,  2.789511978626e-01,  1.943095507664e+01,  8.807400614023e-02
  7.420000135899e-01,  2.892928421497e-01,  1.942061343235e+01,  9.579876810312e-02
  7.525000125170e-01,  2.996764481068e-01,  1.941022982639e+01,  1.036112681031e-01
  7.630000114441e-01,  3.100791275501e-01,  1.939982714695e+01,  1.089642420411e-01
  7.735000103712e-01,  3.205085098743e-01,  1.938939776462e+01,  1.133902445436e-01
  7.840000092983e-01,  3.309035599232e-01,  1.937900271457e+01,  1.192353144288e-01
  7.945000082254e-01,  3.412833511829e-01,  1.936862292332e+01,  1.250470131636e-01
  8.050000071526e-01,  3.517012894154e-01,  1.935820498508e+01,  1.325600594282e-01
  8.150000125170e-01,  3.617224991322e-01,  1.934818377537e+01,  1.391423195601e-01
  8.250000029802e-01,  3.718314468861e-01,  1.933807482761e+01,  1.450989693403e-01
  8.350000083447e-01,  3.819670975208e-01,  1.932793917698e+01,  1.485274285078e-01
  8.450000137091e-01,  3.920264542103e-01,  1.931787982029e+01,  1.537545174360e-01
  8.555000126362e-01,  4.024634659290e-01,  1.930744280857e+01,  1.597216576338e-01
  8.660000115633e-01,  4.127705097198e-01,  1.929713576478e+01,  1.674810349941e-01
  8.765000104904e-01,  4.230663776398e-01,  1.928683989686e+01,  1.762777268887e-01
  8.870000094175e-01,  4.334690570831e-01,  1.927643721741e+01,  1.851011216640e-01
  8.969999998808e-01,  4.435665607452e-01,  1.926633971375e+01,  1.908021867275e-01
  9.070000052452e-01,  4.537479877472e-01,  1.925615828675e+01,  1.960922181606e-01
  9.170000106096e-01,  4.639408588409e-01,  1.924596541566e+01,  2.016673982143e-01
  9.270000010729e-01,  4.740078449249e-01,  1.923589842957e+01,  2.091861665249e-01
  9.375000000000e-01,  4.844067096710e-01,  1.922549956483e+01,  2.177177369595e-01
  9.480000138283e-01,  4.947597980499e-01,  1.921514647645e+01,  2.277313172817e-01
  9.585000127554e-01,  5.052158832550e-01,  1.920469039124e+01,  2.353092133999e-01
  9.685000032187e-01,  5.152714252472e-01,  1.919463484925e+01,  2.419734895229e-01
  9.785000085831e-01,  5.253956317902e-01,  1.918451064271e+01,  2.480197846889e-01
  9.885000139475e-01,  5.355350971222e-01,  1.917437117738e+01,  2.545410096645e-01
  9.985000044107e-01,  5.456097126007e-01,  1.916429656190e+01,  2.617278993130e-01
  1.009000003338e+00,  5.561039447784e-01,  1.915380232972e+01,  2.700935304165e-01
  1.019500002265e+00,  5.665218830109e-01,  1.914338439149e+01,  2.791477143764e-01
  1.030000001192e+00,  5.769588947296e-01,  1.913294737977e+01,  2.890106141567e-01
  1.040500000119e+00,  5.873920917511e-01,  1.912251418275e+01,  2.973934113979e-01
  1.051000013947e+00,  5.978519916534e-01,  1.911205428284e+01,  3.051029145718e-01
  1.061500012875e+00,  6.082890033722e-01,  1.910161727113e+01,  3.151584565639e-01
  1.072000011802e+00,  6.186687946320e-01,  1.909123747987e+01,  3.253303468227e-01
  1.082500010729e+00,  6.290409564972e-01,  1.908086531800e+01,  3.347831666470e-01
  1.093000009656e+00,  6.393940448761e-01,  1.907051222962e+01,  3.444305360317e-01
  1.103500008583e+00,  6.497242450714e-01,  1.906018202943e+01,  3.532138764858e-01
  1.114000007510e+00,  6.601616144180e-01,  1.904974466008e+01,  3.603625297546e-01
  1.124000012875e+00,  6.702095270157e-01,  1.903969674748e+01,  3.682188987732e-01
  1.134000003338e+00,  6.803489923477e-01,  1.902955728215e+01,  3.770918846130e-01
  1.144000008702e+00,  6.904884576797e-01,  1.901941781682e+01,  3.873171806335e-01
  1.154000014067e+00,  7.005020380020e-01,  1.900940423650e+01,  3.977999687195e-01
  1.164500012994e+00,  7.108513116837e-01,  1.899905496281e+01,  4.099574089050e-01
  1.175000011921e+00,  7.212044000626e-01,  1.898870187444e+01,  4.203066825867e-01
  1.185500010848e+00,  7.316795587540e-01,  1.897822671574e+01,  4.295153617859e-01
  1.195500001311e+00,  7.417694330215e-01,  1.896813684148e+01,  4.378199577332e-01
  1.205500006676e+00,  7.518593072891e-01,  1.895804696721e+01,  4.476466178894e-01
  1.215500012040e+00,  7.618767023087e-01,  1.894802957219e+01,  4.578013420105e-01
  1.226000010967e+00,  7.722564935684e-01,  1.893764978093e+01,  4.706950187683e-01
  1.236500009894e+00,  7.825752496719e-01,  1.892733102483e+01,  4.829707145691e-01
  1.247000008821e+00,  7.928863763809e-01,  1.891701989812e+01,  4.936594963074e-01
  1.257500007749e+00,  8.033539056778e-01,  1.890655236882e+01,  5.047183036804e-01
  1.267500013113e+00,  8.135238885880e-01,  1.889638238591e+01,  5.138583183289e-01
  1.277500003576e+00,  8.237968683243e-01,  1.888610940617e+01,  5.225558280945e-01
  1.287500008941e+00,  8.339515924454e-01,  1.887595468205e+01,  5.345759391785e-01
  1.297500014305e+00,  8.440376520157e-01,  1.886586862248e+01,  5.476565361023e-01
  1.307500004768e+00,  8.541313409805e-01,  1.885577493352e+01,  5.587935447693e-01
  1.317500010133e+00,  8.641945123672e-01,  1.884571176213e+01,  5.697722434998e-01
  1.327500000596e+00,  8.742157220840e-01,  1.883569055241e+01,  5.818724632263e-01
  1.337500005960e+00,  8.842369318008e-01,  1.882566934270e+01,  5.923304557800e-01
  1.348000004888e+00,  8.947082757950e-01,  1.881519799870e+01,  6.036467552185e-01
  1.358500003815e+00,  9.051033258438e-01,  1.880480294865e+01,  6.174902915955e-01
  1.369000002742e+00,  9.155387282372e-01,  1.879436754626e+01,  6.306246519089e-01
  1.379500001669e+00,  9.259795546532e-01,  1.878392671984e+01,  6.414927244186e-01
  1.390000000596e+00,  9.363440871239e-01,  1.877356218737e+01,  6.544703245163e-01
  1.400500014424e+00,  9.467429518700e-01,  1.876316332263e+01,  6.668871641159e-01
  1.411000013351e+00,  9.570731520653e-01,  1.875283312243e+01,  6.783884763718e-01
  1.422000005841e+00,  9.675044417381e-01,  1.874240183276e+01,  6.906031370163e-01
  1.434000000358e+00,  9.778899550438e-01,  1.873201631945e+01,  7.021845579147e-01
  1.448000013828e+00,  9.878978133202e-01,  1.872200846118e+01,  7.141150236130e-01
  1.470000013709e+00,  9.975213408470e-01,  1.871238493365e+01,  7.272375822067e-01
  1.570500001311e+00,  1.003414154053e+00,  1.870649212045e+01,  7.418355941772e-01
  1.670500010252e+00,  1.002788782120e+00,  1.870711749238e+01,  7.377871274948e-01
  1.771000012755e+00,  1.002037882805e+00,  1.870786839169e+01,  7.355781197548e-01
  1.871500000358e+00,  1.001382589340e+00,  1.870852368516e+01,  7.332596182823e-01
  1.971500009298e+00,  1.000937819481e+00,  1.870896845502e+01,  7.332259416580e-01
  2.072000011802e+00,  1.000597953796e+00,  1.870930832070e+01,  7.306371331215e-01
  2.172500014305e+00,  1.000396847725e+00,  1.870950942677e+01,  7.286843061447e-01
  2.273000001907e+00,  1.000256538391e+00,  1.870964973611e+01,  7.281405925751e-01
  2.373000010848e+00,  1.000134587288e+00,  1.870977168721e+01,  7.270495891571e-01
  2.473500013351e+00,  1.000074505806e+00,  1.870983176869e+01,  7.242885828018e-01
  2.574000000954e+00,  1.000062227249e+00,  1.870984404725e+01,  7.258012294769e-01
  2.674000009894e+00,  1.000043988228e+00,  1.870986228627e+01,  7.256566882133e-01
  2.774500012398e+00,  1.000033855438e+00,  1.870987241906e+01,  7.240418195724e-01
  2.875000000000e+00,  9.999974966049e-01,  1.870990877789e+01,  7.228953838348e-01
  2.975000008941e+00,  1.000017642975e+00,  1.870988863152e+01,  7.190910577774e-01
  3.075500011444e+00,  9.999796152115e-01,  1.870992665929e+01,  7.210863828659e-01
  3.176000013947e+00,  1.000001430511e+00,  1.870990484399e+01,  7.203405499458e-01
  3.276500001550e+00,  1.000031948090e+00,  1.870987432641e+01,  7.172293663025e-01
  3.376500010490e+00,  9.999910593033e-01,  1.870991521519e+01,  7.188776135445e-01
  3.477000012994e+00,  9.999879598618e-01,  1.870991831464e+01,  7.189627289772e-01
  3.577500000596e+00,  1.000021696091e+00,  1.870988457841e+01,  7.166086435318e-01
  3.677500009537e+00,  1.000010371208e+00,  1.870989590329e+01,  7.172450423241e-01
  3.778000012040e+00,  1.000003218651e+00,  1.870990305585e+01,  7.151669859886e-01
  3.878499999642e+00,  9.999746084213e-01,  1.870993166608e+01,  7.167524099350e-01
  3.978500008583e+00,  1.000002026558e+00,  1.870990424794e+01,  7.152724266052e-01
  4.079000011086e+00,  1.000019073486e+00,  1.870988720101e+01,  7.152065038681e-01
  4.179500013590e+00,  9.999965429306e-01,  1.870990973157e+01,  7.142236828804e-01
  4.280000001192e+00,  1.000007987022e+00,  1.870989828748e+01,  7.139272093773e-01
  4.380000010133e+00,  9.999982714653e-01,  1.870990800303e+01,  7.126761674881e-01
  4.480500012636e+00,  1.000010728836e+00,  1.870989554566e+01,  7.123202681541e-01
  4.581000000238e+00,  1.000016927719e+00,  1.870988934678e+01,  7.098413705826e-01
  4.681000009179e+00,  1.000014781952e+00,  1.870989149255e+01,  7.120351195335e-01
  4.781500011683e+00,  9.999794960022e-01,  1.870992677850e+01,  7.109885215759e-01
  4.882000014186e+00,  1.000018715858e+00,  1.870988755864e+01,  7.079878449440e-01
  4.982500001788e+00,  1.000010848045e+00,  1.870989542645e+01,  7.102251052856e-01
  5.082500010729e+00,  1.000044822693e+00,  1.870986145181e+01,  7.098657488823e-01
  5.183000013232e+00,  1.000009894371e+00,  1.870989638013e+01,  7.111780047417e-01
  5.283500000834e+00,  9.999988675117e-01,  1.870990740699e+01,  7.117252349854e-01
  5.383500009775e+00,  1.000002861023e+00,  1.870990341348e+01,  7.092067003250e-01
  5.484000012279e+00,  1.000014901161e+00,  1.870989137334e+01,  7.082878947258e-01
  5.584499999881e+00,  9.999991655350e-01,  1.870990710896e+01,  7.084315419197e-01
  5.684500008821e+00,  9.999931454659e-01,  1.870991312903e+01,  7.099704146385e-01
  5.785000011325e+00,  1.000020027161e+00,  1.870988624734e+01,  7.093782424927e-01
  5.885500013828e+00,  1.000025987625e+00,  1.870988028687e+01,  7.084951996803e-01
  5.985500007868e+00,  1.000015497208e+00,  1.870989077729e+01,  7.084892392159e-01
  6.085500001907e+00,  9.999898672104e-01,  1.870991640729e+01,  7.058805823326e-01
  6.185500010848e+00,  1.000020384789e+00,  1.870988588971e+01,  7.078792452812e-01
  6.285500004888e+00,  9.999918937683e-01,  1.870991438073e+01,  7.070226669312e-01
  6.385500013828e+00,  9.999918937683e-01,  1.870991438073e+01,  7.068624496460e-01
  6.485500007868e+00,  9.999980330467e-01,  1.870990824145e+01,  7.069727182388e-01
  6.585500001907e+00,  9.999809265137e-01,  1.870992534798e+01,  7.059638500214e-01
  6.685500010848e+00,  9.999901652336e-01,  1.870991610926e+01,  7.069374322891e-01
  6.785500004888e+00,  1.000022411346e+00,  1.870988386315e+01,  7.032319903374e-01
  6.885500013828e+00,  1.000012874603e+00,  1.870989339989e+01,  7.060450315475e-01
  6.985500007868e+00,  1.000003099442e+00,  1.870990317506e+01,  7.020248770714e-01
  7.085500001907e+00,  9.999949932098e-01,  1.870991128129e+01,  7.052484750748e-01
  7.185500010848e+00,  9.999864101410e-01,  1.870991986436e+01,  7.022356987000e-01
  7.285500004888e+00,  1.000025987625e+00,  1.870988028687e+01,  7.034015655518e-01
  7.385500013828e+00,  1.000019192696e+00,  1.870988708180e+01,  7.032077908516e-01
  7.485500007868e+00,  9.999985694885e-01,  1.870990770501e+01,  7.032886743546e-01
  7.585500001907e+00,  1.000020980835e+00,  1.870988529366e+01,  7.020660042763e-01
  7.685500010848e+00,  1.000028133392e+00,  1.870987814111e+01,  6.985300779343e-01
  7.785500004888e+00,  1.000005841255e+00,  1.870990043324e+01,  7.032712697983e-01
  7.885500013828e+00,  1.000001788139e+00,  1.870990448636e+01,  7.008754014969e-01
  7.985500007868e+00,  1.000041842461e+00,  1.870986443204e+01,  7.024846673012e-01
  8.085500001907e+00,  1.000012874603e+00,  1.870989339989e+01,  6.999870538712e-01
  8.185500010848e+00,  1.000024080276e+00,  1.870988219422e+01,  7.005429863930e-01
  8.285500004888e+00,  9.999846816063e-01,  1.870992159289e+01,  6.997390389442e-01
  8.385500013828e+00,  1.000030994415e+00,  1.870987528008e+01,  6.991647481918e-01
  8.485500007868e+00,  9.999726414680e-01,  1.870993363303e+01,  6.993959546089e-01
  8.585500001907e+00,  9.999841451645e-01,  1.870992212933e+01,  6.980528831482e-01
  8.685500010848e+00,  1.000000357628e+00,  1.870990591687e+01,  6.983315348625e-01
  8.785500004888e+00,  9.999884963036e-01,  1.870991777819e+01,  6.971272826195e-01
  8.885500013828e+00,  9.999971389771e-01,  1.870990913552e+01,  7.003858089447e-01
  8.985500007868e+00,  9.999982118607e-01,  1.870990806264e+01,  6.992038488388e-01
  9.085500001907e+00,  1.000018596649e+00,  1.870988767785e+01,  6.986500620842e-01
  9.185500010848e+00,  1.000021219254e+00,  1.870988505524e+01,  6.977239251137e-01
  9.285500004888e+00,  9.999840259552e-01,  1.870992224854e+01,  6.981208324432e-01
  9.385500013828e+00,  9.999899864197e-01,  1.870991628808e+01,  6.976532936096e-01
  9.485500007868e+00,  1.000006794930e+00,  1.870989947957e+01,  6.980121731758e-01
  9.585500001907e+00,  1.000002503395e+00,  1.870990377110e+01,  6.958842873573e-01
  9.685500010848e+00,  1.000009536743e+00,  1.870989673775e+01,  6.968316435814e-01
  9.785500004888e+00,  1.000002861023e+00,  1.870990341348e+01,  6.964772939682e-01
  9.885500013828e+00,  1.000005960464e+00,  1.870990031403e+01,  6.967237591743e-01
  9.985500007868e+00,  1.000002503395e+00,  1.870990377110e+01,  6.971969604492e-01
  1.008550000191e+01,  1.000036954880e+00,  1.870986931962e+01,  6.949415206909e-01
  1.018550001085e+01,  1.000017046928e+00,  1.870988922757e+01,  6.920796632767e-01
  1.028550000489e+01,  9.999988675117e-01,  1.870990740699e+01,  6.931791901588e-01
  1.038550001383e+01,  1.000015974045e+00,  1.870989030045e+01,  6.953142285347e-01
  1.048550000787e+01,  9.999987483025e-01,  1.870990752620e+01,  6.948598027229e-01
  1.058550000191e+01,  1.000007033348e+00,  1.870989924115e+01,  6.950318813324e-01
  1.068550001085e+01,  9.999903440475e-01,  1.870991593045e+01,  6.936299204826e-01
  1.078550000489e+01,  1.000020623207e+00,  1.870988565129e+01,  6.950981020927e-01
  1.088550001383e+01,  1.000020861626e+00,  1.870988541287e+01,  6.943066716194e-01
  1.098550000787e+01,  9.999929666519e-01,  1.870991330785e+01,  6.964036822319e-01
  1.108550000191e+01,  9.999909400940e-01,  1.870991533440e+01,  6.943494677544e-01
  1.118550001085e+01,  1.000005960464e+00,  1.870990031403e+01,  6.956295967102e-01
  1.128550000489e+01,  9.999789595604e-01,  1.870992731494e+01,  6.959896087646e-01
  1.138550001383e+01,  9.999963641167e-01,  1.870990991038e+01,  6.970395445824e-01
  1.148550000787e+01,  9.999980926514e-01,  1.870990818185e+01,  6.955253481865e-01
  1.158550000191e+01,  1.000008344650e+00,  1.870989792985e+01,  6.927295923233e-01
  1.168550001085e+01,  1.000020980835e+00,  1.870988529366e+01,  6.939924955368e-01
  1.178550000489e+01,  9.999907016754e-01,  1.870991557282e+01,  6.915755271912e-01
  1.188550001383e+01,  1.000017404556e+00,  1.870988886994e+01,  6.941654682159e-01
  1.198550000787e+01,  1.000003695488e+00,  1.870990257901e+01,  6.905949115753e-01
  1.208550000191e+01,  9.999893903732e-01,  1.870991688412e+01,  6.922490596771e-01
  1.218550001085e+01,  9.999929070473e-01,  1.870991336745e+01,  6.914342045784e-01
  1.228550000489e+01,  1.000006675720e+00,  1.870989959878e+01,  6.914644241333e-01
  1.238550001383e+01,  1.000005483627e+00,  1.870990079087e+01,  6.948346495628e-01
  1.248550000787e+01,  1.000030159950e+00,  1.870987611455e+01,  6.917133331299e-01
  1.258550000191e+01,  1.000031828880e+00,  1.870987444562e+01,  6.927288770676e-01
  1.268550001085e+01,  1.000023603439e+00,  1.870988267106e+01,  6.908478140831e-01
  1.278550000489e+01,  1.000032663345e+00,  1.870987361115e+01,  6.909660696983e-01
  1.288550001383e+01,  9.999831318855e-01,  1.870992314261e+01,  6.895373463631e-01
  1.298550000787e+01,  1.000025153160e+00,  1.870988112134e+01,  6.885749101639e-01
  1.308550000191e+01,  1.000007867813e+00,  1.870989840668e+01,  6.904606819153e-01
  1.318550001085e+01,  1.000007033348e+00,  1.870989924115e+01,  6.892746090889e-01
  1.328550000489e+01,  9.999949932098e-01,  1.870991128129e+01,  6.918957233429e-01
  1.338550001383e+01,  9.999923110008e-01,  1.870991396350e+01,  6.899948716164e-01
  1.348550000787e+01,  9.999576210976e-01,  1.870994865340e+01,  6.878085732460e-01
  1.358550000191e+01,  1.000020027161e+00,  1.870988624734e+01,  6.880113482475e-01
  1.368550001085e+01,  9.999806284904e-01,  1.870992564601e+01,  6.886513233185e-01
  1.378550000489e+01,  1.000018596649e+00,  1.870988767785e+01,  6.880158185959e-01
  1.388550001383e+01,  1.000020027161e+00,  1.870988624734e+01,  6.887116432190e-01
  1.398550000787e+01,  1.000009536743e+00,  1.870989673775e+01,  6.891157627106e-01
  1.408550000191e+01,  1.000009894371e+00,  1.870989638013e+01,  6.854196190834e-01
  1.418550001085e+01,  1.000023007393e+00,  1.870988326711e+01,  6.875559091568e-01
  1.428550000489e+01,  9.999974370003e-01,  1.870990883750e+01,  6.864963769913e-01
  1.438550001383e+01,  1.000028848648e+00,  1.870987742585e+01,  6.859384179115e-01
  1.448550000787e+01,  1.000011086464e+00,  1.870989518803e+01,  6.863490343094e-01
  1.458550000191e+01,  1.000037431717e+00,  1.870986884278e+01,  6.857847571373e-01
  1.468550001085e+01,  1.000024318695e+00,  1.870988195580e+01,  6.876896023750e-01
  1.478550000489e+01,  9.999994039536e-01,  1.870990687054e+01,  6.853198409081e-01
  1.488550001383e+01,  9.999836683273e-01,  1.870992260617e+01,  6.853969693184e-01
  1.498550000787e+01,  1.000002741814e+00,  1.870990353268e+01,  6.882203221321e-01
  1.508550000191e+01,  9.999991059303e-01,  1.870990716857e+01,  6.880327463150e-01
  1.518550001085e+01,  1.000001788139e+00,  1.870990448636e+01,  6.868487596512e-01
  1.528550000489e+01,  1.000015139580e+00,  1.870989113492e+01,  6.881750822067e-01
  1.538550001383e+01,  1.000001192093e+00,  1.870990508241e+01,  6.847459077835e-01
  1.548550000787e+01,  9.999980926514e-01,  1.870990818185e+01,  6.857136487961e-01
  1.558550000191e+01,  9.999935626984e-01,  1.870991271180e+01,  6.833671927452e-01
  1.568550001085e+01,  1.000025272369e+00,  1.870988100213e+01,  6.847326159477e-01
  1.578550000489e+01,  9.999880790710e-01,  1.870991819543e+01,  6.849449872971e-01
  1.588550001383e+01,  1.000008702278e+00,  1.870989757222e+01,  6.843127608299e-01
  1.598550000787e+01,  9.999721050262e-01,  1.870993416947e+01,  6.827933192253e-01
  1.608550000191e+01,  9.999933838844e-01,  1.870991289061e+01,  6.847814917564e-01
  1.618550001085e+01,  9.999656081200e-01,  1.870994066638e+01,  6.839024424553e-01
  1.628550000489e+01,  1.000005125999e+00,  1.870990114850e+01,  6.853502392769e-01
  1.638550001383e+01,  9.999802708626e-01,  1.870992600364e+01,  6.840214729309e-01
  1.648550000787e+01,  9.999792575836e-01,  1.870992701691e+01,  6.836700439453e-01
  1.658550000191e+01,  1.000012516975e+00,  1.870989375752e+01,  6.846588850021e-01
  1.668550001085e+01,  9.999923110008e-01,  1.870991396350e+01,  6.838129162788e-01
  1.678550000489e+01,  9.999850988388e-01,  1.870992117566e+01,  6.835301518440e-01
  1.688550001383e+01,  9.999811649323e-01,  1.870992510957e+01,  6.841475367546e-01
  1.698550000787e+01,  1.000010728836e+00,  1.870989554566e+01,  6.821473240852e-01
  1.708550000191e+01,  9.999927282333e-01,  1.870991354626e+01,  6.819741725922e-01
  1.718550001085e+01,  1.000015497208e+00,  1.870989077729e+01,  6.834583282471e-01
  1.728550000489e+01,  1.000015258789e+00,  1.870989101571e+01,  6.811987161636e-01
  1.738550001383e+01,  9.999687671661e-01,  1.870993750733e+01,  6.838344335556e-01
  1.748550000787e+01,  9.999950528145e-01,  1.870991122168e+01,  6.814920306206e-01
  1.758550000191e+01,  9.999946951866e-01,  1.870991157931e+01,  6.822929382324e-01
  1.768550001085e+01,  9.999964237213e-01,  1.870990985078e+01,  6.801636815071e-01
  1.778550000489e+01,  1.000014662743e+00,  1.870989161176e+01,  6.823421120644e-01
  1.788550001383e+01,  9.999921321869e-01,  1.870991414231e+01,  6.818245053291e-01
  1.798550000787e+01,  9.999812245369e-01,  1.870992504996e+01,  6.818748116493e-01
  1.808550000191e+01,  9.999934434891e-01,  1.870991283101e+01,  6.830315589905e-01
  1.818550001085e+01,  1.000009417534e+00,  1.870989685696e+01,  6.805680394173e-01
  1.828550000489e+01,  1.000018835068e+00,  1.870988743943e+01,  6.799811720848e-01
  1.838550001383e+01,  9.999808669090e-01,  1.870992540759e+01,  6.804004907608e-01
  1.848550000787e+01,  1.000020503998e+00,  1.870988577050e+01,  6.804100275040e-01
  1.858550000191e+01,  1.000017404556e+00,  1.870988886994e+01,  6.788634657860e-01
  1.868550001085e+01,  9.999729990959e-01,  1.870993327540e+01,  6.805925965309e-01
  1.878550000489e+01,  1.000022649765e+00,  1.870988362473e+01,  6.803262829781e-01
  1.888550001383e+01,  1.000013232231e+00,  1.870989304227e+01,  6.786243319511e-01
  1.898550000787e+01,  9.999942183495e-01,  1.870991205615e+01,  6.799342036247e-01
  1.908550000191e+01,  1.000030875206e+00,  1.870987539929e+01,  6.790605187416e-01
  1.918550001085e+01,  1.000007152557e+00,  1.870989912194e+01,  6.789157986641e-01
  1.928550000489e+01,  1.000004768372e+00,  1.870990150613e+01,  6.790449619293e-01
  1.938550001383e+01,  1.000006794930e+00,  1.870989947957e+01,  6.785349845886e-01
  1.948550000787e+01,  9.999928474426e-01,  1.870991342706e+01,  6.771708130836e-01
  1.958550000191e+01,  1.000026702881e+00,  1.870987957162e+01,  6.786264181137e-01
  1.968550001085e+01,  1.000020503998e+00,  1.870988577050e+01,  6.785374283791e-01
  1.978550000489e+01,  1.000010848045e+00,  1.870989542645e+01,  6.797648072243e-01
  1.988550001383e+01,  1.000013947487e+00,  1.870989232701e+01,  6.791987419128e-01
  1.998550000787e+01,  1.000000119209e+00,  1.870990615529e+01,  6.805968284607e-01
  2.008550000191e+01,  9.999855160713e-01,  1.870992075843e+01,  6.778200268745e-01
  2.018550001085e+01,  9.999887943268e-01,  1.870991748017e+01,  6.796967387199e-01
  2.028550000489e+01,  9.999919533730e-01,  1.870991432113e+01,  6.750853061676e-01
  2.038550001383e+01,  1.000014781952e+00,  1.870989149255e+01,  6.796243786812e-01
  2.048550000787e+01,  1.000010490417e+00,  1.870989578408e+01,  6.774041652679e-01
  2.058550000191e+01,  1.000018119812e+00,  1.870988815469e+01,  6.773657798767e-01
  2.068550001085e+01,  9.999942183495e-01,  1.870991205615e+01,  6.793275475502e-01
  2.078550000489e+01,  9.999929666519e-01,  1.870991330785e+01,  6.784060001373e-01
  2.088550001383e+01,  1.000017762184e+00,  1.870988851231e+01,  6.762762665749e-01
  2.098550000787e+01,  9.999807476997e-01,  1.870992552680e+01,  6.774199604988e-01
  2.108550000191e+01,  9.999955296516e-01,  1.870991074485e+01,  6.777517199516e-01
  2.118550001085e+01,  1.000001907349e+00,  1.870990436715e+01,  6.783993244171e-01
  2.128550000489e+01,  9.999913573265e-01,  1.870991491717e+01,  6.769083142281e-01
  2.138550001383e+01,  1.000021100044e+00,  1.870988517445e+01,  6.775305271149e-01
  2.148550000787e+01,  9.999846220016e-01,  1.870992165250e+01,  6.761832833290e-01
  2.158550000191e+01,  1.000000834465e+00,  1.870990544003e+01,  6.768023371696e-01
  2.168550001085e+01,  9.999973773956e-01,  1.870990889710e+01,  6.752160787582e-01
  2.178550000489e+01,  1.000010967255e+00,  1.870989530724e+01,  6.765871047974e-01
  2.188550001383e+01,  1.000017046928e+00,  1.870988922757e+01,  6.766847968102e-01
  2.198550000787e+01,  9.999921917915e-01,  1.870991408271e+01,  6.744218468666e-01
  2.208550000191e+01,  1.000022888184e+00,  1.870988338631e+01,  6.768329143524e-01
  2.218550001085e+01,  1.000007271767e+00,  1.870989900273e+01,  6.754748821259e-01
  2.228550000489e+01,  1.000027060509e+00,  1.870987921399e+01,  6.757721304893e-01
  2.238550001383e+01,  1.000001311302e+00,  1.870990496320e+01,  6.741265058517e-01
  2.248550000787e+01,  1.000014662743e+00,  1.870989161176e+01,  6.748416423798e-01
  2.258550000191e+01,  9.999901652336e-01,  1.870991610926e+01,  6.741378903389e-01
  2.268550001085e+01,  1.000004529953e+00,  1.870990174455e+01,  6.737762689590e-01
  2.278550000489e+01,  1.000005245209e+00,  1.870990102929e+01,  6.760944724083e-01
  2.288550001383e+01,  1.000016808510e+00,  1.870988946599e+01,  6.740899085999e-01
  2.298550000787e+01,  1.000001668930e+00,  1.870990460557e+01,  6.752121448517e-01
  2.308550000191e+01,  1.000036358833e+00,  1.870986991566e+01,  6.719407439232e-01
  2.318550001085e+01,  9.999883770943e-01,  1.870991789740e+01,  6.739183068275e-01
  2.328550000489e+01,  9.999912977219e-01,  1.870991497678e+01,  6.759718060493e-01
  2.338550001383e+01,  9.999953508377e-01,  1.870991092366e+01,  6.769180297852e-01
  2.348550000787e+01,  9.999971985817e-01,  1.870990907592e+01,  6.746448278427e-01
  2.358550000191e+01,  1.000011682510e+00,  1.870989459199e+01,  6.721508502960e-01
  2.368550001085e+01,  1.000000119209e+00,  1.870990615529e+01,  6.741483807564e-01
  2.378550000489e+01,  9.999973177910e-01,  1.870990895671e+01,  6.751890778542e-01
  2.388550001383e+01,  1.000002622604e+00,  1.870990365189e+01,  6.723549365997e-01
  2.398550000787e+01,  9.999901652336e-01,  1.870991610926e+01,  6.724212169647e-01
  2.408550000191e+01,  1.000032186508e+00,  1.870987408799e+01,  6.723799705505e-01
  2.418550001085e+01,  1.000006437302e+00,  1.870989983720e+01,  6.735712289810e-01
  2.428550000489e+01,  9.999693036079e-01,  1.870993697089e+01,  6.744275093079e-01
  2.438550001383e+01,  1.000002741814e+00,  1.870990353268e+01,  6.739150881767e-01
  2.448550000787e+01,  9.999971389771e-01,  1.870990913552e+01,  6.731611490250e-01
  2.458550000191e+01,  9.999915957451e-01,  1.870991467875e+01,  6.739377379417e-01
  2.468550001085e+01,  9.999942183495e-01,  1.870991205615e+01,  6.737206578255e-01
  2.478550000489e+01,  9.999561905861e-01,  1.870995008391e+01,  6.726791262627e-01
  2.488550001383e+01,  1.000030398369e+00,  1.870987587613e+01,  6.715439558029e-01
  2.498550000787e+01,  1.000020623207e+00,  1.870988565129e+01,  6.726384758949e-01
  2.508550000191e+01,  1.000016212463e+00,  1.870989006203e+01,  6.729152202606e-01
  2.518550001085e+01,  1.000009179115e+00,  1.870989709538e+01,  6.733392477036e-01
  2.528550000489e+01,  9.999938607216e-01,  1.870991241378e+01,  6.742716431618e-01
  2.538550001383e+01,  9.999725222588e-01,  1.870993375224e+01,  6.711506247520e-01
  2.548550000787e+01,  9.999659657478e-01,  1.870994030875e+01,  6.714199781418e-01
  2.558550000191e+01,  9.999845623970e-01,  1.870992171210e+01,  6.689404249191e-01
  2.568550001085e+01,  9.999974370003e-01,  1.870990883750e+01,  6.689190268517e-01
  2.578550000489e+01,  1.000001549721e+00,  1.870990472478e+01,  6.700242161751e-01
  2.588550001383e+01,  1.000001311302e+00,  1.870990496320e+01,  6.698095798492e-01
  2.598550000787e+01,  1.000012159348e+00,  1.870989411515e+01,  6.709893345833e-01
  2.608550000191e+01,  9.999744296074e-01,  1.870993184489e+01,  6.718256473541e-01
  2.618550001085e+01,  1.000008225441e+00,  1.870989804906e+01,  6.707440018654e-01
  2.628550000489e+01,  1.000010967255e+00,  1.870989530724e+01,  6.691638231277e-01
  2.638550001383e+01,  1.000017285347e+00,  1.870988898915e+01,  6.718146800995e-01
  2.648550000787e+01,  9.999906420708e-01,  1.870991563243e+01,  6.706799864769e-01
  2.658550000191e+01,  1.000001430511e+00,  1.870990484399e+01,  6.716839671135e-01
  2.668550001085e+01,  1.000020384789e+00,  1.870988588971e+01,  6.681303381920e-01
  2.678550000489e+01,  9.999878406525e-01,  1.870991843385e+01,  6.693642139435e-01
  2.688550001383e+01,  1.000004291534e+00,  1.870990198296e+01,  6.694442629814e-01
  2.698550000787e+01,  9.999564886093e-01,  1.870994978589e+01,  6.704523563385e-01
  2.708550000191e+01,  9.999802112579e-01,  1.870992606324e+01,  6.703068017960e-01
  2.718550001085e+01,  9.999918341637e-01,  1.870991444033e+01,  6.688912510872e-01
  2.728550000489e+01,  9.999956488609e-01,  1.870991062564e+01,  6.681140065193e-01
  2.738550001383e+01,  1.000029206276e+00,  1.870987706822e+01,  6.683040857315e-01
  2.748550000787e+01,  1.000023245811e+00,  1.870988302869e+01,  6.684919595718e-01
  2.758550000191e+01,  9.999846816063e-01,  1.870992159289e+01,  6.692883372307e-01
  2.768550001085e+01,  1.000013113022e+00,  1.870989316148e+01,  6.674131751060e-01
  2.778550000489e+01,  1.000019192696e+00,  1.870988708180e+01,  6.667916774750e-01
  2.788550001383e+01,  9.999957680702e-01,  1.870991050643e+01,  6.664745807648e-01
  2.798550000787e+01,  1.000024437904e+00,  1.870988183659e+01,  6.678506135941e-01
  2.808550000191e+01,  1.000020503998e+00,  1.870988577050e+01,  6.671087741852e-01
  2.818550001085e+01,  1.000001668930e+00,  1.870990460557e+01,  6.670677065849e-01
  2.828550000489e+01,  9.999915957451e-01,  1.870991467875e+01,  6.691042780876e-01
  2.838550001383e+01,  9.999976754189e-01,  1.870990859908e+01,  6.677456498146e-01
  2.848550000787e+01,  9.999662041664e-01,  1.870994007033e+01,  6.690450310707e-01
  2.858550000191e+01,  9.999763965607e-01,  1.870992987794e+01,  6.706498861313e-01
  2.868550001085e+01,  1.000015854836e+00,  1.870989041966e+01,  6.670104861259e-01
  2.878550000489e+01,  9.999917149544e-01,  1.870991455954e+01,  6.697002053261e-01
  2.888550001383e+01,  9.999982714653e-01,  1.870990800303e+01,  6.695032715797e-01
  2.898550000787e+01,  1.000002503395e+00,  1.870990377110e+01,  6.691890358925e-01
  2.908550000191e+01,  1.000016093254e+00,  1.870989018124e+01,  6.692454814911e-01
  2.918550001085e+01,  1.000013113022e+00,  1.870989316148e+01,  6.664384603500e-01
  2.928550000489e+01,  9.999935626984e-01,  1.870991271180e+01,  6.681553721428e-01
  2.938550001383e+01,  9.999973177910e-01,  1.870990895671e+01,  6.683512330055e-01
  2.948550000787e+01,  9.999966025352e-01,  1.870990967196e+01,  6.673369407654e-01
  2.958550000191e+01,  9.999640583992e-01,  1.870994221610e+01,  6.680914163589e-01
  2.968550001085e+01,  9.999796748161e-01,  1.870992659968e+01,  6.679620146751e-01
  2.978550000489e+01,  1.000028848648e+00,  1.870987742585e+01,  6.688946485519e-01
  2.988550001383e+01,  1.000008702278e+00,  1.870989757222e+01,  6.659461855888e-01
  2.998550000787e+01,  1.000023245811e+00,  1.870988302869e+01,  6.688207387924e-01
  3.008550000191e+01,  1.000014662743e+00,  1.870989161176e+01,  6.661541461945e-01
  3.018550001085e+01,  1.000020027161e+00,  1.870988624734e+01,  6.672462821007e-01
  3.028550000489e+01,  1.000008940697e+00,  1.870989733380e+01,  6.650798320770e-01
  3.038550001383e+01,  1.000013232231e+00,  1.870989304227e+01,  6.669721007347e-01
  3.048550000787e+01,  1.000034928322e+00,  1.870987134618e+01,  6.665396094322e-01
  3.058550000191e+01,  1.000035166740e+00,  1.870987110776e+01,  6.660251617432e-01
  3.068550001085e+01,  9.999879598618e-01,  1.870991831464e+01,  6.662650704384e-01
  3.078550000489e+01,  1.000015616417e+00,  1.870989065808e+01,  6.668782830238e-01
  3.088550001383e+01,  1.000027894974e+00,  1.870987837952e+01,  6.671143174171e-01
  3.098550000787e+01,  9.999901056290e-01,  1.870991616887e+01,  6.650472283363e-01
  3.108550000191e+01,  9.999755024910e-01,  1.870993077201e+01,  6.673139929771e-01
  3.118550001085e+01,  1.000035047531e+00,  1.870987122697e+01,  6.680891513824e-01
  3.128550000489e+01,  1.000005483627e+00,  1.870990079087e+01,  6.682419180870e-01
  3.138550001383e+01,  9.999908208847e-01,  1.870991545361e+01,  6.649503111839e-01
  3.148550000787e+01,  9.999980330467e-01,  1.870990824145e+01,  6.682054400444e-01
  3.158550000191e+01,  1.000029802322e+00,  1.870987647218e+01,  6.678139567375e-01
  3.168550001085e+01,  1.000019073486e+00,  1.870988720101e+01,  6.656501293182e-01
  3.178550000489e+01,  1.000028610229e+00,  1.870987766427e+01,  6.642349958420e-01
  3.188550001383e+01,  9.999845623970e-01,  1.870992171210e+01,  6.644402742386e-01
  3.198550000787e+01,  1.000009179115e+00,  1.870989709538e+01,  6.670303940773e-01
  3.208550000191e+01,  9.999948143959e-01,  1.870991146010e+01,  6.657040715218e-01
  3.218550001085e+01,  1.000005125999e+00,  1.870990114850e+01,  6.663647890091e-01
  3.228550000489e+01,  9.999840259552e-01,  1.870992224854e+01,  6.657370328903e-01
  3.238550001383e+01,  1.000014066696e+00,  1.870989220780e+01,  6.661472916603e-01
  3.248550000787e+01,  1.000028967857e+00,  1.870987730664e+01,  6.674837470055e-01
  3.258550000191e+01,  1.000012159348e+00,  1.870989411515e+01,  6.660973429680e-01
  3.268550001085e+01,  9.999600052834e-01,  1.870994626921e+01,  6.663914918900e-01
  3.278550000489e+01,  1.000014543533e+00,  1.870989173096e+01,  6.651355624199e-01
  3.288550001383e+01,  1.000023365021e+00,  1.870988290948e+01,  6.660746932030e-01
  3.298550000787e+01,  9.999821782112e-01,  1.870992409629e+01,  6.669442653656e-01
  3.308550000191e+01,  1.000003099442e+00,  1.870990317506e+01,  6.657550334930e-01
  3.318550001085e+01,  9.999851584435e-01,  1.870992111605e+01,  6.648362874985e-01
  3.328550000489e+01,  9.999818205833e-01,  1.870992445391e+01,  6.648038029671e-01
  3.338550001383e+01,  9.999601244926e-01,  1.870994615001e+01,  6.664596796036e-01
  3.348550000787e+01,  9.999935626984e-01,  1.870991271180e+01,  6.631944775581e-01
  3.358550000191e+01,  1.000025033951e+00,  1.870988124055e+01,  6.654921174049e-01
  3.368550001085e+01,  9.999659061432e-01,  1.870994036835e+01,  6.629595160484e-01
  3.378550000489e+01,  9.999700784683e-01,  1.870993619603e+01,  6.647272109985e-01
  3.388550001383e+01,  9.999893307686e-01,  1.870991694373e+01,  6.653698086739e-01
  3.398550000787e+01,  1.000002503395e+00,  1.870990377110e+01,  6.647896766663e-01
  3.408550000191e+01,  9.999582767487e-01,  1.870994799775e+01,  6.645808219910e-01
  3.418550001085e+01,  9.999626278877e-01,  1.870994364661e+01,  6.618482470512e-01
  3.428550000489e+01,  1.000003695488e+00,  1.870990257901e+01,  6.639155745506e-01
  3.438550001383e+01,  9.999973177910e-01,  1.870990895671e+01,  6.624275445938e-01
  3.448550000787e+01,  9.999861121178e-01,  1.870992016238e+01,  6.638671755791e-01
  3.458550000191e+01,  1.000011801720e+00,  1.870989447278e+01,  6.617960929871e-01
  3.468550001085e+01,  1.000040054321e+00,  1.870986622018e+01,  6.616750359535e-01
  3.478550000489e+01,  1.000016450882e+00,  1.870988982362e+01,  6.610090732574e-01
  3.488550001383e+01,  9.999868869781e-01,  1.870991938752e+01,  6.609047055244e-01
  3.498550000787e+01,  9.999940991402e-01,  1.870991217536e+01,  6.629995107651e-01
  3.508550000191e+01,  1.000006198883e+00,  1.870990007561e+01,  6.605143547058e-01
  3.518550001085e+01,  1.000003576279e+00,  1.870990269822e+01,  6.609655618668e-01
  3.528550000489e+01,  1.000019669533e+00,  1.870988660497e+01,  6.604756116867e-01
  3.538550001383e+01,  9.999946355820e-01,  1.870991163892e+01,  6.612875461578e-01
  3.548550000787e+01,  9.999970197678e-01,  1.870990925473e+01,  6.605569720268e-01
  3.558550000191e+01,  9.999920725822e-01,  1.870991420192e+01,  6.612439155579e-01
  3.568550001085e+01,  1.000001072884e+00,  1.870990520161e+01,  6.621875762939e-01
  3.578550000489e+01,  9.999972581863e-01,  1.870990901631e+01,  6.587403416634e-01
  3.588550001383e+01,  1.000007629395e+00,  1.870989864510e+01,  6.618914604187e-01
  3.598550000787e+01,  9.999891519547e-01,  1.870991712254e+01,  6.624131202698e-01
  3.608550000191e+01,  1.000059485435e+00,  1.870984678906e+01,  6.606698036194e-01
  3.618550001085e+01,  9.999876618385e-01,  1.870991861266e+01,  6.603003740311e-01
  3.628550000489e+01,  9.999844431877e-01,  1.870992183131e+01,  6.600108742714e-01
  3.638550001383e+01,  9.999908208847e-01,  1.870991545361e+01,  6.591683626175e-01
  3.648550000787e+01,  1.000015735626e+00,  1.870989053887e+01,  6.593101024628e-01
  3.658550000191e+01,  9.999961853027e-01,  1.870991008920e+01,  6.596977710724e-01
  3.668550001085e+01,  9.999920129776e-01,  1.870991426152e+01,  6.590015888214e-01
  3.678550000489e+01,  9.999887347221e-01,  1.870991753978e+01,  6.581729054451e-01
  3.688550001383e+01,  9.999899268150e-01,  1.870991634768e+01,  6.589068174362e-01
  3.698550000787e+01,  1.000005364418e+00,  1.870990091008e+01,  6.584824919701e-01
  3.708550000191e+01,  1.000007987022e+00,  1.870989828748e+01,  6.580220460892e-01
  3.718550001085e+01,  1.000008344650e+00,  1.870989792985e+01,  6.594235897064e-01
  3.728550000489e+01,  1.000004529953e+00,  1.870990174455e+01,  6.581093668938e-01
  3.738550001383e+01,  1.000024676323e+00,  1.870988159818e+01,  6.572370529175e-01
  3.748550000787e+01,  1.000002384186e+00,  1.870990389031e+01,  6.599239110947e-01
  3.758550000191e+01,  9.999801516533e-01,  1.870992612284e+01,  6.581392288208e-01
  3.768550001085e+01,  9.999767541885e-01,  1.870992952031e+01,  6.586731076241e-01
  3.778550000489e+01,  1.000008225441e+00,  1.870989804906e+01,  6.578666567802e-01
  3.788550001383e+01,  9.999803304672e-01,  1.870992594403e+01,  6.597312092781e-01
  3.798550000787e+01,  9.999715685844e-01,  1.870993470591e+01,  6.598560214043e-01
  3.808550000191e+01,  9.999861121178e-01,  1.870992016238e+01,  6.578270196915e-01
  3.818550001085e+01,  9.999877214432e-01,  1.870991855305e+01,  6.587619781494e-01
  3.828550000489e+01,  1.000005722046e+00,  1.870990055245e+01,  6.573463082314e-01
  3.838550001383e+01,  1.000007510185e+00,  1.870989876431e+01,  6.582725048065e-01
  3.848550000787e+01,  1.000011682510e+00,  1.870989459199e+01,  6.574190258980e-01
  3.858550000191e+01,  1.000001668930e+00,  1.870990460557e+01,  6.591512560844e-01
  3.868550001085e+01,  9.999998807907e-01,  1.870990639371e+01,  6.593064665794e-01
  3.878550000489e+01,  1.000006318092e+00,  1.870989995641e+01,  6.564031839371e-01
  3.888550001383e+01,  1.000012874603e+00,  1.870989339989e+01,  6.586526036263e-01
  3.898550000787e+01,  9.999948740005e-01,  1.870991140050e+01,  6.564581990242e-01
  3.908550000191e+01,  1.000003933907e+00,  1.870990234059e+01,  6.577317118645e-01
  3.918550001085e+01,  1.000005364418e+00,  1.870990091008e+01,  6.596969962120e-01
  3.928550000489e+01,  1.000002861023e+00,  1.870990341348e+01,  6.600953936577e-01
  3.938550001383e+01,  1.000005483627e+00,  1.870990079087e+01,  6.605237126350e-01
  3.948550000787e+01,  9.999879002571e-01,  1.870991837424e+01,  6.585733294487e-01
  3.958550000191e+01,  1.000006794930e+00,  1.870989947957e+01,  6.602545976639e-01
  3.968550001085e+01,  9.999985098839e-01,  1.870990776461e+01,  6.571395993233e-01
  3.978550000489e+01,  9.999786019325e-01,  1.870992767257e+01,  6.577122807503e-01
  3.988550001383e+01,  9.999901652336e-01,  1.870991610926e+01,  6.587532162666e-01
  3.998550000787e+01,  1.000001311302e+00,  1.870990496320e+01,  6.592449545860e-01
  4.008550000191e+01,  1.000002264977e+00,  1.870990400952e+01,  6.579785346985e-01
  4.018550001085e+01,  1.000007271767e+00,  1.870989900273e+01,  6.581670045853e-01
  4.028550000489e+01,  9.999987483025e-01,  1.870990752620e+01,  6.594844460487e-01
  4.038550001383e+01,  9.999847412109e-01,  1.870992153329e+01,  6.580423116684e-01
  4.048550000787e+01,  1.000033617020e+00,  1.870987265748e+01,  6.613457202911e-01
  4.058550000191e+01,  1.000019431114e+00,  1.870988684338e+01,  6.589106321335e-01
  4.068550001085e+01,  9.999835491180e-01,  1.870992272538e+01,  6.577979326248e-01
  4.078550000489e+01,  9.999914169312e-01,  1.870991485757e+01,  6.564201712608e-01
  4.088550001383e+01,  1.000000119209e+00,  1.870990615529e+01,  6.560742855072e-01
  4.098550000787e+01,  1.000023722649e+00,  1.870988255185e+01,  6.565274596214e-01
  4.108550000191e+01,  9.999989271164e-01,  1.870990734738e+01,  6.566199064255e-01
  4.118550001085e+01,  9.999830126762e-01,  1.870992326182e+01,  6.591751575470e-01
  4.128550000489e+01,  1.000010251999e+00,  1.870989602250e+01,  6.579474806786e-01
  4.138550001383e+01,  1.000006198883e+00,  1.870990007561e+01,  6.596079468727e-01
  4.148550000787e+01,  1.000002026558e+00,  1.870990424794e+01,  6.580675840378e-01
  4.158550000191e+01,  9.999931454659e-01,  1.870991312903e+01,  6.559578180313e-01
  4.168550001085e+01,  1.000000238419e+00,  1.870990603608e+01,  6.592431664467e-01
  4.178550000489e+01,  9.999952912331e-01,  1.870991098326e+01,  6.564188599586e-01
  4.188550001383e+01,  9.999852776527e-01,  1.870992099685e+01,  6.585776209831e-01
  4.198550000787e+01,  9.999868273735e-01,  1.870991944712e+01,  6.575694680214e-01
  4.208550000191e+01,  9.999842643738e-01,  1.870992201012e+01,  6.587917208672e-01
  4.218550001085e+01,  9.999547600746e-01,  1.870995151442e+01,  6.575288176537e-01
  4.228550000489e+01,  1.000018715858e+00,  1.870988755864e+01,  6.567223072052e-01
  4.238550001383e+01,  9.999734759331e-01,  1.870993279856e+01,  6.560584902763e-01
  4.248550000787e+01,  1.000027656555e+00,  1.870987861794e+01,  6.544277071953e-01
  4.258550000191e+01,  9.999889135361e-01,  1.870991736096e+01,  6.562522649765e-01
  4.268550001085e+01,  1.000000715256e+00,  1.870990555924e+01,  6.538252234459e-01
  4.278550000489e+01,  9.999858736992e-01,  1.870992040080e+01,  6.548714637756e-01
  4.288550001383e+01,  9.999831318855e-01,  1.870992314261e+01,  6.546701192856e-01
  4.298550000787e+01,  9.999881982803e-01,  1.870991807622e+01,  6.548346281052e-01
  4.308550000191e+01,  9.999898076057e-01,  1.870991646689e+01,  6.543349623680e-01
  4.318550001085e+01,  1.000028252602e+00,  1.870987802190e+01,  6.538451313972e-01
  4.328550000489e+01,  1.000007987022e+00,  1.870989828748e+01,  6.539303660393e-01
  4.338550001383e+01,  1.000041127205e+00,  1.870986514729e+01,  6.546564102173e-01
  4.348550000787e+01,  9.999833106995e-01,  1.870992296380e+01,  6.543107032776e-01
  4.358550000191e+01,  9.999929666519e-01,  1.870991330785e+01,  6.561149954796e-01
  4.368550001085e+01,  9.999684691429e-01,  1.870993780536e+01,  6.531952023506e-01
  4.378550000489e+01,  1.000015377998e+00,  1.870989089650e+01,  6.554798483849e-01
  4.388550001383e+01,  9.999896287918e-01,  1.870991664571e+01,  6.523540019989e-01
  4.398550000787e+01,  1.000013232231e+00,  1.870989304227e+01,  6.553388237953e-01
  4.408550000191e+01,  1.000000357628e+00,  1.870990591687e+01,  6.536895632744e-01
  4.418550001085e+01,  1.000015616417e+00,  1.870989065808e+01,  6.532363891602e-01
  4.428550000489e+01,  1.000023007393e+00,  1.870988326711e+01,  6.526651382446e-01
  4.438550001383e+01,  9.999912381172e-01,  1.870991503638e+01,  6.537156701088e-01
  4.448550000787e+01,  9.999973773956e-01,  1.870990889710e+01,  6.520366668701e-01
  4.458550000191e+01,  1.000014305115e+00,  1.870989196938e+01,  6.503750681877e-01
  4.468550001085e+01,  9.999915957451e-01,  1.870991467875e+01,  6.542389988899e-01
  4.478550000489e+01,  1.000009417534e+00,  1.870989685696e+01,  6.530564427376e-01
  4.488550001383e+01,  9.999828934669e-01,  1.870992338103e+01,  6.543226838112e-01
  4.498550000787e+01,  9.999968409538e-01,  1.870990943354e+01,  6.519129276276e-01
  4.508550000191e+01,  9.999934434891e-01,  1.870991283101e+01,  6.527501344681e-01
  4.518550001085e+01,  1.000016927719e+00,  1.870988934678e+01,  6.509999632835e-01
  4.528550000489e+01,  9.999987483025e-01,  1.870990752620e+01,  6.520150899887e-01
  4.538550001383e+01,  9.999973773956e-01,  1.870990889710e+01,  6.535215973854e-01
  4.548550000787e+01,  1.000002861023e+00,  1.870990341348e+01,  6.548480987549e-01
  4.558550000191e+01,  9.999910593033e-01,  1.870991521519e+01,  6.538147330284e-01
  4.568550001085e+01,  1.000009536743e+00,  1.870989673775e+01,  6.503872275352e-01
  4.578550000489e+01,  1.000001430511e+00,  1.870990484399e+01,  6.528521180153e-01
  4.588550001383e+01,  9.999954104424e-01,  1.870991086406e+01,  6.521643400192e-01
  4.598550000787e+01,  9.999608993530e-01,  1.870994537514e+01,  6.525086164474e-01
  4.608550000191e+01,  1.000010013580e+00,  1.870989626092e+01,  6.519967317581e-01
  4.618550001085e+01,  9.999991655350e-01,  1.870990710896e+01,  6.517564058304e-01
  4.628550000489e+01,  9.999873638153e-01,  1.870991891068e+01,  6.524729132652e-01
  4.638550001383e+01,  1.000013351440e+00,  1.870989292306e+01,  6.509544849396e-01
  4.648550000787e+01,  9.999846220016e-01,  1.870992165250e+01,  6.517785787582e-01
  4.658550000191e+01,  9.999780654907e-01,  1.870992820901e+01,  6.517707705498e-01
  4.668550001085e+01,  9.999769330025e-01,  1.870992934150e+01,  6.517530083656e-01
  4.678550000489e+01,  9.999945163727e-01,  1.870991175813e+01,  6.503618955612e-01
  4.688550001383e+01,  9.999852180481e-01,  1.870992105645e+01,  6.518220901489e-01
  4.698550000787e+01,  1.000017285347e+00,  1.870988898915e+01,  6.521072387695e-01
  4.708550000191e+01,  1.000001549721e+00,  1.870990472478e+01,  6.492658853531e-01
  4.718550001085e+01,  9.999862909317e-01,  1.870991998357e+01,  6.510862112045e-01
  4.728550000489e+01,  1.000003337860e+00,  1.870990293664e+01,  6.498088240623e-01
  4.738550001383e+01,  1.000015258789e+00,  1.870989101571e+01,  6.522164344788e-01
  4.748550000787e+01,  9.999746084213e-01,  1.870993166608e+01,  6.504185795784e-01
  4.758550000191e+01,  9.999983310699e-01,  1.870990794343e+01,  6.511572003365e-01
  4.768550001085e+01,  1.000018835068e+00,  1.870988743943e+01,  6.501573920250e-01
  4.778550000489e+01,  1.000012636185e+00,  1.870989363831e+01,  6.514421701431e-01
  4.788550001383e+01,  9.999896287918e-01,  1.870991664571e+01,  6.500426530838e-01
  4.798550000787e+01,  9.999684691429e-01,  1.870993780536e+01,  6.485913395882e-01
  4.808550000191e+01,  1.000008344650e+00,  1.870989792985e+01,  6.491811871529e-01
  4.818550001085e+01,  1.000018954277e+00,  1.870988732022e+01,  6.479767560959e-01
  4.828550000489e+01,  1.000003337860e+00,  1.870990293664e+01,  6.510713100433e-01
  4.838550001383e+01,  1.000001192093e+00,  1.870990508241e+01,  6.485263109207e-01
  4.848550000787e+01,  9.999938011169e-01,  1.870991247338e+01,  6.516443490982e-01
  4.858550000191e+01,  1.000001311302e+00,  1.870990496320e+01,  6.508209705353e-01
  4.868550001085e+01,  9.999933838844e-01,  1.870991289061e+01,  6.494178771973e-01
  4.878550000489e+01,  9.999974370003e-01,  1.870990883750e+01,  6.519286632538e-01
  4.888550001383e+01,  1.000013709068e+00,  1.870989256543e+01,  6.483468413353e-01
  4.898550000787e+01,  1.000022649765e+00,  1.870988362473e+01,  6.507606506348e-01
  4.908550000191e+01,  1.000021934509e+00,  1.870988433999e+01,  6.500008106232e-01
  4.918550001085e+01,  1.000014066696e+00,  1.870989220780e+01,  6.485285162926e-01
  4.928550000489e+01,  1.000005245209e+00,  1.870990102929e+01,  6.473554968834e-01
  4.938550001383e+01,  9.999930262566e-01,  1.870991324824e+01,  6.494550704956e-01
  4.948550000787e+01,  9.999640583992e-01,  1.870994221610e+01,  6.520347595215e-01
  4.958550000191e+01,  9.999699592590e-01,  1.870993631524e+01,  6.483047008514e-01
  4.968550001085e+01,  9.999927282333e-01,  1.870991354626e+01,  6.500511765480e-01
  4.978550000489e+01,  9.999754428864e-01,  1.870993083161e+01,  6.487687826157e-01
  4.988550001383e+01,  9.999924898148e-01,  1.870991378468e+01,  6.493458747864e-01
  4.998550000787e+01,  9.999924302101e-01,  1.870991384429e+01,  6.494723558426e-01
  5.008550000191e+01,  9.999677538872e-01,  1.870993852061e+01,  6.487698554993e-01
  5.018550001085e+01,  9.999921917915e-01,  1.870991408271e+01,  6.467005610466e-01
  5.028550000489e+01,  1.000024318695e+00,  1.870988195580e+01,  6.498948335648e-01
  5.038550001383e+01,  1.000005125999e+00,  1.870990114850e+01,  6.488389372826e-01
  5.048550000787e+01,  1.000013232231e+00,  1.870989304227e+01,  6.492416262627e-01
  5.058550000191e+01,  9.999861121178e-01,  1.870992016238e+01,  6.495947241783e-01
  5.068550001085e+01,  9.999952912331e-01,  1.870991098326e+01,  6.499976515770e-01
  5.078550000489e+01,  1.000016331673e+00,  1.870988994283e+01,  6.499308943748e-01
  5.088550001383e+01,  1.000010609627e+00,  1.870989566487e+01,  6.470109820366e-01
  5.098550000787e+01,  9.999918341637e-01,  1.870991444033e+01,  6.464045047760e-01
  5.108550000191e+01,  1.000009417534e+00,  1.870989685696e+01,  6.467112302780e-01
  5.118550001085e+01,  1.000016689301e+00,  1.870988958520e+01,  6.483504176140e-01
  5.128550000489e+01,  1.000010251999e+00,  1.870989602250e+01,  6.471466422081e-01
  5.138550001383e+01,  1.000021338463e+00,  1.870988493604e+01,  6.443043947220e-01
  5.148550000787e+01,  1.000001788139e+00,  1.870990448636e+01,  6.464654207230e-01
  5.158550000191e+01,  9.999992847443e-01,  1.870990698975e+01,  6.470525860786e-01
  5.168550001085e+01,  9.999999403954e-01,  1.870990633410e+01,  6.460898518562e-01
  5.178550000489e+01,  9.999912381172e-01,  1.870991503638e+01,  6.470706462860e-01
  5.188550001383e+01,  9.999832510948e-01,  1.870992302340e+01,  6.446054577827e-01
  5.198550000787e+01,  9.999808073044e-01,  1.870992546719e+01,  6.473378539085e-01
  5.208550000191e+01,  9.999952316284e-01,  1.870991104287e+01,  6.460517048836e-01
  5.218550001085e+01,  9.999623894691e-01,  1.870994388503e+01,  6.470370292664e-01
  5.228550000489e+01,  1.000014662743e+00,  1.870989161176e+01,  6.460338234901e-01
  5.238550001383e+01,  1.000007987022e+00,  1.870989828748e+01,  6.467120051384e-01
  5.248550000787e+01,  1.000023722649e+00,  1.870988255185e+01,  6.462327241898e-01
  5.258550000191e+01,  1.000000476837e+00,  1.870990579766e+01,  6.460588574409e-01
  5.268550001085e+01,  1.000000119209e+00,  1.870990615529e+01,  6.475186944008e-01
  5.278550000489e+01,  9.999940991402e-01,  1.870991217536e+01,  6.457968354225e-01
  5.288550001383e+01,  1.000025749207e+00,  1.870988052529e+01,  6.494468450546e-01
  5.298550000787e+01,  1.000020742416e+00,  1.870988553208e+01,  6.459759473801e-01
  5.308550000191e+01,  1.000008702278e+00,  1.870989757222e+01,  6.459464430809e-01
  5.318550001085e+01,  9.999786615372e-01,  1.870992761296e+01,  6.475172042847e-01
  5.328550000489e+01,  9.999941587448e-01,  1.870991211575e+01,  6.439636349678e-01
  5.338550001383e+01,  9.999929666519e-01,  1.870991330785e+01,  6.475777626038e-01
  5.348550000787e+01,  1.000010251999e+00,  1.870989602250e+01,  6.456753611565e-01
  5.358550000191e+01,  1.000002503395e+00,  1.870990377110e+01,  6.455727815628e-01
  5.368550001085e+01,  1.000010251999e+00,  1.870989602250e+01,  6.467702388763e-01
  5.378550000489e+01,  9.999832510948e-01,  1.870992302340e+01,  6.474660038948e-01
  5.388550001383e+01,  9.999974966049e-01,  1.870990877789e+01,  6.446446776390e-01
  5.398550000787e+01,  1.000006556511e+00,  1.870989971799e+01,  6.444206833839e-01
  5.408550000191e+01,  1.000012993813e+00,  1.870989328069e+01,  6.448563337326e-01
  5.418550001085e+01,  9.999828934669e-01,  1.870992338103e+01,  6.442700624466e-01
  5.428550000489e+01,  9.999956488609e-01,  1.870991062564e+01,  6.457041501999e-01
  5.438550001383e+01,  9.999996423721e-01,  1.870990663213e+01,  6.438326239586e-01
  5.448550000787e+01,  1.000001430511e+00,  1.870990484399e+01,  6.416907310486e-01
  5.458550000191e+01,  1.000019669533e+00,  1.870988660497e+01,  6.439573764801e-01
  5.468550001085e+01,  1.000023245811e+00,  1.870988302869e+01,  6.433725953102e-01
  5.478550000489e+01,  9.999861121178e-01,  1.870992016238e+01,  6.449346542358e-01
  5.488550001383e+01,  1.000003218651e+00,  1.870990305585e+01,  6.445171833038e-01
  5.498550000787e+01,  9.999868273735e-01,  1.870991944712e+01,  6.446944475174e-01
  5.508550000191e+01,  1.000004529953e+00,  1.870990174455e+01,  6.422144174576e-01
  5.518550001085e+01,  1.000004410744e+00,  1.870990186375e+01,  6.443932652473e-01
  5.528550000489e+01,  1.000006437302e+00,  1.870989983720e+01,  6.434962153435e-01
  5.538550001383e+01,  9.999887943268e-01,  1.870991748017e+01,  6.451773047447e-01
  5.548550000787e+01,  1.000014901161e+00,  1.870989137334e+01,  6.445426940918e-01
  5.558550000191e+01,  1.000019192696e+00,  1.870988708180e+01,  6.438251733780e-01
  5.568550001085e+01,  1.000001192093e+00,  1.870990508241e+01,  6.428094506264e-01
  5.578550000489e+01,  1.000004410744e+00,  1.870990186375e+01,  6.433112025261e-01
  5.588550001383e+01,  9.999865293503e-01,  1.870991974515e+01,  6.481701135635e-01
  5.598550000787e+01,  9.999962449074e-01,  1.870991002959e+01,  6.450858116150e-01
  5.608550000191e+01,  9.999853968620e-01,  1.870992087764e+01,  6.437695026398e-01
  5.618550001085e+01,  9.999982118607e-01,  1.870990806264e+01,  6.454967260361e-01
  5.628550000489e+01,  1.000018477440e+00,  1.870988779706e+01,  6.444103717804e-01
  5.638550001383e+01,  1.000009298325e+00,  1.870989697617e+01,  6.454872488976e-01
  5.648550000787e+01,  9.999980330467e-01,  1.870990824145e+01,  6.459324359894e-01
  5.658550000191e+01,  1.000018596649e+00,  1.870988767785e+01,  6.444926857948e-01
  5.668550001085e+01,  1.000016450882e+00,  1.870988982362e+01,  6.463907361031e-01
  5.678550000489e+01,  1.000012516975e+00,  1.870989375752e+01,  6.464127302170e-01
  5.688550001383e+01,  9.999870657921e-01,  1.870991920871e+01,  6.454514861107e-01
  5.698550000787e+01,  9.999794960022e-01,  1.870992677850e+01,  6.464607119560e-01
  5.708550000191e+01,  1.000007271767e+00,  1.870989900273e+01,  6.442911624908e-01
  5.718550001085e+01,  1.000009059906e+00,  1.870989721459e+01,  6.453722715378e-01
  5.728550000489e+01,  1.000000834465e+00,  1.870990544003e+01,  6.436216235161e-01
  5.738550001383e+01,  9.999892711639e-01,  1.870991700333e+01,  6.448249816895e-01
  5.748550000787e+01,  1.000015854836e+00,  1.870989041966e+01,  6.457177400589e-01
  5.758550000191e+01,  1.000010013580e+00,  1.870989626092e+01,  6.433275938034e-01
  5.768550001085e+01,  9.999735355377e-01,  1.870993273896e+01,  6.437430977821e-01
  5.778550000489e+01,  9.999919533730e-01,  1.870991432113e+01,  6.413245797157e-01
  5.788550001383e+01,  9.999921321869e-01,  1.870991414231e+01,  6.437239050865e-01
  5.798550000787e+01,  9.999710917473e-01,  1.870993518275e+01,  6.453881263733e-01
  5.808550000191e+01,  1.000010728836e+00,  1.870989554566e+01,  6.420336961746e-01
  5.818550001085e+01,  1.000010371208e+00,  1.870989590329e+01,  6.442417502403e-01
  5.828550000489e+01,  1.000020861626e+00,  1.870988541287e+01,  6.441726684570e-01
  5.838550001383e+01,  9.999869465828e-01,  1.870991932792e+01,  6.432803273201e-01
  5.848550000787e+01,  1.000019192696e+00,  1.870988708180e+01,  6.420646309853e-01
  5.858550000191e+01,  9.999956488609e-01,  1.870991062564e+01,  6.437122225761e-01
  5.868550001085e+01,  1.000030040741e+00,  1.870987623376e+01,  6.457781195641e-01
  5.878550000489e+01,  1.000004529953e+00,  1.870990174455e+01,  6.416180729866e-01
  5.888550001383e+01,  1.000022530556e+00,  1.870988374394e+01,  6.428515911102e-01
  5.898550000787e+01,  1.000033259392e+00,  1.870987301511e+01,  6.414108872414e-01
  5.908550000191e+01,  1.000000953674e+00,  1.870990532082e+01,  6.450579762459e-01
  5.918550001085e+01,  1.000014185905e+00,  1.870989208859e+01,  6.425378918648e-01
  5.928550000489e+01,  1.000018358231e+00,  1.870988791627e+01,  6.432034969330e-01
  5.938550001383e+01,  1.000037670135e+00,  1.870986860436e+01,  6.424040794373e-01
  5.948550000787e+01,  9.999976158142e-01,  1.870990865868e+01,  6.425660252571e-01
  5.958550000191e+01,  9.999778270721e-01,  1.870992844743e+01,  6.401762366295e-01
  5.968550001085e+01,  9.999931454659e-01,  1.870991312903e+01,  6.421160101891e-01
  5.978550000489e+01,  1.000032663345e+00,  1.870987361115e+01,  6.411675214767e-01
  5.988550001383e+01,  9.999855756760e-01,  1.870992069882e+01,  6.408705711365e-01
  5.998550000787e+01,  9.999847412109e-01,  1.870992153329e+01,  6.408020257950e-01
  6.008550000191e+01,  9.999977350235e-01,  1.870990853947e+01,  6.390584707260e-01
  6.018550001085e+01,  1.000002384186e+00,  1.870990389031e+01,  6.375603675842e-01
  6.028550000489e+01,  1.000008106232e+00,  1.870989816827e+01,  6.409812569618e-01
  6.038550001383e+01,  9.999945759773e-01,  1.870991169852e+01,  6.410834789276e-01
  6.048550000787e+01,  9.999634027481e-01,  1.870994287175e+01,  6.404187083244e-01
  6.058550000191e+01,  9.999679327011e-01,  1.870993834180e+01,  6.413081288338e-01
  6.068550001085e+01,  9.999778270721e-01,  1.870992844743e+01,  6.426328420639e-01
  6.078550000489e+01,  1.000028729439e+00,  1.870987754506e+01,  6.423035860062e-01
  6.088550001383e+01,  1.000000596046e+00,  1.870990567845e+01,  6.416893601418e-01
  6.098550000787e+01,  1.000012159348e+00,  1.870989411515e+01,  6.403041481972e-01
  6.108550000191e+01,  9.999893903732e-01,  1.870991688412e+01,  6.404309272766e-01
  6.118550001085e+01,  1.000015139580e+00,  1.870989113492e+01,  6.391702890396e-01
  6.128550000489e+01,  9.999960064888e-01,  1.870991026801e+01,  6.408725976944e-01
  6.138550001383e+01,  1.000018358231e+00,  1.870988791627e+01,  6.391963362694e-01
  6.148550000787e+01,  9.999790787697e-01,  1.870992719573e+01,  6.375564336777e-01
  6.158550000191e+01,  9.999682903290e-01,  1.870993798417e+01,  6.387313008308e-01
  6.158900000155e+01,  9.999725222588e-01,  1.870993375224e+01,  6.385712623596e-01
  6.159000000358e+01,  9.999721050262e-01,  1.870993416947e+01,  6.386775970459e-01
  6.159300000966e+01,  9.999756813049e-01,  1.870993059319e+01,  6.390461921692e-01
  6.169300000370e+01,  9.999539852142e-01,  1.870995228928e+01,  6.399744153023e-01
  6.177750000358e+01,  9.898993372917e-01,  1.872000693721e+01,  6.347020268440e-01
  6.179800000787e+01,  9.795309901237e-01,  1.873037528437e+01,  6.108487248421e-01
  6.180850000679e+01,  9.689585566521e-01,  1.874094771785e+01,  5.928172469139e-01
  6.181599999964e+01,  9.586779475212e-01,  1.875122832698e+01,  5.917412042618e-01
  6.182250000536e+01,  9.486605525017e-01,  1.876124572200e+01,  5.856605768204e-01
  6.182900001109e+01,  9.379870295525e-01,  1.877191924495e+01,  5.789066553116e-01
  6.183500000834e+01,  9.278475642204e-01,  1.878205871028e+01,  5.703197717667e-01
  6.184100000560e+01,  9.176432490349e-01,  1.879226302546e+01,  5.638462305069e-01
  6.184750001132e+01,  9.069125056267e-01,  1.880299376887e+01,  5.554538965225e-01
  6.185400000215e+01,  8.968874812126e-01,  1.881301879329e+01,  5.542362928391e-01
  6.186150000989e+01,  8.868166804314e-01,  1.882308959407e+01,  5.364025831223e-01
  6.187000000477e+01,  8.764635920525e-01,  1.883344268245e+01,  5.145138502121e-01
  6.187849999964e+01,  8.663393855095e-01,  1.884356688899e+01,  4.990529119968e-01
  6.188700000942e+01,  8.561121821404e-01,  1.885379409236e+01,  4.872540533543e-01
  6.189550000429e+01,  8.457171320915e-01,  1.886418914241e+01,  4.728497564793e-01
  6.190350000560e+01,  8.355013728142e-01,  1.887440490168e+01,  4.564007818699e-01
  6.191100001335e+01,  8.250414729118e-01,  1.888486480159e+01,  4.444340765476e-01
  6.191800001264e+01,  8.146807551384e-01,  1.889522551936e+01,  4.437439143658e-01
  6.192500001192e+01,  8.045107722282e-01,  1.890539550227e+01,  4.383709132671e-01
  6.193250000477e+01,  7.942759394646e-01,  1.891563033503e+01,  4.297916591167e-01
  6.194099999964e+01,  7.837168574333e-01,  1.892618941706e+01,  4.186718165874e-01
  6.195050001144e+01,  7.733103632927e-01,  1.893659591121e+01,  4.108898341656e-01
  6.196250000596e+01,  7.629801630974e-01,  1.894692611140e+01,  3.951475322247e-01
  6.197600001097e+01,  7.529589533806e-01,  1.895694732112e+01,  3.670751750469e-01
  6.198750001192e+01,  7.428463101387e-01,  1.896705996436e+01,  3.578065037727e-01
  6.199750000238e+01,  7.327888607979e-01,  1.897711741370e+01,  3.513062596321e-01
  6.200700001419e+01,  7.225807309151e-01,  1.898732554358e+01,  3.472607731819e-01
  6.201650001109e+01,  7.124374508858e-01,  1.899746882361e+01,  3.410943150520e-01
  6.202650000155e+01,  7.022789120674e-01,  1.900762736243e+01,  3.343899846077e-01
  6.203750000894e+01,  6.919582486153e-01,  1.901794802588e+01,  3.207142949104e-01
  6.204900000989e+01,  6.816413998604e-01,  1.902826487464e+01,  3.089345097542e-01
  6.206050001085e+01,  6.713398098946e-01,  1.903856646460e+01,  2.962372899055e-01
  6.207150000334e+01,  6.610153317451e-01,  1.904889094275e+01,  2.865021824837e-01
  6.208200000226e+01,  6.507022976875e-01,  1.905920397681e+01,  2.785370945930e-01
  6.209200000763e+01,  6.405475735664e-01,  1.906935870093e+01,  2.689641118050e-01
  6.210150000453e+01,  6.303737759590e-01,  1.907953249854e+01,  2.628491520882e-01
  6.211100000143e+01,  6.199100613594e-01,  1.908999621314e+01,  2.555058598518e-01
  6.212000000477e+01,  6.098392605782e-01,  1.910006701392e+01,  2.485955357552e-01
  6.212900000811e+01,  5.997913479805e-01,  1.911011492652e+01,  2.420533299446e-01
  6.213850000501e+01,  5.895069241524e-01,  1.912039935035e+01,  2.354558110237e-01
  6.214850001037e+01,  5.793865323067e-01,  1.913051974219e+01,  2.251256108284e-01
  6.215900000930e+01,  5.692299008369e-01,  1.914067637366e+01,  2.134106755257e-01
  6.216950000823e+01,  5.591362118721e-01,  1.915077006263e+01,  2.055657505989e-01
  6.218000000715e+01,  5.489414334297e-01,  1.916096484107e+01,  1.980908513069e-01
  6.219050000608e+01,  5.385120511055e-01,  1.917139422339e+01,  1.905930638313e-01
  6.220050001144e+01,  5.283573269844e-01,  1.918154894751e+01,  1.833012700081e-01
  6.221050000191e+01,  5.181301236153e-01,  1.919177615088e+01,  1.764596104622e-01
  6.222050000727e+01,  5.080440640450e-01,  1.920186221045e+01,  1.692937016487e-01
  6.223050001264e+01,  4.980076253414e-01,  1.921189864916e+01,  1.609891057014e-01
  6.224050000310e+01,  4.879120290279e-01,  1.922199424547e+01,  1.548250615597e-01
  6.225050000846e+01,  4.777573049068e-01,  1.923214896959e+01,  1.487616002560e-01
  6.226050001383e+01,  4.676407277584e-01,  1.924226554674e+01,  1.433523595333e-01
  6.227050000429e+01,  4.575584828854e-01,  1.925234779161e+01,  1.375120580196e-01
  6.228100000322e+01,  4.470871388912e-01,  1.926281913561e+01,  1.308248937130e-01
  6.229150000215e+01,  4.366730153561e-01,  1.927323325914e+01,  1.244371756911e-01
  6.230200000107e+01,  4.262970387936e-01,  1.928360923570e+01,  1.185634955764e-01
  6.231250000000e+01,  4.159134328365e-01,  1.929399284166e+01,  1.118572577834e-01
  6.232300001383e+01,  4.054954946041e-01,  1.930441077989e+01,  1.055916175246e-01
  6.233350001276e+01,  3.950661122799e-01,  1.931484016222e+01,  9.948714822531e-02
  6.234400001168e+01,  3.846062123775e-01,  1.932530006212e+01,  9.365733712912e-02
  6.235450001061e+01,  3.741234242916e-01,  1.933578285021e+01,  8.795055001974e-02
  6.236500000954e+01,  3.636330068111e-01,  1.934627326769e+01,  8.183654397726e-02
  6.237550000846e+01,  3.531731069088e-01,  1.935673316759e+01,  7.487472146749e-02
  6.238600000739e+01,  3.427246510983e-01,  1.936718162340e+01,  6.854232400656e-02
  6.239650000632e+01,  3.323143422604e-01,  1.937759193224e+01,  6.383021920919e-02
  6.240700000525e+01,  3.220661580563e-01,  1.938784011644e+01,  5.857738107443e-02
  6.241750000417e+01,  3.118866384029e-01,  1.939801963610e+01,  5.314239114523e-02
  6.242800000310e+01,  3.015697896481e-01,  1.940833648485e+01,  4.690154641867e-02
  6.243800000846e+01,  2.914989888668e-01,  1.941840728563e+01,  4.277499765158e-02
  6.244800001383e+01,  2.812946736813e-01,  1.942861160082e+01,  3.638728708029e-02
  6.245800000429e+01,  2.709682881832e-01,  1.943893798631e+01,  3.132613748312e-02
  6.246800000966e+01,  2.607105672359e-01,  1.944919570726e+01,  2.722819894552e-02
  6.247800000012e+01,  2.506817281246e-01,  1.945922454637e+01,  2.303393930197e-02
  6.248850001395e+01,  2.403529733419e-01,  1.946955330116e+01,  1.685395836830e-02
  6.249900001287e+01,  2.299121469259e-01,  1.947999412757e+01,  1.390901207924e-02
  6.250900000334e+01,  2.197917550802e-01,  1.949011451942e+01,  1.052871346474e-02
  6.251900000870e+01,  2.095531076193e-01,  1.950035316688e+01,  7.091670762748e-03
  6.252900001407e+01,  1.992114633322e-01,  1.951069481117e+01,  5.718633066863e-03
  6.253900000453e+01,  1.889575570822e-01,  1.952094871742e+01,  3.693863283843e-03
  6.254950000346e+01,  1.784976571798e-01,  1.953140861732e+01, -4.851375415456e-04
  6.256000000238e+01,  1.682742685080e-01,  1.954163200599e+01, -3.581718076020e-03
  6.257050000131e+01,  1.579288095236e-01,  1.955197746497e+01, -5.253032315522e-03
  6.258050000668e+01,  1.478923410177e-01,  1.956201393348e+01, -7.656768430024e-03
  6.259050001204e+01,  1.377147287130e-01,  1.957219154578e+01, -8.355879224837e-03
  6.260050000250e+01,  1.275752633810e-01,  1.958233101112e+01, -1.048304978758e-02
  6.261100000143e+01,  1.171115487814e-01,  1.959279472572e+01, -1.314785424620e-02
  6.262150000036e+01,  1.068843454123e-01,  1.960302192909e+01, -1.665260829031e-02
  6.263200001419e+01,  9.672771394253e-02,  1.961317856056e+01, -2.024366892874e-02
  6.264250001311e+01,  8.651767671108e-02,  1.962338859779e+01, -2.228441275656e-02
  6.265300001204e+01,  7.613407075405e-02,  1.963377220374e+01, -2.187447063625e-02
  6.266300000250e+01,  6.608615815639e-02,  1.964382011634e+01, -1.970450393856e-02
  6.267300000787e+01,  5.605731904507e-02,  1.965384895545e+01, -1.890176348388e-02
  6.268350000679e+01,  4.571758210659e-02,  1.966418869239e+01, -1.828701607883e-02
  6.269400000572e+01,  3.559146821499e-02,  1.967431480628e+01, -1.658423058689e-02
  6.270550000668e+01,  2.519069612026e-02,  1.968471557838e+01, -1.307518500835e-02
  6.271850000322e+01,  1.511798799038e-02,  1.969478828651e+01, -9.873461909592e-03
  6.273750001192e+01,  5.010032095015e-03,  1.970489624240e+01, -8.568976074457e-03
  6.274600000679e+01,  2.346419729292e-03,  1.970755985477e+01, -1.056597009301e-02
  6.274700000882e+01,  2.088927663863e-03,  1.970781734683e+01, -1.068851724267e-02
  6.275500001013e+01,  4.667275352404e-04,  1.970943954696e+01, -1.262495294213e-02
  6.275800000131e+01,  1.945428812178e-05,  1.970988682021e+01, -1.336929574609e-02
  6.301700000465e+01, -2.155238529667e-03,  1.971206151303e+01, -1.580843329430e-02
  6.301800000668e+01, -2.150730928406e-03,  1.971205700543e+01, -1.577809453011e-02
