           Test time,     Standard travel,     Tool separation,      Standard force
                 0.0,                 0.0,  2.618188302190e+01, -1.821520775557e-01
                 0.0,                 0.0,  2.618188237417e+01, -1.822598427534e-01
                 0.0,                 0.0,  2.618188859261e+01, -1.829390376806e-01
                 0.0,                 0.0,  2.618188935629e+01, -1.837183684111e-01
                 0.0,                 0.0,  2.618188612274e+01, -1.837233155966e-01
                 0.0,                 0.0,  2.618189868280e+01, -1.812311857939e-01
  0.000000000000e+00,  0.000000000000e+00,  2.618189793960e+01, -1.815115660429e-01
  8.000001311302e-03, -9.709037840366e-07,  2.618189891050e+01, -1.819391697645e-01
  1.100000739098e-02,  3.195367753506e-06,  2.618189474423e+01, -1.820640414953e-01
  1.299999654293e-02,  5.913898348808e-07,  2.618189734821e+01, -1.822423785925e-01
  1.399999856949e-02, -8.838251233101e-07,  2.618189882343e+01, -1.823063939810e-01
  1.140000075102e-01, -2.282776767970e-05,  2.618192076737e+01, -1.791720986366e-01
  2.145000100136e-01,  3.305925702080e-06,  2.618189463368e+01, -1.803250610828e-01
  3.149999976158e-01, -1.701702240098e-05,  2.618191495662e+01, -1.813677698374e-01
  4.150000065565e-01,  2.199217760790e-06,  2.618189574038e+01, -1.795093864202e-01
  5.155000090599e-01,  1.539857243188e-03,  2.618035808236e+01, -1.796813756227e-01
  5.390000045300e-01,  1.173701975495e-02,  2.617016091985e+01, -1.375706940889e-01
  5.464999973774e-01,  2.203670330346e-02,  2.615986123630e+01, -9.889729321003e-02
  5.515000075102e-01,  3.289714455605e-02,  2.614900079505e+01, -9.729059040546e-02
  5.555000007153e-01,  4.377666115761e-02,  2.613812127844e+01, -9.909947216511e-02
  5.590000003576e-01,  5.474773049355e-02,  2.612715020911e+01, -9.493954479694e-02
  5.620000064373e-01,  6.521173566580e-02,  2.611668620394e+01, -8.516620099545e-02
  5.649999976158e-01,  7.673975080252e-02,  2.610515818880e+01, -6.569598615170e-02
  5.675000101328e-01,  8.729883283377e-02,  2.609459910677e+01, -4.595111310482e-02
  5.700000077486e-01,  9.891077131033e-02,  2.608298716829e+01, -3.205035626888e-02
  5.719999969006e-01,  1.089510545135e-01,  2.607294688509e+01, -2.741931192577e-02
  5.740000009537e-01,  1.196474656463e-01,  2.606225047395e+01, -2.722190134227e-02
  5.760000050068e-01,  1.309694945812e-01,  2.605092844502e+01, -3.031180612743e-02
  5.780000090599e-01,  1.428560912609e-01,  2.603904184834e+01, -3.605674207211e-02
  5.799999982119e-01,  1.552462279797e-01,  2.602665171162e+01, -4.488395154476e-02
  5.820000022650e-01,  1.680330932140e-01,  2.601386484639e+01, -5.623649060726e-02
  5.840000063181e-01,  1.811251342297e-01,  2.600077280537e+01, -6.798575818539e-02
  5.859999954700e-01,  1.944002807140e-01,  2.598749765889e+01, -7.982657849789e-02
  5.875000059605e-01,  2.044253051281e-01,  2.597747263447e+01, -8.882926404476e-02
  5.890000015497e-01,  2.144655883312e-01,  2.596743235127e+01, -9.700797498226e-02
  5.910000056028e-01,  2.277712523937e-01,  2.595412668721e+01, -1.055071204901e-01
  5.930000096560e-01,  2.409853637218e-01,  2.594091257588e+01, -1.125948280096e-01
  5.949999988079e-01,  2.539858520031e-01,  2.592791208760e+01, -1.163732856512e-01
  5.970000028610e-01,  2.667421996593e-01,  2.591515573994e+01, -1.137072294950e-01
  5.990000069141e-01,  2.793154418468e-01,  2.590258249775e+01, -1.040636748075e-01
  6.009999960661e-01,  2.917360961437e-01,  2.589016184346e+01, -9.033076465130e-02
  6.030000001192e-01,  3.040804564953e-01,  2.587781748311e+01, -7.614009082317e-02
  6.050000041723e-01,  3.163790404797e-01,  2.586551889912e+01, -6.310908496380e-02
  6.070000082254e-01,  3.287081420422e-01,  2.585318979756e+01, -5.320613086224e-02
  6.089999973774e-01,  3.410830199718e-01,  2.584081491963e+01, -4.661433398724e-02
  6.110000014305e-01,  3.534884154797e-01,  2.582840952412e+01, -4.440848529339e-02
  6.130000054836e-01,  3.659243285656e-01,  2.581597361104e+01, -4.709307849407e-02
  6.150000095367e-01,  3.783297240734e-01,  2.580356821553e+01, -5.542437732220e-02
  6.169999986887e-01,  3.906130492687e-01,  2.579128489033e+01, -6.570880115032e-02
  6.190000027418e-01,  4.026522338390e-01,  2.577924570576e+01, -7.262866199017e-02
  6.210000067949e-01,  4.144167602062e-01,  2.576748117939e+01, -7.388369739056e-02
  6.229999959469e-01,  4.258913695812e-01,  2.575600657002e+01, -6.974475085735e-02
  6.250000000000e-01,  4.370913207531e-01,  2.574480661885e+01, -6.168811023235e-02
  6.270000040531e-01,  4.480318725109e-01,  2.573386606709e+01, -5.064074695110e-02
  6.290000081062e-01,  4.587740600109e-01,  2.572312387959e+01, -3.803698718548e-02
  6.309999972582e-01,  4.693636596203e-01,  2.571253427998e+01, -2.482287399471e-02
  6.330000013113e-01,  4.798617064953e-01,  2.570203623311e+01, -1.145617570728e-02
  6.350000053644e-01,  4.903292357922e-01,  2.569156870381e+01,  2.093629445881e-03
  6.370000094175e-01,  5.008119940758e-01,  2.568108594553e+01,  1.427014265209e-02
  6.389999985695e-01,  5.113710761070e-01,  2.567052686349e+01,  2.443249709904e-02
  6.410000026226e-01,  5.220217108727e-01,  2.565987622873e+01,  3.243573009968e-02
  6.430000066757e-01,  5.328096747398e-01,  2.564908826486e+01,  3.755505383015e-02
  6.449999958277e-01,  5.436891913414e-01,  2.563820874826e+01,  3.945668041706e-02
  6.469999998808e-01,  5.546755194664e-01,  2.562722242013e+01,  3.900511562824e-02
  6.490000039339e-01,  5.656923651695e-01,  2.561620557443e+01,  3.731901943684e-02
  6.510000079870e-01,  5.767397284508e-01,  2.560515821115e+01,  3.498061001301e-02
  6.529999971390e-01,  5.877718329430e-01,  2.559412610666e+01,  3.231413662434e-02
  6.550000011921e-01,  5.987276434898e-01,  2.558317029611e+01,  3.021414764225e-02
  6.570000052452e-01,  6.095919013023e-01,  2.557230603830e+01,  2.997628785670e-02
  6.590000092983e-01,  6.203493475914e-01,  2.556154859201e+01,  3.124372102320e-02
  6.609999984503e-01,  6.309999823570e-01,  2.555089795724e+01,  3.452817350626e-02
  6.630000025034e-01,  6.414980292320e-01,  2.554039991037e+01,  3.907529264688e-02
  6.650000065565e-01,  6.519197821617e-01,  2.552997815744e+01,  4.462186247110e-02
  6.669999957085e-01,  6.622194647789e-01,  2.551967847482e+01,  5.059567838907e-02
  6.689999997616e-01,  6.724428534508e-01,  2.550945508615e+01,  5.647031217813e-02
  6.710000038147e-01,  6.826052069664e-01,  2.549929273263e+01,  6.245175749063e-02
  6.730000078678e-01,  6.926912665367e-01,  2.548920667306e+01,  6.822720915079e-02
  6.749999970198e-01,  7.027468085289e-01,  2.547915113107e+01,  7.391873747110e-02
  6.770000010729e-01,  7.127870917320e-01,  2.546911084787e+01,  7.922879606485e-02
  6.794999986887e-01,  7.252687811852e-01,  2.545662915842e+01,  8.513394743204e-02
  6.819999963045e-01,  7.377352118492e-01,  2.544416272775e+01,  9.084836393595e-02
  6.845000088215e-01,  7.502016425133e-01,  2.543169629709e+01,  9.645596891642e-02
  6.870000064373e-01,  7.626375555992e-01,  2.541926038400e+01,  1.014150753617e-01
  6.895000040531e-01,  7.750734686852e-01,  2.540682447092e+01,  1.060651913285e-01
  6.920000016689e-01,  7.874636054039e-01,  2.539443433420e+01,  1.103643551469e-01
  6.944999992847e-01,  7.998384833336e-01,  2.538205945627e+01,  1.155180111527e-01
  6.969999969006e-01,  8.121981024742e-01,  2.536969983713e+01,  1.213773861527e-01
  6.995000094175e-01,  8.245424628258e-01,  2.535735547678e+01,  1.269087046385e-01
  7.020000070333e-01,  8.368715643883e-01,  2.534502637521e+01,  1.317495554686e-01
  7.045000046492e-01,  8.492006659508e-01,  2.533269727365e+01,  1.369222849607e-01
  7.070000022650e-01,  8.615145087242e-01,  2.532038343088e+01,  1.416639536619e-01
  7.094999998808e-01,  8.738283514977e-01,  2.530806958810e+01,  1.460317820311e-01
  7.119999974966e-01,  8.861269354820e-01,  2.529577100412e+01,  1.506933420897e-01
  7.145000100136e-01,  8.984102606773e-01,  2.528348767892e+01,  1.551679819822e-01
  7.170000076294e-01,  9.107088446617e-01,  2.527118909494e+01,  1.589826792479e-01
  7.195000052452e-01,  9.229921698570e-01,  2.525890576974e+01,  1.628660410643e-01
  7.220000028610e-01,  9.352602362633e-01,  2.524663770334e+01,  1.670850962400e-01
  7.245000004768e-01,  9.475130438805e-01,  2.523438489572e+01,  1.716703623533e-01
  7.269999980927e-01,  9.597505927086e-01,  2.522214734689e+01,  1.762022227049e-01
  7.294999957085e-01,  9.719728827477e-01,  2.520992505685e+01,  1.808904856443e-01
  7.320000082254e-01,  9.841799139977e-01,  2.519771802560e+01,  1.861318796873e-01
  7.345000058413e-01,  9.963869452477e-01,  2.518551099435e+01,  1.914114207029e-01
  7.370000034571e-01,  1.008578777313e+00,  2.517331916229e+01,  1.968054026365e-01
  7.395000010729e-01,  1.020770549774e+00,  2.516112738983e+01,  2.016042917967e-01
  7.419999986887e-01,  1.032947063446e+00,  2.514895087616e+01,  2.063307017088e-01
  7.444999963045e-01,  1.045138835907e+00,  2.513675910369e+01,  2.110876291990e-01
  7.470000088215e-01,  1.057315349579e+00,  2.512458259002e+01,  2.153715342283e-01
  7.495000064373e-01,  1.069507122040e+00,  2.511239081756e+01,  2.196745127439e-01
  7.520000040531e-01,  1.081683635712e+00,  2.510021430389e+01,  2.245611399412e-01
  7.545000016689e-01,  1.093875408173e+00,  2.508802253143e+01,  2.296117991209e-01
  7.569999992847e-01,  1.106082439423e+00,  2.507581550018e+01,  2.351965159178e-01
  7.594999969006e-01,  1.118304729462e+00,  2.506359321014e+01,  2.403768748045e-01
  7.620000094175e-01,  1.130542278290e+00,  2.505135566131e+01,  2.452863901854e-01
  7.645000070333e-01,  1.142810344696e+00,  2.503908759491e+01,  2.502759993076e-01
  7.670000046492e-01,  1.155108928680e+00,  2.502678901092e+01,  2.556776106358e-01
  7.695000022650e-01,  1.167407512665e+00,  2.501449042694e+01,  2.607206404209e-01
  7.719999998808e-01,  1.179767131805e+00,  2.500213080780e+01,  2.655614912510e-01
  7.744999974966e-01,  1.192142009735e+00,  2.498975592987e+01,  2.699903547764e-01
  7.770000100136e-01,  1.204532146454e+00,  2.497736579315e+01,  2.741102278233e-01
  7.795000076294e-01,  1.216968059540e+00,  2.496492988006e+01,  2.783636152744e-01
  7.820000052452e-01,  1.229403972626e+00,  2.495249396698e+01,  2.825979292393e-01
  7.845000028610e-01,  1.241839885712e+00,  2.494005805389e+01,  2.868169844151e-01
  7.870000004768e-01,  1.254291057587e+00,  2.492760688201e+01,  2.910780012608e-01
  7.894999980927e-01,  1.266726970673e+00,  2.491517096893e+01,  2.959798872471e-01
  7.919999957085e-01,  1.279193401337e+00,  2.490270453826e+01,  3.010686933994e-01
  7.945000082254e-01,  1.291644573212e+00,  2.489025336639e+01,  3.055509626865e-01
  7.970000058413e-01,  1.304080486298e+00,  2.487781745330e+01,  3.100332319736e-01
  7.995000034571e-01,  1.316531658173e+00,  2.486536628143e+01,  3.144048750401e-01
  8.020000010729e-01,  1.328967571259e+00,  2.485293036834e+01,  3.188757002354e-01
  8.044999986887e-01,  1.341388225555e+00,  2.484050971405e+01,  3.234266340733e-01
  8.069999963045e-01,  1.353793621063e+00,  2.482810431854e+01,  3.277029097080e-01
  8.095000088215e-01,  1.366168498993e+00,  2.481572944061e+01,  3.318418562412e-01
  8.120000064373e-01,  1.378512859344e+00,  2.480338508026e+01,  3.364767134190e-01
  8.145000040531e-01,  1.390825986862e+00,  2.479107195274e+01,  3.416005969048e-01
  8.170000016689e-01,  1.403124570847e+00,  2.477877336875e+01,  3.467733263969e-01
  8.194999992847e-01,  1.415407896042e+00,  2.476649004356e+01,  3.517858386040e-01
  8.219999969006e-01,  1.427645444870e+00,  2.475425249473e+01,  3.567678332329e-01
  8.245000094175e-01,  1.439882993698e+00,  2.474201494590e+01,  3.622762560844e-01
  8.270000070333e-01,  1.452105283737e+00,  2.472979265586e+01,  3.679296374321e-01
  8.295000046492e-01,  1.464312314987e+00,  2.471758562461e+01,  3.731710314751e-01
  8.320000022650e-01,  1.476519346237e+00,  2.470537859336e+01,  3.788244128227e-01
  8.344999998808e-01,  1.488741636276e+00,  2.469315630332e+01,  3.846303820610e-01
  8.369999974966e-01,  1.501009702682e+00,  2.468088823692e+01,  3.896276354790e-01
  8.395000100136e-01,  1.513262510300e+00,  2.466863542930e+01,  3.937665820122e-01
  8.420000076294e-01,  1.525530576706e+00,  2.465636736290e+01,  3.979627490044e-01
  8.445000052452e-01,  1.537813901901e+00,  2.464408403770e+01,  4.028226733208e-01
  8.470000028610e-01,  1.550112485886e+00,  2.463178545372e+01,  4.082776904106e-01
  8.495000004768e-01,  1.562441587448e+00,  2.461945635215e+01,  4.139768481255e-01
  8.519999980927e-01,  1.574785947800e+00,  2.460711199180e+01,  4.192182421684e-01
  8.544999957085e-01,  1.587160825729e+00,  2.459473711387e+01,  4.241124987602e-01
  8.570000082254e-01,  1.599566221237e+00,  2.458233171836e+01,  4.284803271294e-01
  8.595000058413e-01,  1.611971616745e+00,  2.456992632286e+01,  4.332296252251e-01
  8.620000034571e-01,  1.624407529831e+00,  2.455749040977e+01,  4.372693896294e-01
  8.645000010729e-01,  1.636843442917e+00,  2.454505449668e+01,  4.405919909477e-01
  8.669999986887e-01,  1.649264097214e+00,  2.453263384239e+01,  4.438840746880e-01
  8.694999963045e-01,  1.661684751511e+00,  2.452021318809e+01,  4.484311938286e-01
  8.720000088215e-01,  1.674090147018e+00,  2.450780779258e+01,  4.533521533012e-01
  8.745000064373e-01,  1.686510801315e+00,  2.449538713829e+01,  4.581624865532e-01
  8.770000040531e-01,  1.698916196823e+00,  2.448298174278e+01,  4.633581042290e-01
  8.795000016689e-01,  1.711321592331e+00,  2.447057634727e+01,  4.692098498344e-01
  8.819999992847e-01,  1.723757505417e+00,  2.445814043418e+01,  4.745962023735e-01
  8.844999969006e-01,  1.736193418503e+00,  2.444570452110e+01,  4.798070788383e-01
  8.870000094175e-01,  1.748644590378e+00,  2.443325334922e+01,  4.854452013969e-01
  8.895000070333e-01,  1.761111021042e+00,  2.442078691856e+01,  4.910833239555e-01
  8.920000046492e-01,  1.773607969284e+00,  2.440828997032e+01,  4.966146349907e-01
  8.945000022650e-01,  1.786120176315e+00,  2.439577776329e+01,  5.017797350883e-01
  8.965000063181e-01,  1.796129941940e+00,  2.438576799766e+01,  5.054304003716e-01
  8.984999954700e-01,  1.806170225143e+00,  2.437572771446e+01,  5.091039538383e-01
  9.004999995232e-01,  1.816210508347e+00,  2.436568743125e+01,  5.131322741508e-01
  9.025000035763e-01,  1.826281309128e+00,  2.435561663047e+01,  5.174199938774e-01
  9.045000076294e-01,  1.836336851120e+00,  2.434556108848e+01,  5.216924548149e-01
  9.064999967813e-01,  1.846407651901e+00,  2.433549028770e+01,  5.259725451469e-01
  9.085000008345e-01,  1.856508970261e+00,  2.432538896934e+01,  5.303136706352e-01
  9.105000048876e-01,  1.866625547409e+00,  2.431527239219e+01,  5.343496203423e-01
  9.125000089407e-01,  1.876757383347e+00,  2.430514055625e+01,  5.387060046196e-01
  9.144999980927e-01,  1.886889219284e+00,  2.429500872032e+01,  5.430700182915e-01
  9.165000021458e-01,  1.897051572800e+00,  2.428484636680e+01,  5.475103259087e-01
  9.185000061989e-01,  1.907244443893e+00,  2.427465349571e+01,  5.519658923149e-01
  9.205000102520e-01,  1.917437314987e+00,  2.426446062461e+01,  5.559751391411e-01
  9.224999994040e-01,  1.927645444870e+00,  2.425425249473e+01,  5.593358874321e-01
  9.245000034571e-01,  1.937868833542e+00,  2.424402910606e+01,  5.624753832817e-01
  9.265000075102e-01,  1.948092222214e+00,  2.423380571739e+01,  5.656034350395e-01
  9.284999966621e-01,  1.958315610886e+00,  2.422358232872e+01,  5.684835314751e-01
  9.305000007153e-01,  1.968523740768e+00,  2.421337419883e+01,  5.716268420219e-01
  9.325000047684e-01,  1.978731870651e+00,  2.420316606895e+01,  5.749723315239e-01
  9.345000088215e-01,  1.988909482956e+00,  2.419298845665e+01,  5.784894824028e-01
  9.364999979734e-01,  1.999056577682e+00,  2.418284136192e+01,  5.821134448051e-01
  9.385000020266e-01,  2.009188413620e+00,  2.417270952598e+01,  5.861493945122e-01
  9.405000060797e-01,  2.019289731979e+00,  2.416260820762e+01,  5.902540087700e-01
  9.425000101328e-01,  2.029375791550e+00,  2.415252214805e+01,  5.943357348442e-01
  9.444999992847e-01,  2.039446592331e+00,  2.414245134727e+01,  5.987913012505e-01
  9.465000033379e-01,  2.049517393112e+00,  2.413238054649e+01,  6.035825610161e-01
  9.485000073910e-01,  2.059557676315e+00,  2.412234026329e+01,  6.084501147270e-01
  9.504999965429e-01,  2.069597959518e+00,  2.411229998008e+01,  6.130887866020e-01
  9.525000005960e-01,  2.079622983932e+00,  2.410227495567e+01,  6.175977587700e-01
  9.545000046492e-01,  2.089648008347e+00,  2.409224993125e+01,  6.217862963676e-01
  9.565000087023e-01,  2.099673032761e+00,  2.408222490684e+01,  6.259672045708e-01
  9.584999978542e-01,  2.109698057175e+00,  2.407219988243e+01,  6.300870776176e-01
  9.605000019073e-01,  2.119723081589e+00,  2.406217485801e+01,  6.346265673637e-01
  9.625000059605e-01,  2.129763364792e+00,  2.405213457481e+01,  6.391889452934e-01
  9.645000100136e-01,  2.139803647995e+00,  2.404209429161e+01,  6.438733935356e-01
  9.664999991655e-01,  2.149843931198e+00,  2.403205400840e+01,  6.485959887505e-01
  9.685000032187e-01,  2.159884214401e+00,  2.402201372520e+01,  6.527463793755e-01
  9.705000072718e-01,  2.169955015182e+00,  2.401194292442e+01,  6.568891406059e-01
  9.724999964237e-01,  2.180025815964e+00,  2.400187212364e+01,  6.610929369926e-01
  9.745000004768e-01,  2.190096616745e+00,  2.399180132286e+01,  6.650411486626e-01
  9.765000045300e-01,  2.200182676315e+00,  2.398171526329e+01,  6.689130663872e-01
  9.785000085831e-01,  2.210268735886e+00,  2.397162920372e+01,  6.729947924614e-01
  9.804999977350e-01,  2.220370054245e+00,  2.396152788536e+01,  6.767713427544e-01
  9.825000017881e-01,  2.230471372604e+00,  2.395142656700e+01,  6.805936694145e-01
  9.845000058413e-01,  2.240587949753e+00,  2.394130998985e+01,  6.845189929008e-01
  9.865000098944e-01,  2.250704526901e+00,  2.393119341270e+01,  6.881582140923e-01
  9.884999990463e-01,  2.260836362839e+00,  2.392106157676e+01,  6.915418505669e-01
  9.905000030994e-01,  2.270968198776e+00,  2.391092974082e+01,  6.949903368950e-01
  9.925000071526e-01,  2.281100034714e+00,  2.390079790489e+01,  6.988546252251e-01
  9.944999963045e-01,  2.291216611862e+00,  2.389068132774e+01,  7.025815844536e-01
  9.965000003576e-01,  2.301333189011e+00,  2.388056475059e+01,  7.064687609673e-01
  9.985000044107e-01,  2.311434507370e+00,  2.387046343223e+01,  7.104741930962e-01
  1.000500008464e+00,  2.321566343307e+00,  2.386033159629e+01,  7.145559191704e-01
  1.002499997616e+00,  2.331652402878e+00,  2.385024553672e+01,  7.185155749321e-01
  1.004500001669e+00,  2.341753721237e+00,  2.384014421836e+01,  7.226201891899e-01
  1.006500005722e+00,  2.351855039597e+00,  2.383004290000e+01,  7.264615893364e-01
  1.008500009775e+00,  2.361925840378e+00,  2.381997209922e+01,  7.300550341606e-01
  1.010499998927e+00,  2.372011899948e+00,  2.380988603965e+01,  7.338201403618e-01
  1.012500002980e+00,  2.382067441940e+00,  2.379983049766e+01,  7.378522753716e-01
  1.014500007033e+00,  2.392138242722e+00,  2.378975969688e+01,  7.422162890434e-01
  1.016499996185e+00,  2.402209043503e+00,  2.377968889610e+01,  7.463056445122e-01
  1.018500000238e+00,  2.412295103073e+00,  2.376960283653e+01,  7.502805590630e-01
  1.020500004292e+00,  2.422365903854e+00,  2.375953203575e+01,  7.543012499809e-01
  1.022500008345e+00,  2.432421445847e+00,  2.374947649375e+01,  7.587034106255e-01
  1.024499997497e+00,  2.442522764206e+00,  2.373937517540e+01,  7.632429003716e-01
  1.026500001550e+00,  2.452608823776e+00,  2.372928911582e+01,  7.676603198051e-01
  1.028500005603e+00,  2.462710142136e+00,  2.371918779747e+01,  7.721158862114e-01
  1.030500009656e+00,  2.472811460495e+00,  2.370908647911e+01,  7.764341235161e-01
  1.032499998808e+00,  2.482928037643e+00,  2.369896990196e+01,  7.804853320122e-01
  1.034500002861e+00,  2.493029356003e+00,  2.368886858360e+01,  7.848722338676e-01
  1.036500006914e+00,  2.503145933151e+00,  2.367875200645e+01,  7.903119921684e-01
  1.038499996066e+00,  2.513262510300e+00,  2.366863542930e+01,  7.957136034966e-01
  1.040500000119e+00,  2.523379087448e+00,  2.365851885215e+01,  8.006040453911e-01
  1.042500004172e+00,  2.533541440964e+00,  2.364835649864e+01,  8.048307299614e-01
  1.044500008225e+00,  2.543688535690e+00,  2.363820940391e+01,  8.087751269341e-01
  1.046499997377e+00,  2.553866147995e+00,  2.362803179161e+01,  8.126966357231e-01
  1.048500001431e+00,  2.564059019089e+00,  2.361783892051e+01,  8.163511157036e-01
  1.050500005484e+00,  2.574221372604e+00,  2.360767656700e+01,  8.196851611137e-01
  1.052500009537e+00,  2.584398984909e+00,  2.359749895469e+01,  8.229810595512e-01
  1.054499998689e+00,  2.594576597214e+00,  2.358732134239e+01,  8.265554308891e-01
  1.056500002742e+00,  2.604723691940e+00,  2.357717424766e+01,  8.306218981743e-01
  1.058500006795e+00,  2.614870786667e+00,  2.356702715293e+01,  8.350698351860e-01
  1.060499995947e+00,  2.625002622604e+00,  2.355689531700e+01,  8.393575549126e-01
  1.062500000000e+00,  2.635119199753e+00,  2.354677873985e+01,  8.434697985649e-01
  1.064500004053e+00,  2.645219087601e+00,  2.353667885200e+01,  8.473858833313e-01
  1.066500008106e+00,  2.655289888382e+00,  2.352660805122e+01,  8.515744209290e-01
  1.068499997258e+00,  2.665360689163e+00,  2.351653725044e+01,  8.560299873352e-01
  1.070500001311e+00,  2.675431489944e+00,  2.350646644966e+01,  8.601117134094e-01
  1.072500005364e+00,  2.685471773148e+00,  2.349642616645e+01,  8.640103340149e-01
  1.074500009418e+00,  2.695481538773e+00,  2.348641640083e+01,  8.684582710266e-01
  1.076499998569e+00,  2.705491304398e+00,  2.347640663520e+01,  8.730816841125e-01
  1.078999996185e+00,  2.717972993851e+00,  2.346392494575e+01,  8.783154487610e-01
  1.081500008702e+00,  2.730439424515e+00,  2.345145851509e+01,  8.836636543274e-01
  1.084000006318e+00,  2.742905855179e+00,  2.343899208442e+01,  8.885655403137e-01
  1.086500003934e+00,  2.755341768265e+00,  2.342655617134e+01,  8.924946784973e-01
  1.089000001550e+00,  2.767716646194e+00,  2.341418129341e+01,  8.960995674133e-01
  1.091499999166e+00,  2.780030488968e+00,  2.340186745063e+01,  8.999981880188e-01
  1.093999996781e+00,  2.792268037796e+00,  2.338962990181e+01,  9.034085273743e-01
  1.096500009298e+00,  2.804368257523e+00,  2.337752968208e+01,  9.060864448547e-01
  1.099000006914e+00,  2.816331148148e+00,  2.336556679145e+01,  9.081997871399e-01
  1.101500004530e+00,  2.828141450882e+00,  2.335375648872e+01,  9.104199409485e-01
  1.104000002146e+00,  2.839722871780e+00,  2.334217506782e+01,  9.124722480774e-01
  1.106499999762e+00,  2.851075410843e+00,  2.333082252876e+01,  9.141945838928e-01
  1.108999997377e+00,  2.862153291702e+00,  2.331974464790e+01,  9.155898094177e-01
  1.111500009894e+00,  2.872925996780e+00,  2.330897194282e+01,  9.163036346436e-01
  1.114000007510e+00,  2.883347749710e+00,  2.329855018989e+01,  9.168810844421e-01
  1.116500005126e+00,  2.893403291702e+00,  2.328849464790e+01,  9.174544811249e-01
  1.119499996305e+00,  2.904877901077e+00,  2.327702003852e+01,  9.172760844231e-01
  1.122500002384e+00,  2.915673494339e+00,  2.326622444526e+01,  9.179415106773e-01
  1.125500008464e+00,  2.925736665726e+00,  2.325616127388e+01,  9.190592169762e-01
  1.129000008106e+00,  2.936494112015e+00,  2.324540382759e+01,  9.206661581993e-01
  1.133000001311e+00,  2.947480440140e+00,  2.323441749946e+01,  9.238666892052e-01
  1.137500002980e+00,  2.958146333694e+00,  2.322375160591e+01,  9.285663962364e-01
  1.143000006676e+00,  2.968858003616e+00,  2.321303993598e+01,  9.347996115685e-01
  1.150000005960e+00,  2.979081392288e+00,  2.320281654731e+01,  9.445804953575e-01
  1.161500006914e+00,  2.989253282547e+00,  2.319264465705e+01,  9.616855978966e-01
  1.192000001669e+00,  2.998069047928e+00,  2.318382889167e+01,  9.799547791481e-01
  1.292500004172e+00,  3.002662897110e+00,  2.317923504249e+01,  9.651371240616e-01
  1.393000006676e+00,  3.002345323563e+00,  2.317955261604e+01,  9.534528851509e-01
  1.493500009179e+00,  3.001746416092e+00,  2.318015152351e+01,  9.462359547615e-01
  1.593999996781e+00,  3.001266717911e+00,  2.318063122169e+01,  9.397977590561e-01
  1.694000005722e+00,  3.000875711441e+00,  2.318102222816e+01,  9.354523420334e-01
  1.794500008225e+00,  3.000567436218e+00,  2.318133050338e+01,  9.298962950706e-01
  1.894999995828e+00,  3.000406026840e+00,  2.318149191276e+01,  9.256341457367e-01
  1.995000004768e+00,  3.000228643417e+00,  2.318166929618e+01,  9.226270318031e-01
  2.095500007272e+00,  3.000141382217e+00,  2.318175655738e+01,  9.226660728455e-01
  2.196000009775e+00,  3.000096559525e+00,  2.318180138008e+01,  9.179171323776e-01
  2.296499997377e+00,  3.000055074692e+00,  2.318184286491e+01,  9.143200516701e-01
  2.396500006318e+00,  3.000076293945e+00,  2.318182164566e+01,  9.113441109657e-01
  2.497000008821e+00,  3.000066757202e+00,  2.318183118240e+01,  9.115243554115e-01
  2.597499996424e+00,  3.000036239624e+00,  2.318186169998e+01,  9.081472158432e-01
  2.697500005364e+00,  3.000021457672e+00,  2.318187648193e+01,  9.066348671913e-01
  2.798000007868e+00,  3.000022172928e+00,  2.318187576667e+01,  9.046465754509e-01
  2.898499995470e+00,  3.000051736832e+00,  2.318184620277e+01,  9.032683372498e-01
  2.998500004411e+00,  3.000006198883e+00,  2.318189174072e+01,  9.022877812386e-01
  3.099000006914e+00,  2.999997138977e+00,  2.318190080062e+01,  9.013839960098e-01
  3.199500009418e+00,  3.000020503998e+00,  2.318187743560e+01,  8.991962671280e-01
  3.299999997020e+00,  2.999990463257e+00,  2.318190747634e+01,  8.976863026619e-01
  3.400000005960e+00,  3.000005245209e+00,  2.318189269439e+01,  8.973538875580e-01
  3.500500008464e+00,  3.000021219254e+00,  2.318187672035e+01,  8.952506184578e-01
  3.600999996066e+00,  2.999980688095e+00,  2.318191725151e+01,  8.934469223022e-01
  3.701000005007e+00,  3.000013828278e+00,  2.318188411132e+01,  8.918934464455e-01
  3.801500007510e+00,  3.000040531158e+00,  2.318185740844e+01,  8.932329416275e-01
  3.902000010014e+00,  3.000019788742e+00,  2.318187815086e+01,  8.895205259323e-01
  4.002499997616e+00,  3.000027418137e+00,  2.318187052146e+01,  8.903275728226e-01
  4.102500006557e+00,  3.000010013580e+00,  2.318188792602e+01,  8.881099224091e-01
  4.203000009060e+00,  3.000021696091e+00,  2.318187624351e+01,  8.843906521797e-01
  4.303499996662e+00,  3.000017642975e+00,  2.318188029663e+01,  8.848599791527e-01
  4.403500005603e+00,  3.000002861023e+00,  2.318189507858e+01,  8.850658535957e-01
  4.504000008106e+00,  2.999979496002e+00,  2.318191844360e+01,  8.854914903641e-01
  4.604499995708e+00,  3.000039100647e+00,  2.318185883895e+01,  8.822605609894e-01
  4.704500004649e+00,  3.000035524368e+00,  2.318186241523e+01,  8.839771747589e-01
  4.805000007153e+00,  2.999999046326e+00,  2.318189889328e+01,  8.820331096649e-01
  4.905500009656e+00,  2.999991893768e+00,  2.318190604583e+01,  8.823735117912e-01
  5.005999997258e+00,  3.000001430511e+00,  2.318189650909e+01,  8.806554079056e-01
  5.106000006199e+00,  2.999989509583e+00,  2.318190843002e+01,  8.794701695442e-01
  5.206500008702e+00,  3.000002145767e+00,  2.318189579383e+01,  8.804145455360e-01
  5.306999996305e+00,  2.999972820282e+00,  2.318192511932e+01,  8.806684017181e-01
  5.407000005245e+00,  3.000010728836e+00,  2.318188721077e+01,  8.783665895462e-01
  5.507500007749e+00,  3.000009775162e+00,  2.318188816444e+01,  8.798140883446e-01
  5.608000010252e+00,  3.000018358231e+00,  2.318187958137e+01,  8.778908252716e-01
  5.708499997854e+00,  3.000009775162e+00,  2.318188816444e+01,  8.774544596672e-01
  5.808500006795e+00,  3.000036239624e+00,  2.318186169998e+01,  8.780732750893e-01
  5.909000009298e+00,  3.000018835068e+00,  2.318187910453e+01,  8.773418068886e-01
  6.009000003338e+00,  3.000021219254e+00,  2.318187672035e+01,  8.783125281334e-01
  6.108999997377e+00,  2.999975919724e+00,  2.318192201988e+01,  8.756352066994e-01
  6.209000006318e+00,  3.000000000000e+00,  2.318189793960e+01,  8.733475804329e-01
  6.309000000358e+00,  3.000010967255e+00,  2.318188697235e+01,  8.732496500015e-01
  6.409000009298e+00,  3.000000000000e+00,  2.318189793960e+01,  8.741902709007e-01
  6.509000003338e+00,  3.000019550323e+00,  2.318187838928e+01,  8.727265596390e-01
  6.608999997377e+00,  2.999982118607e+00,  2.318191582099e+01,  8.741753697395e-01
  6.709000006318e+00,  3.000008344650e+00,  2.318188959495e+01,  8.728894591331e-01
  6.809000000358e+00,  2.999997377396e+00,  2.318190056221e+01,  8.718577027321e-01
  6.909000009298e+00,  2.999995708466e+00,  2.318190223114e+01,  8.720022439957e-01
  7.009000003338e+00,  3.000002145767e+00,  2.318189579383e+01,  8.717206120491e-01
  7.108999997377e+00,  2.999992370605e+00,  2.318190556900e+01,  8.713284730911e-01
  7.209000006318e+00,  3.000011444092e+00,  2.318188649551e+01,  8.685278892517e-01
  7.309000000358e+00,  3.000000953674e+00,  2.318189698593e+01,  8.680444955826e-01
  7.409000009298e+00,  2.999983549118e+00,  2.318191439048e+01,  8.693662285805e-01
  7.509000003338e+00,  3.000016450882e+00,  2.318188148872e+01,  8.682140707970e-01
  7.608999997377e+00,  3.000028133392e+00,  2.318186980621e+01,  8.682779669762e-01
  7.709000006318e+00,  3.000005245209e+00,  2.318189269439e+01,  8.669363856316e-01
  7.809000000358e+00,  2.999999046326e+00,  2.318189889328e+01,  8.682494163513e-01
  7.909000009298e+00,  2.999983549118e+00,  2.318191439048e+01,  8.673409223557e-01
  8.009000003338e+00,  2.999994277954e+00,  2.318190366165e+01,  8.672696948051e-01
  8.108999997377e+00,  3.000009775162e+00,  2.318188816444e+01,  8.658910393715e-01
  8.209000006318e+00,  2.999999523163e+00,  2.318189841644e+01,  8.639489412308e-01
  8.309000000358e+00,  3.000006437302e+00,  2.318189150230e+01,  8.666312694550e-01
  8.409000009298e+00,  3.000007867813e+00,  2.318189007179e+01,  8.636841773987e-01
  8.509000003338e+00,  2.999993324280e+00,  2.318190461532e+01,  8.664389848709e-01
  8.608999997377e+00,  3.000032663345e+00,  2.318186527626e+01,  8.640041351318e-01
  8.709000006318e+00,  3.000018119812e+00,  2.318187981979e+01,  8.640066981316e-01
  8.809000000358e+00,  3.000023126602e+00,  2.318187481300e+01,  8.603703975677e-01
  8.909000009298e+00,  3.000007390976e+00,  2.318189054863e+01,  8.598235249519e-01
  9.009000003338e+00,  3.000050067902e+00,  2.318184787170e+01,  8.602907061577e-01
  9.108999997377e+00,  2.999992132187e+00,  2.318190580741e+01,  8.582702875137e-01
  9.209000006318e+00,  2.999978542328e+00,  2.318191939727e+01,  8.615046739578e-01
  9.309000000358e+00,  3.000002622604e+00,  2.318189531700e+01,  8.568996191025e-01
  9.409000009298e+00,  2.999969244003e+00,  2.318192869560e+01,  8.586480617523e-01
  9.509000003338e+00,  3.000015258789e+00,  2.318188268081e+01,  8.589363694191e-01
  9.608999997377e+00,  3.000001192093e+00,  2.318189674751e+01,  8.602498173714e-01
  9.709000006318e+00,  3.000023603439e+00,  2.318187433616e+01,  8.564494848251e-01
  9.809000000358e+00,  2.999997138977e+00,  2.318190080062e+01,  8.597092628479e-01
  9.909000009298e+00,  2.999995708466e+00,  2.318190223114e+01,  8.552803993225e-01
  1.000900000334e+01,  3.000024795532e+00,  2.318187314407e+01,  8.559270501137e-01
  1.010899999738e+01,  3.000013589859e+00,  2.318188434974e+01,  8.549869060516e-01
  1.020900000632e+01,  3.000027656555e+00,  2.318187028305e+01,  8.552043437958e-01
  1.030900000036e+01,  3.000029325485e+00,  2.318186861412e+01,  8.560903072357e-01
  1.040900000930e+01,  2.999992132187e+00,  2.318190580741e+01,  8.585969805717e-01
  1.050900000334e+01,  3.000043392181e+00,  2.318185454742e+01,  8.546517491341e-01
  1.060899999738e+01,  3.000005006790e+00,  2.318189293281e+01,  8.533787727356e-01
  1.070900000632e+01,  2.999984502792e+00,  2.318191343681e+01,  8.529995083809e-01
  1.080900000036e+01,  3.000023126602e+00,  2.318187481300e+01,  8.534618020058e-01
  1.090900000930e+01,  2.999979019165e+00,  2.318191892044e+01,  8.512881994247e-01
  1.100900000334e+01,  2.999977827072e+00,  2.318192011253e+01,  8.544442057610e-01
  1.110899999738e+01,  2.999999284744e+00,  2.318189865486e+01,  8.540154695511e-01
  1.120900000632e+01,  2.999986410141e+00,  2.318191152946e+01,  8.527458310127e-01
  1.129199999571e+01,  3.000015497208e+00,  2.318188244239e+01,  8.521974682808e-01
  1.129299999774e+01,  3.000017404556e+00,  2.318188053504e+01,  8.522118926048e-01
  1.129600000381e+01,  3.000013113022e+00,  2.318188482658e+01,  8.523347973824e-01
  1.139599999785e+01,  2.999867916107e+00,  2.318203002349e+01,  8.511834740639e-01
  1.147349999845e+01,  2.989708900452e+00,  2.319218903915e+01,  8.440502882004e-01
  1.149150000513e+01,  2.979507446289e+00,  2.320239049331e+01,  8.229092359543e-01
  1.150100000203e+01,  2.969375610352e+00,  2.321252232925e+01,  8.178972005844e-01
  1.150850000978e+01,  2.958961486816e+00,  2.322293645278e+01,  8.222564458847e-01
  1.151500000060e+01,  2.948890686035e+00,  2.323300725357e+01,  8.226225972176e-01
  1.152150000632e+01,  2.938209533691e+00,  2.324368840591e+01,  8.208234906197e-01
  1.152750000358e+01,  2.928047180176e+00,  2.325385075943e+01,  8.180826306343e-01
  1.153350000083e+01,  2.917827606201e+00,  2.326407033340e+01,  8.188673257828e-01
  1.154000000656e+01,  2.907066345215e+00,  2.327483159439e+01,  8.199320435524e-01
  1.154700000584e+01,  2.896411895752e+00,  2.328548604385e+01,  8.222963213921e-01
  1.155449999869e+01,  2.886241912842e+00,  2.329565602676e+01,  8.063852190971e-01
  1.156250000000e+01,  2.875675201416e+00,  2.330622273819e+01,  7.865411639214e-01
  1.156949999928e+01,  2.865661621094e+00,  2.331623631851e+01,  7.794237732887e-01
  1.157649999857e+01,  2.854980468750e+00,  2.332691747085e+01,  7.844753861427e-01
  1.158349999785e+01,  2.844322204590e+00,  2.333757573501e+01,  7.859866023064e-01
  1.159049999714e+01,  2.834118366241e+00,  2.334777957336e+01,  7.819681167603e-01
  1.159800000489e+01,  2.823902606964e+00,  2.335799533264e+01,  7.782831192017e-01
  1.160649999976e+01,  2.813358783722e+00,  2.336853915588e+01,  7.753174304962e-01
  1.161599999666e+01,  2.803301334381e+00,  2.337859660522e+01,  7.782692909241e-01
  1.162849999964e+01,  2.793283939362e+00,  2.338861400024e+01,  7.566418647766e-01
  1.164149999619e+01,  2.783096790314e+00,  2.339880114929e+01,  7.437100410461e-01
  1.165299999714e+01,  2.772610187531e+00,  2.340928775207e+01,  7.370409965515e-01
  1.166300000250e+01,  2.762356281281e+00,  2.341954165832e+01,  7.330756187439e-01
  1.167249999940e+01,  2.752022266388e+00,  2.342987567321e+01,  7.294893264771e-01
  1.168199999630e+01,  2.741596698761e+00,  2.344030124084e+01,  7.274322509766e-01
  1.169150000811e+01,  2.731518268585e+00,  2.345037967102e+01,  7.250673770905e-01
  1.170149999857e+01,  2.721502780914e+00,  2.346039515869e+01,  7.215435504913e-01
  1.171250000596e+01,  2.711164951324e+00,  2.347073298828e+01,  7.162630558014e-01
  1.172400000691e+01,  2.700735569000e+00,  2.348116237060e+01,  7.088778018951e-01
  1.173499999940e+01,  2.690577030182e+00,  2.349132090942e+01,  7.018425464630e-01
  1.174549999833e+01,  2.680452823639e+00,  2.350144511596e+01,  6.974451541901e-01
  1.175550000370e+01,  2.670439243317e+00,  2.351145869628e+01,  6.910974979401e-01
  1.176550000906e+01,  2.660044193268e+00,  2.352185374633e+01,  6.876590251923e-01
  1.177500000596e+01,  2.650022983551e+00,  2.353187495605e+01,  6.840746402740e-01
  1.178499999642e+01,  2.639574527740e+00,  2.354232341186e+01,  6.779921054840e-01
  1.179500000179e+01,  2.629187107086e+00,  2.355271083251e+01,  6.700747013092e-01
  1.180449999869e+01,  2.619089603424e+00,  2.356280833618e+01,  6.671366691589e-01
  1.181399999559e+01,  2.608889102936e+00,  2.357300883667e+01,  6.641237735748e-01
  1.182350000739e+01,  2.598810672760e+00,  2.358308726684e+01,  6.603577136993e-01
  1.183349999785e+01,  2.588476657867e+00,  2.359342128173e+01,  6.556370258331e-01
  1.184350000322e+01,  2.578381776810e+00,  2.360351616279e+01,  6.517161726952e-01
  1.185400000215e+01,  2.568204164505e+00,  2.361369377510e+01,  6.471540331841e-01
  1.186500000954e+01,  2.557944536209e+00,  2.362395340339e+01,  6.400052905083e-01
  1.187600000203e+01,  2.547602891922e+00,  2.363429504768e+01,  6.350929141045e-01
  1.188650000095e+01,  2.537410020828e+00,  2.364448791877e+01,  6.304370760918e-01
  1.189650000632e+01,  2.527365922928e+00,  2.365453201667e+01,  6.258327364922e-01
  1.190649999678e+01,  2.517157793045e+00,  2.366474014656e+01,  6.230482459068e-01
  1.191650000215e+01,  2.506957292557e+00,  2.367494064704e+01,  6.188492178917e-01
  1.192650000751e+01,  2.496840715408e+00,  2.368505722419e+01,  6.136669516563e-01
  1.193649999797e+01,  2.486819505692e+00,  2.369507843391e+01,  6.096639037132e-01
  1.194699999690e+01,  2.476489305496e+00,  2.370540863410e+01,  6.044291853905e-01
  1.195749999583e+01,  2.466244935989e+00,  2.371565300361e+01,  5.980510115623e-01
  1.196800000966e+01,  2.455971956253e+00,  2.372592598335e+01,  5.927972197533e-01
  1.197850000858e+01,  2.445607423782e+00,  2.373629051582e+01,  5.886592268944e-01
  1.198900000751e+01,  2.435158967972e+00,  2.374673897163e+01,  5.830382704735e-01
  1.199899999797e+01,  2.425111055374e+00,  2.375678688423e+01,  5.793914198875e-01
  1.200900000334e+01,  2.415044069290e+00,  2.376685387031e+01,  5.752562880516e-01
  1.201900000870e+01,  2.404950380325e+00,  2.377694755928e+01,  5.704545378685e-01
  1.202899999917e+01,  2.394852876663e+00,  2.378704506294e+01,  5.664343237877e-01
  1.203900000453e+01,  2.384793519974e+00,  2.379710441963e+01,  5.622062087059e-01
  1.204900000989e+01,  2.374783754349e+00,  2.380711418525e+01,  5.586580634117e-01
  1.205900000036e+01,  2.364773988724e+00,  2.381712395088e+01,  5.538391470909e-01
  1.206900000572e+01,  2.354699373245e+00,  2.382719856636e+01,  5.495190024376e-01
  1.207899999619e+01,  2.344571352005e+00,  2.383732658760e+01,  5.449489951134e-01
  1.208900000155e+01,  2.334490060806e+00,  2.384740787879e+01,  5.404785871506e-01
  1.209950000048e+01,  2.324041604996e+00,  2.385785633461e+01,  5.354460477829e-01
  1.210999999940e+01,  2.313677072525e+00,  2.386822086708e+01,  5.306509733200e-01
  1.212049999833e+01,  2.303385019302e+00,  2.387851292030e+01,  5.268992185593e-01
  1.213099999726e+01,  2.293094873428e+00,  2.388880306617e+01,  5.223368406296e-01
  1.214149999619e+01,  2.282715082169e+00,  2.389918285743e+01,  5.182455778122e-01
  1.215200001001e+01,  2.272236108780e+00,  2.390966183082e+01,  5.129154920578e-01
  1.216250000894e+01,  2.261768579483e+00,  2.392012936012e+01,  5.093554258347e-01
  1.217300000787e+01,  2.251362085342e+00,  2.393053585426e+01,  5.053681135178e-01
  1.218350000679e+01,  2.240989923477e+00,  2.394090801612e+01,  4.994648694992e-01
  1.219400000572e+01,  2.230598688126e+00,  2.395129925148e+01,  4.943379163742e-01
  1.220450000465e+01,  2.220161676407e+00,  2.396173626319e+01,  4.906567335129e-01
  1.221500000358e+01,  2.209743738174e+00,  2.397215420143e+01,  4.867175817490e-01
  1.222550000250e+01,  2.199356317520e+00,  2.398254162208e+01,  4.824393987656e-01
  1.223600000143e+01,  2.188915491104e+00,  2.399298244850e+01,  4.785217046738e-01
  1.224600000679e+01,  2.178821802139e+00,  2.400307613746e+01,  4.745754003525e-01
  1.225599999726e+01,  2.168667078018e+00,  2.401323086158e+01,  4.702523946762e-01
  1.226600000262e+01,  2.158558130264e+00,  2.402333980934e+01,  4.669908285141e-01
  1.227650000155e+01,  2.148128747940e+00,  2.403376919166e+01,  4.619354009628e-01
  1.228700000048e+01,  2.137899637222e+00,  2.404399830238e+01,  4.573549032211e-01
  1.229749999940e+01,  2.127794504166e+00,  2.405410343544e+01,  4.518407583237e-01
  1.230799999833e+01,  2.117521524429e+00,  2.406437641517e+01,  4.461959600449e-01
  1.231800000370e+01,  2.107443094254e+00,  2.407445484535e+01,  4.407876729965e-01
  1.232800000906e+01,  2.097189188004e+00,  2.408470875160e+01,  4.378446340561e-01
  1.233799999952e+01,  2.086918115616e+00,  2.409497982399e+01,  4.339164793491e-01
  1.234800000489e+01,  2.076706171036e+00,  2.410519176857e+01,  4.312438070774e-01
  1.235800001025e+01,  2.066662073135e+00,  2.411523586647e+01,  4.282273352146e-01
  1.236850000918e+01,  2.056255578995e+00,  2.412564236061e+01,  4.236010611057e-01
  1.237900000811e+01,  2.045807123184e+00,  2.413609081642e+01,  4.180592596531e-01
  1.238899999857e+01,  2.035774469376e+00,  2.414612347023e+01,  4.149650633335e-01
  1.239900000393e+01,  2.025730371475e+00,  2.415616756813e+01,  4.094461500645e-01
  1.240900000930e+01,  2.015579462051e+00,  2.416631847755e+01,  4.050945341587e-01
  1.241899999976e+01,  2.005348443985e+00,  2.417654949562e+01,  4.013885557652e-01
  1.242900000513e+01,  1.995182275772e+00,  2.418671566383e+01,  3.988288938999e-01
  1.243899999559e+01,  1.985145807266e+00,  2.419675213233e+01,  3.946975767612e-01
  1.244950000942e+01,  1.974739313126e+00,  2.420715862648e+01,  3.900331556797e-01
  1.246000000834e+01,  1.964452981949e+00,  2.421744495765e+01,  3.857769072056e-01
  1.247050000727e+01,  1.954206705093e+00,  2.422769123451e+01,  3.810152113438e-01
  1.248100000620e+01,  1.943739175797e+00,  2.423815876380e+01,  3.763908445835e-01
  1.249099999666e+01,  1.933553934097e+00,  2.424834400550e+01,  3.732481300831e-01
  1.250100000203e+01,  1.923353433609e+00,  2.425854450599e+01,  3.717053532600e-01
  1.251100000739e+01,  1.913297891617e+00,  2.426860004798e+01,  3.665650486946e-01
  1.252150000632e+01,  1.902895212173e+00,  2.427900272743e+01,  3.619282841682e-01
  1.253200000525e+01,  1.892652750015e+00,  2.428924518959e+01,  3.573449254036e-01
  1.254250000417e+01,  1.882419824600e+00,  2.429947811500e+01,  3.520758748055e-01
  1.255300000310e+01,  1.872009515762e+00,  2.430988842384e+01,  3.489504456520e-01
  1.256300000846e+01,  1.861999750137e+00,  2.431989818946e+01,  3.452783226967e-01
  1.257299999893e+01,  1.851978540421e+00,  2.432991939918e+01,  3.410306572914e-01
  1.258300000429e+01,  1.841957330704e+00,  2.433994060890e+01,  3.372521996498e-01
  1.259350000322e+01,  1.831505775452e+00,  2.435039216415e+01,  3.332423269749e-01
  1.260400000215e+01,  1.821080207825e+00,  2.436081773178e+01,  3.273476660252e-01
  1.261400000751e+01,  1.811001777649e+00,  2.437089616195e+01,  3.256782591343e-01
  1.262399999797e+01,  1.800843238831e+00,  2.438105470077e+01,  3.238977491856e-01
  1.263400000334e+01,  1.790749549866e+00,  2.439114838974e+01,  3.210252821445e-01
  1.264450000226e+01,  1.780293464661e+00,  2.440160447494e+01,  3.152860701084e-01
  1.265500000119e+01,  1.769949913025e+00,  2.441194802658e+01,  3.103851377964e-01
  1.266550000012e+01,  1.759715080261e+00,  2.442218285934e+01,  3.049944937229e-01
  1.267599999905e+01,  1.749478340149e+00,  2.443241959945e+01,  3.008157312870e-01
  1.268649999797e+01,  1.739068031311e+00,  2.444282990829e+01,  2.974363863468e-01
  1.269650000334e+01,  1.728989601135e+00,  2.445290833847e+01,  2.952922880650e-01
  1.270650000870e+01,  1.718838691711e+00,  2.446305924789e+01,  2.916435301304e-01
  1.271649999917e+01,  1.708771705627e+00,  2.447312623397e+01,  2.880734503269e-01
  1.272699999809e+01,  1.698412895203e+00,  2.448348504440e+01,  2.824505865574e-01
  1.273749999702e+01,  1.688229560852e+00,  2.449366837875e+01,  2.774943411350e-01
  1.274799999595e+01,  1.678004264832e+00,  2.450389367477e+01,  2.727116644382e-01
  1.275850000978e+01,  1.667532920837e+00,  2.451436501876e+01,  2.693184912205e-01
  1.276850000024e+01,  1.657252311707e+00,  2.452464562789e+01,  2.657369673252e-01
  1.277850000560e+01,  1.646834373474e+00,  2.453506356613e+01,  2.640700638294e-01
  1.278849999607e+01,  1.636534690857e+00,  2.454536324874e+01,  2.605204880238e-01
  1.279850000143e+01,  1.626444816589e+00,  2.455545312301e+01,  2.566886246204e-01
  1.280900000036e+01,  1.616080284119e+00,  2.456581765548e+01,  2.518458664417e-01
  1.281949999928e+01,  1.605811119080e+00,  2.457608682052e+01,  2.470670193434e-01
  1.282999999821e+01,  1.595458030701e+00,  2.458643990890e+01,  2.435074299574e-01
  1.284049999714e+01,  1.585017800331e+00,  2.459688013927e+01,  2.407211214304e-01
  1.285099999607e+01,  1.574542641640e+00,  2.460735529796e+01,  2.368148714304e-01
  1.286150000989e+01,  1.564071297646e+00,  2.461782664196e+01,  2.329825311899e-01
  1.287200000882e+01,  1.553584694862e+00,  2.462831324474e+01,  2.272461801767e-01
  1.288199999928e+01,  1.543498635292e+00,  2.463839930431e+01,  2.228344827890e-01
  1.289200000465e+01,  1.533324837685e+00,  2.464857310192e+01,  2.199877649546e-01
  1.290200001001e+01,  1.523181557655e+00,  2.465871638195e+01,  2.174309641123e-01
  1.291200000048e+01,  1.513167977333e+00,  2.466872996227e+01,  2.133845239878e-01
  1.292249999940e+01,  1.502727150917e+00,  2.467917078868e+01,  2.091983705759e-01
  1.293299999833e+01,  1.492309212685e+00,  2.468958872692e+01,  2.044824510813e-01
  1.294300000370e+01,  1.482307076454e+00,  2.469959086315e+01,  2.010120302439e-01
  1.295300000906e+01,  1.472293496132e+00,  2.470960444347e+01,  1.984437853098e-01
  1.296299999952e+01,  1.462264657021e+00,  2.471963328258e+01,  1.952890306711e-01
  1.297300000489e+01,  1.452235817909e+00,  2.472966212169e+01,  1.925882250071e-01
  1.298300001025e+01,  1.442233681679e+00,  2.473966425792e+01,  1.890357881784e-01
  1.299350000918e+01,  1.431811928749e+00,  2.475008601085e+01,  1.841529756784e-01
  1.300400000811e+01,  1.421390175819e+00,  2.476050776378e+01,  1.788123995066e-01
  1.301450000703e+01,  1.410903573036e+00,  2.477099436656e+01,  1.750511080027e-01
  1.302449999750e+01,  1.400844216347e+00,  2.478105372325e+01,  1.719378381968e-01
  1.303450000286e+01,  1.390662789345e+00,  2.479123515026e+01,  1.689638048410e-01
  1.304450000823e+01,  1.380382180214e+00,  2.480151575939e+01,  1.668154150248e-01
  1.305449999869e+01,  1.370162606239e+00,  2.481173533336e+01,  1.643387228251e-01
  1.306450000405e+01,  1.360133767128e+00,  2.482176417247e+01,  1.603838354349e-01
  1.307500000298e+01,  1.349776864052e+00,  2.483212107555e+01,  1.552597433329e-01
  1.308550000191e+01,  1.339454293251e+00,  2.484244364635e+01,  1.497341543436e-01
  1.309600000083e+01,  1.328961730003e+00,  2.485293620960e+01,  1.474845856428e-01
  1.310600000620e+01,  1.318787932396e+00,  2.486311000721e+01,  1.447869986296e-01
  1.311599999666e+01,  1.308476805687e+00,  2.487342113391e+01,  1.439815610647e-01
  1.312600000203e+01,  1.298222899437e+00,  2.488367504016e+01,  1.411876529455e-01
  1.313600000739e+01,  1.288186430931e+00,  2.489371150867e+01,  1.374149173498e-01
  1.314650000632e+01,  1.277818083763e+00,  2.490407985584e+01,  1.312064975500e-01
  1.315700000525e+01,  1.267426848412e+00,  2.491447109119e+01,  1.264715045691e-01
  1.316750000417e+01,  1.256924986839e+00,  2.492497295276e+01,  1.218194887042e-01
  1.317750000954e+01,  1.246842741966e+00,  2.493505519763e+01,  1.184892579913e-01
  1.318750000000e+01,  1.236703276634e+00,  2.494519466297e+01,  1.158752366900e-01
  1.319750000536e+01,  1.226621031761e+00,  2.495527690784e+01,  1.122074052691e-01
  1.320749999583e+01,  1.216618895531e+00,  2.496527904407e+01,  1.088685914874e-01
  1.321800000966e+01,  1.206185698509e+00,  2.497571224109e+01,  1.045269891620e-01
  1.322850000858e+01,  1.195752501488e+00,  2.498614543811e+01,  1.027131006122e-01
  1.323900000751e+01,  1.185376524925e+00,  2.499652141468e+01,  9.866856783628e-02
  1.324950000644e+01,  1.175011992455e+00,  2.500688594715e+01,  9.565495699644e-02
  1.326000000536e+01,  1.164658904076e+00,  2.501723903553e+01,  9.202193468809e-02
  1.327050000429e+01,  1.154275298119e+00,  2.502762264148e+01,  8.775519579649e-02
  1.328100000322e+01,  1.143842101097e+00,  2.503805583850e+01,  8.404397219419e-02
  1.329150000215e+01,  1.133366942406e+00,  2.504853099720e+01,  8.161997050047e-02
  1.330200000107e+01,  1.122884154320e+00,  2.505901378528e+01,  7.807373255491e-02
  1.331250000000e+01,  1.112424254417e+00,  2.506947368518e+01,  7.444643229246e-02
  1.332299999893e+01,  1.101949095726e+00,  2.507994884388e+01,  6.911348551512e-02
  1.333300000429e+01,  1.091866850853e+00,  2.509003108875e+01,  6.497453898191e-02
  1.334300000966e+01,  1.081658959389e+00,  2.510023898021e+01,  6.186560913920e-02
  1.335300000012e+01,  1.071420311928e+00,  2.511047762767e+01,  5.945066735148e-02
  1.336300000548e+01,  1.061284661293e+00,  2.512061327831e+01,  5.610565468669e-02
  1.337299999595e+01,  1.051232933998e+00,  2.513066500560e+01,  5.489510670304e-02
  1.338350000978e+01,  1.040788292885e+00,  2.514110964672e+01,  5.167287960649e-02
  1.339400000870e+01,  1.030408501625e+00,  2.515148943798e+01,  4.589361324906e-02
  1.340399999917e+01,  1.020398736000e+00,  2.516149920360e+01,  4.075044766068e-02
  1.341400000453e+01,  1.010209679604e+00,  2.517168826000e+01,  3.698391094804e-02
  1.342400000989e+01,  9.998756051064e-01,  2.518202233449e+01,  3.429807350039e-02
  1.343400000036e+01,  9.895606637001e-01,  2.519233727590e+01,  3.188718482852e-02
  1.344400000572e+01,  9.794211983681e-01,  2.520247674123e+01,  3.002131916583e-02
  1.345450000465e+01,  9.690299630165e-01,  2.521286797658e+01,  2.707112766802e-02
  1.346500000358e+01,  9.587398171425e-01,  2.522315812246e+01,  2.243102528155e-02
  1.347550000250e+01,  9.483752846718e-01,  2.523352265493e+01,  1.597465015948e-02
  1.348550000787e+01,  9.382587075233e-01,  2.524363923208e+01,  1.164020039141e-02
  1.349549999833e+01,  9.279323220253e-01,  2.525396561758e+01,  1.029486395419e-02
  1.350550000370e+01,  9.176135659218e-01,  2.526428437368e+01,  8.460471406579e-03
  1.351550000906e+01,  9.075046181679e-01,  2.527439332143e+01,  7.321903482080e-03
  1.352600000799e+01,  8.971744179726e-01,  2.528472352163e+01,  5.693981423974e-03
  1.353650000691e+01,  8.870711922646e-01,  2.529482674734e+01,  1.629898441024e-03
  1.354700000584e+01,  8.769603371620e-01,  2.530493760244e+01, -4.240920767188e-03
  1.355750000477e+01,  8.666206002235e-01,  2.531527733938e+01, -9.088447317481e-03
  1.356750001013e+01,  8.565726876259e-01,  2.532532525198e+01, -1.225750707090e-02
  1.357750000060e+01,  8.464980721474e-01,  2.533539986745e+01, -1.574795506895e-02
  1.358750000596e+01,  8.364883065224e-01,  2.534540963308e+01, -1.774626038969e-02
  1.359800000489e+01,  8.260599970818e-01,  2.535583794252e+01, -2.072789333761e-02
  1.360850000381e+01,  8.156916499138e-01,  2.536620628969e+01, -2.393605373800e-02
  1.361900000274e+01,  8.052927851677e-01,  2.537660515443e+01, -2.781607769430e-02
  1.362950000167e+01,  7.947947382927e-01,  2.538710320131e+01, -3.036405704916e-02
  1.363950000703e+01,  7.847658991814e-01,  2.539713204042e+01, -3.326084464788e-02
  1.365000000596e+01,  7.742716670036e-01,  2.540762627260e+01, -3.594817966223e-02
  1.366050000489e+01,  7.637774348259e-01,  2.541812050478e+01, -3.991832584143e-02
  1.367050001025e+01,  7.537562251091e-01,  2.542814171449e+01, -4.399146884680e-02
  1.368050000072e+01,  7.435442805290e-01,  2.543835365907e+01, -4.791488498449e-02
  1.369050000608e+01,  7.331644892693e-01,  2.544873345033e+01, -5.010928958654e-02
  1.370049999654e+01,  7.228037714958e-01,  2.545909416811e+01, -5.243315547705e-02
  1.371050000191e+01,  7.126414179802e-01,  2.546925652162e+01, -5.387743562460e-02
  1.372100000083e+01,  7.022349238396e-01,  2.547966301576e+01, -5.572875589132e-02
  1.373149999976e+01,  6.920077204704e-01,  2.548989021913e+01, -5.995544046164e-02
  1.374199999869e+01,  6.816622614861e-01,  2.550023567812e+01, -6.459601968527e-02
  1.375200000405e+01,  6.714617609978e-01,  2.551043617860e+01, -6.806834787130e-02
  1.376200000942e+01,  6.610171198845e-01,  2.552088081972e+01, -7.073911279440e-02
  1.377199999988e+01,  6.506182551384e-01,  2.553127968446e+01, -7.277186959982e-02
  1.378200000525e+01,  6.405360102654e-01,  2.554136192934e+01, -7.509680837393e-02
  1.379250000417e+01,  6.303049921989e-01,  2.555159294740e+01, -7.861300557852e-02
  1.380300000310e+01,  6.202303767204e-01,  2.556166756288e+01, -8.269568532705e-02
  1.381350000203e+01,  6.100108027458e-01,  2.557188713686e+01, -8.694430440664e-02
  1.382350000739e+01,  5.999972224236e-01,  2.558190071718e+01, -9.103747457266e-02
  1.383349999785e+01,  5.898119807243e-01,  2.559208595888e+01, -9.342547506094e-02
  1.384350000322e+01,  5.797599554062e-01,  2.560213798419e+01, -9.681936353445e-02
  1.385400000215e+01,  5.695098638535e-01,  2.561238807575e+01, -1.005496606231e-01
  1.386450000107e+01,  5.594390630722e-01,  2.562245887653e+01, -1.032328233123e-01
  1.387500000000e+01,  5.493472814560e-01,  2.563255065815e+01, -1.069321259856e-01
  1.388549999893e+01,  5.390075445175e-01,  2.564289039508e+01, -1.101355180144e-01
  1.389550000429e+01,  5.289710760117e-01,  2.565292686359e+01, -1.119575724006e-01
  1.390550000966e+01,  5.189117193222e-01,  2.566298622028e+01, -1.158256754279e-01
  1.391600000858e+01,  5.084842443466e-01,  2.567341369525e+01, -1.191139444709e-01
  1.392650000751e+01,  4.982703924179e-01,  2.568362754718e+01, -1.219938024879e-01
  1.393700000644e+01,  4.881309270859e-01,  2.569376701252e+01, -1.264512687922e-01
  1.394750000536e+01,  4.777816534042e-01,  2.570411628620e+01, -1.300468593836e-01
  1.395749999583e+01,  4.676917791367e-01,  2.571420616046e+01, -1.315359175205e-01
  1.396750000119e+01,  4.575179815292e-01,  2.572437995807e+01, -1.342271864414e-01
  1.397750000656e+01,  4.473632574081e-01,  2.573453468219e+01, -1.379593908787e-01
  1.398749999702e+01,  4.373191595078e-01,  2.574457878009e+01, -1.402362883091e-01
  1.399799999595e+01,  4.269241094589e-01,  2.575497383014e+01, -1.438559591770e-01
  1.400850000978e+01,  4.164794683456e-01,  2.576541847126e+01, -1.478237211704e-01
  1.401850000024e+01,  4.064010381699e-01,  2.577549690143e+01, -1.505850851536e-01
  1.402850000560e+01,  3.962882757187e-01,  2.578560966388e+01, -1.526661366224e-01
  1.403849999607e+01,  3.862403631210e-01,  2.579565757648e+01, -1.567612141371e-01
  1.404900000989e+01,  3.757537603378e-01,  2.580614417926e+01, -1.608391255140e-01
  1.405900000036e+01,  3.657287359238e-01,  2.581616920368e+01, -1.637907475233e-01
  1.406900000572e+01,  3.556007146835e-01,  2.582629722492e+01, -1.658379286528e-01
  1.407899999619e+01,  3.454116582870e-01,  2.583648628131e+01, -1.690203398466e-01
  1.408900000155e+01,  3.351877033710e-01,  2.584671023623e+01, -1.705584824085e-01
  1.409900000691e+01,  3.250520527363e-01,  2.585684588686e+01, -1.739363968372e-01
  1.410950000584e+01,  3.146112263203e-01,  2.586728671328e+01, -1.784262955189e-01
  1.412000000477e+01,  3.042352497578e-01,  2.587766268984e+01, -1.844449341297e-01
  1.413000001013e+01,  2.940995991230e-01,  2.588779834048e+01, -1.861004233360e-01
  1.414000000060e+01,  2.838418781757e-01,  2.589805606143e+01, -1.865930557251e-01
  1.415000000596e+01,  2.736947834492e-01,  2.590820315615e+01, -1.863551586866e-01
  1.416050000489e+01,  2.633245289326e-01,  2.591857341067e+01, -1.879593580961e-01
  1.417100000381e+01,  2.532975971699e-01,  2.592860034243e+01, -1.906065195799e-01
  1.418199999630e+01,  2.431028187275e-01,  2.593879512087e+01, -1.990999430418e-01
  1.419250001013e+01,  2.328889667988e-01,  2.594900897280e+01, -2.037034779787e-01
  1.420250000060e+01,  2.225511372089e-01,  2.595934680239e+01, -2.029315978289e-01
  1.421250000596e+01,  2.121637165546e-01,  2.596973422305e+01, -2.036464065313e-01
  1.422249999642e+01,  2.021196186543e-01,  2.597977832095e+01, -2.048840969801e-01
  1.423300001025e+01,  1.919973194599e-01,  2.598990062014e+01, -2.056584954262e-01
  1.424400000274e+01,  1.819894611835e-01,  2.599990847842e+01, -2.156234383583e-01
  1.425450000167e+01,  1.719301044941e-01,  2.600996783511e+01, -2.224058508873e-01
  1.426450000703e+01,  1.615503132343e-01,  2.602034762637e+01, -2.210377603769e-01
  1.427400000393e+01,  1.514871418476e-01,  2.603041079775e+01, -2.214493304491e-01
  1.428400000930e+01,  1.410730183125e-01,  2.604082492129e+01, -2.225996851921e-01
  1.429399999976e+01,  1.310479938984e-01,  2.605084994570e+01, -2.219168990850e-01
  1.430500000715e+01,  1.210477650166e-01,  2.606085017458e+01, -2.309625744820e-01
  1.431599999964e+01,  1.106851398945e-01,  2.607121279971e+01, -2.466030120850e-01
  1.432549999654e+01,  1.003587543964e-01,  2.608153918520e+01, -2.421398162842e-01
  1.433449999988e+01,  9.026506543159e-02,  2.609163287417e+01, -2.405358552933e-01
  1.434399999678e+01,  7.985495030880e-02,  2.610204298929e+01, -2.404740899801e-01
  1.435400000215e+01,  6.937979161739e-02,  2.611251814798e+01, -2.409407943487e-01
  1.436500000954e+01,  5.904768407345e-02,  2.612285025553e+01, -2.386703342199e-01
  1.437749999762e+01,  4.863165318966e-02,  2.613326628641e+01, -2.631263434887e-01
  1.438799999654e+01,  3.830717504025e-02,  2.614359076456e+01, -2.599664032459e-01
  1.439800000191e+01,  2.793882787228e-02,  2.615395911173e+01, -2.542825043201e-01
  1.440850000083e+01,  1.783178746700e-02,  2.616406615213e+01, -2.524061501026e-01
  1.442149999738e+01,  7.587417960167e-03,  2.617431052164e+01, -2.475347965956e-01
  1.443000000715e+01,  3.057464957237e-03,  2.617884047464e+01, -2.411195486784e-01
  1.443100000918e+01,  2.681717276573e-03,  2.617921622232e+01, -2.419130057096e-01
  1.443899999559e+01,  5.674214335158e-04,  2.618133051817e+01, -2.517682611942e-01
  1.444200000167e+01,  5.768250775873e-05,  2.618184025709e+01, -2.545758783817e-01
  1.469400000572e+01, -2.198199741542e-03,  2.618409613934e+01, -2.506807744503e-01
  1.469500000775e+01, -2.193476073444e-03,  2.618409141567e+01, -2.505515515804e-01
