           Test time,     Standard travel,     Tool separation,      Standard force
                 0.0,                 0.0,  1.618495520821e+01, -1.709694415331e-02
                 0.0,                 0.0,  1.618495669087e+01, -1.705653220415e-02
                 0.0,                 0.0,  1.618497165082e+01, -1.649695634842e-02
                 0.0,                 0.0,  1.618496932810e+01, -1.605093479156e-02
                 0.0,                 0.0,  1.618496460444e+01, -1.608520746231e-02
                 0.0,                 0.0,  1.618493419144e+01, -1.755825243890e-02
  0.000000000000e+00,  0.000000000000e+00,  1.618493624600e+01, -1.673475466669e-02
  8.000001311302e-03,  9.195879101753e-06,  1.618492705012e+01, -1.529280003160e-02
  1.099999248981e-02,  8.698552846909e-06,  1.618492754745e+01, -1.507309731096e-02
  1.299999654293e-02,  1.415253791492e-05,  1.618492209346e+01, -1.496175583452e-02
  1.399999856949e-02,  1.053155574482e-05,  1.618492571444e+01, -1.490680035204e-02
  1.145000010729e-01,  5.688352757716e-06,  1.618493055765e+01, -1.716594211757e-02
  2.150000035763e-01,  2.322621548956e-05,  1.618491301978e+01, -1.687983423471e-02
  3.155000060797e-01,  1.792799048417e-05,  1.618491831801e+01, -1.773859560490e-02
  4.159999936819e-01,  2.551667392254e-03,  1.618238457861e+01, -1.805825531483e-02
  4.584999978542e-01,  1.260959357023e-02,  1.617232665243e+01, -7.492735516280e-03
  4.765000045300e-01,  2.278053015471e-02,  1.616215571585e+01,  4.224345553666e-03
  4.864999949932e-01,  3.286468237638e-02,  1.615207156362e+01,  1.481102500111e-02
  4.940000027418e-01,  4.317580908537e-02,  1.614176043691e+01,  3.462300403044e-03
  5.004999935627e-01,  5.323898047209e-02,  1.613169726553e+01, -3.179087536409e-03
  5.069999992847e-01,  6.397353857756e-02,  1.612096270742e+01, -8.616938255727e-03
  5.129999965429e-01,  7.412826269865e-02,  1.611080798330e+01, -1.242591347545e-02
  5.189999938011e-01,  8.435546606779e-02,  1.610058077993e+01, -1.745177805424e-02
  5.254999995232e-01,  9.511291235685e-02,  1.608982333364e+01, -2.231980860233e-02
  5.320000052452e-01,  1.052828952670e-01,  1.607965335073e+01, -2.872182428837e-02
  5.394999980927e-01,  1.157122775912e-01,  1.606922396841e+01, -2.652837336063e-02
  5.474999994040e-01,  1.258403062820e-01,  1.605909593972e+01, -1.687337458134e-02
  5.559999942780e-01,  1.364260911942e-01,  1.604851015481e+01, -1.135159935802e-02
  5.639999955893e-01,  1.466383785009e-01,  1.603829786750e+01, -1.081162970513e-02
  5.719999969006e-01,  1.571326106787e-01,  1.602780363532e+01, -5.966010503471e-03
  5.795000046492e-01,  1.675772517920e-01,  1.601735899421e+01,  2.544844210206e-05
  5.865000039339e-01,  1.780829280615e-01,  1.600685331794e+01, -7.834169082344e-03
  5.935000032187e-01,  1.885733455420e-01,  1.599636290046e+01, -1.597282476723e-02
  6.009999960661e-01,  1.991934627295e-01,  1.598574278327e+01, -1.692947186530e-02
  6.089999973774e-01,  2.095656245947e-01,  1.597537062141e+01, -1.906285621226e-02
  6.180000007153e-01,  2.198347896338e-01,  1.596510145637e+01, -1.722226478159e-02
  6.289999932051e-01,  2.302355617285e-01,  1.595470068427e+01, -2.166030742228e-02
  6.435000002384e-01,  2.405867427588e-01,  1.594434950324e+01,  4.094620235264e-03
  6.564999967813e-01,  2.509073913097e-01,  1.593402885469e+01,  1.247264910489e-02
  6.669999957085e-01,  2.609820067883e-01,  1.592395423921e+01,  1.394287403673e-02
  6.764999926090e-01,  2.711367309093e-01,  1.591379951509e+01,  1.173225697130e-02
  6.860000044107e-01,  2.815813720226e-01,  1.590335487398e+01,  9.420073591173e-03
  6.955000013113e-01,  2.917132079601e-01,  1.589322303804e+01,  9.510434232652e-03
  7.054999917746e-01,  3.017916381359e-01,  1.588314460786e+01,  1.302877720445e-02
  7.164999991655e-01,  3.122038543224e-01,  1.587273239168e+01,  1.830164343119e-02
  7.275000065565e-01,  3.222727477551e-01,  1.586266349825e+01,  2.512709051371e-02
  7.384999990463e-01,  3.324312865734e-01,  1.585250495943e+01,  2.895561605692e-02
  7.489999979734e-01,  3.424582183361e-01,  1.584247802766e+01,  3.148452192545e-02
  7.594999969006e-01,  3.527559936047e-01,  1.583218025240e+01,  3.392926603556e-02
  7.695000022650e-01,  3.627886474133e-01,  1.582214759859e+01,  3.654281049967e-02
  7.794999927282e-01,  3.731913268566e-01,  1.581174491914e+01,  4.071608930826e-02
  7.890000045300e-01,  3.833727538586e-01,  1.580156349214e+01,  4.250089079142e-02
  7.985000014305e-01,  3.936648070812e-01,  1.579127143892e+01,  4.541484266520e-02
  8.079999983311e-01,  4.039835631847e-01,  1.578095268282e+01,  4.822150617838e-02
  8.174999952316e-01,  4.142327606678e-01,  1.577070348533e+01,  4.923219978809e-02
  8.275000005960e-01,  4.245629608631e-01,  1.576037328514e+01,  5.068491399288e-02
  8.379999995232e-01,  4.348874390125e-01,  1.575004880699e+01,  5.586431920528e-02
  8.484999984503e-01,  4.450326263905e-01,  1.573990361961e+01,  6.142424046993e-02
  8.589999973774e-01,  4.552235901356e-01,  1.572971265586e+01,  6.870649755001e-02
  8.694999963045e-01,  4.655957520008e-01,  1.571934049400e+01,  7.276962697506e-02
  8.795000016689e-01,  4.756665527821e-01,  1.570926969322e+01,  7.383604347706e-02
  8.894999921322e-01,  4.858022034168e-01,  1.569913404258e+01,  7.825632393360e-02
  8.994999974966e-01,  4.958234131336e-01,  1.568911283287e+01,  8.164806663990e-02
  9.099999964237e-01,  5.061841011047e-01,  1.567875214490e+01,  8.297134935856e-02
  9.204999953508e-01,  5.164933204651e-01,  1.566844292554e+01,  9.175278246403e-02
  9.309999942780e-01,  5.269417762756e-01,  1.565799446972e+01,  9.946228563786e-02
  9.409999996424e-01,  5.369439125061e-01,  1.564799233349e+01,  1.015575081110e-01
  9.510000050068e-01,  5.470414161682e-01,  1.563789482983e+01,  1.030600368977e-01
  9.609999954700e-01,  5.571427345276e-01,  1.562779351147e+01,  1.074436008930e-01
  9.714999943972e-01,  5.676255226135e-01,  1.561731072339e+01,  1.094149649143e-01
  9.819999933243e-01,  5.779824256897e-01,  1.560695382031e+01,  1.132101118565e-01
  9.924999922514e-01,  5.884613990784e-01,  1.559647484692e+01,  1.191934645176e-01
  1.003000006080e+00,  5.989098548889e-01,  1.558602639111e+01,  1.246084272861e-01
  1.013500005007e+00,  6.093659400940e-01,  1.557557030591e+01,  1.286310255527e-01
  1.024000003934e+00,  6.198487281799e-01,  1.556508751782e+01,  1.340669691563e-01
  1.034500002861e+00,  6.303277015686e-01,  1.555460854443e+01,  1.380089819431e-01
  1.045000001788e+00,  6.407990455627e-01,  1.554413720044e+01,  1.430396139622e-01
  1.055500000715e+00,  6.512970924377e-01,  1.553363915356e+01,  1.489438116550e-01
  1.065500006080e+00,  6.613381505013e-01,  1.552359809550e+01,  1.556358635426e-01
  1.075499996543e+00,  6.714585423470e-01,  1.551347770365e+01,  1.605921089649e-01
  1.085500001907e+00,  6.816437840462e-01,  1.550329246195e+01,  1.648750603199e-01
  1.095499992371e+00,  6.918252110481e-01,  1.549311103495e+01,  1.678328812122e-01
  1.105499997735e+00,  7.019074559212e-01,  1.548302879008e+01,  1.725344955921e-01
  1.115999996662e+00,  7.123025059700e-01,  1.547263374003e+01,  1.766534149647e-01
  1.126499995589e+00,  7.225926518440e-01,  1.546234359416e+01,  1.830191910267e-01
  1.136999994516e+00,  7.328694462776e-01,  1.545206679972e+01,  1.902118027210e-01
  1.147499993443e+00,  7.432911992073e-01,  1.544164504679e+01,  1.959872543812e-01
  1.157499998808e+00,  7.533925175667e-01,  1.543154372843e+01,  2.000899612904e-01
  1.167500004172e+00,  7.636311650276e-01,  1.542130508097e+01,  2.025678455830e-01
  1.177499994636e+00,  7.737744450569e-01,  1.541116180094e+01,  2.057478725910e-01
  1.187999993563e+00,  7.842114567757e-01,  1.540072478922e+01,  2.100470364094e-01
  1.198499992490e+00,  7.944291234016e-01,  1.539050712260e+01,  2.175677120686e-01
  1.209000006318e+00,  8.046143651009e-01,  1.538032188090e+01,  2.239353954792e-01
  1.219500005245e+00,  8.149045109749e-01,  1.537003173503e+01,  2.291596233845e-01
  1.230000004172e+00,  8.253987431526e-01,  1.535953750285e+01,  2.336857616901e-01
  1.239999994636e+00,  8.355191349983e-01,  1.534941711100e+01,  2.383787930012e-01
  1.250000000000e+00,  8.457081913948e-01,  1.533922805461e+01,  2.418816387653e-01
  1.260000005364e+00,  8.558018803596e-01,  1.532913436564e+01,  2.473786175251e-01
  1.270500004292e+00,  8.662427067757e-01,  1.531869353922e+01,  2.546665966511e-01
  1.281000003219e+00,  8.765919804573e-01,  1.530834426554e+01,  2.602761089802e-01
  1.291500002146e+00,  8.869050145149e-01,  1.529803123149e+01,  2.676308453083e-01
  1.302000001073e+00,  8.973191380501e-01,  1.528761710795e+01,  2.732918560505e-01
  1.312000006437e+00,  9.073289036751e-01,  1.527760734233e+01,  2.771532833576e-01
  1.321999996901e+00,  9.173743128777e-01,  1.526756193312e+01,  2.824755311012e-01
  1.332000002265e+00,  9.274107813835e-01,  1.525752546462e+01,  2.891893982887e-01
  1.342500001192e+00,  9.379088282585e-01,  1.524702741774e+01,  2.932544350624e-01
  1.353000000119e+00,  9.482848048210e-01,  1.523665144118e+01,  2.989764809608e-01
  1.363499999046e+00,  9.585482478142e-01,  1.522638799819e+01,  3.031554818153e-01
  1.374500006437e+00,  9.688822627068e-01,  1.521605398329e+01,  3.063779473305e-01
  1.386500000954e+00,  9.790961146355e-01,  1.520584013136e+01,  3.093071579933e-01
  1.400999993086e+00,  9.891020655632e-01,  1.519583418044e+01,  3.131890892982e-01
  1.421000003815e+00,  9.976345896721e-01,  1.518730165633e+01,  3.195007443428e-01
  1.521500006318e+00,  1.003735065460e+00,  1.518120118054e+01,  3.214246630669e-01
  1.621999993920e+00,  1.002909660339e+00,  1.518202658566e+01,  3.195348381996e-01
  1.722000002861e+00,  1.002055048943e+00,  1.518288119706e+01,  3.165259957314e-01
  1.822500005364e+00,  1.001366615295e+00,  1.518356963070e+01,  3.141713440418e-01
  1.922999992967e+00,  1.000887274742e+00,  1.518404897126e+01,  3.080823421478e-01
  2.023000001907e+00,  1.000528931618e+00,  1.518440731438e+01,  3.074924349785e-01
  2.123500004411e+00,  1.000302553177e+00,  1.518463369282e+01,  3.058034181595e-01
  2.223999992013e+00,  1.000161051750e+00,  1.518477519425e+01,  3.037444651127e-01
  2.324000000954e+00,  1.000117421150e+00,  1.518481882485e+01,  3.040546476841e-01
  2.424500003457e+00,  1.000043034554e+00,  1.518489321145e+01,  2.969606220722e-01
  2.525000005960e+00,  1.000061154366e+00,  1.518487509163e+01,  3.019078075886e-01
  2.625499993563e+00,  1.000034213066e+00,  1.518490203293e+01,  3.013216257095e-01
  2.725500002503e+00,  1.000038266182e+00,  1.518489797982e+01,  3.013681769371e-01
  2.826000005007e+00,  1.000040531158e+00,  1.518489571484e+01,  3.020996749401e-01
  2.926499992609e+00,  1.000005483627e+00,  1.518493076237e+01,  2.990038990974e-01
  3.026500001550e+00,  1.000002384186e+00,  1.518493386181e+01,  2.973750829697e-01
  3.127000004053e+00,  9.999827742577e-01,  1.518495347174e+01,  2.984351217747e-01
  3.227500006557e+00,  9.999960064888e-01,  1.518494023951e+01,  2.969009876251e-01
  3.327999994159e+00,  1.000001788139e+00,  1.518493445786e+01,  2.981555759907e-01
  3.428000003099e+00,  1.000013709068e+00,  1.518492253693e+01,  2.962798476219e-01
  3.528500005603e+00,  1.000020265579e+00,  1.518491598042e+01,  2.953527271748e-01
  3.628999993205e+00,  1.000001788139e+00,  1.518493445786e+01,  2.949820458889e-01
  3.729000002146e+00,  1.000007629395e+00,  1.518492861661e+01,  2.932043671608e-01
  3.829500004649e+00,  1.000006437302e+00,  1.518492980870e+01,  2.935490012169e-01
  3.929999992251e+00,  1.000025629997e+00,  1.518491061600e+01,  2.929547727108e-01
  4.030000001192e+00,  1.000009059906e+00,  1.518492718609e+01,  2.916384637356e-01
  4.130500003695e+00,  9.999842643738e-01,  1.518495198163e+01,  2.909903824329e-01
  4.231000006199e+00,  1.000024676323e+00,  1.518491156968e+01,  2.900296151638e-01
  4.331499993801e+00,  1.000003457069e+00,  1.518493278893e+01,  2.904195487499e-01
  4.431500002742e+00,  1.000018954277e+00,  1.518491729172e+01,  2.899976074696e-01
  4.532000005245e+00,  9.999920129776e-01,  1.518494423302e+01,  2.879107296467e-01
  4.632499992847e+00,  1.000000834465e+00,  1.518493541154e+01,  2.891159951687e-01
  4.732500001788e+00,  1.000040769577e+00,  1.518489547642e+01,  2.877185642719e-01
  4.833000004292e+00,  1.000042438507e+00,  1.518489380749e+01,  2.881478369236e-01
  4.933499991894e+00,  9.999824762344e-01,  1.518495376977e+01,  2.871306836605e-01
  5.033500000834e+00,  9.999993443489e-01,  1.518493690165e+01,  2.893518805504e-01
  5.134000003338e+00,  1.000035643578e+00,  1.518490060242e+01,  2.883889377117e-01
  5.234500005841e+00,  1.000028491020e+00,  1.518490775498e+01,  2.875995039940e-01
  5.334999993443e+00,  1.000014662743e+00,  1.518492158326e+01,  2.837848663330e-01
  5.435000002384e+00,  1.000041842461e+00,  1.518489440354e+01,  2.798744142056e-01
  5.535500004888e+00,  1.000020146370e+00,  1.518491609963e+01,  2.826906442642e-01
  5.635999992490e+00,  1.000010371208e+00,  1.518492587479e+01,  2.845467329025e-01
  5.736000001431e+00,  1.000033259392e+00,  1.518490298661e+01,  2.826797962189e-01
  5.836500003934e+00,  1.000047922134e+00,  1.518488832387e+01,  2.831611633301e-01
  5.937000006437e+00,  1.000045657158e+00,  1.518489058884e+01,  2.822719514370e-01
  6.037000000477e+00,  1.000023961067e+00,  1.518491228493e+01,  2.802816331387e-01
  6.136999994516e+00,  1.000050902367e+00,  1.518488534363e+01,  2.814469039440e-01
  6.237000003457e+00,  1.000004291534e+00,  1.518493195447e+01,  2.825974524021e-01
  6.336999997497e+00,  1.000013709068e+00,  1.518492253693e+01,  2.821156382561e-01
  6.437000006437e+00,  9.999965429306e-01,  1.518493970307e+01,  2.812663614750e-01
  6.537000000477e+00,  9.999857544899e-01,  1.518495049151e+01,  2.819060385227e-01
  6.636999994516e+00,  1.000020742416e+00,  1.518491550358e+01,  2.782017588615e-01
  6.737000003457e+00,  1.000019073486e+00,  1.518491717251e+01,  2.829915881157e-01
  6.836999997497e+00,  9.999995231628e-01,  1.518493672284e+01,  2.826434075832e-01
  6.937000006437e+00,  1.000003695488e+00,  1.518493255051e+01,  2.794927060604e-01
  7.037000000477e+00,  1.000034213066e+00,  1.518490203293e+01,  2.795752286911e-01
  7.136999994516e+00,  9.999861717224e-01,  1.518495007428e+01,  2.833434045315e-01
  7.237000003457e+00,  1.000006914139e+00,  1.518492933186e+01,  2.796136140823e-01
  7.336999997497e+00,  1.000008940697e+00,  1.518492730530e+01,  2.781065702438e-01
  7.437000006437e+00,  9.999950528145e-01,  1.518494119319e+01,  2.785543501377e-01
  7.537000000477e+00,  1.000014424324e+00,  1.518492182168e+01,  2.787801921368e-01
  7.636999994516e+00,  1.000015377998e+00,  1.518492086800e+01,  2.765652537346e-01
  7.737000003457e+00,  1.000025033951e+00,  1.518491121205e+01,  2.772029042244e-01
  7.836999997497e+00,  1.000004768372e+00,  1.518493147763e+01,  2.775805890560e-01
  7.937000006437e+00,  1.000024676323e+00,  1.518491156968e+01,  2.787584662437e-01
  8.037000000477e+00,  1.000013709068e+00,  1.518492253693e+01,  2.789936661720e-01
  8.136999994516e+00,  1.000021576881e+00,  1.518491466912e+01,  2.784477770329e-01
  8.237000003457e+00,  1.000040769577e+00,  1.518489547642e+01,  2.773702144623e-01
  8.336999997497e+00,  1.000013828278e+00,  1.518492241772e+01,  2.787657976151e-01
  8.437000006437e+00,  1.000017523766e+00,  1.518491872223e+01,  2.762883305550e-01
  8.537000000477e+00,  1.000002741814e+00,  1.518493350419e+01,  2.779360115528e-01
  8.636999994516e+00,  1.000003457069e+00,  1.518493278893e+01,  2.769055962563e-01
  8.737000003457e+00,  1.000001907349e+00,  1.518493433865e+01,  2.772909104824e-01
  8.836999997497e+00,  1.000023007393e+00,  1.518491323861e+01,  2.770949006081e-01
  8.937000006437e+00,  1.000029087067e+00,  1.518490715893e+01,  2.763538956642e-01
  9.037000000477e+00,  9.999910593033e-01,  1.518494518670e+01,  2.757406830788e-01
  9.136999994516e+00,  9.999887347221e-01,  1.518494751128e+01,  2.746439874172e-01
  9.237000003457e+00,  1.000016808510e+00,  1.518491943749e+01,  2.762335836887e-01
  9.336999997497e+00,  9.999853968620e-01,  1.518495084914e+01,  2.750155627728e-01
  9.437000006437e+00,  9.999975562096e-01,  1.518493868979e+01,  2.731834352016e-01
  9.537000000477e+00,  1.000026226044e+00,  1.518491001996e+01,  2.768655717373e-01
  9.636999994516e+00,  9.999952316284e-01,  1.518494101437e+01,  2.747277319431e-01
  9.737000003457e+00,  9.999930262566e-01,  1.518494321974e+01,  2.778488695621e-01
  9.836999997497e+00,  1.000014305115e+00,  1.518492194089e+01,  2.761971354485e-01
  9.937000006437e+00,  1.000020503998e+00,  1.518491574200e+01,  2.767831981182e-01
  1.003700000048e+01,  1.000052213669e+00,  1.518488403233e+01,  2.769633531570e-01
  1.013699999452e+01,  1.000015020370e+00,  1.518492122563e+01,  2.739180624485e-01
  1.023700000346e+01,  9.999954700470e-01,  1.518494077595e+01,  2.766488194466e-01
  1.033699999750e+01,  1.000020146370e+00,  1.518491609963e+01,  2.750170528889e-01
  1.043700000644e+01,  9.999906420708e-01,  1.518494560393e+01,  2.764327526093e-01
  1.053700000048e+01,  1.000022888184e+00,  1.518491335782e+01,  2.753140032291e-01
  1.063699999452e+01,  9.999919533730e-01,  1.518494429263e+01,  2.763547897339e-01
  1.073700000346e+01,  1.000010132790e+00,  1.518492611321e+01,  2.755545973778e-01
  1.083699999750e+01,  1.000006437302e+00,  1.518492980870e+01,  2.764138281345e-01
  1.093700000644e+01,  1.000000238419e+00,  1.518493600758e+01,  2.750800251961e-01
  1.103700000048e+01,  9.999978542328e-01,  1.518493839177e+01,  2.744132876396e-01
  1.113699999452e+01,  9.999811649323e-01,  1.518495508107e+01,  2.761285007000e-01
  1.123700000346e+01,  1.000001907349e+00,  1.518493433865e+01,  2.752355635166e-01
  1.133699999750e+01,  9.999869465828e-01,  1.518494929942e+01,  2.734393477440e-01
  1.143700000644e+01,  9.999962449074e-01,  1.518494000109e+01,  2.742424309254e-01
  1.153700000048e+01,  1.000000000000e+00,  1.518493624600e+01,  2.735414505005e-01
  1.163699999452e+01,  1.000017046928e+00,  1.518491919907e+01,  2.739982903004e-01
  1.173700000346e+01,  1.000004768372e+00,  1.518493147763e+01,  2.749168872833e-01
  1.183699999750e+01,  1.000024199486e+00,  1.518491204651e+01,  2.735343873501e-01
  1.193700000644e+01,  1.000018119812e+00,  1.518491812619e+01,  2.729554772377e-01
  1.203700000048e+01,  1.000019192696e+00,  1.518491705330e+01,  2.747170329094e-01
  1.213699999452e+01,  9.999933838844e-01,  1.518494286212e+01,  2.749844491482e-01
  1.223700000346e+01,  9.999992847443e-01,  1.518493696126e+01,  2.727656662464e-01
  1.233699999750e+01,  1.000011324883e+00,  1.518492492112e+01,  2.768321335316e-01
  1.243700000644e+01,  9.999883770943e-01,  1.518494786891e+01,  2.744230329990e-01
  1.253700000048e+01,  1.000007867813e+00,  1.518492837819e+01,  2.745091617107e-01
  1.263699999452e+01,  1.000016570091e+00,  1.518491967591e+01,  2.731507718563e-01
  1.273700000346e+01,  9.999831318855e-01,  1.518495311411e+01,  2.725624144077e-01
  1.283699999750e+01,  9.999945759773e-01,  1.518494167002e+01,  2.734874188900e-01
  1.293700000644e+01,  1.000002384186e+00,  1.518493386181e+01,  2.728468775749e-01
  1.303700000048e+01,  1.000029802322e+00,  1.518490644368e+01,  2.735540568829e-01
  1.313699999452e+01,  1.000014901161e+00,  1.518492134484e+01,  2.715146839619e-01
  1.323700000346e+01,  1.000005245209e+00,  1.518493100079e+01,  2.719155251980e-01
  1.333699999750e+01,  1.000007748604e+00,  1.518492849740e+01,  2.726141512394e-01
  1.343700000644e+01,  9.999912381172e-01,  1.518494500788e+01,  2.729624509811e-01
  1.353700000048e+01,  1.000014901161e+00,  1.518492134484e+01,  2.737562358379e-01
  1.363699999452e+01,  1.000013232231e+00,  1.518492301377e+01,  2.712408900261e-01
  1.373700000346e+01,  1.000001668930e+00,  1.518493457707e+01,  2.717023193836e-01
  1.383699999750e+01,  1.000036120415e+00,  1.518490012559e+01,  2.705061435699e-01
  1.393700000644e+01,  9.999955892563e-01,  1.518494065674e+01,  2.710959315300e-01
  1.403700000048e+01,  1.000013828278e+00,  1.518492241772e+01,  2.724264562130e-01
  1.413699999452e+01,  1.000019907951e+00,  1.518491633805e+01,  2.701740860939e-01
  1.423700000346e+01,  1.000013709068e+00,  1.518492253693e+01,  2.703255414963e-01
  1.433699999750e+01,  9.999820590019e-01,  1.518495418700e+01,  2.691000998020e-01
  1.443700000644e+01,  9.999918341637e-01,  1.518494441184e+01,  2.684225142002e-01
  1.453700000048e+01,  9.999656081200e-01,  1.518497063788e+01,  2.707797586918e-01
  1.463699999452e+01,  9.999795556068e-01,  1.518495669039e+01,  2.722762525082e-01
  1.473700000346e+01,  9.999995827675e-01,  1.518493666323e+01,  2.690552473068e-01
  1.483699999750e+01,  9.999799132347e-01,  1.518495633277e+01,  2.691055834293e-01
  1.493700000644e+01,  1.000020861626e+00,  1.518491538437e+01,  2.679732739925e-01
  1.503700000048e+01,  9.999982118607e-01,  1.518493803414e+01,  2.698014974594e-01
  1.513699999452e+01,  1.000005364418e+00,  1.518493088158e+01,  2.687340974808e-01
  1.523700000346e+01,  1.000005602837e+00,  1.518493064316e+01,  2.695010602474e-01
  1.533699999750e+01,  9.999976158142e-01,  1.518493863019e+01,  2.713567316532e-01
  1.543700000644e+01,  1.000018239021e+00,  1.518491800698e+01,  2.681001424789e-01
  1.553700000048e+01,  1.000040769577e+00,  1.518489547642e+01,  2.671813070774e-01
  1.563699999452e+01,  1.000003099442e+00,  1.518493314656e+01,  2.700127661228e-01
  1.573700000346e+01,  1.000001668930e+00,  1.518493457707e+01,  2.692762017250e-01
  1.583699999750e+01,  9.999944567680e-01,  1.518494178923e+01,  2.700294852257e-01
  1.593700000644e+01,  1.000000357628e+00,  1.518493588837e+01,  2.676283717155e-01
  1.603700000048e+01,  9.999968409538e-01,  1.518493940505e+01,  2.659207880497e-01
  1.613699999452e+01,  1.000013113022e+00,  1.518492313298e+01,  2.657306790352e-01
  1.623700000346e+01,  9.999750852585e-01,  1.518496116074e+01,  2.683140337467e-01
  1.633699999750e+01,  1.000012159348e+00,  1.518492408665e+01,  2.682960629463e-01
  1.643700000644e+01,  1.000008821487e+00,  1.518492742451e+01,  2.666255235672e-01
  1.653700000048e+01,  9.999688267708e-01,  1.518496741923e+01,  2.682799398899e-01
  1.663699999452e+01,  9.999774694443e-01,  1.518495877656e+01,  2.650643885136e-01
  1.673700000346e+01,  1.000007390976e+00,  1.518492885502e+01,  2.672558724880e-01
  1.683699999750e+01,  9.999926686287e-01,  1.518494357737e+01,  2.672544121742e-01
  1.693700000644e+01,  9.999837279320e-01,  1.518495251807e+01,  2.677782177925e-01
  1.703700000048e+01,  1.000005602837e+00,  1.518493064316e+01,  2.651245892048e-01
  1.713699999452e+01,  1.000039815903e+00,  1.518489643010e+01,  2.659158408642e-01
  1.723700000346e+01,  1.000002980232e+00,  1.518493326577e+01,  2.687336206436e-01
  1.733699999750e+01,  1.000014424324e+00,  1.518492182168e+01,  2.664181292057e-01
  1.743700000644e+01,  1.000046372414e+00,  1.518488987359e+01,  2.704717218876e-01
  1.753700000048e+01,  1.000024318695e+00,  1.518491192731e+01,  2.652468085289e-01
  1.763699999452e+01,  9.999969601631e-01,  1.518493928584e+01,  2.653204500675e-01
  1.773700000346e+01,  1.000019311905e+00,  1.518491693410e+01,  2.675678133965e-01
  1.783699999750e+01,  1.000020623207e+00,  1.518491562279e+01,  2.665401101112e-01
  1.793700000644e+01,  9.999812245369e-01,  1.518495502146e+01,  2.665078043938e-01
  1.803700000048e+01,  9.999880194664e-01,  1.518494822653e+01,  2.643066346645e-01
  1.813699999452e+01,  9.999866485596e-01,  1.518494959744e+01,  2.651432454586e-01
  1.823700000346e+01,  9.999898672104e-01,  1.518494637879e+01,  2.656165957451e-01
  1.833699999750e+01,  9.999964237213e-01,  1.518493982228e+01,  2.634383738041e-01
  1.843700000644e+01,  9.999996423721e-01,  1.518493660363e+01,  2.665030062199e-01
  1.853700000048e+01,  1.000020980835e+00,  1.518491526517e+01,  2.661211192608e-01
  1.863699999452e+01,  1.000018477440e+00,  1.518491776856e+01,  2.651878297329e-01
  1.873700000346e+01,  9.999860525131e-01,  1.518495019349e+01,  2.659582793713e-01
  1.883699999750e+01,  1.000007510185e+00,  1.518492873581e+01,  2.659198641777e-01
  1.893700000644e+01,  1.000010251999e+00,  1.518492599400e+01,  2.638334631920e-01
  1.903700000048e+01,  1.000020742416e+00,  1.518491550358e+01,  2.662231326103e-01
  1.913699999452e+01,  1.000018000603e+00,  1.518491824540e+01,  2.653875350952e-01
  1.923700000346e+01,  1.000007987022e+00,  1.518492825898e+01,  2.665863633156e-01
  1.933699999750e+01,  1.000005364418e+00,  1.518493088158e+01,  2.677421271801e-01
  1.943700000644e+01,  9.999963045120e-01,  1.518493994149e+01,  2.658064961433e-01
  1.953700000048e+01,  9.999738335609e-01,  1.518496241244e+01,  2.672860026360e-01
  1.963699999452e+01,  9.999911785126e-01,  1.518494506749e+01,  2.664129734039e-01
  1.973700000346e+01,  1.000008463860e+00,  1.518492778214e+01,  2.656522691250e-01
  1.983699999750e+01,  1.000001192093e+00,  1.518493505391e+01,  2.662696242332e-01
  1.993700000644e+01,  9.999864697456e-01,  1.518494977625e+01,  2.649086117744e-01
  2.003700000048e+01,  1.000007152557e+00,  1.518492909344e+01,  2.656439244747e-01
  2.013699999452e+01,  1.000009655952e+00,  1.518492659005e+01,  2.651655375957e-01
  2.023700000346e+01,  9.999699592590e-01,  1.518496628674e+01,  2.650939226151e-01
  2.033699999750e+01,  1.000011682510e+00,  1.518492456349e+01,  2.656952440739e-01
  2.043700000644e+01,  9.999997615814e-01,  1.518493648442e+01,  2.659270167351e-01
  2.053700000048e+01,  9.999966621399e-01,  1.518493958386e+01,  2.641315162182e-01
  2.063699999452e+01,  1.000017881393e+00,  1.518491836461e+01,  2.640092074871e-01
  2.073700000346e+01,  1.000004649162e+00,  1.518493159684e+01,  2.628613710403e-01
  2.083699999750e+01,  9.999871253967e-01,  1.518494912060e+01,  2.646318376064e-01
  2.093700000644e+01,  9.999932646751e-01,  1.518494298133e+01,  2.656925022602e-01
  2.103700000048e+01,  1.000008583069e+00,  1.518492766293e+01,  2.657601535320e-01
  2.113699999452e+01,  9.999857544899e-01,  1.518495049151e+01,  2.652260661125e-01
  2.123700000346e+01,  9.999814033508e-01,  1.518495484265e+01,  2.645661234856e-01
  2.133699999750e+01,  9.999905824661e-01,  1.518494566353e+01,  2.637380957603e-01
  2.143700000644e+01,  9.999918341637e-01,  1.518494441184e+01,  2.647556662560e-01
  2.153700000048e+01,  1.000007867813e+00,  1.518492837819e+01,  2.632547616959e-01
  2.163699999452e+01,  1.000009655952e+00,  1.518492659005e+01,  2.641350328922e-01
  2.173700000346e+01,  9.999812841415e-01,  1.518495496186e+01,  2.641863226891e-01
  2.183699999750e+01,  9.999596476555e-01,  1.518497659834e+01,  2.634995877743e-01
  2.193700000644e+01,  1.000039100647e+00,  1.518489714535e+01,  2.622409164906e-01
  2.203700000048e+01,  1.000011682510e+00,  1.518492456349e+01,  2.632477581501e-01
  2.213699999452e+01,  1.000028967857e+00,  1.518490727814e+01,  2.616136670113e-01
  2.223700000346e+01,  9.999905228615e-01,  1.518494572314e+01,  2.607989907265e-01
  2.233699999750e+01,  1.000002741814e+00,  1.518493350419e+01,  2.611656188965e-01
  2.243700000644e+01,  9.999887347221e-01,  1.518494751128e+01,  2.617174983025e-01
  2.253700000048e+01,  9.999700784683e-01,  1.518496616753e+01,  2.616635560989e-01
  2.263699999452e+01,  9.999793767929e-01,  1.518495686921e+01,  2.625668942928e-01
  2.273700000346e+01,  9.999967217445e-01,  1.518493952426e+01,  2.630752921104e-01
  2.283699999750e+01,  1.000013113022e+00,  1.518492313298e+01,  2.605922222137e-01
  2.293700000644e+01,  9.999848008156e-01,  1.518495144518e+01,  2.601808905602e-01
  2.303700000048e+01,  9.999882578850e-01,  1.518494798812e+01,  2.626895010471e-01
  2.313699999452e+01,  9.999960064888e-01,  1.518494023951e+01,  2.626421153545e-01
  2.323700000346e+01,  1.000000357628e+00,  1.518493588837e+01,  2.630626261234e-01
  2.333699999750e+01,  1.000003695488e+00,  1.518493255051e+01,  2.595296204090e-01
  2.343700000644e+01,  1.000004529953e+00,  1.518493171605e+01,  2.607722282410e-01
  2.353700000048e+01,  9.999685287476e-01,  1.518496771725e+01,  2.620273828506e-01
  2.363699999452e+01,  9.999791979790e-01,  1.518495704802e+01,  2.614599466324e-01
  2.373700000346e+01,  1.000012636185e+00,  1.518492360982e+01,  2.612235546112e-01
  2.383699999750e+01,  9.999866485596e-01,  1.518494959744e+01,  2.619972527027e-01
  2.393700000644e+01,  1.000002980232e+00,  1.518493326577e+01,  2.618360817432e-01
  2.403700000048e+01,  9.999855160713e-01,  1.518495072993e+01,  2.619057893753e-01
  2.413699999452e+01,  1.000014424324e+00,  1.518492182168e+01,  2.609899938107e-01
  2.423700000346e+01,  9.999758005142e-01,  1.518496044549e+01,  2.605745494366e-01
  2.433699999750e+01,  9.999929070473e-01,  1.518494333895e+01,  2.608695030212e-01
  2.443700000644e+01,  1.000007867813e+00,  1.518492837819e+01,  2.618492245674e-01
  2.453700000048e+01,  9.999839067459e-01,  1.518495233925e+01,  2.592650651932e-01
  2.463699999452e+01,  9.999910593033e-01,  1.518494518670e+01,  2.596356868744e-01
  2.473700000346e+01,  1.000011086464e+00,  1.518492515954e+01,  2.588796317577e-01
  2.483699999750e+01,  9.999864697456e-01,  1.518494977625e+01,  2.611884474754e-01
  2.493700000644e+01,  1.000023722649e+00,  1.518491252335e+01,  2.607168257236e-01
  2.503700000048e+01,  1.000017166138e+00,  1.518491907986e+01,  2.608936429024e-01
  2.513699999452e+01,  1.000003933907e+00,  1.518493231209e+01,  2.600563466549e-01
  2.523700000346e+01,  1.000001072884e+00,  1.518493517312e+01,  2.592658698559e-01
  2.533699999750e+01,  9.999954104424e-01,  1.518494083556e+01,  2.615220248699e-01
  2.543700000644e+01,  9.999986886978e-01,  1.518493755730e+01,  2.617800235748e-01
  2.553700000048e+01,  1.000005364418e+00,  1.518493088158e+01,  2.610275447369e-01
  2.563699999452e+01,  9.999976158142e-01,  1.518493863019e+01,  2.606925368309e-01
  2.573700000346e+01,  1.000014066696e+00,  1.518492217930e+01,  2.598359584808e-01
  2.583699999750e+01,  1.000014901161e+00,  1.518492134484e+01,  2.624268531799e-01
  2.593700000644e+01,  9.999808073044e-01,  1.518495543870e+01,  2.604169845581e-01
  2.603700000048e+01,  1.000023007393e+00,  1.518491323861e+01,  2.625119388103e-01
  2.613699999452e+01,  9.999949336052e-01,  1.518494131240e+01,  2.617782056332e-01
  2.623700000346e+01,  1.000018835068e+00,  1.518491741093e+01,  2.634259760380e-01
  2.633699999750e+01,  9.999786615372e-01,  1.518495758446e+01,  2.597624659538e-01
  2.643700000644e+01,  1.000007271767e+00,  1.518492897423e+01,  2.589035630226e-01
  2.653700000048e+01,  9.999945759773e-01,  1.518494167002e+01,  2.604944407940e-01
  2.663699999452e+01,  1.000012516975e+00,  1.518492372902e+01,  2.596707344055e-01
  2.673700000346e+01,  9.999897480011e-01,  1.518494649800e+01,  2.598963081837e-01
  2.683699999750e+01,  9.999761581421e-01,  1.518496008786e+01,  2.616962790489e-01
  2.693700000644e+01,  9.999988079071e-01,  1.518493743809e+01,  2.603476941586e-01
  2.703700000048e+01,  1.000005245209e+00,  1.518493100079e+01,  2.610122859478e-01
  2.713699999452e+01,  9.999973773956e-01,  1.518493886860e+01,  2.578321397305e-01
  2.723700000346e+01,  9.999989867210e-01,  1.518493725928e+01,  2.586806416512e-01
  2.733699999750e+01,  1.000026345253e+00,  1.518490990075e+01,  2.576756775379e-01
  2.743700000644e+01,  1.000011682510e+00,  1.518492456349e+01,  2.605725228786e-01
  2.753700000048e+01,  1.000017881393e+00,  1.518491836461e+01,  2.567147910595e-01
  2.763699999452e+01,  1.000025391579e+00,  1.518491085442e+01,  2.574990689754e-01
  2.773700000346e+01,  9.999813437462e-01,  1.518495490225e+01,  2.577137351036e-01
  2.783699999750e+01,  1.000006318092e+00,  1.518492992791e+01,  2.602741420269e-01
  2.793700000644e+01,  1.000002503395e+00,  1.518493374261e+01,  2.592164874077e-01
  2.803700000048e+01,  1.000001192093e+00,  1.518493505391e+01,  2.584066390991e-01
  2.813699999452e+01,  1.000016689301e+00,  1.518491955670e+01,  2.603667080402e-01
  2.823700000346e+01,  9.999852776527e-01,  1.518495096835e+01,  2.596543133259e-01
  2.833699999750e+01,  1.000014543533e+00,  1.518492170247e+01,  2.593050003052e-01
  2.843700000644e+01,  9.999736547470e-01,  1.518496259125e+01,  2.594455182552e-01
  2.853700000048e+01,  9.999847412109e-01,  1.518495150479e+01,  2.588461935520e-01
  2.863699999452e+01,  9.999651908875e-01,  1.518497105511e+01,  2.569392919540e-01
  2.873700000346e+01,  9.999935030937e-01,  1.518494274291e+01,  2.560402154922e-01
  2.883699999750e+01,  9.999957680702e-01,  1.518494047793e+01,  2.585638165474e-01
  2.893700000644e+01,  9.999951720238e-01,  1.518494107398e+01,  2.584445476532e-01
  2.903700000048e+01,  9.999921321869e-01,  1.518494411381e+01,  2.582681477070e-01
  2.913699999452e+01,  1.000012636185e+00,  1.518492360982e+01,  2.563911676407e-01
  2.923700000346e+01,  9.999894499779e-01,  1.518494679602e+01,  2.580393254757e-01
  2.933699999750e+01,  1.000004410744e+00,  1.518493183526e+01,  2.584959864616e-01
  2.943700000644e+01,  1.000029802322e+00,  1.518490644368e+01,  2.557687759399e-01
  2.953700000048e+01,  1.000004768372e+00,  1.518493147763e+01,  2.593274414539e-01
  2.963699999452e+01,  9.999995231628e-01,  1.518493672284e+01,  2.603813409805e-01
  2.973700000346e+01,  1.000007510185e+00,  1.518492873581e+01,  2.577414512634e-01
  2.983699999750e+01,  9.999925494194e-01,  1.518494369658e+01,  2.578965723515e-01
  2.993700000644e+01,  1.000000953674e+00,  1.518493529233e+01,  2.573232948780e-01
  3.003700000048e+01,  1.000037431717e+00,  1.518489881428e+01,  2.577862739563e-01
  3.013699999452e+01,  1.000022292137e+00,  1.518491395386e+01,  2.567287683487e-01
  3.023700000346e+01,  1.000013351440e+00,  1.518492289456e+01,  2.557865083218e-01
  3.033699999750e+01,  9.999881982803e-01,  1.518494804772e+01,  2.563959956169e-01
  3.043700000644e+01,  1.000005602837e+00,  1.518493064316e+01,  2.584913372993e-01
  3.053700000048e+01,  9.999809265137e-01,  1.518495531949e+01,  2.569964528084e-01
  3.063699999452e+01,  9.999952316284e-01,  1.518494101437e+01,  2.573366761208e-01
  3.073700000346e+01,  1.000006556511e+00,  1.518492968949e+01,  2.585974037647e-01
  3.083699999750e+01,  1.000001549721e+00,  1.518493469628e+01,  2.583356201649e-01
  3.093700000644e+01,  9.999983310699e-01,  1.518493791493e+01,  2.566135823727e-01
  3.103700000048e+01,  9.999731183052e-01,  1.518496312770e+01,  2.547402083874e-01
  3.113699999452e+01,  9.999926090240e-01,  1.518494363698e+01,  2.557899057865e-01
  3.123700000346e+01,  9.999810457230e-01,  1.518495520028e+01,  2.545459270477e-01
  3.133699999750e+01,  9.999921321869e-01,  1.518494411381e+01,  2.532764673233e-01
  3.143700000644e+01,  9.999555349350e-01,  1.518498071107e+01,  2.565363645554e-01
  3.153700000048e+01,  1.000007867813e+00,  1.518492837819e+01,  2.547769844532e-01
  3.163699999452e+01,  1.000000953674e+00,  1.518493529233e+01,  2.563197016716e-01
  3.173700000346e+01,  9.999924898148e-01,  1.518494375619e+01,  2.523136138916e-01
  3.183699999750e+01,  1.000012516975e+00,  1.518492372902e+01,  2.565262615681e-01
  3.193700000644e+01,  1.000013947487e+00,  1.518492229851e+01,  2.550597190857e-01
  3.203700000048e+01,  1.000032663345e+00,  1.518490358265e+01,  2.549782693386e-01
  3.213699999452e+01,  1.000007033348e+00,  1.518492921265e+01,  2.547857761383e-01
  3.223700000346e+01,  1.000017046928e+00,  1.518491919907e+01,  2.560631334782e-01
  3.233699999750e+01,  1.000017404556e+00,  1.518491884144e+01,  2.566259503365e-01
  3.243700000644e+01,  1.000021576881e+00,  1.518491466912e+01,  2.560123503208e-01
  3.253700000048e+01,  1.000003457069e+00,  1.518493278893e+01,  2.563049495220e-01
  3.263699999452e+01,  1.000020265579e+00,  1.518491598042e+01,  2.573843598366e-01
  3.273700000346e+01,  9.999746680260e-01,  1.518496157797e+01,  2.552192509174e-01
  3.283699999750e+01,  1.000017046928e+00,  1.518491919907e+01,  2.559294700623e-01
  3.293700000644e+01,  9.999727606773e-01,  1.518496348532e+01,  2.550634443760e-01
  3.303700000048e+01,  1.000007033348e+00,  1.518492921265e+01,  2.534664869308e-01
  3.313699999452e+01,  9.999875426292e-01,  1.518494870337e+01,  2.534777820110e-01
  3.323700000346e+01,  1.000002861023e+00,  1.518493338498e+01,  2.538753449917e-01
  3.333699999750e+01,  1.000001668930e+00,  1.518493457707e+01,  2.552894055843e-01
  3.343700000644e+01,  1.000003695488e+00,  1.518493255051e+01,  2.548261582851e-01
  3.353700000048e+01,  1.000008940697e+00,  1.518492730530e+01,  2.552461624146e-01
  3.363699999452e+01,  9.999924302101e-01,  1.518494381579e+01,  2.547022700310e-01
  3.373700000346e+01,  1.000006794930e+00,  1.518492945107e+01,  2.547274827957e-01
  3.383699999750e+01,  1.000002384186e+00,  1.518493386181e+01,  2.555383443832e-01
  3.393700000644e+01,  9.999944567680e-01,  1.518494178923e+01,  2.549982070923e-01
  3.403700000048e+01,  1.000002026558e+00,  1.518493421944e+01,  2.543950676918e-01
  3.413699999452e+01,  9.999688267708e-01,  1.518496741923e+01,  2.564317882061e-01
  3.423700000346e+01,  9.999978542328e-01,  1.518493839177e+01,  2.559401094913e-01
  3.433699999750e+01,  9.999870061874e-01,  1.518494923981e+01,  2.574931681156e-01
  3.443700000644e+01,  9.999999403954e-01,  1.518493630560e+01,  2.588095068932e-01
  3.453700000048e+01,  9.999929666519e-01,  1.518494327935e+01,  2.548288702965e-01
  3.463699999452e+01,  9.999778270721e-01,  1.518495841893e+01,  2.584944963455e-01
  3.473700000346e+01,  9.999767541885e-01,  1.518495949181e+01,  2.569231987000e-01
  3.483699999750e+01,  1.000022292137e+00,  1.518491395386e+01,  2.565575242043e-01
  3.493700000644e+01,  1.000005483627e+00,  1.518493076237e+01,  2.546394765377e-01
  3.503700000048e+01,  9.999969601631e-01,  1.518493928584e+01,  2.561789453030e-01
  3.513699999452e+01,  1.000005245209e+00,  1.518493100079e+01,  2.552565038204e-01
  3.523700000346e+01,  9.999987483025e-01,  1.518493749770e+01,  2.567045092583e-01
  3.533699999750e+01,  9.999807476997e-01,  1.518495549830e+01,  2.561599612236e-01
  3.543700000644e+01,  9.999989271164e-01,  1.518493731888e+01,  2.574288845062e-01
  3.553700000048e+01,  1.000001430511e+00,  1.518493481549e+01,  2.568645179272e-01
  3.563699999452e+01,  9.999760389328e-01,  1.518496020707e+01,  2.518196702003e-01
  3.573700000346e+01,  9.999759197235e-01,  1.518496032628e+01,  2.564848363400e-01
  3.583699999750e+01,  9.999765157700e-01,  1.518495973023e+01,  2.549389898777e-01
  3.593700000644e+01,  1.000002384186e+00,  1.518493386181e+01,  2.550563216209e-01
  3.603700000048e+01,  1.000001192093e+00,  1.518493505391e+01,  2.567476332188e-01
  3.613699999452e+01,  1.000020980835e+00,  1.518491526517e+01,  2.558078169823e-01
  3.623700000346e+01,  1.000018477440e+00,  1.518491776856e+01,  2.565018534660e-01
  3.633699999750e+01,  1.000014066696e+00,  1.518492217930e+01,  2.548424005508e-01
  3.643700000644e+01,  9.999833106995e-01,  1.518495293530e+01,  2.537887394428e-01
  3.653700000048e+01,  9.999807476997e-01,  1.518495549830e+01,  2.530010938644e-01
  3.663699999452e+01,  9.999982714653e-01,  1.518493797453e+01,  2.571594417095e-01
  3.673700000346e+01,  1.000020623207e+00,  1.518491562279e+01,  2.542197406292e-01
  3.683699999750e+01,  1.000009417534e+00,  1.518492682847e+01,  2.524867355824e-01
  3.693700000644e+01,  9.999808073044e-01,  1.518495543870e+01,  2.527599632740e-01
  3.703700000048e+01,  1.000010013580e+00,  1.518492623242e+01,  2.526540160179e-01
  3.713699999452e+01,  1.000007033348e+00,  1.518492921265e+01,  2.524917125702e-01
  3.723700000346e+01,  1.000005006790e+00,  1.518493123921e+01,  2.536168992519e-01
  3.733699999750e+01,  1.000000596046e+00,  1.518493564995e+01,  2.529085874557e-01
  3.743700000644e+01,  1.000021576881e+00,  1.518491466912e+01,  2.530583143234e-01
  3.753700000048e+01,  1.000000715256e+00,  1.518493553074e+01,  2.532459497452e-01
  3.763699999452e+01,  1.000002145767e+00,  1.518493410023e+01,  2.532075345516e-01
  3.773700000346e+01,  1.000015497208e+00,  1.518492074879e+01,  2.526803910732e-01
  3.783699999750e+01,  9.999888539314e-01,  1.518494739207e+01,  2.524709105492e-01
  3.793700000644e+01,  1.000016689301e+00,  1.518491955670e+01,  2.529332637787e-01
  3.803700000048e+01,  9.999805688858e-01,  1.518495567711e+01,  2.536317408085e-01
  3.813699999452e+01,  9.999971389771e-01,  1.518493910702e+01,  2.522382140160e-01
  3.823700000346e+01,  1.000025987625e+00,  1.518491025838e+01,  2.525208592415e-01
  3.833699999750e+01,  1.000006318092e+00,  1.518492992791e+01,  2.523221671581e-01
  3.843700000644e+01,  9.999935030937e-01,  1.518494274291e+01,  2.537952363491e-01
  3.853700000048e+01,  1.000004172325e+00,  1.518493207368e+01,  2.543059885502e-01
  3.863699999452e+01,  9.999988675117e-01,  1.518493737849e+01,  2.552832663059e-01
  3.873700000346e+01,  1.000029563904e+00,  1.518490668210e+01,  2.548474669456e-01
  3.883699999750e+01,  1.000008940697e+00,  1.518492730530e+01,  2.544457912445e-01
  3.893700000644e+01,  9.999814629555e-01,  1.518495478304e+01,  2.540351450443e-01
  3.903700000048e+01,  9.999902844429e-01,  1.518494596156e+01,  2.540236413479e-01
  3.913699999452e+01,  1.000050306320e+00,  1.518488593968e+01,  2.538252174854e-01
  3.923700000346e+01,  1.000033974648e+00,  1.518490227135e+01,  2.537733912468e-01
  3.933699999750e+01,  9.999992847443e-01,  1.518493696126e+01,  2.535980641842e-01
  3.943700000644e+01,  1.000027179718e+00,  1.518490906628e+01,  2.540409266949e-01
  3.953700000048e+01,  1.000011682510e+00,  1.518492456349e+01,  2.553830742836e-01
  3.963699999452e+01,  9.999955892563e-01,  1.518494065674e+01,  2.547983229160e-01
  3.973700000346e+01,  1.000023603439e+00,  1.518491264256e+01,  2.561137676239e-01
  3.983699999750e+01,  1.000006914139e+00,  1.518492933186e+01,  2.522445619106e-01
  3.993700000644e+01,  1.000043153763e+00,  1.518489309224e+01,  2.524048984051e-01
  4.003700000048e+01,  1.000010609627e+00,  1.518492563637e+01,  2.543380856514e-01
  4.013699999452e+01,  1.000021815300e+00,  1.518491443070e+01,  2.534393668175e-01
  4.023700000346e+01,  1.000020742416e+00,  1.518491550358e+01,  2.526373863220e-01
  4.033699999750e+01,  9.999949932098e-01,  1.518494125279e+01,  2.529208362103e-01
  4.043700000644e+01,  9.999937415123e-01,  1.518494250449e+01,  2.531720697880e-01
  4.053700000048e+01,  1.000019431114e+00,  1.518491681489e+01,  2.537395656109e-01
  4.063699999452e+01,  1.000000357628e+00,  1.518493588837e+01,  2.546714544296e-01
  4.073700000346e+01,  1.000010490417e+00,  1.518492575558e+01,  2.518603503704e-01
  4.083699999750e+01,  9.999974966049e-01,  1.518493874940e+01,  2.535230815411e-01
  4.093700000644e+01,  1.000011801720e+00,  1.518492444428e+01,  2.534159123898e-01
  4.103700000048e+01,  1.000020861626e+00,  1.518491538437e+01,  2.538025975227e-01
  4.113699999452e+01,  9.999911785126e-01,  1.518494506749e+01,  2.533265054226e-01
  4.123700000346e+01,  9.999899268150e-01,  1.518494631919e+01,  2.515159249306e-01
  4.133699999750e+01,  9.999945759773e-01,  1.518494167002e+01,  2.525848746300e-01
  4.143700000644e+01,  1.000044226646e+00,  1.518489201935e+01,  2.537129819393e-01
  4.153700000048e+01,  9.999867081642e-01,  1.518494953784e+01,  2.523489892483e-01
  4.163699999452e+01,  9.999877810478e-01,  1.518494846495e+01,  2.541931867599e-01
  4.173700000346e+01,  1.000009059906e+00,  1.518492718609e+01,  2.528283298016e-01
  4.183699999750e+01,  1.000006794930e+00,  1.518492945107e+01,  2.516051828861e-01
  4.193700000644e+01,  9.999985098839e-01,  1.518493773612e+01,  2.497231066227e-01
  4.203700000048e+01,  1.000030994415e+00,  1.518490525158e+01,  2.519925534725e-01
  4.213699999452e+01,  9.999647736549e-01,  1.518497147235e+01,  2.515634298325e-01
  4.223700000346e+01,  9.999980926514e-01,  1.518493815335e+01,  2.517840564251e-01
  4.233699999750e+01,  9.999940395355e-01,  1.518494220646e+01,  2.509401738644e-01
  4.243700000644e+01,  9.999846816063e-01,  1.518495156439e+01,  2.502303123474e-01
  4.253700000048e+01,  1.000022888184e+00,  1.518491335782e+01,  2.491353005171e-01
  4.263699999452e+01,  9.999726414680e-01,  1.518496360453e+01,  2.528754770756e-01
  4.273700000346e+01,  1.000005483627e+00,  1.518493076237e+01,  2.477758377790e-01
  4.283699999750e+01,  9.999973773956e-01,  1.518493886860e+01,  2.494770586491e-01
  4.293700000644e+01,  9.999869465828e-01,  1.518494929942e+01,  2.496039718390e-01
  4.303700000048e+01,  9.999946355820e-01,  1.518494161042e+01,  2.492839992046e-01
  4.313699999452e+01,  1.000005364418e+00,  1.518493088158e+01,  2.505994439125e-01
  4.323700000346e+01,  9.999915957451e-01,  1.518494465026e+01,  2.501774132252e-01
  4.333699999750e+01,  1.000000357628e+00,  1.518493588837e+01,  2.497783601284e-01
  4.343700000644e+01,  1.000020742416e+00,  1.518491550358e+01,  2.497625946999e-01
  4.353700000048e+01,  1.000002145767e+00,  1.518493410023e+01,  2.495494037867e-01
  4.363699999452e+01,  9.999877810478e-01,  1.518494846495e+01,  2.503071427345e-01
  4.373700000346e+01,  9.999880194664e-01,  1.518494822653e+01,  2.511176168919e-01
  4.383699999750e+01,  1.000039100647e+00,  1.518489714535e+01,  2.518863081932e-01
  4.393700000644e+01,  9.999898672104e-01,  1.518494637879e+01,  2.488665580750e-01
  4.403700000048e+01,  1.000033974648e+00,  1.518490227135e+01,  2.481991350651e-01
  4.413699999452e+01,  9.999800324440e-01,  1.518495621356e+01,  2.470024079084e-01
  4.423700000346e+01,  1.000010848045e+00,  1.518492539795e+01,  2.521864473820e-01
  4.433699999750e+01,  1.000012040138e+00,  1.518492420586e+01,  2.469055652618e-01
  4.443700000644e+01,  9.999894499779e-01,  1.518494679602e+01,  2.505918443203e-01
  4.453700000048e+01,  1.000007987022e+00,  1.518492825898e+01,  2.503196895123e-01
  4.463699999452e+01,  9.999829530716e-01,  1.518495329293e+01,  2.496214658022e-01
  4.473700000346e+01,  9.999987483025e-01,  1.518493749770e+01,  2.486838400364e-01
  4.483699999750e+01,  9.999899268150e-01,  1.518494631919e+01,  2.498578727245e-01
  4.493700000644e+01,  1.000002026558e+00,  1.518493421944e+01,  2.484792321920e-01
  4.503700000048e+01,  1.000034570694e+00,  1.518490167531e+01,  2.498617172241e-01
  4.513699999452e+01,  1.000025510788e+00,  1.518491073521e+01,  2.494177967310e-01
  4.523700000346e+01,  1.000012159348e+00,  1.518492408665e+01,  2.488944083452e-01
  4.533699999750e+01,  1.000000834465e+00,  1.518493541154e+01,  2.497405856848e-01
  4.543700000644e+01,  9.999802112579e-01,  1.518495603474e+01,  2.499866932631e-01
  4.553700000048e+01,  1.000006914139e+00,  1.518492933186e+01,  2.492417395115e-01
  4.563699999452e+01,  9.999970793724e-01,  1.518493916663e+01,  2.494405061007e-01
  4.573700000346e+01,  9.999821186066e-01,  1.518495412739e+01,  2.497513592243e-01
  4.583699999750e+01,  1.000016927719e+00,  1.518491931828e+01,  2.498308569193e-01
  4.593700000644e+01,  9.999886751175e-01,  1.518494757088e+01,  2.510958015919e-01
  4.603700000048e+01,  1.000001430511e+00,  1.518493481549e+01,  2.502642273903e-01
  4.613699999452e+01,  9.999879598618e-01,  1.518494828614e+01,  2.482775598764e-01
  4.623700000346e+01,  9.999554753304e-01,  1.518498077067e+01,  2.516227960587e-01
  4.633699999750e+01,  1.000036835670e+00,  1.518489941033e+01,  2.483093291521e-01
  4.643700000644e+01,  9.999926686287e-01,  1.518494357737e+01,  2.493061721325e-01
  4.653700000048e+01,  1.000030517578e+00,  1.518490572842e+01,  2.486727386713e-01
  4.663699999452e+01,  1.000008344650e+00,  1.518492790135e+01,  2.484093010426e-01
  4.673700000346e+01,  1.000000715256e+00,  1.518493553074e+01,  2.481995671988e-01
  4.683699999750e+01,  1.000010490417e+00,  1.518492575558e+01,  2.473599314690e-01
  4.693700000644e+01,  1.000006079674e+00,  1.518493016633e+01,  2.475526481867e-01
  4.703700000048e+01,  1.000015616417e+00,  1.518492062958e+01,  2.490009218454e-01
  4.713699999452e+01,  1.000003814697e+00,  1.518493243130e+01,  2.487995028496e-01
  4.723700000346e+01,  9.999790787697e-01,  1.518495716723e+01,  2.492663413286e-01
  4.733699999750e+01,  1.000018119812e+00,  1.518491812619e+01,  2.488072514534e-01
  4.743700000644e+01,  9.999905228615e-01,  1.518494572314e+01,  2.491814792156e-01
  4.753700000048e+01,  9.999577999115e-01,  1.518497844609e+01,  2.507832646370e-01
  4.763699999452e+01,  9.999969005585e-01,  1.518493934544e+01,  2.512455284595e-01
  4.773700000346e+01,  1.000028014183e+00,  1.518490823182e+01,  2.518702149391e-01
  4.783699999750e+01,  1.000039458275e+00,  1.518489678773e+01,  2.495993673801e-01
  4.793700000644e+01,  9.999889135361e-01,  1.518494733246e+01,  2.478704154491e-01
  4.803700000048e+01,  1.000016808510e+00,  1.518491943749e+01,  2.499796599150e-01
  4.813699999452e+01,  1.000015497208e+00,  1.518492074879e+01,  2.495068758726e-01
  4.823700000346e+01,  1.000007987022e+00,  1.518492825898e+01,  2.497413903475e-01
  4.833699999750e+01,  9.999857544899e-01,  1.518495049151e+01,  2.511869072914e-01
  4.843700000644e+01,  1.000004291534e+00,  1.518493195447e+01,  2.493607699871e-01
  4.853700000048e+01,  9.999873638153e-01,  1.518494888218e+01,  2.498313337564e-01
  4.863699999452e+01,  9.999933838844e-01,  1.518494286212e+01,  2.508260309696e-01
  4.873700000346e+01,  1.000003695488e+00,  1.518493255051e+01,  2.521169185638e-01
  4.883699999750e+01,  9.999872446060e-01,  1.518494900139e+01,  2.508328258991e-01
  4.893700000644e+01,  1.000054717064e+00,  1.518488152894e+01,  2.504857182503e-01
  4.903700000048e+01,  9.999920725822e-01,  1.518494417342e+01,  2.486947625875e-01
  4.913699999452e+01,  9.999930858612e-01,  1.518494316014e+01,  2.485454827547e-01
  4.923700000346e+01,  9.999872446060e-01,  1.518494900139e+01,  2.517204284668e-01
  4.933699999750e+01,  9.999969005585e-01,  1.518493934544e+01,  2.495922893286e-01
  4.943700000644e+01,  9.999947547913e-01,  1.518494149121e+01,  2.494336664677e-01
  4.953700000048e+01,  1.000038266182e+00,  1.518489797982e+01,  2.507029771805e-01
  4.963699999452e+01,  1.000012993813e+00,  1.518492325219e+01,  2.486702799797e-01
  4.973700000346e+01,  1.000033974648e+00,  1.518490227135e+01,  2.485084682703e-01
  4.983699999750e+01,  9.999729394913e-01,  1.518496330651e+01,  2.490457594395e-01
  4.993700000644e+01,  1.000024199486e+00,  1.518491204651e+01,  2.483588755131e-01
  5.003700000048e+01,  1.000006914139e+00,  1.518492933186e+01,  2.467698305845e-01
  5.013699999452e+01,  1.000027418137e+00,  1.518490882786e+01,  2.480589151382e-01
  5.023700000346e+01,  1.000038027763e+00,  1.518489821824e+01,  2.489054948092e-01
  5.033699999750e+01,  1.000012159348e+00,  1.518492408665e+01,  2.498119771481e-01
  5.043700000644e+01,  9.999826550484e-01,  1.518495359095e+01,  2.494297623634e-01
  5.053700000048e+01,  1.000010132790e+00,  1.518492611321e+01,  2.477155327797e-01
  5.063699999452e+01,  9.999665617943e-01,  1.518496968421e+01,  2.465555518866e-01
  5.073700000346e+01,  1.000023007393e+00,  1.518491323861e+01,  2.474833279848e-01
  5.083699999750e+01,  9.999717473984e-01,  1.518496449860e+01,  2.459362149239e-01
  5.093700000644e+01,  9.999980330467e-01,  1.518493821295e+01,  2.465761005878e-01
  5.103700000048e+01,  9.999887347221e-01,  1.518494751128e+01,  2.477952688932e-01
  5.113699999452e+01,  1.000010490417e+00,  1.518492575558e+01,  2.480295151472e-01
  5.123700000346e+01,  1.000021934509e+00,  1.518491431149e+01,  2.475088685751e-01
  5.133699999750e+01,  9.999993443489e-01,  1.518493690165e+01,  2.485309839249e-01
  5.143700000644e+01,  1.000029444695e+00,  1.518490680131e+01,  2.498473078012e-01
  5.153700000048e+01,  9.999914765358e-01,  1.518494476946e+01,  2.474669963121e-01
  5.163699999452e+01,  1.000000357628e+00,  1.518493588837e+01,  2.470536381006e-01
  5.173700000346e+01,  1.000023126602e+00,  1.518491311940e+01,  2.456456869841e-01
  5.183699999750e+01,  1.000007033348e+00,  1.518492921265e+01,  2.466958016157e-01
  5.193700000644e+01,  1.000012278557e+00,  1.518492396744e+01,  2.458024471998e-01
  5.203700000048e+01,  1.000036478043e+00,  1.518489976796e+01,  2.466012239456e-01
  5.213699999452e+01,  1.000028610229e+00,  1.518490763577e+01,  2.473186850548e-01
  5.223700000346e+01,  1.000009775162e+00,  1.518492647084e+01,  2.470792084932e-01
  5.233699999750e+01,  1.000012874603e+00,  1.518492337140e+01,  2.457035332918e-01
  5.243700000644e+01,  9.999970197678e-01,  1.518493922623e+01,  2.453247755766e-01
  5.253700000048e+01,  9.999771714211e-01,  1.518495907458e+01,  2.463332116604e-01
  5.263699999452e+01,  9.999936223030e-01,  1.518494262370e+01,  2.455592453480e-01
  5.273700000346e+01,  9.999802112579e-01,  1.518495603474e+01,  2.457530796528e-01
  5.283699999750e+01,  1.000005364418e+00,  1.518493088158e+01,  2.456028610468e-01
  5.293700000644e+01,  1.000011682510e+00,  1.518492456349e+01,  2.477387338877e-01
  5.303700000048e+01,  9.999936819077e-01,  1.518494256409e+01,  2.446332275867e-01
  5.313699999452e+01,  9.999837279320e-01,  1.518495251807e+01,  2.460837364197e-01
  5.323700000346e+01,  1.000023961067e+00,  1.518491228493e+01,  2.478677183390e-01
  5.333699999750e+01,  1.000010013580e+00,  1.518492623242e+01,  2.488617300987e-01
  5.343700000644e+01,  1.000027179718e+00,  1.518490906628e+01,  2.470061630011e-01
  5.353700000048e+01,  1.000029802322e+00,  1.518490644368e+01,  2.444907277822e-01
  5.363699999452e+01,  1.000012874603e+00,  1.518492337140e+01,  2.464066147804e-01
  5.373700000346e+01,  9.999829530716e-01,  1.518495329293e+01,  2.471491247416e-01
  5.383699999750e+01,  1.000038981438e+00,  1.518489726456e+01,  2.467454671860e-01
  5.393700000644e+01,  1.000020384789e+00,  1.518491586121e+01,  2.437430471182e-01
  5.403700000048e+01,  1.000020503998e+00,  1.518491574200e+01,  2.474081814289e-01
  5.413699999452e+01,  1.000031948090e+00,  1.518490429791e+01,  2.466997951269e-01
  5.423700000346e+01,  9.999827742577e-01,  1.518495347174e+01,  2.476677447557e-01
  5.433699999750e+01,  9.999945163727e-01,  1.518494172963e+01,  2.461722791195e-01
  5.443700000644e+01,  9.999772906303e-01,  1.518495895537e+01,  2.468889206648e-01
  5.453700000048e+01,  1.000000953674e+00,  1.518493529233e+01,  2.469044923782e-01
  5.463699999452e+01,  1.000013351440e+00,  1.518492289456e+01,  2.459066957235e-01
  5.473700000346e+01,  1.000001668930e+00,  1.518493457707e+01,  2.443491220474e-01
  5.483699999750e+01,  1.000028848648e+00,  1.518490739735e+01,  2.449851036072e-01
  5.493700000644e+01,  1.000011205673e+00,  1.518492504033e+01,  2.433107346296e-01
  5.503700000048e+01,  1.000012159348e+00,  1.518492408665e+01,  2.432359606028e-01
  5.513699999452e+01,  9.999916553497e-01,  1.518494459065e+01,  2.437288165092e-01
  5.523700000346e+01,  1.000042319298e+00,  1.518489392670e+01,  2.452346235514e-01
  5.533699999750e+01,  9.999834299088e-01,  1.518495281609e+01,  2.451147735119e-01
  5.543700000644e+01,  9.999910593033e-01,  1.518494518670e+01,  2.434692680836e-01
  5.553700000048e+01,  9.999870061874e-01,  1.518494923981e+01,  2.428352832794e-01
  5.563699999452e+01,  1.000008583069e+00,  1.518492766293e+01,  2.446693032980e-01
  5.573700000346e+01,  1.000009298325e+00,  1.518492694768e+01,  2.462510168552e-01
  5.583699999750e+01,  1.000015020370e+00,  1.518492122563e+01,  2.448881268501e-01
  5.593700000644e+01,  9.999971985817e-01,  1.518493904742e+01,  2.436469197273e-01
  5.603700000048e+01,  1.000014781952e+00,  1.518492146405e+01,  2.463666349649e-01
  5.613699999452e+01,  9.999915957451e-01,  1.518494465026e+01,  2.448121905327e-01
  5.623700000346e+01,  1.000016450882e+00,  1.518491979512e+01,  2.447904199362e-01
  5.633699999750e+01,  1.000022292137e+00,  1.518491395386e+01,  2.430440336466e-01
  5.643700000644e+01,  1.000003933907e+00,  1.518493231209e+01,  2.440326809883e-01
  5.653700000048e+01,  1.000008106232e+00,  1.518492813977e+01,  2.421268224716e-01
  5.663699999452e+01,  9.999975562096e-01,  1.518493868979e+01,  2.429109811783e-01
  5.673700000346e+01,  1.000002503395e+00,  1.518493374261e+01,  2.424794882536e-01
  5.683699999750e+01,  1.000020742416e+00,  1.518491550358e+01,  2.442129105330e-01
  5.693700000644e+01,  9.999852180481e-01,  1.518495102795e+01,  2.422747164965e-01
  5.703700000048e+01,  9.999782443047e-01,  1.518495800170e+01,  2.430398315191e-01
  5.713699999452e+01,  9.999838471413e-01,  1.518495239886e+01,  2.444854974747e-01
  5.723700000346e+01,  1.000006079674e+00,  1.518493016633e+01,  2.439523935318e-01
  5.733699999750e+01,  9.999812245369e-01,  1.518495502146e+01,  2.431211918592e-01
  5.743700000644e+01,  1.000012516975e+00,  1.518492372902e+01,  2.439176589251e-01
  5.753700000048e+01,  9.999880790710e-01,  1.518494816693e+01,  2.415154576302e-01
  5.763699999452e+01,  9.999782443047e-01,  1.518495800170e+01,  2.439472228289e-01
  5.773700000346e+01,  9.999786019325e-01,  1.518495764407e+01,  2.442811131477e-01
  5.783699999750e+01,  9.999873638153e-01,  1.518494888218e+01,  2.471267580986e-01
  5.793700000644e+01,  1.000005125999e+00,  1.518493112000e+01,  2.440750151873e-01
  5.803700000048e+01,  9.999896287918e-01,  1.518494661721e+01,  2.435812652111e-01
  5.813699999452e+01,  9.999915957451e-01,  1.518494465026e+01,  2.432763427496e-01
  5.823700000346e+01,  1.000033855438e+00,  1.518490239056e+01,  2.427887171507e-01
  5.833699999750e+01,  9.999926686287e-01,  1.518494357737e+01,  2.452446222305e-01
  5.843700000644e+01,  1.000011563301e+00,  1.518492468270e+01,  2.438647001982e-01
  5.853700000048e+01,  1.000023365021e+00,  1.518491288098e+01,  2.444527000189e-01
  5.863699999452e+01,  9.999733567238e-01,  1.518496288928e+01,  2.434180825949e-01
  5.873700000346e+01,  9.999880194664e-01,  1.518494822653e+01,  2.445098906755e-01
  5.883699999750e+01,  1.000007390976e+00,  1.518492885502e+01,  2.418254762888e-01
  5.893700000644e+01,  1.000007390976e+00,  1.518492885502e+01,  2.437171638012e-01
  5.903700000048e+01,  9.999748468399e-01,  1.518496139916e+01,  2.430887073278e-01
  5.913699999452e+01,  1.000015974045e+00,  1.518492027196e+01,  2.419282943010e-01
  5.923700000346e+01,  1.000026226044e+00,  1.518491001996e+01,  2.422597706318e-01
  5.933699999750e+01,  9.999877810478e-01,  1.518494846495e+01,  2.434814721346e-01
  5.943700000644e+01,  1.000004887581e+00,  1.518493135842e+01,  2.421804070473e-01
  5.953700000048e+01,  1.000010371208e+00,  1.518492587479e+01,  2.421334534883e-01
  5.963699999452e+01,  1.000010848045e+00,  1.518492539795e+01,  2.425636798143e-01
  5.973700000346e+01,  9.999728798866e-01,  1.518496336611e+01,  2.449896633625e-01
  5.983699999750e+01,  1.000010728836e+00,  1.518492551716e+01,  2.429389804602e-01
  5.993700000644e+01,  9.999915361404e-01,  1.518494470986e+01,  2.433554679155e-01
  6.003700000048e+01,  9.999871253967e-01,  1.518494912060e+01,  2.431093156338e-01
  6.013699999452e+01,  1.000029563904e+00,  1.518490668210e+01,  2.434034347534e-01
  6.023700000346e+01,  1.000017762184e+00,  1.518491848382e+01,  2.446633130312e-01
  6.033699999750e+01,  9.999703168869e-01,  1.518496592911e+01,  2.432205826044e-01
  6.043700000644e+01,  1.000032424927e+00,  1.518490382107e+01,  2.422849684954e-01
  6.053700000048e+01,  1.000024557114e+00,  1.518491168889e+01,  2.428789138794e-01
  6.063699999452e+01,  9.999639391899e-01,  1.518497230681e+01,  2.438670396805e-01
  6.073700000346e+01,  1.000002503395e+00,  1.518493374261e+01,  2.433426380157e-01
  6.083699999750e+01,  1.000038743019e+00,  1.518489750298e+01,  2.426227927208e-01
  6.093700000644e+01,  1.000021576881e+00,  1.518491466912e+01,  2.439372241497e-01
  6.103700000048e+01,  1.000024318695e+00,  1.518491192731e+01,  2.431860417128e-01
  6.113699999452e+01,  9.999960660934e-01,  1.518494017991e+01,  2.423774152994e-01
  6.123700000346e+01,  9.999992847443e-01,  1.518493696126e+01,  2.436393350363e-01
  6.133699999750e+01,  9.999960064888e-01,  1.518494023951e+01,  2.434939295053e-01
  6.143700000644e+01,  9.999656081200e-01,  1.518497063788e+01,  2.423142641783e-01
  6.153700000048e+01,  9.999840259552e-01,  1.518495222005e+01,  2.428995668888e-01
  6.155400000513e+01,  1.000004649162e+00,  1.518493159684e+01,  2.439975142479e-01
  6.155499999225e+01,  1.000009775162e+00,  1.518492647084e+01,  2.440160810947e-01
  6.155799999833e+01,  1.000015139580e+00,  1.518492110642e+01,  2.438251078129e-01
  6.165799999237e+01,  9.999728202820e-01,  1.518496342572e+01,  2.429593056440e-01
  6.174899999797e+01,  9.899445176125e-01,  1.519499172839e+01,  2.400851100683e-01
  6.176999999583e+01,  9.798832535744e-01,  1.520505299243e+01,  2.199187129736e-01
  6.178100000322e+01,  9.693565964699e-01,  1.521557964953e+01,  2.023752778769e-01
  6.178849999607e+01,  9.591179490089e-01,  1.522581829699e+01,  2.077168077230e-01
  6.179500000179e+01,  9.490090012550e-01,  1.523592724475e+01,  2.084285467863e-01
  6.180149999261e+01,  9.382248520851e-01,  1.524671139392e+01,  2.065417021513e-01
  6.180750000477e+01,  9.279213547707e-01,  1.525701489123e+01,  2.040521353483e-01
  6.181350000203e+01,  9.175377488136e-01,  1.526739849719e+01,  2.030098885298e-01
  6.181949999928e+01,  9.073982834816e-01,  1.527753796252e+01,  2.026048153639e-01
  6.182600000501e+01,  8.970528244972e-01,  1.528788342150e+01,  2.048795670271e-01
  6.183349999785e+01,  8.865929245949e-01,  1.529834332141e+01,  1.971648186445e-01
  6.184199999273e+01,  8.761520981789e-01,  1.530878414782e+01,  1.779425591230e-01
  6.185050000250e+01,  8.660278916359e-01,  1.531890835436e+01,  1.669981926680e-01
  6.185899999738e+01,  8.556290268898e-01,  1.532930721911e+01,  1.534522026777e-01
  6.186699999869e+01,  8.449860215187e-01,  1.533995022448e+01,  1.446764916182e-01
  6.187399999797e+01,  8.347740769386e-01,  1.535016216906e+01,  1.423349827528e-01
  6.188099999726e+01,  8.240891098976e-01,  1.536084713610e+01,  1.465673893690e-01
  6.188799999654e+01,  8.136330246925e-01,  1.537130322131e+01,  1.471506804228e-01
  6.189550000429e+01,  8.030853867531e-01,  1.538185085925e+01,  1.440436094999e-01
  6.190350000560e+01,  7.927704453468e-01,  1.539216580065e+01,  1.421810835600e-01
  6.191249999404e+01,  7.826843857765e-01,  1.540225186022e+01,  1.415679156780e-01
  6.192450000346e+01,  7.724362015724e-01,  1.541250004443e+01,  1.306688487530e-01
  6.193899999559e+01,  7.622221112251e-01,  1.542271413478e+01,  1.085272207856e-01
  6.195149999857e+01,  7.518613934517e-01,  1.543307485255e+01,  9.877399355173e-02
  6.196199999750e+01,  7.415140271187e-01,  1.544342221888e+01,  9.618476778269e-02
  6.197149999440e+01,  7.312296032906e-01,  1.545370664271e+01,  9.659097343683e-02
  6.198100000620e+01,  7.208269238472e-01,  1.546410932215e+01,  9.535142034292e-02
  6.199050000310e+01,  7.107790112495e-01,  1.547415723475e+01,  9.218426793814e-02
  6.200049999356e+01,  7.007520794868e-01,  1.548418416651e+01,  8.830185979605e-02
  6.201150000095e+01,  6.903913617134e-01,  1.549454488429e+01,  8.156891912222e-02
  6.202249999344e+01,  6.803415417671e-01,  1.550459470423e+01,  7.359238713980e-02
  6.203350000083e+01,  6.701696515083e-01,  1.551476659449e+01,  6.820508092642e-02
  6.204449999332e+01,  6.597097516060e-01,  1.552522649439e+01,  6.339617818594e-02
  6.205499999225e+01,  6.494062542915e-01,  1.553552999171e+01,  5.781575292349e-02
  6.206499999762e+01,  6.390493512154e-01,  1.554588689478e+01,  5.396624654531e-02
  6.207449999452e+01,  6.287840008736e-01,  1.555615224513e+01,  5.155970901251e-02
  6.208400000632e+01,  6.182821393013e-01,  1.556665410670e+01,  5.003096908331e-02
  6.209350000322e+01,  6.077612042427e-01,  1.557717504176e+01,  4.717376083136e-02
  6.210300000012e+01,  5.974882245064e-01,  1.558744802149e+01,  4.551199823618e-02
  6.211300000548e+01,  5.872800946236e-01,  1.559765615138e+01,  4.302815347910e-02
  6.212350000441e+01,  5.772798657417e-01,  1.560765638026e+01,  3.534916788340e-02
  6.213449999690e+01,  5.669935345650e-01,  1.561794271144e+01,  2.810505963862e-02
  6.214499999583e+01,  5.569322705269e-01,  1.562800397547e+01,  2.325753308833e-02
  6.215549999475e+01,  5.465067028999e-01,  1.563842954310e+01,  2.098212577403e-02
  6.216550000012e+01,  5.363252758980e-01,  1.564861097010e+01,  1.931271888316e-02
  6.217550000548e+01,  5.261285901070e-01,  1.565880765589e+01,  1.860309578478e-02
  6.218549999595e+01,  5.160533785820e-01,  1.566888286742e+01,  1.690236479044e-02
  6.219599999487e+01,  5.056774020195e-01,  1.567925884398e+01,  1.343575958163e-02
  6.220649999380e+01,  4.954330325127e-01,  1.568950321349e+01,  9.715952910483e-03
  6.221699999273e+01,  4.851810336113e-01,  1.569975521239e+01,  6.741442717612e-03
  6.222750000656e+01,  4.748317599297e-01,  1.571010448607e+01,  5.040519870818e-03
  6.223800000548e+01,  4.645130038261e-01,  1.572042324217e+01,  4.010044969618e-03
  6.224850000441e+01,  4.541789889336e-01,  1.573075725707e+01,  1.371227903292e-03
  6.225900000334e+01,  4.437648653984e-01,  1.574117138060e+01, -1.977122621611e-03
  6.226950000226e+01,  4.332820773125e-01,  1.575165416869e+01, -6.022608838975e-03
  6.227949999273e+01,  4.231883883476e-01,  1.576174785765e+01, -8.971451781690e-03
  6.228949999809e+01,  4.129917025566e-01,  1.577194454344e+01, -1.125389244407e-02
  6.229950000346e+01,  4.028331637383e-01,  1.578210308226e+01, -1.378518249840e-02
  6.230949999392e+01,  3.927394747734e-01,  1.579219677123e+01, -1.509398128837e-02
  6.231999999285e+01,  3.822528719902e-01,  1.580268337401e+01, -1.559172477573e-02
  6.233049999177e+01,  3.719360232353e-01,  1.581300022276e+01, -1.701651513577e-02
  6.234100000560e+01,  3.616725802422e-01,  1.582326366576e+01, -2.027474343777e-02
  6.235150000453e+01,  3.512508273125e-01,  1.583368541869e+01, -1.975585520267e-02
  6.236149999499e+01,  3.411685824394e-01,  1.584376766356e+01, -1.856879517436e-02
  6.237150000036e+01,  3.310405611992e-01,  1.585389568480e+01, -1.792423054576e-02
  6.238150000572e+01,  3.209430575371e-01,  1.586399318846e+01, -1.706240698695e-02
  6.239200000465e+01,  3.104526400566e-01,  1.587448360594e+01, -1.592354103923e-02
  6.240250000358e+01,  3.001071810722e-01,  1.588482906493e+01, -1.710037514567e-02
  6.241300000250e+01,  2.898589968681e-01,  1.589507724913e+01, -1.688171550632e-02
  6.242350000143e+01,  2.795173525810e-01,  1.590541889342e+01, -1.655780524015e-02
  6.243400000036e+01,  2.690994143486e-01,  1.591583683165e+01, -1.545714586973e-02
  6.244400000572e+01,  2.590767741203e-01,  1.592585947188e+01, -1.429021358490e-02
  6.245399999619e+01,  2.490136027336e-01,  1.593592264327e+01, -1.388305425644e-02
  6.246400000155e+01,  2.389542460442e-01,  1.594598199996e+01, -1.483541727066e-02
  6.247450000048e+01,  2.284752726555e-01,  1.595646097334e+01, -1.617175340652e-02
  6.248499999940e+01,  2.180954813957e-01,  1.596684076460e+01, -1.716631650925e-02
  6.249549999833e+01,  2.077938914299e-01,  1.597714235457e+01, -1.714819669724e-02
  6.250599999726e+01,  1.975075602531e-01,  1.598742868575e+01, -1.826149225235e-02
  6.251649999619e+01,  1.870552897453e-01,  1.599788095625e+01, -1.827161014080e-02
  6.252650000155e+01,  1.769005656242e-01,  1.600803568038e+01, -1.766714453697e-02
  6.253649999201e+01,  1.667343974113e-01,  1.601820184859e+01, -1.639315485954e-02
  6.254649999738e+01,  1.566864848137e-01,  1.602824976119e+01, -1.590643823147e-02
  6.255699999630e+01,  1.463696360588e-01,  1.603856660994e+01, -1.493199169636e-02
  6.256749999523e+01,  1.363350749016e-01,  1.604860117110e+01, -1.575867086649e-02
  6.257799999416e+01,  1.262738108635e-01,  1.605866243514e+01, -1.746205240488e-02
  6.258849999309e+01,  1.159149929881e-01,  1.606902125301e+01, -1.687411218882e-02
  6.259849999845e+01,  1.057946011424e-01,  1.607914164486e+01, -1.659766584635e-02
  6.260850000381e+01,  9.559410065413e-02,  1.608934214535e+01, -1.500657200813e-02
  6.261849999428e+01,  8.545845001936e-02,  1.609947779598e+01, -1.428730785847e-02
  6.262899999321e+01,  7.500236481428e-02,  1.610993388119e+01, -1.414884626865e-02
  6.263949999213e+01,  6.463783234358e-02,  1.612029841366e+01, -1.482103951275e-02
  6.265000000596e+01,  5.421226471663e-02,  1.613072398128e+01, -1.437391526997e-02
  6.265999999642e+01,  4.415290802717e-02,  1.614078333797e+01, -1.320691592991e-02
  6.267049999535e+01,  3.380172699690e-02,  1.615113451900e+01, -1.062341220677e-02
  6.268199999630e+01,  2.344101108611e-02,  1.616149523491e+01, -7.672505918890e-03
  6.269599999487e+01,  1.317245606333e-02,  1.617176378994e+01, -6.512281484902e-03
  6.271899999678e+01,  3.156014718115e-03,  1.618178023128e+01, -7.750866003335e-03
  6.272300000489e+01,  2.160378731787e-03,  1.618277586727e+01, -8.869525976479e-03
  6.272399999201e+01,  1.941033639014e-03,  1.618299521236e+01, -9.230014868081e-03
  6.273199999332e+01,  4.852497659158e-04,  1.618445099623e+01, -1.119649130851e-02
  6.273499999940e+01,  5.705000148737e-05,  1.618487919600e+01, -1.191413123161e-02
  6.299400000274e+01, -2.166955498978e-03,  1.618710320150e+01, -1.493449043483e-02
  6.299500000477e+01, -2.161196200177e-03,  1.618709744220e+01, -1.504988502711e-02
