           Test time,     Standard travel,     Tool separation,      Standard force
                 0.0,                 0.0,  2.620172582574e+01, -6.112493202090e-02
                 0.0,                 0.0,  2.620173127211e+01, -6.108750030398e-02
                 0.0,                 0.0,  2.620173104487e+01, -6.150121614337e-02
                 0.0,                 0.0,  2.620172685205e+01, -6.086702272296e-02
                 0.0,                 0.0,  2.620172860666e+01, -6.084997579455e-02
                 0.0,                 0.0,  2.620171509366e+01, -5.988342687488e-02
  0.000000000000e+00,  0.000000000000e+00,  2.620172067135e+01, -5.975384637713e-02
  7.999986410141e-03,  7.566995918751e-06,  2.620171310435e+01, -5.977496877313e-02
  1.099999248981e-02,  5.834735929966e-06,  2.620171483661e+01, -5.979988351464e-02
  1.299999654293e-02,  4.990957677364e-06,  2.620171568039e+01, -5.969038978219e-02
  1.399999856949e-02,  1.002755016088e-05,  2.620171064380e+01, -5.959192290902e-02
  1.144999861717e-01,  2.320209750906e-05,  2.620169746925e+01, -6.136886775494e-02
  2.144999951124e-01,  1.737357160891e-05,  2.620170329777e+01, -6.059264391661e-02
  3.149999976158e-01,  2.571729055489e-05,  2.620169495406e+01, -6.013358384371e-02
  4.155000001192e-01,  3.485572058707e-03,  2.619823509929e+01, -6.041899695992e-02
  4.509999901056e-01,  1.349581498653e-02,  2.618822485636e+01, -5.512951314449e-02
  4.684999883175e-01,  2.387083694339e-02,  2.617784983440e+01, -4.054974019527e-02
  4.789999872446e-01,  3.438604995608e-02,  2.616733462139e+01, -2.893971092999e-02
  4.864999949932e-01,  4.451407119632e-02,  2.615720660015e+01, -3.783939778805e-02
  4.934999942780e-01,  5.521048232913e-02,  2.614651018902e+01, -4.225777089596e-02
  5.000000000000e-01,  6.583823263645e-02,  2.613588243871e+01, -4.592750966549e-02
  5.059999972582e-01,  7.598151266575e-02,  2.612573915868e+01, -4.931686818600e-02
  5.119999945164e-01,  8.619345724583e-02,  2.611552721410e+01, -5.227516591549e-02
  5.179999917746e-01,  9.619940817356e-02,  2.610552126317e+01, -5.680988729000e-02
  5.244999974966e-01,  1.064609438181e-01,  2.609525972753e+01, -6.295250356197e-02
  5.319999903440e-01,  1.170162111521e-01,  2.608470446019e+01, -6.123735010624e-02
  5.399999916553e-01,  1.270946413279e-01,  2.607462603002e+01, -4.997254908085e-02
  5.484999865294e-01,  1.373790651560e-01,  2.606434160619e+01, -4.389764368534e-02
  5.569999963045e-01,  1.475528627634e-01,  2.605416780858e+01, -3.986646234989e-02
  5.654999911785e-01,  1.578143984079e-01,  2.604390627294e+01, -3.499700129032e-02
  5.734999924898e-01,  1.678432375193e-01,  2.603387743383e+01, -2.744962461293e-02
  5.810000002384e-01,  1.780628114939e-01,  2.602365785985e+01, -2.127470262349e-02
  5.879999995232e-01,  1.884120851755e-01,  2.601330858617e+01, -2.820219285786e-02
  5.949999988079e-01,  1.989406496286e-01,  2.600278002172e+01, -3.605474531651e-02
  6.019999980927e-01,  2.090495973825e-01,  2.599267107396e+01, -3.822110593319e-02
  6.094999909401e-01,  2.191547304392e-01,  2.598256594091e+01, -3.901712596416e-02
  6.180000007153e-01,  2.295116335154e-01,  2.597220903783e+01, -4.123775660992e-02
  6.279999911785e-01,  2.398589998484e-01,  2.596186167150e+01, -4.610626399517e-02
  6.409999877214e-01,  2.498763948679e-01,  2.595184427648e+01, -2.848284132779e-02
  6.549999862909e-01,  2.601539194584e-01,  2.594156675189e+01, -1.409958116710e-02
  6.664999872446e-01,  2.702800333500e-01,  2.593144063800e+01, -1.096544973552e-02
  6.764999926090e-01,  2.804080545902e-01,  2.592131261676e+01, -1.417200081050e-02
  6.859999895096e-01,  2.907191812992e-01,  2.591100149005e+01, -1.508204452693e-02
  6.954999864101e-01,  3.012248575687e-01,  2.590049581378e+01, -1.661328785121e-02
  7.049999982119e-01,  3.114329874516e-01,  2.589028768389e+01, -1.736475341022e-02
  7.149999886751e-01,  3.216220438480e-01,  2.588009862750e+01, -1.768351905048e-02
  7.259999960661e-01,  3.320647776127e-01,  2.586965589373e+01, -1.444603316486e-02
  7.374999970198e-01,  3.423053324223e-01,  2.585941533892e+01, -1.134706847370e-02
  7.494999915361e-01,  3.527328073978e-01,  2.584898786395e+01, -6.689800415188e-03
  7.609999924898e-01,  3.630172312260e-01,  2.583870344012e+01, -4.403127823025e-03
  7.719999998808e-01,  3.732348978519e-01,  2.582848577349e+01, -1.756681478582e-03
  7.824999988079e-01,  3.833381235600e-01,  2.581838254779e+01,  1.723632885842e-04
  7.929999977350e-01,  3.938437998295e-01,  2.580787687152e+01,  5.598769988865e-03
  8.024999946356e-01,  4.041472971439e-01,  2.579757337420e+01,  5.447016563267e-03
  8.114999979734e-01,  4.144736826420e-01,  2.578724698870e+01,  5.516634788364e-03
  8.199999928474e-01,  4.245368540287e-01,  2.577718381732e+01,  6.356043275446e-03
  8.284999877214e-01,  4.347144663334e-01,  2.576700620501e+01,  3.703636815771e-03
  8.374999910593e-01,  4.452354013920e-01,  2.575648526995e+01,  2.937955548987e-03
  8.469999879599e-01,  4.556991159916e-01,  2.574602155535e+01,  1.555246883072e-03
  8.569999933243e-01,  4.657050669193e-01,  2.573601560443e+01,  5.588335450739e-03
  8.680000007153e-01,  4.760009348392e-01,  2.572571973651e+01,  1.100902073085e-02
  8.789999932051e-01,  4.861518442631e-01,  2.571556882708e+01,  1.736716739833e-02
  8.894999921322e-01,  4.962970316410e-01,  2.570542363971e+01,  1.861534826458e-02
  8.999999910593e-01,  5.067569613457e-01,  2.569496371000e+01,  2.016448788345e-02
  9.099999964237e-01,  5.168513655663e-01,  2.568486930578e+01,  2.030834928155e-02
  9.204999953508e-01,  5.273112654686e-01,  2.567440940588e+01,  2.256659045815e-02
  9.309999942780e-01,  5.376624464989e-01,  2.566405822485e+01,  2.257249131799e-02
  9.414999932051e-01,  5.478820204735e-01,  2.565383865087e+01,  2.587888017297e-02
  9.519999921322e-01,  5.582999587059e-01,  2.564342071264e+01,  2.661407366395e-02
  9.619999974966e-01,  5.683898329735e-01,  2.563333083837e+01,  2.863300219178e-02
  9.719999879599e-01,  5.785865187645e-01,  2.562313415258e+01,  2.949544414878e-02
  9.819999933243e-01,  5.887259840965e-01,  2.561299468725e+01,  3.333207592368e-02
  9.919999986887e-01,  5.988501906395e-01,  2.560287048071e+01,  3.561707958579e-02
  1.001999989152e+00,  6.088523268700e-01,  2.559286834448e+01,  3.795930370688e-02
  1.012499988079e+00,  6.193160414696e-01,  2.558240462988e+01,  4.014560207725e-02
  1.022999987006e+00,  6.297644972801e-01,  2.557195617407e+01,  4.151035472751e-02
  1.033499985933e+00,  6.402243971825e-01,  2.556149627416e+01,  4.225680604577e-02
  1.043999999762e+00,  6.506690382957e-01,  2.555105163305e+01,  4.385763779283e-02
  1.054499998689e+00,  6.610907912254e-01,  2.554062988012e+01,  4.614609852433e-02
  1.064999997616e+00,  6.715087294579e-01,  2.553021194189e+01,  4.817599430680e-02
  1.075499996543e+00,  6.819724440575e-01,  2.551974822729e+01,  5.079716816545e-02
  1.085499987006e+00,  6.920279860497e-01,  2.550969268530e+01,  5.238205567002e-02
  1.095499992371e+00,  7.021827101707e-01,  2.549953796118e+01,  5.283493176103e-02
  1.105499997735e+00,  7.123374342918e-01,  2.548938323705e+01,  5.278432741761e-02
  1.115499988198e+00,  7.223395705223e-01,  2.547938110082e+01,  5.391937866807e-02
  1.125999987125e+00,  7.326354384422e-01,  2.546908523290e+01,  5.568844452500e-02
  1.136499986053e+00,  7.428130507469e-01,  2.545890762060e+01,  5.853706970811e-02
  1.146999999881e+00,  7.530364394188e-01,  2.544868423193e+01,  6.053150072694e-02
  1.157499998808e+00,  7.633755803108e-01,  2.543834509104e+01,  6.246210262179e-02
  1.167999997735e+00,  7.738354802132e-01,  2.542788519113e+01,  6.446911394596e-02
  1.177999988198e+00,  7.838986515999e-01,  2.541782201975e+01,  6.485925614834e-02
  1.188499987125e+00,  7.943852543831e-01,  2.540733541696e+01,  6.610694527626e-02
  1.198999986053e+00,  8.046887516975e-01,  2.539703191965e+01,  6.895437836647e-02
  1.209499999881e+00,  8.150151371956e-01,  2.538670553415e+01,  7.192507386208e-02
  1.219999998808e+00,  8.255169987679e-01,  2.537620367258e+01,  7.378402352333e-02
  1.229999989271e+00,  8.355839848518e-01,  2.536613668649e+01,  7.574179768562e-02
  1.239999994636e+00,  8.457234501839e-01,  2.535599722116e+01,  7.644713670015e-02
  1.250000000000e+00,  8.558934330940e-01,  2.534582723825e+01,  7.790637761354e-02
  1.259999990463e+00,  8.659833073616e-01,  2.533573736398e+01,  7.890342921019e-02
  1.270499989390e+00,  8.764012455940e-01,  2.532531942575e+01,  8.084797114134e-02
  1.280999988317e+00,  8.868344426155e-01,  2.531488622873e+01,  8.312117308378e-02
  1.291499987245e+00,  8.973134160042e-01,  2.530440725534e+01,  8.551799505949e-02
  1.301499992609e+00,  9.073308110237e-01,  2.529438986032e+01,  8.581387251616e-02
  1.311999991536e+00,  9.178135991096e-01,  2.528390707224e+01,  8.792131394148e-02
  1.322499990463e+00,  9.282582402229e-01,  2.527346243112e+01,  8.959882706404e-02
  1.332999989390e+00,  9.386265873909e-01,  2.526309408396e+01,  9.150927513838e-02
  1.343499988317e+00,  9.489701390266e-01,  2.525275053232e+01,  9.275836497545e-02
  1.353999987245e+00,  9.593423008919e-01,  2.524237837045e+01,  9.474701434374e-02
  1.364499986172e+00,  9.697869420052e-01,  2.523193372934e+01,  9.653896838427e-02
  1.375000000000e+00,  9.802582859993e-01,  2.522146238535e+01,  9.814328700304e-02
  1.384999990463e+00,  9.902794957161e-01,  2.521144117563e+01,  9.942448884249e-02
  1.395499989390e+00,  1.000766158104e+00,  2.520095451324e+01,  1.017619445920e-01
  1.405499994755e+00,  1.010797142982e+00,  2.519092352836e+01,  1.048814654350e-01
  1.415500000119e+00,  1.020906090736e+00,  2.518081458061e+01,  1.064027845860e-01
  1.425499990582e+00,  1.031087517738e+00,  2.517063315361e+01,  1.083689182997e-01
  1.435499995947e+00,  1.041257500648e+00,  2.516046317070e+01,  1.097235530615e-01
  1.445499986410e+00,  1.051358819008e+00,  2.515036185234e+01,  1.106638461351e-01
  1.456000000238e+00,  1.061769127846e+00,  2.513995154350e+01,  1.122672110796e-01
  1.466499999166e+00,  1.072013497353e+00,  2.512970717399e+01,  1.153008490801e-01
  1.476999998093e+00,  1.082198739052e+00,  2.511952193229e+01,  1.177103072405e-01
  1.487499997020e+00,  1.092540383339e+00,  2.510918028801e+01,  1.211826354265e-01
  1.497499987483e+00,  1.102573037148e+00,  2.509914763420e+01,  1.225427240133e-01
  1.507499992847e+00,  1.112643837929e+00,  2.508907683342e+01,  1.235988587141e-01
  1.517499998212e+00,  1.122684121132e+00,  2.507903655021e+01,  1.256180256605e-01
  1.527499988675e+00,  1.132712960243e+00,  2.506900771110e+01,  1.265901625156e-01
  1.537999987602e+00,  1.143138527870e+00,  2.505858214348e+01,  1.282286643982e-01
  1.548499986529e+00,  1.153525948524e+00,  2.504819472282e+01,  1.311929225922e-01
  1.559000000358e+00,  1.164020180702e+00,  2.503770049064e+01,  1.325924098492e-01
  1.569499999285e+00,  1.174514412880e+00,  2.502720625847e+01,  1.326352953911e-01
  1.579999998212e+00,  1.184878945351e+00,  2.501684172600e+01,  1.354967951775e-01
  1.590499997139e+00,  1.195228219032e+00,  2.500649245231e+01,  1.380273699760e-01
  1.600999996066e+00,  1.205646157265e+00,  2.499607451408e+01,  1.393576264381e-01
  1.610999986529e+00,  1.215648293495e+00,  2.498607237785e+01,  1.419442296028e-01
  1.620999991894e+00,  1.225822091103e+00,  2.497589858024e+01,  1.441939473152e-01
  1.630999997258e+00,  1.236049294472e+00,  2.496567137687e+01,  1.453199982643e-01
  1.640999987721e+00,  1.246257424355e+00,  2.495546324699e+01,  1.456165313721e-01
  1.650999993086e+00,  1.256366372108e+00,  2.494535429924e+01,  1.473436355591e-01
  1.661499992013e+00,  1.266852259636e+00,  2.493486841171e+01,  1.491021364927e-01
  1.671999990940e+00,  1.277182459831e+00,  2.492453821152e+01,  1.511612385511e-01
  1.682499989867e+00,  1.287464976311e+00,  2.491425569504e+01,  1.533604115248e-01
  1.692999988794e+00,  1.297837138176e+00,  2.490388353317e+01,  1.562514752150e-01
  1.702999994159e+00,  1.307843089104e+00,  2.489387758224e+01,  1.571807861328e-01
  1.712999999523e+00,  1.317936778069e+00,  2.488378389328e+01,  1.588349342346e-01
  1.722999989986e+00,  1.328072428703e+00,  2.487364824264e+01,  1.600476205349e-01
  1.732999995351e+00,  1.338169932365e+00,  2.486355073898e+01,  1.616142094135e-01
  1.743499994278e+00,  1.348610758781e+00,  2.485310991257e+01,  1.652443706989e-01
  1.753999993205e+00,  1.359017252922e+00,  2.484270341842e+01,  1.691291630268e-01
  1.764499992132e+00,  1.369519114494e+00,  2.483220155685e+01,  1.710779964924e-01
  1.774499997497e+00,  1.379639506340e+00,  2.482208116501e+01,  1.717561185360e-01
  1.784499987960e+00,  1.389851450920e+00,  2.481186922043e+01,  1.713837236166e-01
  1.794499993324e+00,  1.399987101555e+00,  2.480173356979e+01,  1.702580899000e-01
  1.804999992251e+00,  1.410401225090e+00,  2.479131944626e+01,  1.721263378859e-01
  1.815499991179e+00,  1.420636057854e+00,  2.478108461349e+01,  1.747141331434e-01
  1.825999990106e+00,  1.430901408195e+00,  2.477081926315e+01,  1.778688877821e-01
  1.836499989033e+00,  1.441292643547e+00,  2.476042802780e+01,  1.801288574934e-01
  1.846499994397e+00,  1.451294779778e+00,  2.475042589157e+01,  1.805685162544e-01
  1.856999993324e+00,  1.461785197258e+00,  2.473993547409e+01,  1.816821396351e-01
  1.867499992251e+00,  1.472180247307e+00,  2.472954042404e+01,  1.843738853931e-01
  1.877999991179e+00,  1.482499003410e+00,  2.471922166794e+01,  1.864559948444e-01
  1.888499990106e+00,  1.492791056633e+00,  2.470892961471e+01,  1.902139484882e-01
  1.898999989033e+00,  1.503170847893e+00,  2.469854982345e+01,  1.935713589191e-01
  1.909499987960e+00,  1.513636589050e+00,  2.468808408230e+01,  1.944236457348e-01
  1.919999986887e+00,  1.524130821228e+00,  2.467758985012e+01,  1.958323270082e-01
  1.930500000715e+00,  1.534617424011e+00,  2.466710324734e+01,  1.970202028751e-01
  1.940499991179e+00,  1.544619560242e+00,  2.465710111110e+01,  1.985677778721e-01
  1.950999990106e+00,  1.555109977722e+00,  2.464661069362e+01,  1.996107548475e-01
  1.961499989033e+00,  1.565581321716e+00,  2.463613934963e+01,  2.018326967955e-01
  1.971999987960e+00,  1.575987815857e+00,  2.462573285549e+01,  2.043954581022e-01
  1.982499986887e+00,  1.586390495300e+00,  2.461533017605e+01,  2.079288214445e-01
  1.992499992251e+00,  1.596426963806e+00,  2.460529370754e+01,  2.101078480482e-01
  2.002499997616e+00,  1.606646537781e+00,  2.459507413357e+01,  2.114943712950e-01
  2.012499988079e+00,  1.616976737976e+00,  2.458474393337e+01,  2.125997096300e-01
  2.022499993443e+00,  1.627291679382e+00,  2.457442899196e+01,  2.134385555983e-01
  2.032499998808e+00,  1.637431144714e+00,  2.456428952663e+01,  2.150173634291e-01
  2.042999997735e+00,  1.647833824158e+00,  2.455388684719e+01,  2.181686609983e-01
  2.053499996662e+00,  1.658064842224e+00,  2.454365582912e+01,  2.211584299803e-01
  2.063999995589e+00,  1.668332099915e+00,  2.453338857143e+01,  2.246009558439e-01
  2.074499994516e+00,  1.678788185120e+00,  2.452293248623e+01,  2.262329310179e-01
  2.084499999881e+00,  1.688916206360e+00,  2.451280446499e+01,  2.271041125059e-01
  2.094499990344e+00,  1.699074745178e+00,  2.450264592617e+01,  2.278412729502e-01
  2.104499995708e+00,  1.709187507629e+00,  2.449253316372e+01,  2.291579395533e-01
  2.114499986172e+00,  1.719189643860e+00,  2.448253102749e+01,  2.303656190634e-01
  2.125000000000e+00,  1.729544639587e+00,  2.447217603176e+01,  2.328275293112e-01
  2.135499998927e+00,  1.739804267883e+00,  2.446191640346e+01,  2.356484979391e-01
  2.145999997854e+00,  1.750172615051e+00,  2.445154805630e+01,  2.384379953146e-01
  2.155999988317e+00,  1.760178685188e+00,  2.444154198616e+01,  2.407730817795e-01
  2.165999993682e+00,  1.770241856575e+00,  2.443147881477e+01,  2.427394390106e-01
  2.175999999046e+00,  1.780320286751e+00,  2.442140038460e+01,  2.439731359482e-01
  2.185999989510e+00,  1.790345311165e+00,  2.441137536018e+01,  2.445774078369e-01
  2.196499988437e+00,  1.800702214241e+00,  2.440101845711e+01,  2.468807697296e-01
  2.206999987364e+00,  1.811036229134e+00,  2.439068444221e+01,  2.497162818909e-01
  2.217499986291e+00,  1.821538090706e+00,  2.438018258064e+01,  2.502318620682e-01
  2.227499991655e+00,  1.831673741341e+00,  2.437004693001e+01,  2.514434456825e-01
  2.237499997020e+00,  1.841843724251e+00,  2.435987694710e+01,  2.540546059608e-01
  2.247499987483e+00,  1.852006077766e+00,  2.434971459358e+01,  2.565905451775e-01
  2.257499992847e+00,  1.862061619759e+00,  2.433965905159e+01,  2.579108774662e-01
  2.267999991775e+00,  1.872513890266e+00,  2.432920678108e+01,  2.613174021244e-01
  2.278499990702e+00,  1.882954716682e+00,  2.431876595466e+01,  2.636716663837e-01
  2.288499996066e+00,  1.893044590950e+00,  2.430867608040e+01,  2.645106911659e-01
  2.298499986529e+00,  1.903256535530e+00,  2.429846413582e+01,  2.656225860119e-01
  2.308499991894e+00,  1.913441777229e+00,  2.428827889412e+01,  2.672804296017e-01
  2.318499997258e+00,  1.923516392708e+00,  2.427820427864e+01,  2.693525254726e-01
  2.328499987721e+00,  1.933564305305e+00,  2.426815636604e+01,  2.718044221401e-01
  2.338499993086e+00,  1.943600773811e+00,  2.425811989754e+01,  2.744728028774e-01
  2.348499998450e+00,  1.953663945198e+00,  2.424805672615e+01,  2.756387293339e-01
  2.358499988914e+00,  1.963677525520e+00,  2.423804314583e+01,  2.771374285221e-01
  2.368999987841e+00,  1.974156498909e+00,  2.422756417244e+01,  2.799591124058e-01
  2.379499986768e+00,  1.984620213509e+00,  2.421710045784e+01,  2.819227278233e-01
  2.390000000596e+00,  1.995057225227e+00,  2.420666344612e+01,  2.826867997646e-01
  2.400499999523e+00,  2.005482673645e+00,  2.419623799770e+01,  2.855363786221e-01
  2.410499989986e+00,  2.015485286713e+00,  2.418623538463e+01,  2.873083055019e-01
  2.420499995351e+00,  2.025544643402e+00,  2.417617602794e+01,  2.892855107784e-01
  2.430500000715e+00,  2.035573482513e+00,  2.416614718883e+01,  2.919701039791e-01
  2.440999999642e+00,  2.046060085297e+00,  2.415566058605e+01,  2.960904538631e-01
  2.450999990106e+00,  2.056077480316e+00,  2.414564319103e+01,  2.984097898006e-01
  2.460999995470e+00,  2.066167354584e+00,  2.413555331676e+01,  3.001006245613e-01
  2.470999985933e+00,  2.076306819916e+00,  2.412541385143e+01,  3.018189072609e-01
  2.480999991298e+00,  2.086427211761e+00,  2.411529345959e+01,  3.026880919933e-01
  2.490999996662e+00,  2.096478939056e+00,  2.410524173229e+01,  3.029744327068e-01
  2.501499995589e+00,  2.106881618500e+00,  2.409483905285e+01,  3.048374354839e-01
  2.511999994516e+00,  2.117167949677e+00,  2.408455272167e+01,  3.079397380352e-01
  2.522499993443e+00,  2.127435207367e+00,  2.407428546398e+01,  3.110949695110e-01
  2.532999992371e+00,  2.137795925140e+00,  2.406392474621e+01,  3.131030499935e-01
  2.543499991298e+00,  2.148248195648e+00,  2.405347247570e+01,  3.151645958424e-01
  2.553999990225e+00,  2.158719539642e+00,  2.404300113170e+01,  3.164587616920e-01
  2.563999995589e+00,  2.168725490570e+00,  2.403299518078e+01,  3.191691637039e-01
  2.573999986053e+00,  2.178758144379e+00,  2.402296252697e+01,  3.212009668350e-01
  2.583999991417e+00,  2.188821315765e+00,  2.401289935558e+01,  3.230353593826e-01
  2.593999996781e+00,  2.198869228363e+00,  2.400285144298e+01,  3.254662752151e-01
  2.603999987245e+00,  2.208943843842e+00,  2.399277682750e+01,  3.266478776932e-01
  2.613999992609e+00,  2.218995571136e+00,  2.398272510021e+01,  3.277524113655e-01
  2.623999997973e+00,  2.229043483734e+00,  2.397267718761e+01,  3.289272785187e-01
  2.633999988437e+00,  2.239106655121e+00,  2.396261401623e+01,  3.302581012249e-01
  2.643999993801e+00,  2.249196529388e+00,  2.395252414196e+01,  3.309859633446e-01
  2.653999999166e+00,  2.259294033051e+00,  2.394242663830e+01,  3.343123793602e-01
  2.663999989629e+00,  2.269387960434e+00,  2.393233271091e+01,  3.360420763493e-01
  2.673999994993e+00,  2.279428243637e+00,  2.392229242771e+01,  3.377319872379e-01
  2.684499993920e+00,  2.289869070053e+00,  2.391185160129e+01,  3.413511812687e-01
  2.694999992847e+00,  2.300344228745e+00,  2.390137644260e+01,  3.443938791752e-01
  2.704999998212e+00,  2.310346364975e+00,  2.389137430637e+01,  3.450379073620e-01
  2.714999988675e+00,  2.320367574692e+00,  2.388135309665e+01,  3.481549918652e-01
  2.724999994040e+00,  2.330442190170e+00,  2.387127848118e+01,  3.498291671276e-01
  2.734999999404e+00,  2.340566396713e+00,  2.386115427463e+01,  3.520478904247e-01
  2.744999989867e+00,  2.350679159164e+00,  2.385104151218e+01,  3.538005948067e-01
  2.754999995232e+00,  2.360738515854e+00,  2.384098215549e+01,  3.556406497955e-01
  2.765000000596e+00,  2.370778799057e+00,  2.383094187229e+01,  3.558502197266e-01
  2.774999991059e+00,  2.380811452866e+00,  2.382090921848e+01,  3.570553958416e-01
  2.785499989986e+00,  2.391259908676e+00,  2.381046076267e+01,  3.583442568779e-01
  2.795999988914e+00,  2.401670217514e+00,  2.380005045383e+01,  3.612691760063e-01
  2.806499987841e+00,  2.412038564682e+00,  2.378968210666e+01,  3.643776774406e-01
  2.816999986768e+00,  2.422317266464e+00,  2.377940340488e+01,  3.675600886345e-01
  2.827500000596e+00,  2.432611227036e+00,  2.376910944431e+01,  3.707649111748e-01
  2.837499991059e+00,  2.442624807358e+00,  2.375909586399e+01,  3.728033602238e-01
  2.847499996424e+00,  2.452790975571e+00,  2.374892969578e+01,  3.734663426876e-01
  2.857499986887e+00,  2.463021993637e+00,  2.373869867771e+01,  3.744271099567e-01
  2.867499992251e+00,  2.473191976547e+00,  2.372852869480e+01,  3.752564489841e-01
  2.877499997616e+00,  2.483213186264e+00,  2.371850748508e+01,  3.768086731434e-01
  2.887999996543e+00,  2.493512868881e+00,  2.370820780247e+01,  3.802047073841e-01
  2.898499995470e+00,  2.503865957260e+00,  2.369785471409e+01,  3.829346001148e-01
  2.908499985933e+00,  2.513978719711e+00,  2.368774195164e+01,  3.847716450691e-01
  2.918499991298e+00,  2.524297475815e+00,  2.367742319553e+01,  3.864930272102e-01
  2.928499996662e+00,  2.534684896469e+00,  2.366703577488e+01,  3.875828385353e-01
  2.938499987125e+00,  2.545015096664e+00,  2.365670557468e+01,  3.885414302349e-01
  2.948499992490e+00,  2.555112600327e+00,  2.364660807102e+01,  3.904536664486e-01
  2.958999991417e+00,  2.565473318100e+00,  2.363624735325e+01,  3.940642774105e-01
  2.969499990344e+00,  2.575805425644e+00,  2.362591524570e+01,  3.975714147091e-01
  2.979999989271e+00,  2.586269140244e+00,  2.361545153110e+01,  4.000278413296e-01
  2.989999994636e+00,  2.596370458603e+00,  2.360535021274e+01,  4.018537700176e-01
  3.000000000000e+00,  2.606540441513e+00,  2.359518022983e+01,  4.049514234066e-01
  3.009999990463e+00,  2.616729497910e+00,  2.358499117344e+01,  4.061020016670e-01
  3.019999995828e+00,  2.626823186874e+00,  2.357489748447e+01,  4.074466824532e-01
  3.030499994755e+00,  2.637202978134e+00,  2.356451769321e+01,  4.101775288582e-01
  3.040999993682e+00,  2.647485494614e+00,  2.355423517673e+01,  4.130313992500e-01
  3.051499992609e+00,  2.657800436020e+00,  2.354392023533e+01,  4.154942631721e-01
  3.061999991536e+00,  2.668264150620e+00,  2.353345652073e+01,  4.184864163399e-01
  3.071999996901e+00,  2.678422689438e+00,  2.352329798191e+01,  4.196466207504e-01
  3.081999987364e+00,  2.688646078110e+00,  2.351307459324e+01,  4.200675487518e-01
  3.091999992728e+00,  2.698697805405e+00,  2.350302286594e+01,  4.221310615540e-01
  3.102499991655e+00,  2.709066152573e+00,  2.349265451877e+01,  4.252290725708e-01
  3.112999990582e+00,  2.719287633896e+00,  2.348243303745e+01,  4.267270565033e-01
  3.123499989510e+00,  2.729472875595e+00,  2.347224779575e+01,  4.298838376999e-01
  3.133999988437e+00,  2.739816427231e+00,  2.346190424412e+01,  4.331210851669e-01
  3.143999993801e+00,  2.749841451645e+00,  2.345187921970e+01,  4.345583915710e-01
  3.153999999166e+00,  2.759942770004e+00,  2.344177790134e+01,  4.342084228992e-01
  3.163999989629e+00,  2.769981145859e+00,  2.343173952549e+01,  4.359660148621e-01
  3.174499988556e+00,  2.780410528183e+00,  2.342131014316e+01,  4.393129348755e-01
  3.184999987483e+00,  2.790817022324e+00,  2.341090364902e+01,  4.408392906189e-01
  3.195499986410e+00,  2.801246404648e+00,  2.340047426670e+01,  4.434442520142e-01
  3.206000000238e+00,  2.811740636826e+00,  2.338998003452e+01,  4.473695755005e-01
  3.215999990702e+00,  2.821849584579e+00,  2.337987108677e+01,  4.480720162392e-01
  3.225999996066e+00,  2.831886053085e+00,  2.336983461826e+01,  4.489773213863e-01
  3.236499994993e+00,  2.842277288437e+00,  2.335944338291e+01,  4.514785706997e-01
  3.246999993920e+00,  2.852586507797e+00,  2.334913416355e+01,  4.550996720791e-01
  3.257499992847e+00,  2.862912893295e+00,  2.333880777805e+01,  4.585205018520e-01
  3.267999991775e+00,  2.873395681381e+00,  2.332832498997e+01,  4.633413255215e-01
  3.277999997139e+00,  2.883634328842e+00,  2.331808634250e+01,  4.659059941769e-01
  3.287999987602e+00,  2.894029378891e+00,  2.330769129246e+01,  4.659193158150e-01
  3.297999992967e+00,  2.904374837875e+00,  2.329734583347e+01,  4.657132029533e-01
  3.307999998331e+00,  2.914464712143e+00,  2.328725595920e+01,  4.666707515717e-01
  3.318499997258e+00,  2.924758672714e+00,  2.327696199863e+01,  4.692666530609e-01
  3.328999996185e+00,  2.934940099716e+00,  2.326678057163e+01,  4.723374843597e-01
  3.339499995112e+00,  2.945173025131e+00,  2.325654764622e+01,  4.759465456009e-01
  3.349999994040e+00,  2.955613851547e+00,  2.324610681980e+01,  4.787846803665e-01
  3.359999999404e+00,  2.965791463852e+00,  2.323592920749e+01,  4.801423549652e-01
  3.369999989867e+00,  2.976064443588e+00,  2.322565622776e+01,  4.802110791206e-01
  3.379999995232e+00,  2.986203908920e+00,  2.321551676243e+01,  4.812550246716e-01
  3.390499994159e+00,  2.996629476547e+00,  2.320509119480e+01,  4.830968379974e-01
  3.400999993086e+00,  3.006942510605e+00,  2.319477816074e+01,  4.860837459564e-01
  3.411499992013e+00,  3.017220497131e+00,  2.318450017422e+01,  4.890620708466e-01
  3.421999990940e+00,  3.027539253235e+00,  2.317418141811e+01,  4.922735691071e-01
  3.432499989867e+00,  3.037964820862e+00,  2.316375585048e+01,  4.940261244774e-01
  3.442999988794e+00,  3.048420906067e+00,  2.315329976528e+01,  4.951317906380e-01
  3.453499987721e+00,  3.058815956116e+00,  2.314290471523e+01,  4.972167611122e-01
  3.463999986649e+00,  3.069214820862e+00,  2.313250585048e+01,  4.992732405663e-01
  3.474500000477e+00,  3.079674720764e+00,  2.312204595058e+01,  5.015038847923e-01
  3.484999999404e+00,  3.090123176575e+00,  2.311159749477e+01,  5.042504668236e-01
  3.495499998331e+00,  3.100590705872e+00,  2.310112996547e+01,  5.071949362755e-01
  3.505999997258e+00,  3.111077308655e+00,  2.309064336269e+01,  5.099057555199e-01
  3.516499996185e+00,  3.121510505676e+00,  2.308021016567e+01,  5.123514533043e-01
  3.526999995112e+00,  3.131943702698e+00,  2.306977696865e+01,  5.159887671471e-01
  3.537499994040e+00,  3.142418861389e+00,  2.305930180996e+01,  5.181726813316e-01
  3.547499999404e+00,  3.152420997620e+00,  2.304929967373e+01,  5.199927687645e-01
  3.557999998331e+00,  3.162858009338e+00,  2.303886266201e+01,  5.225540995598e-01
  3.568499997258e+00,  3.173279762268e+00,  2.302844090908e+01,  5.236642956734e-01
  3.578999996185e+00,  3.183655738831e+00,  2.301806493252e+01,  5.246177911758e-01
  3.589499995112e+00,  3.193997383118e+00,  2.300772328823e+01,  5.277181863785e-01
  3.599999994040e+00,  3.204358100891e+00,  2.299736257046e+01,  5.295795202255e-01
  3.610499992967e+00,  3.214810371399e+00,  2.298691029995e+01,  5.322273969650e-01
  3.620499998331e+00,  3.224854469299e+00,  2.297686620205e+01,  5.355933904648e-01
  3.630499988794e+00,  3.234997749329e+00,  2.296672292202e+01,  5.374864339828e-01
  3.640499994159e+00,  3.245160102844e+00,  2.295656056850e+01,  5.378435254097e-01
  3.650499999523e+00,  3.255295753479e+00,  2.294642491787e+01,  5.400293469429e-01
  3.660499989986e+00,  3.265363454819e+00,  2.293635721653e+01,  5.420616269112e-01
  3.670999988914e+00,  3.275842428207e+00,  2.292587824314e+01,  5.438907742500e-01
  3.681499987841e+00,  3.286283254623e+00,  2.291543741672e+01,  5.473888516426e-01
  3.691499993205e+00,  3.296315908432e+00,  2.290540476291e+01,  5.504572987556e-01
  3.701499998569e+00,  3.306436300278e+00,  2.289528437107e+01,  5.514753460884e-01
  3.711499989033e+00,  3.316560506821e+00,  2.288516016453e+01,  5.520992279053e-01
  3.721999987960e+00,  3.327043294907e+00,  2.287467737644e+01,  5.532342195511e-01
  3.732499986887e+00,  3.337354421616e+00,  2.286436624973e+01,  5.552786588669e-01
  3.743000000715e+00,  3.347633123398e+00,  2.285408754795e+01,  5.594414472580e-01
  3.753499999642e+00,  3.358007192612e+00,  2.284371347873e+01,  5.621191263199e-01
  3.763999998569e+00,  3.368409872055e+00,  2.283331079929e+01,  5.649188160896e-01
  3.774499997497e+00,  3.378896474838e+00,  2.282282419651e+01,  5.674944519997e-01
  3.784499987960e+00,  3.388952016830e+00,  2.281276865452e+01,  5.699858069420e-01
  3.794999986887e+00,  3.399453878403e+00,  2.280226679294e+01,  5.707655549049e-01
  3.805500000715e+00,  3.409898519516e+00,  2.279182215183e+01,  5.747147202492e-01
  3.815499991179e+00,  3.419961690903e+00,  2.278175898044e+01,  5.765548348427e-01
  3.825499996543e+00,  3.430104970932e+00,  2.277161570041e+01,  5.782979130745e-01
  3.835499987006e+00,  3.440202474594e+00,  2.276151819675e+01,  5.803611874580e-01
  3.845499992371e+00,  3.450208425522e+00,  2.275151224582e+01,  5.822680592537e-01
  3.855999991298e+00,  3.460660696030e+00,  2.274105997532e+01,  5.836384892464e-01
  3.866499990225e+00,  3.471040487289e+00,  2.273068018406e+01,  5.872977375984e-01
  3.876999989152e+00,  3.481462240219e+00,  2.272025843113e+01,  5.907047390938e-01
  3.886999994516e+00,  3.491536855698e+00,  2.271018381565e+01,  5.930305123329e-01
  3.896999999881e+00,  3.501691579819e+00,  2.270002909153e+01,  5.950804352760e-01
  3.906999990344e+00,  3.511815786362e+00,  2.268990488498e+01,  5.973954796791e-01
  3.917499989271e+00,  3.522300243378e+00,  2.267942042797e+01,  5.981488823891e-01
  3.927999988198e+00,  3.532649517059e+00,  2.266907115429e+01,  6.008986234665e-01
  3.938499987125e+00,  3.543010234833e+00,  2.265871043651e+01,  6.039136648178e-01
  3.948999986053e+00,  3.553500652313e+00,  2.264822001903e+01,  6.065098047256e-01
  3.958999991417e+00,  3.563617229462e+00,  2.263810344188e+01,  6.088496446609e-01
  3.968999996781e+00,  3.573775768280e+00,  2.262794490307e+01,  6.121455430984e-01
  3.978999987245e+00,  3.583899974823e+00,  2.261782069652e+01,  6.134579181671e-01
  3.989499986172e+00,  3.594394207001e+00,  2.260732646435e+01,  6.153286099434e-01
  4.000000000000e+00,  3.604819774628e+00,  2.259690089672e+01,  6.176853775978e-01
  4.010499998927e+00,  3.615268230438e+00,  2.258645244091e+01,  6.196321845055e-01
  4.020999997854e+00,  3.625735759735e+00,  2.257598491161e+01,  6.225442290306e-01
  4.031499996781e+00,  3.636180400848e+00,  2.256554027050e+01,  6.261805891991e-01
  4.041999995708e+00,  3.646636486053e+00,  2.255508418529e+01,  6.292693018913e-01
  4.051999986172e+00,  3.656642436981e+00,  2.254507823437e+01,  6.317389011383e-01
  4.061999991536e+00,  3.666713237762e+00,  2.253500743358e+01,  6.327606439590e-01
  4.071999996901e+00,  3.676799297333e+00,  2.252492137401e+01,  6.343227028847e-01
  4.081999987364e+00,  3.686912059784e+00,  2.251480861156e+01,  6.357811093330e-01
  4.091999992728e+00,  3.696975231171e+00,  2.250474544018e+01,  6.377127766609e-01
  4.102499991655e+00,  3.707431316376e+00,  2.249428935497e+01,  6.409071087837e-01
  4.112999990582e+00,  3.717822551727e+00,  2.248389811962e+01,  6.455600857735e-01
  4.123499989510e+00,  3.728248119354e+00,  2.247347255199e+01,  6.471394896507e-01
  4.133999988437e+00,  3.738696575165e+00,  2.246302409618e+01,  6.491340994835e-01
  4.144499987364e+00,  3.749110698700e+00,  2.245260997265e+01,  6.512555480003e-01
  4.154999986291e+00,  3.759463787079e+00,  2.244225688427e+01,  6.540259718895e-01
  4.165500000119e+00,  3.769793510437e+00,  2.243192716091e+01,  6.563543081284e-01
  4.175999999046e+00,  3.780215263367e+00,  2.242150540798e+01,  6.591047048569e-01
  4.185999989510e+00,  3.790232658386e+00,  2.241148801296e+01,  6.606272459030e-01
  4.195999994874e+00,  3.800314903259e+00,  2.240140576809e+01,  6.615903377533e-01
  4.206000000238e+00,  3.810423851013e+00,  2.239129682033e+01,  6.643924713135e-01
  4.215999990702e+00,  3.820532798767e+00,  2.238118787258e+01,  6.661387681961e-01
  4.225999996066e+00,  3.830573081970e+00,  2.237114758938e+01,  6.680148839951e-01
  4.236499994993e+00,  3.841040611267e+00,  2.236068006008e+01,  6.713508367538e-01
  4.246999993920e+00,  3.851469993591e+00,  2.235025067776e+01,  6.749352216721e-01
  4.257499992847e+00,  3.861918449402e+00,  2.233980222194e+01,  6.776476502419e-01
  4.267499998212e+00,  3.871920585632e+00,  2.232980008571e+01,  6.808710694313e-01
  4.277499988675e+00,  3.882006645203e+00,  2.231971402614e+01,  6.830361485481e-01
  4.287499994040e+00,  3.892085075378e+00,  2.230963559597e+01,  6.848011016846e-01
  4.297499999404e+00,  3.902155876160e+00,  2.229956479519e+01,  6.868185997009e-01
  4.307499989867e+00,  3.912192344666e+00,  2.228952832668e+01,  6.882656216621e-01
  4.317999988794e+00,  3.922690391541e+00,  2.227903027981e+01,  6.911523938179e-01
  4.328499987721e+00,  3.933161735535e+00,  2.226855893581e+01,  6.942942738533e-01
  4.338499993086e+00,  3.943240165710e+00,  2.225848050564e+01,  6.965520977974e-01
  4.348499998450e+00,  3.953356742859e+00,  2.224836392849e+01,  6.977152228355e-01
  4.358499988914e+00,  3.963442802429e+00,  2.223827786892e+01,  6.987735033035e-01
  4.368499994278e+00,  3.973483085632e+00,  2.222823758571e+01,  7.006198167801e-01
  4.378499999642e+00,  3.983515739441e+00,  2.221820493191e+01,  7.039443254471e-01
  4.388499990106e+00,  3.993571281433e+00,  2.220814938991e+01,  7.062644362450e-01
  4.398499995470e+00,  4.003657341003e+00,  2.219806333034e+01,  7.081002593040e-01
  4.408499985933e+00,  4.013777732849e+00,  2.218794293850e+01,  7.107796072960e-01
  4.418499991298e+00,  4.023854732513e+00,  2.217786593883e+01,  7.128524184227e-01
  4.428499996662e+00,  4.033864498138e+00,  2.216785617321e+01,  7.138809561729e-01
  4.438999995589e+00,  4.044282436371e+00,  2.215743823498e+01,  7.168812155724e-01
  4.449499994516e+00,  4.054685115814e+00,  2.214703555553e+01,  7.202920317650e-01
  4.459999993443e+00,  4.065106868744e+00,  2.213661380260e+01,  7.227677702904e-01
  4.470499992371e+00,  4.075608730316e+00,  2.212611194103e+01,  7.249326705933e-01
  4.480499997735e+00,  4.085637569427e+00,  2.211608310192e+01,  7.263681292534e-01
  4.490499988198e+00,  4.095696926117e+00,  2.210602374523e+01,  7.282859086990e-01
  4.500499993563e+00,  4.105737209320e+00,  2.209598346203e+01,  7.299200296402e-01
  4.510499998927e+00,  4.115739345551e+00,  2.208598132580e+01,  7.320219278336e-01
  4.520999997854e+00,  4.126210689545e+00,  2.207550998180e+01,  7.347747087479e-01
  4.531499996781e+00,  4.136632442474e+00,  2.206508822887e+01,  7.378207445145e-01
  4.541999995708e+00,  4.146955013275e+00,  2.205476565807e+01,  7.418500185013e-01
  4.552499994636e+00,  4.157233715057e+00,  2.204448695629e+01,  7.459813356400e-01
  4.562999993563e+00,  4.167605876923e+00,  2.203411479442e+01,  7.494813203812e-01
  4.572999998927e+00,  4.177627086639e+00,  2.202409358471e+01,  7.514728307724e-01
  4.582999989390e+00,  4.187732219696e+00,  2.201398845165e+01,  7.528767585754e-01
  4.592999994755e+00,  4.197848796844e+00,  2.200387187450e+01,  7.542797327042e-01
  4.603000000119e+00,  4.207900524139e+00,  2.199382014721e+01,  7.573264837265e-01
  4.613499999046e+00,  4.218390941620e+00,  2.198332972973e+01,  7.605670690536e-01
  4.623999997973e+00,  4.228873729706e+00,  2.197284694164e+01,  7.642225027084e-01
  4.633999988437e+00,  4.238952159882e+00,  2.196276851146e+01,  7.678941488266e-01
  4.643999993801e+00,  4.249179363251e+00,  2.195254130810e+01,  7.695292234421e-01
  4.653999999166e+00,  4.259543895721e+00,  2.194217677563e+01,  7.701239585876e-01
  4.663999989629e+00,  4.269924163818e+00,  2.193179650753e+01,  7.712683677673e-01
  4.673999994993e+00,  4.280082702637e+00,  2.192163796871e+01,  7.726655602455e-01
  4.684499993920e+00,  4.290407180786e+00,  2.191131349056e+01,  7.762936949730e-01
  4.694999992847e+00,  4.300535202026e+00,  2.190118546932e+01,  7.804660201073e-01
  4.705499991775e+00,  4.310712814331e+00,  2.189100785702e+01,  7.841915488243e-01
  4.715999990702e+00,  4.321138381958e+00,  2.188058228939e+01,  7.868480086327e-01
  4.725999996066e+00,  4.331354141235e+00,  2.187036653011e+01,  7.891308665276e-01
  4.735999986529e+00,  4.341676712036e+00,  2.186004395931e+01,  7.895429730415e-01
  4.745999991894e+00,  4.351922988892e+00,  2.184979768245e+01,  7.905458211899e-01
  4.756499990821e+00,  4.362394332886e+00,  2.183932633846e+01,  7.935582399368e-01
  4.766999989748e+00,  4.372629165649e+00,  2.182909150570e+01,  7.984439134598e-01
  4.777499988675e+00,  4.382867813110e+00,  2.181885285824e+01,  8.017693758011e-01
  4.787499994040e+00,  4.392877578735e+00,  2.180884309261e+01,  8.044348955154e-01
  4.797499999404e+00,  4.403100967407e+00,  2.179861970394e+01,  8.060745000839e-01
  4.807499989867e+00,  4.413419723511e+00,  2.178830094784e+01,  8.073832988739e-01
  4.817499995232e+00,  4.423666000366e+00,  2.177805467098e+01,  8.086015582085e-01
  4.827500000596e+00,  4.433721542358e+00,  2.176799912899e+01,  8.108708262444e-01
  4.837999999523e+00,  4.444047927856e+00,  2.175767274349e+01,  8.142821192741e-01
  4.848499998450e+00,  4.454334259033e+00,  2.174738641231e+01,  8.179823756218e-01
  4.858999997377e+00,  4.464714050293e+00,  2.173700662105e+01,  8.193816542625e-01
  4.869499996305e+00,  4.475143432617e+00,  2.172657723873e+01,  8.222407698631e-01
  4.879499986768e+00,  4.485176086426e+00,  2.171654458492e+01,  8.249043822289e-01
  4.889499992132e+00,  4.495254516602e+00,  2.170646615474e+01,  8.272256255150e-01
  4.899499997497e+00,  4.505340576172e+00,  2.169638009517e+01,  8.299188017845e-01
  4.909499987960e+00,  4.515441894531e+00,  2.168627877682e+01,  8.330900073051e-01
  4.919499993324e+00,  4.525581359863e+00,  2.167613931148e+01,  8.357137441635e-01
  4.929499998689e+00,  4.535736083984e+00,  2.166598458736e+01,  8.387845754623e-01
  4.939499989152e+00,  4.545921325684e+00,  2.165579934566e+01,  8.415926694870e-01
  4.949499994516e+00,  4.556056976318e+00,  2.164566369503e+01,  8.437536954880e-01
  4.959499999881e+00,  4.566162109375e+00,  2.163555856197e+01,  8.477534055710e-01
  4.969499990344e+00,  4.576255798340e+00,  2.162546487301e+01,  8.491806983948e-01
  4.979999989271e+00,  4.586753845215e+00,  2.161496682613e+01,  8.516283035278e-01
  4.990499988198e+00,  4.597167968750e+00,  2.160455270260e+01,  8.548035621643e-01
  5.000999987125e+00,  4.607528686523e+00,  2.159419198482e+01,  8.582940101624e-01
  5.011499986053e+00,  4.617847442627e+00,  2.158387322872e+01,  8.615775108337e-01
  5.021999999881e+00,  4.628273010254e+00,  2.157344766109e+01,  8.658547401428e-01
  5.031999990344e+00,  4.638374328613e+00,  2.156334634273e+01,  8.684282302856e-01
  5.041999995708e+00,  4.648551940918e+00,  2.155316873043e+01,  8.705620765686e-01
  5.051999986172e+00,  4.658733367920e+00,  2.154298730343e+01,  8.721942901611e-01
  5.061999991536e+00,  4.668846130371e+00,  2.153287454098e+01,  8.736857175827e-01
  5.072499990463e+00,  4.679241180420e+00,  2.152247949093e+01,  8.752067685127e-01
  5.082999989390e+00,  4.689451217651e+00,  2.151226945370e+01,  8.789804577827e-01
  5.093499988317e+00,  4.699672698975e+00,  2.150204797237e+01,  8.821910023689e-01
  5.103999987245e+00,  4.710065841675e+00,  2.149165482967e+01,  8.853891491890e-01
  5.114499986172e+00,  4.720541000366e+00,  2.148117967098e+01,  8.871372938156e-01
  5.125000000000e+00,  4.731008529663e+00,  2.147071214168e+01,  8.900173902512e-01
  5.135499998927e+00,  4.741468429565e+00,  2.146025224178e+01,  8.929475545883e-01
  5.145999997854e+00,  4.751878738403e+00,  2.144984193294e+01,  8.965395689011e-01
  5.156499996781e+00,  4.762172698975e+00,  2.143954797237e+01,  9.001134634018e-01
  5.166999995708e+00,  4.772438049316e+00,  2.142928262203e+01,  9.047344326973e-01
  5.177499994636e+00,  4.782863616943e+00,  2.141885705440e+01,  9.078889489174e-01
  5.187500000000e+00,  4.792945861816e+00,  2.140877480953e+01,  9.094947576523e-01
  5.197499990463e+00,  4.803081512451e+00,  2.139863915890e+01,  9.097979664803e-01
  5.207499995828e+00,  4.813171386719e+00,  2.138854928463e+01,  9.114805459976e-01
  5.217499986291e+00,  4.823181152344e+00,  2.137853951900e+01,  9.140280485153e-01
  5.228000000119e+00,  4.833530426025e+00,  2.136819024532e+01,  9.179974794388e-01
  5.238499999046e+00,  4.843774795532e+00,  2.135794587581e+01,  9.218364953995e-01
  5.248999997973e+00,  4.854127883911e+00,  2.134759278744e+01,  9.264360666275e-01
  5.258999988437e+00,  4.864229202271e+00,  2.133749146908e+01,  9.278994798660e-01
  5.268999993801e+00,  4.874441146851e+00,  2.132727952450e+01,  9.290611743927e-01
  5.278999999166e+00,  4.884595870972e+00,  2.131712480037e+01,  9.303569793701e-01
  5.288999989629e+00,  4.894624710083e+00,  2.130709596126e+01,  9.320864677429e-01
  5.299499988556e+00,  4.905050277710e+00,  2.129667039364e+01,  9.356746673584e-01
  5.309999987483e+00,  4.915395736694e+00,  2.128632493465e+01,  9.399118423462e-01
  5.320499986410e+00,  4.925790786743e+00,  2.127592988460e+01,  9.425562620163e-01
  5.330499991775e+00,  4.935869216919e+00,  2.126585145443e+01,  9.443312883377e-01
  5.340499997139e+00,  4.946035385132e+00,  2.125568528621e+01,  9.472442865372e-01
  5.350499987602e+00,  4.956140518188e+00,  2.124558015316e+01,  9.473893046379e-01
  5.360999986529e+00,  4.966403961182e+00,  2.123531671016e+01,  9.483129382133e-01
  5.372499987483e+00,  4.976728439331e+00,  2.122499223202e+01,  9.478842020035e-01
  5.385999992490e+00,  4.986766815186e+00,  2.121495385616e+01,  9.483045935631e-01
  5.407499998808e+00,  4.996777534485e+00,  2.120494313686e+01,  9.520760178566e-01
  5.410999998450e+00,  4.997745513916e+00,  2.120397515743e+01,  9.529686570168e-01
  5.511499986053e+00,  5.003264427185e+00,  2.119845624416e+01,  9.590983986855e-01
  5.611499994993e+00,  5.002579212189e+00,  2.119914145916e+01,  9.571188688278e-01
  5.711999997497e+00,  5.001719951630e+00,  2.120000071972e+01,  9.565299153328e-01
  5.812500000000e+00,  5.001094341278e+00,  2.120062633007e+01,  9.565366506577e-01
  5.912999987602e+00,  5.000636100769e+00,  2.120108457058e+01,  9.552584290504e-01
  6.012999996543e+00,  5.000386714935e+00,  2.120133395641e+01,  9.533712863922e-01
  6.112999990582e+00,  5.000202655792e+00,  2.120151801555e+01,  9.521242976189e-01
  6.212999999523e+00,  5.000042915344e+00,  2.120167775600e+01,  9.522510766983e-01
  6.312999993563e+00,  5.000006675720e+00,  2.120171399563e+01,  9.515964388847e-01
  6.412999987602e+00,  4.999985218048e+00,  2.120173545330e+01,  9.495521187782e-01
  6.512999996543e+00,  4.999952316284e+00,  2.120176835506e+01,  9.485634565353e-01
  6.612999990582e+00,  4.999937057495e+00,  2.120178361385e+01,  9.482498764992e-01
  6.712999999523e+00,  4.999907016754e+00,  2.120181365459e+01,  9.463813900948e-01
  6.812999993563e+00,  4.999933719635e+00,  2.120178695171e+01,  9.470717310905e-01
  6.912999987602e+00,  4.999946117401e+00,  2.120177455395e+01,  9.466122984886e-01
  7.012999996543e+00,  4.999964714050e+00,  2.120175595730e+01,  9.459122419357e-01
  7.112999990582e+00,  4.999943733215e+00,  2.120177693813e+01,  9.435002207756e-01
  7.212999999523e+00,  4.999997138977e+00,  2.120172353237e+01,  9.439018964767e-01
  7.312999993563e+00,  4.999980449677e+00,  2.120174022167e+01,  9.438130855560e-01
  7.412999987602e+00,  4.999995708466e+00,  2.120172496288e+01,  9.422575235367e-01
  7.512999996543e+00,  4.999963283539e+00,  2.120175738781e+01,  9.433962702751e-01
  7.612999990582e+00,  4.999983787537e+00,  2.120173688381e+01,  9.428464770317e-01
  7.712999999523e+00,  4.999996662140e+00,  2.120172400921e+01,  9.434031844139e-01
  7.812999993563e+00,  4.999990463257e+00,  2.120173020809e+01,  9.428836703300e-01
  7.912999987602e+00,  4.999988555908e+00,  2.120173211544e+01,  9.437990188599e-01
  8.012999996543e+00,  4.999990940094e+00,  2.120172973125e+01,  9.400815367699e-01
  8.112999990582e+00,  4.999978542328e+00,  2.120174212902e+01,  9.404814243317e-01
  8.212999999523e+00,  4.999989032745e+00,  2.120173163860e+01,  9.390753507614e-01
  8.312999993563e+00,  5.000037193298e+00,  2.120168347805e+01,  9.373049139977e-01
  8.412999987602e+00,  5.000013351440e+00,  2.120170731991e+01,  9.367331862450e-01
  8.512999996543e+00,  4.999983787537e+00,  2.120173688381e+01,  9.363753199577e-01
  8.612999990582e+00,  5.000010490417e+00,  2.120171018093e+01,  9.361585974693e-01
  8.712999999523e+00,  4.999998092651e+00,  2.120172257870e+01,  9.358391761780e-01
  8.812999993563e+00,  5.000027656555e+00,  2.120169301479e+01,  9.366856217384e-01
  8.912999987602e+00,  5.000011444092e+00,  2.120170922725e+01,  9.354552626610e-01
  9.012999996543e+00,  4.999984741211e+00,  2.120173593014e+01,  9.360729455948e-01
  9.112999990582e+00,  5.000005245209e+00,  2.120171542614e+01,  9.316948652267e-01
  9.212999999523e+00,  5.000004768372e+00,  2.120171590297e+01,  9.317566752434e-01
  9.312999993563e+00,  5.000002384186e+00,  2.120171828716e+01,  9.333084821701e-01
  9.412999987602e+00,  5.000033378601e+00,  2.120168729275e+01,  9.347987174988e-01
  9.512999996543e+00,  5.000010967255e+00,  2.120170970409e+01,  9.334368109703e-01
  9.612999990582e+00,  4.999992847443e+00,  2.120172782390e+01,  9.317440986633e-01
  9.712999999523e+00,  5.000032901764e+00,  2.120168776958e+01,  9.313113689423e-01
  9.812999993563e+00,  5.000010490417e+00,  2.120171018093e+01,  9.321766495705e-01
  9.912999987602e+00,  4.999998092651e+00,  2.120172257870e+01,  9.309365153313e-01
  1.001299999654e+01,  5.000015258789e+00,  2.120170541256e+01,  9.314876198769e-01
  1.011299999058e+01,  5.000022411346e+00,  2.120169826000e+01,  9.300345182419e-01
  1.021299999952e+01,  5.000017166138e+00,  2.120170350521e+01,  9.290452599525e-01
  1.031299999356e+01,  4.999993324280e+00,  2.120172734707e+01,  9.301907420158e-01
  1.041299998760e+01,  5.000010013580e+00,  2.120171065777e+01,  9.298135638237e-01
  1.051299999654e+01,  5.000009536743e+00,  2.120171113460e+01,  9.299601316452e-01
  1.061299999058e+01,  5.000050544739e+00,  2.120167012661e+01,  9.295746684074e-01
  1.071299999952e+01,  4.999992847443e+00,  2.120172782390e+01,  9.299596548080e-01
  1.081299999356e+01,  5.000006198883e+00,  2.120171447246e+01,  9.308247566223e-01
  1.091299998760e+01,  5.000015735626e+00,  2.120170493572e+01,  9.295449256897e-01
  1.101299999654e+01,  4.999993801117e+00,  2.120172687023e+01,  9.283362030983e-01
  1.111299999058e+01,  4.999998569489e+00,  2.120172210186e+01,  9.286217689514e-01
  1.121299999952e+01,  5.000026226044e+00,  2.120169444530e+01,  9.275313615799e-01
  1.131299999356e+01,  5.000016212463e+00,  2.120170445888e+01,  9.295374155045e-01
  1.141299998760e+01,  5.000024318695e+00,  2.120169635265e+01,  9.264937043190e-01
  1.151299999654e+01,  4.999997138977e+00,  2.120172353237e+01,  9.243678450584e-01
  1.161299999058e+01,  5.000009536743e+00,  2.120171113460e+01,  9.256879091263e-01
  1.171299999952e+01,  5.000000000000e+00,  2.120172067135e+01,  9.257654547691e-01
  1.181299999356e+01,  5.000015735626e+00,  2.120170493572e+01,  9.276660084724e-01
  1.191299998760e+01,  4.999993324280e+00,  2.120172734707e+01,  9.253674745560e-01
  1.201299999654e+01,  5.000020027161e+00,  2.120170064419e+01,  9.243304729462e-01
  1.211299999058e+01,  5.000006675720e+00,  2.120171399563e+01,  9.247803688049e-01
  1.221299999952e+01,  5.000024795532e+00,  2.120169587581e+01,  9.248101711273e-01
  1.231299999356e+01,  5.000021457672e+00,  2.120169921367e+01,  9.233905673027e-01
  1.241299998760e+01,  5.000025272369e+00,  2.120169539898e+01,  9.258844256401e-01
  1.251299999654e+01,  5.000004768372e+00,  2.120171590297e+01,  9.258381724358e-01
  1.261299999058e+01,  5.000012874603e+00,  2.120170779674e+01,  9.232174158096e-01
  1.271299999952e+01,  5.000001907349e+00,  2.120171876400e+01,  9.228673577309e-01
  1.281299999356e+01,  5.000002384186e+00,  2.120171828716e+01,  9.221978783607e-01
  1.291299998760e+01,  5.000003814697e+00,  2.120171685665e+01,  9.220902919769e-01
  1.301299999654e+01,  5.000050544739e+00,  2.120167012661e+01,  9.196474552155e-01
  1.311299999058e+01,  4.999993801117e+00,  2.120172687023e+01,  9.187673926353e-01
  1.321299999952e+01,  5.000021934509e+00,  2.120169873684e+01,  9.217267036438e-01
  1.331299999356e+01,  5.000003337860e+00,  2.120171733349e+01,  9.206190109253e-01
  1.341299998760e+01,  5.000022888184e+00,  2.120169778316e+01,  9.198371171951e-01
  1.351299999654e+01,  4.999996662140e+00,  2.120172400921e+01,  9.201813340187e-01
  1.361299999058e+01,  5.000010490417e+00,  2.120171018093e+01,  9.186855554581e-01
  1.371299999952e+01,  4.999977111816e+00,  2.120174355953e+01,  9.202159643173e-01
  1.381299999356e+01,  5.000010490417e+00,  2.120171018093e+01,  9.215398430824e-01
  1.391299998760e+01,  4.999996662140e+00,  2.120172400921e+01,  9.203518629074e-01
  1.401299999654e+01,  4.999979019165e+00,  2.120174165218e+01,  9.202002882957e-01
  1.411299999058e+01,  5.000006198883e+00,  2.120171447246e+01,  9.203352928162e-01
  1.421299999952e+01,  5.000012397766e+00,  2.120170827358e+01,  9.180439710617e-01
  1.431299999356e+01,  4.999998569489e+00,  2.120172210186e+01,  9.182199239731e-01
  1.441299998760e+01,  5.000020980835e+00,  2.120169969051e+01,  9.169792532921e-01
  1.451299999654e+01,  4.999990463257e+00,  2.120173020809e+01,  9.149559140205e-01
  1.461299999058e+01,  5.000012874603e+00,  2.120170779674e+01,  9.161522388458e-01
  1.471299999952e+01,  5.000000000000e+00,  2.120172067135e+01,  9.156040549278e-01
  1.481299999356e+01,  4.999972820282e+00,  2.120174785106e+01,  9.142815470695e-01
  1.491299998760e+01,  5.000012874603e+00,  2.120170779674e+01,  9.143332839012e-01
  1.501299999654e+01,  5.000028133392e+00,  2.120169253795e+01,  9.169436693192e-01
  1.511299999058e+01,  5.000014781952e+00,  2.120170588939e+01,  9.151130318642e-01
  1.521299999952e+01,  5.000000000000e+00,  2.120172067135e+01,  9.143990874290e-01
  1.531299999356e+01,  5.000004291534e+00,  2.120171637981e+01,  9.139739274979e-01
  1.541299998760e+01,  5.000050067902e+00,  2.120167060344e+01,  9.149804115295e-01
  1.544899998605e+01,  4.999994277954e+00,  2.120172639339e+01,  9.146270155907e-01
  1.544999998808e+01,  5.000000953674e+00,  2.120171971767e+01,  9.145006537437e-01
  1.545299999416e+01,  5.000001907349e+00,  2.120171876400e+01,  9.145932793617e-01
  1.555299998820e+01,  4.999968528748e+00,  2.120175214260e+01,  9.157378077507e-01
  1.565299999714e+01,  4.999989032745e+00,  2.120173163860e+01,  9.141222834587e-01
  1.575299999118e+01,  4.992007255554e+00,  2.120971341579e+01,  9.120922088623e-01
  1.577749998868e+01,  4.981883049011e+00,  2.121983762234e+01,  8.972377777100e-01
  1.578999999166e+01,  4.971669197083e+00,  2.123005147426e+01,  8.802986145020e-01
  1.579849998653e+01,  4.961056709290e+00,  2.124066396206e+01,  8.852207660675e-01
  1.580550000072e+01,  4.950745582581e+00,  2.125097508877e+01,  8.903648853302e-01
  1.581199999154e+01,  4.940373420715e+00,  2.126134725063e+01,  8.927071094513e-01
  1.581799998879e+01,  4.930348396301e+00,  2.127137227505e+01,  8.942308425903e-01
  1.582399998605e+01,  4.920094490051e+00,  2.128162618130e+01,  8.958103656769e-01
  1.582999999821e+01,  4.909893989563e+00,  2.129182668178e+01,  8.991644382477e-01
  1.583649998903e+01,  4.899312019348e+00,  2.130240865200e+01,  9.035565853119e-01
  1.584349998832e+01,  4.889073371887e+00,  2.131264729946e+01,  9.051427841187e-01
  1.585149998963e+01,  4.878716468811e+00,  2.132300420254e+01,  8.920316696167e-01
  1.585999999940e+01,  4.868309974670e+00,  2.133341069668e+01,  8.839864730835e-01
  1.586849999428e+01,  4.857995033264e+00,  2.134372563808e+01,  8.745412826538e-01
  1.587649999559e+01,  4.847897529602e+00,  2.135382314174e+01,  8.692779541016e-01
  1.588449999690e+01,  4.837262153625e+00,  2.136445851772e+01,  8.676477074623e-01
  1.589199998975e+01,  4.826828956604e+00,  2.137489171474e+01,  8.640027642250e-01
  1.589899998903e+01,  4.816708564758e+00,  2.138501210659e+01,  8.673741221428e-01
  1.590599998832e+01,  4.806672096252e+00,  2.139504857509e+01,  8.711163401604e-01
  1.591349999607e+01,  4.796456336975e+00,  2.140526433437e+01,  8.728978037834e-01
  1.592199999094e+01,  4.785927772522e+00,  2.141579289882e+01,  8.762468099594e-01
  1.593149998784e+01,  4.775874137878e+00,  2.142584653347e+01,  8.723579645157e-01
  1.594299998879e+01,  4.765776634216e+00,  2.143594403713e+01,  8.656871318817e-01
  1.595649999380e+01,  4.755431175232e+00,  2.144628949611e+01,  8.466632366180e-01
  1.596849998832e+01,  4.745139122009e+00,  2.145658154934e+01,  8.397138118744e-01
  1.597899998724e+01,  4.734724998474e+00,  2.146699567287e+01,  8.381697535515e-01
  1.598849999905e+01,  4.724486351013e+00,  2.147723432033e+01,  8.401467204094e-01
  1.599799999595e+01,  4.714083671570e+00,  2.148763699978e+01,  8.422910571098e-01
  1.600749999285e+01,  4.703955650330e+00,  2.149776502102e+01,  8.423736691475e-01
  1.601749999821e+01,  4.693850517273e+00,  2.150787015407e+01,  8.405318260193e-01
  1.602849999070e+01,  4.683426856995e+00,  2.151829381435e+01,  8.365421295166e-01
  1.603999999166e+01,  4.673052787781e+00,  2.152866788357e+01,  8.309020996094e-01
  1.605149999261e+01,  4.662842750549e+00,  2.153887792080e+01,  8.262839317322e-01
  1.606299999356e+01,  4.652459144592e+00,  2.154926152675e+01,  8.233671188354e-01
  1.607399998605e+01,  4.642264366150e+00,  2.155945630520e+01,  8.191289901733e-01
  1.608449999988e+01,  4.632052421570e+00,  2.156966824978e+01,  8.122797012329e-01
  1.609399999678e+01,  4.621996879578e+00,  2.157972379177e+01,  8.082085847855e-01
  1.610300000012e+01,  4.611735343933e+00,  2.158998532741e+01,  8.079891204834e-01
  1.611149999499e+01,  4.601607322693e+00,  2.160011334865e+01,  8.081661462784e-01
  1.611999998987e+01,  4.591441154480e+00,  2.161027951687e+01,  8.100134134293e-01
  1.612899999321e+01,  4.581061363220e+00,  2.162065930813e+01,  8.113434314728e-01
  1.613849999011e+01,  4.570914268494e+00,  2.163080640285e+01,  8.105158805847e-01
  1.614899998903e+01,  4.560761451721e+00,  2.164095921963e+01,  8.027496337891e-01
  1.615999999642e+01,  4.550601005554e+00,  2.165111966579e+01,  7.945623397827e-01
  1.617099998891e+01,  4.540135383606e+00,  2.166158528774e+01,  7.878115773201e-01
  1.618149998784e+01,  4.529648780823e+00,  2.167207189052e+01,  7.863481044769e-01
  1.619149999321e+01,  4.519497871399e+00,  2.168222279995e+01,  7.858802080154e-01
  1.620149999857e+01,  4.509472846985e+00,  2.169224782436e+01,  7.861431837082e-01
  1.621199999750e+01,  4.499424934387e+00,  2.170229573696e+01,  7.835515737534e-01
  1.622299998999e+01,  4.489216804504e+00,  2.171250386684e+01,  7.763036489487e-01
  1.623349998891e+01,  4.479083061218e+00,  2.172263761013e+01,  7.718304395676e-01
  1.624349999428e+01,  4.468924522400e+00,  2.173279614895e+01,  7.722309231758e-01
  1.625349999964e+01,  4.458678245544e+00,  2.174304242580e+01,  7.722751498222e-01
  1.626349999011e+01,  4.448515892029e+00,  2.175320477932e+01,  7.706598639488e-01
  1.627399998903e+01,  4.438139915466e+00,  2.176358075588e+01,  7.665981650352e-01
  1.628449998796e+01,  4.427891731262e+00,  2.177382894008e+01,  7.623342871666e-01
  1.629499998689e+01,  4.417523384094e+00,  2.178419728725e+01,  7.583054900169e-01
  1.630499999225e+01,  4.407441139221e+00,  2.179427953213e+01,  7.559589743614e-01
  1.631499999762e+01,  4.397271156311e+00,  2.180444951504e+01,  7.537682652473e-01
  1.632499998808e+01,  4.387066841125e+00,  2.181465383022e+01,  7.533099055290e-01
  1.633499999344e+01,  4.377049446106e+00,  2.182467122524e+01,  7.500364780426e-01
  1.634549999237e+01,  4.366631507874e+00,  2.183508916347e+01,  7.463190555573e-01
  1.635549999774e+01,  4.356621742249e+00,  2.184509892910e+01,  7.432672977448e-01
  1.636549998820e+01,  4.346539497375e+00,  2.185518117397e+01,  7.414226531982e-01
  1.637549999356e+01,  4.336518287659e+00,  2.186520238369e+01,  7.386827468872e-01
  1.638599999249e+01,  4.326104164124e+00,  2.187561650722e+01,  7.370086312294e-01
  1.639649999142e+01,  4.315815925598e+00,  2.188590474575e+01,  7.339025139809e-01
  1.640699999034e+01,  4.305462837219e+00,  2.189625783413e+01,  7.312043309212e-01
  1.641699999571e+01,  4.295456886292e+00,  2.190626378505e+01,  7.293813824654e-01
  1.642699998617e+01,  4.285317420959e+00,  2.191640325039e+01,  7.272503972054e-01
  1.643699999154e+01,  4.275105953217e+00,  2.192661471813e+01,  7.239624857903e-01
  1.644699999690e+01,  4.264859676361e+00,  2.193686099499e+01,  7.218238115311e-01
  1.645699998736e+01,  4.254758358002e+00,  2.194696231334e+01,  7.195268869400e-01
  1.646749998629e+01,  4.244363307953e+00,  2.195735736339e+01,  7.168213129044e-01
  1.647800000012e+01,  4.234128475189e+00,  2.196759219616e+01,  7.134052515030e-01
  1.648849999905e+01,  4.223891735077e+00,  2.197782893627e+01,  7.095648050308e-01
  1.649899999797e+01,  4.213561534882e+00,  2.198815913646e+01,  7.065278291702e-01
  1.650949999690e+01,  4.203143596649e+00,  2.199857707470e+01,  7.042552232742e-01
  1.651999999583e+01,  4.192718029022e+00,  2.200900264232e+01,  7.022570371628e-01
  1.653049999475e+01,  4.182319164276e+00,  2.201940150707e+01,  7.007144689560e-01
  1.654099999368e+01,  4.172048091888e+00,  2.202967257946e+01,  6.990264058113e-01
  1.655149999261e+01,  4.161775112152e+00,  2.203994555919e+01,  6.940053105354e-01
  1.656199999154e+01,  4.151326656342e+00,  2.205039401500e+01,  6.907547116280e-01
  1.657199999690e+01,  4.141263484955e+00,  2.206045718639e+01,  6.885936856270e-01
  1.658199998736e+01,  4.131188869476e+00,  2.207053180187e+01,  6.867308616638e-01
  1.659199999273e+01,  4.121179103851e+00,  2.208054156750e+01,  6.837873458862e-01
  1.660249999166e+01,  4.110787868500e+00,  2.209093280285e+01,  6.830052733421e-01
  1.661299999058e+01,  4.100469112396e+00,  2.210125155895e+01,  6.802147030830e-01
  1.662349998951e+01,  4.089997768402e+00,  2.211172290294e+01,  6.770542263985e-01
  1.663349999487e+01,  4.079831600189e+00,  2.212188907116e+01,  6.748484969139e-01
  1.664350000024e+01,  4.069638729095e+00,  2.213208194225e+01,  6.743125319481e-01
  1.665349999070e+01,  4.059560298920e+00,  2.214216037243e+01,  6.719415783882e-01
  1.666399998963e+01,  4.049123287201e+00,  2.215259738415e+01,  6.690772175789e-01
  1.667449998856e+01,  4.038739681244e+00,  2.216298099010e+01,  6.666525006294e-01
  1.668499998748e+01,  4.028295993805e+00,  2.217342467754e+01,  6.632232666016e-01
  1.669499999285e+01,  4.018160343170e+00,  2.218356032818e+01,  6.610016822815e-01
  1.670499999821e+01,  4.007849216461e+00,  2.219387145489e+01,  6.585593223572e-01
  1.671499998868e+01,  3.997526645660e+00,  2.220419402569e+01,  6.568368077278e-01
  1.672499999404e+01,  3.987371921539e+00,  2.221434874981e+01,  6.542137265205e-01
  1.673549999297e+01,  3.976959705353e+00,  2.222476096599e+01,  6.519663929939e-01
  1.674599999189e+01,  3.966709613800e+00,  2.223501105755e+01,  6.478016972542e-01
  1.675649999082e+01,  3.956364154816e+00,  2.224535651653e+01,  6.454314589500e-01
  1.676649999619e+01,  3.946316242218e+00,  2.225540442913e+01,  6.442447304726e-01
  1.677649998665e+01,  3.936195850372e+00,  2.226552482097e+01,  6.421916484833e-01
  1.678649999201e+01,  3.926136493683e+00,  2.227558417766e+01,  6.404233574867e-01
  1.679699999094e+01,  3.915750980377e+00,  2.228596969097e+01,  6.371617913246e-01
  1.680749998987e+01,  3.905525684357e+00,  2.229619498699e+01,  6.327052712440e-01
  1.681799998879e+01,  3.895248889923e+00,  2.230647178142e+01,  6.296358108521e-01
  1.682849998772e+01,  3.884888172150e+00,  2.231683249920e+01,  6.272896528244e-01
  1.683899998665e+01,  3.874493122101e+00,  2.232722754925e+01,  6.258338689804e-01
  1.684950000048e+01,  3.864183902740e+00,  2.233753676861e+01,  6.230567693710e-01
  1.685999999940e+01,  3.853811740875e+00,  2.234790893047e+01,  6.195210218430e-01
  1.686999998987e+01,  3.843733310699e+00,  2.235798736065e+01,  6.166944503784e-01
  1.687999999523e+01,  3.833460330963e+00,  2.236826034038e+01,  6.164638400078e-01
  1.689000000060e+01,  3.823221683502e+00,  2.237849898784e+01,  6.147248148918e-01
  1.689999999106e+01,  3.813169956207e+00,  2.238855071514e+01,  6.135616898537e-01
  1.691049998999e+01,  3.802870273590e+00,  2.239885039776e+01,  6.107330918312e-01
  1.692099998891e+01,  3.792692661285e+00,  2.240902801006e+01,  6.060262322426e-01
  1.693149998784e+01,  3.782322406769e+00,  2.241939826458e+01,  6.032937169075e-01
  1.694149999321e+01,  3.772163629532e+00,  2.242955704181e+01,  6.015754938126e-01
  1.695149999857e+01,  3.761802911758e+00,  2.243991775959e+01,  6.008220911026e-01
  1.696149998903e+01,  3.751495599747e+00,  2.245022507160e+01,  6.006897091866e-01
  1.697149999440e+01,  3.741440057755e+00,  2.246028061359e+01,  5.969784855843e-01
  1.698199999332e+01,  3.731014490128e+00,  2.247070618122e+01,  5.923615098000e-01
  1.699249999225e+01,  3.720531702042e+00,  2.248118896930e+01,  5.894020199776e-01
  1.700249999762e+01,  3.710479974747e+00,  2.249124069660e+01,  5.869930386543e-01
  1.701249998808e+01,  3.700447320938e+00,  2.250127335041e+01,  5.841906666756e-01
  1.702299998701e+01,  3.690010309219e+00,  2.251171036213e+01,  5.837332010269e-01
  1.703349998593e+01,  3.679708719254e+00,  2.252201195209e+01,  5.796014070511e-01
  1.704399999976e+01,  3.669348001480e+00,  2.253237266987e+01,  5.767422914505e-01
  1.705399999022e+01,  3.659303903580e+00,  2.254241676777e+01,  5.749660730362e-01
  1.706399999559e+01,  3.649114847183e+00,  2.255260582416e+01,  5.733762979507e-01
  1.707399998605e+01,  3.638937234879e+00,  2.256278343647e+01,  5.703569650650e-01
  1.708399999142e+01,  3.628862619400e+00,  2.257285805195e+01,  5.677129030228e-01
  1.709449999034e+01,  3.618421792984e+00,  2.258329887836e+01,  5.656479597092e-01
  1.710499998927e+01,  3.608083963394e+00,  2.259363670795e+01,  5.626375675201e-01
  1.711549998820e+01,  3.597761392593e+00,  2.260395927875e+01,  5.601086616516e-01
  1.712599998713e+01,  3.587377786636e+00,  2.261434288471e+01,  5.569643974304e-01
  1.713649998605e+01,  3.576887369156e+00,  2.262483330219e+01,  5.550734996796e-01
  1.714649999142e+01,  3.566854715347e+00,  2.263486595600e+01,  5.529209375381e-01
  1.715649999678e+01,  3.556848764420e+00,  2.264487190693e+01,  5.510958433151e-01
  1.716699999571e+01,  3.546381235123e+00,  2.265533943622e+01,  5.492514371872e-01
  1.717749999464e+01,  3.535944223404e+00,  2.266577644794e+01,  5.464309453964e-01
  1.718799999356e+01,  3.525481224060e+00,  2.267623944729e+01,  5.432983636856e-01
  1.719849999249e+01,  3.514998435974e+00,  2.268672223537e+01,  5.414676070213e-01
  1.720899999142e+01,  3.504611015320e+00,  2.269710965603e+01,  5.385069251060e-01
  1.721949999034e+01,  3.494303703308e+00,  2.270741696804e+01,  5.361227393150e-01
  1.722999998927e+01,  3.483946800232e+00,  2.271777387111e+01,  5.347588658333e-01
  1.723999999464e+01,  3.473944664001e+00,  2.272777600735e+01,  5.313690304756e-01
  1.725000000000e+01,  3.463774681091e+00,  2.273794599026e+01,  5.300744175911e-01
  1.725999999046e+01,  3.453593254089e+00,  2.274812741726e+01,  5.288242697716e-01
  1.726999999583e+01,  3.443533897400e+00,  2.275818677395e+01,  5.268699526787e-01
  1.728049999475e+01,  3.433146476746e+00,  2.276857419460e+01,  5.243933796883e-01
  1.729099999368e+01,  3.422852516174e+00,  2.277886815517e+01,  5.212970376015e-01
  1.730149999261e+01,  3.412400245667e+00,  2.278932042568e+01,  5.173206925392e-01
  1.731149999797e+01,  3.402169227600e+00,  2.279955144375e+01,  5.159819722176e-01
  1.732149998844e+01,  3.391785621643e+00,  2.280993504970e+01,  5.144463181496e-01
  1.733149999380e+01,  3.381501197815e+00,  2.282021947353e+01,  5.135081410408e-01
  1.734149999917e+01,  3.371468544006e+00,  2.283025212734e+01,  5.110781788826e-01
  1.735199999809e+01,  3.361191749573e+00,  2.284052892177e+01,  5.070121884346e-01
  1.736249999702e+01,  3.350926399231e+00,  2.285079427212e+01,  5.040848851204e-01
  1.737299999595e+01,  3.340561866760e+00,  2.286115880459e+01,  5.022860169411e-01
  1.738349999487e+01,  3.330113410950e+00,  2.287160726040e+01,  5.001671910286e-01
  1.739350000024e+01,  3.320073127747e+00,  2.288164754360e+01,  4.990775287151e-01
  1.740349999070e+01,  3.309983253479e+00,  2.289173741787e+01,  4.974327683449e-01
  1.741349999607e+01,  3.299916267395e+00,  2.290180440395e+01,  4.947138428688e-01
  1.742349998653e+01,  3.289883613586e+00,  2.291183705776e+01,  4.927447438240e-01
  1.743400000036e+01,  3.279408454895e+00,  2.292231221645e+01,  4.905638098717e-01
  1.744449999928e+01,  3.268986463547e+00,  2.293273420780e+01,  4.864706099033e-01
  1.745499999821e+01,  3.258518934250e+00,  2.294320173710e+01,  4.839238226414e-01
  1.746499998868e+01,  3.248512983322e+00,  2.295320768802e+01,  4.809454977512e-01
  1.747499999404e+01,  3.238472700119e+00,  2.296324797123e+01,  4.783729612827e-01
  1.748499999940e+01,  3.228375196457e+00,  2.297334547489e+01,  4.758192598820e-01
  1.749499998987e+01,  3.218247175217e+00,  2.298347349613e+01,  4.756478369236e-01
  1.750499999523e+01,  3.208210706711e+00,  2.299350996464e+01,  4.735192358494e-01
  1.751500000060e+01,  3.198204755783e+00,  2.300351591556e+01,  4.719876348972e-01
  1.752499999106e+01,  3.188191175461e+00,  2.301352949589e+01,  4.713477790356e-01
  1.753549998999e+01,  3.177788496017e+00,  2.302393217533e+01,  4.696879684925e-01
  1.754599998891e+01,  3.167555570602e+00,  2.303416510074e+01,  4.669328033924e-01
  1.755649998784e+01,  3.157324552536e+00,  2.304439611881e+01,  4.634986221790e-01
  1.756699998677e+01,  3.146891355515e+00,  2.305482931583e+01,  4.608858525753e-01
  1.757699999213e+01,  3.136740446091e+00,  2.306498022526e+01,  4.588090479374e-01
  1.758699999750e+01,  3.126459836960e+00,  2.307526083439e+01,  4.584557116032e-01
  1.759699998796e+01,  3.116209745407e+00,  2.308551092594e+01,  4.562831223011e-01
  1.760699999332e+01,  3.106051206589e+00,  2.309566946476e+01,  4.535737335682e-01
  1.761699999869e+01,  3.095988035202e+00,  2.310573263614e+01,  4.503362476826e-01
  1.762699998915e+01,  3.085917234421e+00,  2.311580343693e+01,  4.468543827534e-01
  1.763699999452e+01,  3.075731992722e+00,  2.312598867862e+01,  4.445324242115e-01
  1.764699999988e+01,  3.065504789352e+00,  2.313621588199e+01,  4.435417950153e-01
  1.765699999034e+01,  3.055357694626e+00,  2.314636297672e+01,  4.427820444107e-01
  1.766699999571e+01,  3.045336484909e+00,  2.315638418644e+01,  4.396466016769e-01
  1.767749999464e+01,  3.034842252731e+00,  2.316687841862e+01,  4.363002777100e-01
  1.768750000000e+01,  3.024788618088e+00,  2.317693205326e+01,  4.337892830372e-01
  1.769749999046e+01,  3.014664411545e+00,  2.318705625980e+01,  4.325166046619e-01
  1.770749999583e+01,  3.004574537277e+00,  2.319714613407e+01,  4.312466382980e-01
  1.771799999475e+01,  2.994126081467e+00,  2.320759458988e+01,  4.292366504669e-01
  1.772849999368e+01,  2.983753919601e+00,  2.321796675175e+01,  4.258396625519e-01
  1.773899999261e+01,  2.973252058029e+00,  2.322846861332e+01,  4.226210117340e-01
  1.774899999797e+01,  2.963097333908e+00,  2.323862333744e+01,  4.209561347961e-01
  1.775899998844e+01,  2.952893018723e+00,  2.324882765262e+01,  4.188923835754e-01
  1.776899999380e+01,  2.942764997482e+00,  2.325895567386e+01,  4.177694320679e-01
  1.777949999273e+01,  2.932356595993e+00,  2.326936407535e+01,  4.167522192001e-01
  1.778999999166e+01,  2.922152280807e+00,  2.327956839054e+01,  4.138811826706e-01
  1.780049999058e+01,  2.911803007126e+00,  2.328991766422e+01,  4.106520414352e-01
  1.781049999595e+01,  2.901716947556e+00,  2.330000372379e+01,  4.085532426834e-01
  1.782049998641e+01,  2.891440153122e+00,  2.331028051822e+01,  4.078431427479e-01
  1.783049999177e+01,  2.881212949753e+00,  2.332050772159e+01,  4.067816436291e-01
  1.784049999714e+01,  2.871180295944e+00,  2.333054037540e+01,  4.050099551678e-01
  1.785099999607e+01,  2.860951185226e+00,  2.334076948612e+01,  4.021533429623e-01
  1.786149999499e+01,  2.850767850876e+00,  2.335095282047e+01,  3.987234532833e-01
  1.787199999392e+01,  2.840433835983e+00,  2.336128683536e+01,  3.967245519161e-01
  1.788199999928e+01,  2.830378293991e+00,  2.337134237736e+01,  3.940542638302e-01
  1.789199998975e+01,  2.820128202438e+00,  2.338159246891e+01,  3.914512097836e-01
  1.790199999511e+01,  2.809786558151e+00,  2.339193411320e+01,  3.910271227360e-01
  1.791200000048e+01,  2.799631834030e+00,  2.340208883732e+01,  3.910394012928e-01
  1.792249999940e+01,  2.789253950119e+00,  2.341246672123e+01,  3.877306282520e-01
  1.793299999833e+01,  2.779007673264e+00,  2.342271299808e+01,  3.844461739063e-01
  1.794349999726e+01,  2.768725872040e+00,  2.343299479931e+01,  3.822873532772e-01
  1.795399999619e+01,  2.758277416229e+00,  2.344344325512e+01,  3.787649571896e-01
  1.796399998665e+01,  2.748137950897e+00,  2.345358272045e+01,  3.759563863277e-01
  1.797399999201e+01,  2.737906932831e+00,  2.346381373852e+01,  3.737281262875e-01
  1.798399999738e+01,  2.727630138397e+00,  2.347409053295e+01,  3.727537989616e-01
  1.799399998784e+01,  2.717441082001e+00,  2.348427958935e+01,  3.717471659184e-01
  1.800449998677e+01,  2.706943035126e+00,  2.349477763622e+01,  3.689179718494e-01
  1.801500000060e+01,  2.696544170380e+00,  2.350517650097e+01,  3.667631447315e-01
  1.802549999952e+01,  2.686110973358e+00,  2.351560969799e+01,  3.649888336658e-01
  1.803599999845e+01,  2.675624370575e+00,  2.352609630077e+01,  3.619695007801e-01
  1.804599998891e+01,  2.665553569794e+00,  2.353616710155e+01,  3.618808686733e-01
  1.805599999428e+01,  2.655440807343e+00,  2.354627986400e+01,  3.616974651814e-01
  1.806599999964e+01,  2.645358562469e+00,  2.355636210888e+01,  3.600411713123e-01
  1.807649999857e+01,  2.634906291962e+00,  2.356681437938e+01,  3.581161797047e-01
  1.808699999750e+01,  2.624574184418e+00,  2.357714648693e+01,  3.554323017597e-01
  1.809749999642e+01,  2.614326000214e+00,  2.358739467113e+01,  3.503263294697e-01
  1.810799999535e+01,  2.603957653046e+00,  2.359776301830e+01,  3.475520908833e-01
  1.811800000072e+01,  2.593955516815e+00,  2.360776515453e+01,  3.448531925678e-01
  1.812799999118e+01,  2.583861827850e+00,  2.361785884350e+01,  3.430160880089e-01
  1.813799999654e+01,  2.573760509491e+00,  2.362796016186e+01,  3.421288132668e-01
  1.814849999547e+01,  2.563296794891e+00,  2.363842387646e+01,  3.407244086266e-01
  1.815899999440e+01,  2.553039073944e+00,  2.364868159740e+01,  3.375338912010e-01
  1.816949999332e+01,  2.542823314667e+00,  2.365889735668e+01,  3.348149657249e-01
  1.817999999225e+01,  2.532495021820e+00,  2.366922564953e+01,  3.323518633842e-01
  1.818999999762e+01,  2.522426843643e+00,  2.367929382770e+01,  3.301974833012e-01
  1.819999998808e+01,  2.512127161026e+00,  2.368959351032e+01,  3.287160694599e-01
  1.820999999344e+01,  2.501774072647e+00,  2.369994659870e+01,  3.286988139153e-01
  1.821999999881e+01,  2.491611719131e+00,  2.371010895222e+01,  3.275225758553e-01
  1.823049999774e+01,  2.481231927872e+00,  2.372048874347e+01,  3.259917497635e-01
  1.824099999666e+01,  2.471115350723e+00,  2.373060532062e+01,  3.225380182266e-01
  1.825149999559e+01,  2.461073160172e+00,  2.374064751117e+01,  3.186842203140e-01
  1.826199999452e+01,  2.450779199600e+00,  2.375094147175e+01,  3.159182369709e-01
  1.827199999988e+01,  2.440647363663e+00,  2.376107330768e+01,  3.163026869297e-01
  1.828199999034e+01,  2.430385828018e+00,  2.377133484333e+01,  3.152982890606e-01
  1.829199999571e+01,  2.420189142227e+00,  2.378153152912e+01,  3.138406574726e-01
  1.830199998617e+01,  2.410110712051e+00,  2.379160995930e+01,  3.117757141590e-01
  1.831250000000e+01,  2.399692773819e+00,  2.380202789753e+01,  3.080687820911e-01
  1.832299999893e+01,  2.389339685440e+00,  2.381238098591e+01,  3.042712509632e-01
  1.833349999785e+01,  2.378959894180e+00,  2.382276077717e+01,  3.018651306629e-01
  1.834399999678e+01,  2.368519067764e+00,  2.383320160358e+01,  3.006282150745e-01
  1.835449999571e+01,  2.358059167862e+00,  2.384366150348e+01,  2.995730042458e-01
  1.836499999464e+01,  2.347568750381e+00,  2.385415192097e+01,  2.973237633705e-01
  1.837500000000e+01,  2.337444543839e+00,  2.386427612751e+01,  2.956303954124e-01
  1.838499999046e+01,  2.327221155167e+00,  2.387449951618e+01,  2.947244346142e-01
  1.839499999583e+01,  2.317058801651e+00,  2.388466186970e+01,  2.933382093906e-01
  1.840499998629e+01,  2.307052850723e+00,  2.389466782062e+01,  2.918552458286e-01
  1.841550000012e+01,  2.296766519547e+00,  2.390495415180e+01,  2.892822325230e-01
  1.842599999905e+01,  2.286586999893e+00,  2.391513367145e+01,  2.862929403782e-01
  1.843649999797e+01,  2.276270151138e+00,  2.392545052021e+01,  2.829703092575e-01
  1.844649998844e+01,  2.266201972961e+00,  2.393551869839e+01,  2.829997837543e-01
  1.845649999380e+01,  2.256043434143e+00,  2.394567723720e+01,  2.819102108479e-01
  1.846649999917e+01,  2.245942115784e+00,  2.395577855556e+01,  2.814325988293e-01
  1.847699999809e+01,  2.235571861267e+00,  2.396614881008e+01,  2.799979746342e-01
  1.848749999702e+01,  2.225373268127e+00,  2.397634740322e+01,  2.764712870121e-01
  1.849799999595e+01,  2.215130805969e+00,  2.398658986538e+01,  2.733112871647e-01
  1.850849999487e+01,  2.204682350159e+00,  2.399703832119e+01,  2.706023752689e-01
  1.851850000024e+01,  2.194619178772e+00,  2.400710149257e+01,  2.689144909382e-01
  1.852849999070e+01,  2.184510231018e+00,  2.401721044033e+01,  2.673960626125e-01
  1.853849999607e+01,  2.174435615540e+00,  2.402728505581e+01,  2.669243216515e-01
  1.854899999499e+01,  2.163987159729e+00,  2.403773351162e+01,  2.655604481697e-01
  1.855949999392e+01,  2.153626441956e+00,  2.404809422939e+01,  2.646009325981e-01
  1.856999999285e+01,  2.143322944641e+00,  2.405839772671e+01,  2.637223303318e-01
  1.858049999177e+01,  2.133105278015e+00,  2.406861539333e+01,  2.610599994659e-01
  1.859099999070e+01,  2.122893333435e+00,  2.407882733791e+01,  2.565186023712e-01
  1.860149998963e+01,  2.112406730652e+00,  2.408931394069e+01,  2.534492015839e-01
  1.861149999499e+01,  2.102149009705e+00,  2.409957166164e+01,  2.517987787724e-01
  1.862150000036e+01,  2.091765403748e+00,  2.410995526760e+01,  2.501946091652e-01
  1.863149999082e+01,  2.081450462341e+00,  2.412027020901e+01,  2.503744959831e-01
  1.864149999619e+01,  2.071394920349e+00,  2.413032575100e+01,  2.486645579338e-01
  1.865199999511e+01,  2.061133384705e+00,  2.414058728664e+01,  2.445890307426e-01
  1.866249999404e+01,  2.050860404968e+00,  2.415086026638e+01,  2.405187487602e-01
  1.867249999940e+01,  2.040789604187e+00,  2.416093106716e+01,  2.377614378929e-01
  1.868249998987e+01,  2.030459403992e+00,  2.417126126735e+01,  2.361234575510e-01
  1.869249999523e+01,  2.020132064819e+00,  2.418158860653e+01,  2.359277456999e-01
  1.870250000060e+01,  2.010023117065e+00,  2.419169755428e+01,  2.347238659859e-01
  1.871299999952e+01,  1.999631881714e+00,  2.420208878963e+01,  2.312238812447e-01
  1.872349999845e+01,  1.989305496216e+00,  2.421241517513e+01,  2.292300462723e-01
  1.873399999738e+01,  1.978994369507e+00,  2.422272630184e+01,  2.275029420853e-01
  1.874449999630e+01,  1.968568801880e+00,  2.423315186947e+01,  2.252924740314e-01
  1.875449998677e+01,  1.958543777466e+00,  2.424317689388e+01,  2.254442870617e-01
  1.876500000060e+01,  1.948141098022e+00,  2.425357957332e+01,  2.243205010891e-01
  1.877549999952e+01,  1.937818527222e+00,  2.426390214412e+01,  2.202874124050e-01
  1.878599999845e+01,  1.927362442017e+00,  2.427435822933e+01,  2.173887491226e-01
  1.879599998891e+01,  1.917268753052e+00,  2.428445191829e+01,  2.168430984020e-01
  1.880599999428e+01,  1.907201766968e+00,  2.429451890438e+01,  2.151949107647e-01
  1.881599999964e+01,  1.897192001343e+00,  2.430452867000e+01,  2.129642665386e-01
  1.882649999857e+01,  1.886713027954e+00,  2.431500764339e+01,  2.108642756939e-01
  1.883649998903e+01,  1.876699447632e+00,  2.432502122371e+01,  2.089502513409e-01
  1.884649999440e+01,  1.866586685181e+00,  2.433513398617e+01,  2.068297713995e-01
  1.885649999976e+01,  1.856409072876e+00,  2.434531159847e+01,  2.052931636572e-01
  1.886649999022e+01,  1.846380233765e+00,  2.435534043758e+01,  2.055396288633e-01
  1.887699998915e+01,  1.836172103882e+00,  2.436554856746e+01,  2.023872584105e-01
  1.888749998808e+01,  1.826166152954e+00,  2.437555451839e+01,  1.987182348967e-01
  1.889799998701e+01,  1.816106796265e+00,  2.438561387508e+01,  1.943780630827e-01
  1.890849998593e+01,  1.805683135986e+00,  2.439603753536e+01,  1.933033019304e-01
  1.891849999130e+01,  1.795490264893e+00,  2.440623040645e+01,  1.939238458872e-01
  1.892849999666e+01,  1.785251617432e+00,  2.441646905391e+01,  1.933770626783e-01
  1.893850000203e+01,  1.775133967400e+00,  2.442658670395e+01,  1.912391930819e-01
  1.894899998605e+01,  1.764639735222e+00,  2.443708093612e+01,  1.888206750154e-01
  1.895949999988e+01,  1.754164576530e+00,  2.444755609482e+01,  1.860073357821e-01
  1.896949999034e+01,  1.744116663933e+00,  2.445760400741e+01,  1.852193474770e-01
  1.897949999571e+01,  1.734080195427e+00,  2.446764047592e+01,  1.840958744287e-01
  1.898949998617e+01,  1.724051356316e+00,  2.447766931503e+01,  1.837128847837e-01
  1.900000000000e+01,  1.713633418083e+00,  2.448808725326e+01,  1.818074434996e-01
  1.901049999893e+01,  1.703337550163e+00,  2.449838312118e+01,  1.780118197203e-01
  1.902099999785e+01,  1.692988276482e+00,  2.450873239486e+01,  1.745151728392e-01
  1.903149999678e+01,  1.682528376579e+00,  2.451919229477e+01,  1.726706027985e-01
  1.904149998724e+01,  1.672476649284e+00,  2.452924402206e+01,  1.712802946568e-01
  1.905149999261e+01,  1.662417292595e+00,  2.453930337875e+01,  1.701817214489e-01
  1.906149999797e+01,  1.652415156364e+00,  2.454930551498e+01,  1.689823269844e-01
  1.907149998844e+01,  1.642390131950e+00,  2.455933053940e+01,  1.660204529762e-01
  1.908149999380e+01,  1.632239222527e+00,  2.456948144882e+01,  1.641685962677e-01
  1.909149999917e+01,  1.622046351433e+00,  2.457967431991e+01,  1.630827188492e-01
  1.910149998963e+01,  1.611945033073e+00,  2.458977563827e+01,  1.618807315826e-01
  1.911199998856e+01,  1.601500391960e+00,  2.460022027939e+01,  1.581885814667e-01
  1.912249998748e+01,  1.591130137444e+00,  2.461059053390e+01,  1.554009914398e-01
  1.913299998641e+01,  1.580670237541e+00,  2.462105043381e+01,  1.544357091188e-01
  1.914299999177e+01,  1.570622324944e+00,  2.463109834640e+01,  1.530702561140e-01
  1.915299999714e+01,  1.560551524162e+00,  2.464116914718e+01,  1.513832062483e-01
  1.916299998760e+01,  1.550541758537e+00,  2.465117891281e+01,  1.505924016237e-01
  1.917349998653e+01,  1.540120005608e+00,  2.466160066574e+01,  1.486409455538e-01
  1.918400000036e+01,  1.529740214348e+00,  2.467198045700e+01,  1.447137147188e-01
  1.919449999928e+01,  1.519250035286e+00,  2.468247063606e+01,  1.426833570004e-01
  1.920449998975e+01,  1.509179234505e+00,  2.469254143684e+01,  1.415740549564e-01
  1.921449999511e+01,  1.499074101448e+00,  2.470264656990e+01,  1.409377455711e-01
  1.922499999404e+01,  1.488618016243e+00,  2.471310265510e+01,  1.392988562584e-01
  1.923549999297e+01,  1.478356480598e+00,  2.472336419075e+01,  1.361679434776e-01
  1.924599999189e+01,  1.468102574348e+00,  2.473361809700e+01,  1.303076148033e-01
  1.925599999726e+01,  1.458031773567e+00,  2.474368889778e+01,  1.288590133190e-01
  1.926599998772e+01,  1.447678685188e+00,  2.475404198616e+01,  1.278779804707e-01
  1.927599999309e+01,  1.437207341194e+00,  2.476451333015e+01,  1.284046173096e-01
  1.928599999845e+01,  1.426903843880e+00,  2.477481682747e+01,  1.281458437443e-01
  1.929649999738e+01,  1.416497349739e+00,  2.478522332161e+01,  1.274012625217e-01
  1.930699999630e+01,  1.406453251839e+00,  2.479526741951e+01,  1.224726736546e-01
  1.931749999523e+01,  1.396361470222e+00,  2.480535920112e+01,  1.179203093052e-01
  1.932799999416e+01,  1.385867238045e+00,  2.481585343330e+01,  1.154421865940e-01
  1.933799999952e+01,  1.375483632088e+00,  2.482623703926e+01,  1.161812245846e-01
  1.934749999642e+01,  1.365462422371e+00,  2.483625824898e+01,  1.167222559452e-01
  1.935749998689e+01,  1.355002522469e+00,  2.484671814888e+01,  1.155765205622e-01
  1.936749999225e+01,  1.344851613045e+00,  2.485686905830e+01,  1.136598736048e-01
  1.937799999118e+01,  1.334456562996e+00,  2.486726410835e+01,  1.098289638758e-01
  1.938849999011e+01,  1.324137806892e+00,  2.487758286445e+01,  1.066239029169e-01
  1.939899998903e+01,  1.313815236092e+00,  2.488790543525e+01,  1.047473102808e-01
  1.940949998796e+01,  1.303404927254e+00,  2.489831574409e+01,  1.034314781427e-01
  1.941999998689e+01,  1.292941212654e+00,  2.490877945869e+01,  1.034094244242e-01
  1.943050000072e+01,  1.282584309578e+00,  2.491913636177e+01,  1.004148870707e-01
  1.944099999964e+01,  1.272265434265e+00,  2.492945523708e+01,  9.644892811775e-02
  1.945149999857e+01,  1.261816978455e+00,  2.493990369289e+01,  9.479871392250e-02
  1.946149998903e+01,  1.251746177673e+00,  2.494997449367e+01,  9.328244626522e-02
  1.947149999440e+01,  1.241690635681e+00,  2.496003003567e+01,  9.217564761639e-02
  1.948149999976e+01,  1.231646537781e+00,  2.497007413357e+01,  9.247913211584e-02
  1.949149999022e+01,  1.221602439880e+00,  2.498011823147e+01,  9.197696298361e-02
  1.950199998915e+01,  1.211131095886e+00,  2.499058957546e+01,  9.047368913889e-02
  1.951249998808e+01,  1.200736045837e+00,  2.500098462551e+01,  8.821252733469e-02
  1.952299998701e+01,  1.190337181091e+00,  2.501138349026e+01,  8.569911867380e-02
  1.953349998593e+01,  1.179911613464e+00,  2.502180905788e+01,  8.278612047434e-02
  1.954349999130e+01,  1.169909477234e+00,  2.503181119411e+01,  8.050445467234e-02
  1.955349999666e+01,  1.159796714783e+00,  2.504192395656e+01,  8.023528754711e-02
  1.956349998713e+01,  1.149695396423e+00,  2.505202527492e+01,  7.901827991009e-02
  1.957349999249e+01,  1.139624595642e+00,  2.506209607570e+01,  7.704918086529e-02
  1.958349999785e+01,  1.129607200623e+00,  2.507211347072e+01,  7.608966529369e-02
  1.959399999678e+01,  1.119235038757e+00,  2.508248563259e+01,  7.328538596630e-02
  1.960449999571e+01,  1.108885765076e+00,  2.509283490627e+01,  6.898622214794e-02
  1.961449998617e+01,  1.098853111267e+00,  2.510286756008e+01,  6.739862263203e-02
  1.962449999154e+01,  1.088622093201e+00,  2.511309857815e+01,  6.650446355343e-02
  1.963449999690e+01,  1.078330039978e+00,  2.512339063137e+01,  6.530754268169e-02
  1.964449998736e+01,  1.068129539490e+00,  2.513359113186e+01,  6.506627798080e-02
  1.965449999273e+01,  1.058108329773e+00,  2.514361234157e+01,  6.293457746506e-02
  1.966499999166e+01,  1.047739982605e+00,  2.515398068874e+01,  6.068247556686e-02
  1.967549999058e+01,  1.037367820740e+00,  2.516435285061e+01,  5.783027410507e-02
  1.968549999595e+01,  1.027319908142e+00,  2.517440076320e+01,  5.548328161240e-02
  1.969549998641e+01,  1.017082452774e+00,  2.518463821857e+01,  5.449401587248e-02
  1.970549999177e+01,  1.006817102432e+00,  2.519490356891e+01,  5.381491780281e-02
  1.971549999714e+01,  9.966700673103e-01,  2.520505060404e+01,  5.008891224861e-02
  1.972549998760e+01,  9.865649342537e-01,  2.521515573709e+01,  4.837754368782e-02
  1.973549999297e+01,  9.764979481697e-01,  2.522522272318e+01,  4.751828312874e-02
  1.974549999833e+01,  9.664767384529e-01,  2.523524393289e+01,  4.640325903893e-02
  1.975599999726e+01,  9.559825062752e-01,  2.524573816507e+01,  4.528141394258e-02
  1.976649999619e+01,  9.455035328865e-01,  2.525621713846e+01,  4.479611292481e-02
  1.977699999511e+01,  9.351161122322e-01,  2.526660455911e+01,  4.245770350099e-02
  1.978749999404e+01,  9.247096180916e-01,  2.527701105325e+01,  3.830063715577e-02
  1.979749999940e+01,  9.146426320076e-01,  2.528707803934e+01,  3.575835004449e-02
  1.980749998987e+01,  9.045031666756e-01,  2.529721750467e+01,  3.352597728372e-02
  1.981749999523e+01,  8.943560719490e-01,  2.530736459940e+01,  3.248337283731e-02
  1.982750000060e+01,  8.842814564705e-01,  2.531743921488e+01,  3.082707710564e-02
  1.983799999952e+01,  8.739092946053e-01,  2.532781137674e+01,  2.930882759392e-02
  1.984849999845e+01,  8.636897206306e-01,  2.533803095072e+01,  2.671083994210e-02
  1.985899999738e+01,  8.533766865730e-01,  2.534834398477e+01,  2.525741048157e-02
  1.986949999630e+01,  8.428977131844e-01,  2.535882295816e+01,  2.331143803895e-02
  1.987949998677e+01,  8.326628804207e-01,  2.536905779093e+01,  2.342173643410e-02
  1.988949999213e+01,  8.222869038582e-01,  2.537943376749e+01,  2.378265745938e-02
  1.989949999750e+01,  8.120215535164e-01,  2.538969911783e+01,  2.320106513798e-02
  1.990949998796e+01,  8.020117878914e-01,  2.539970888346e+01,  2.121801860631e-02
  1.991999998689e+01,  7.917178273201e-01,  2.541000284403e+01,  1.782007701695e-02
  1.993050000072e+01,  7.814772725105e-01,  2.542024339884e+01,  1.392908673733e-02
  1.994099999964e+01,  7.710763812065e-01,  2.543064429014e+01,  1.070754416287e-02
  1.995099999011e+01,  7.609407305717e-01,  2.544077994077e+01,  1.024325378239e-02
  1.996099999547e+01,  7.506715655327e-01,  2.545104910581e+01,  1.016856916249e-02
  1.997099998593e+01,  7.404825091362e-01,  2.546123816221e+01,  1.040909625590e-02
  1.998149999976e+01,  7.300226092339e-01,  2.547169806211e+01,  8.267620578408e-03
  1.999199999869e+01,  7.197515368462e-01,  2.548196913450e+01,  4.279831424356e-03
  2.000249999762e+01,  7.093870043755e-01,  2.549233366697e+01,  1.687148585916e-03
  2.001249998808e+01,  6.992971301079e-01,  2.550242354124e+01,  6.231759325601e-04
  2.002249999344e+01,  6.890775561333e-01,  2.551264311521e+01,  9.701345697977e-04
  2.003249999881e+01,  6.788732409477e-01,  2.552284743040e+01,  1.427004113793e-03
  2.004249998927e+01,  6.687566637993e-01,  2.553296400755e+01,  7.053707377054e-04
  2.005299998820e+01,  6.583425402641e-01,  2.554337813108e+01, -9.548570378684e-04
  2.006349998713e+01,  6.480867266655e-01,  2.555363394468e+01, -4.357090219855e-03
  2.007399998605e+01,  6.378347277641e-01,  2.556388594358e+01, -8.049717172980e-03
  2.008449999988e+01,  6.274015307426e-01,  2.557431914060e+01, -1.163839362562e-02
  2.009449999034e+01,  6.172506213188e-01,  2.558447005003e+01, -1.200146041811e-02
  2.010449999571e+01,  6.070348620415e-01,  2.559468580931e+01, -1.285532675683e-02
  2.011449998617e+01,  5.969335436821e-01,  2.560478712766e+01, -1.353910379112e-02
  2.012500000000e+01,  5.865117907524e-01,  2.561520888059e+01, -1.448777131736e-02
  2.013549999893e+01,  5.763437151909e-01,  2.562537695616e+01, -1.613351516426e-02
  2.014599999785e+01,  5.663263201714e-01,  2.563539435118e+01, -1.980754546821e-02
  2.015649999678e+01,  5.561563372612e-01,  2.564556433409e+01, -2.257057838142e-02
  2.016699999571e+01,  5.457155108452e-01,  2.565600516050e+01, -2.277855388820e-02
  2.017699998617e+01,  5.356065630913e-01,  2.566611410826e+01, -2.282522059977e-02
  2.018699999154e+01,  5.255128741264e-01,  2.567620779722e+01, -2.340559102595e-02
  2.019749999046e+01,  5.150344371796e-01,  2.568668623417e+01, -2.456337586045e-02
  2.020799998939e+01,  5.046775341034e-01,  2.569704313724e+01, -2.814823761582e-02
  2.021849998832e+01,  4.942710697651e-01,  2.570744960158e+01, -3.241163864732e-02
  2.022849999368e+01,  4.842307865620e-01,  2.571748988478e+01, -3.349709883332e-02
  2.023849999905e+01,  4.741370975971e-01,  2.572758357375e+01, -3.442511335015e-02
  2.024849998951e+01,  4.640968143940e-01,  2.573762385695e+01, -3.600463643670e-02
  2.025899998844e+01,  4.536178410053e-01,  2.574810283034e+01, -3.708276525140e-02
  2.026949998736e+01,  4.431579411030e-01,  2.575856273024e+01, -3.929576650262e-02
  2.027949999273e+01,  4.331023991108e-01,  2.576861827224e+01, -4.148063436151e-02
  2.028949999809e+01,  4.229743778706e-01,  2.577874629348e+01, -4.219773784280e-02
  2.029949998856e+01,  4.128845036030e-01,  2.578883616774e+01, -4.265209287405e-02
  2.030999998748e+01,  4.024093449116e-01,  2.579931132643e+01, -4.395397752523e-02
  2.032049998641e+01,  3.921153843403e-01,  2.580960528701e+01, -4.593687504530e-02
  2.033100000024e+01,  3.818939030170e-01,  2.581982676833e+01, -4.860048741102e-02
  2.034149999917e+01,  3.714607059956e-01,  2.583025996535e+01, -5.090828984976e-02
  2.035149998963e+01,  3.613059818745e-01,  2.584041468947e+01, -5.212231725454e-02
  2.036149999499e+01,  3.511169254780e-01,  2.585060374587e+01, -5.234950035810e-02
  2.037150000036e+01,  3.410232365131e-01,  2.586069743483e+01, -5.418389290571e-02
  2.038149999082e+01,  3.310211002827e-01,  2.587069957106e+01, -5.570631474257e-02
  2.039199998975e+01,  3.206146061420e-01,  2.588110606520e+01, -5.759178847075e-02
  2.040249998868e+01,  3.103206455708e-01,  2.589140002578e+01, -5.984865874052e-02
  2.041299998760e+01,  3.000743687153e-01,  2.590164630263e+01, -6.290470808744e-02
  2.042349998653e+01,  2.897403538227e-01,  2.591198031752e+01, -6.474816054106e-02
  2.043400000036e+01,  2.793567478657e-01,  2.592236392348e+01, -6.649278849363e-02
  2.044399999082e+01,  2.693243920803e-01,  2.593239627927e+01, -6.662793457508e-02
  2.045399999619e+01,  2.591162621975e-01,  2.594260440915e+01, -6.623081862926e-02
  2.046399998665e+01,  2.489119470119e-01,  2.595280872433e+01, -6.605102121830e-02
  2.047399999201e+01,  2.388983666897e-01,  2.596282230466e+01, -6.670156866312e-02
  2.048449999094e+01,  2.286139428616e-01,  2.597310672848e+01, -6.926123052835e-02
  2.049499998987e+01,  2.184954583645e-01,  2.598322521298e+01, -7.361952215433e-02
  2.050549998879e+01,  2.082930505276e-01,  2.599342762082e+01, -7.628790289164e-02
  2.051599998772e+01,  1.978293359280e-01,  2.600389133542e+01, -7.704129070044e-02
  2.052599999309e+01,  1.877013146877e-01,  2.601401935666e+01, -7.779570668936e-02
  2.053599999845e+01,  1.775351464748e-01,  2.602418552487e+01, -7.792874425650e-02
  2.054599998891e+01,  1.675291955471e-01,  2.603419147580e+01, -7.876781374216e-02
  2.055649998784e+01,  1.572390496731e-01,  2.604448162167e+01, -8.161024004221e-02
  2.056699998677e+01,  1.469889581203e-01,  2.605473171323e+01, -8.580449968576e-02
  2.057750000060e+01,  1.365137994289e-01,  2.606520687192e+01, -8.887294679880e-02
  2.058749999106e+01,  1.261645257473e-01,  2.607555614560e+01, -8.698696643114e-02
  2.059749999642e+01,  1.158305034041e-01,  2.608589016794e+01, -8.654570579529e-02
  2.060749998689e+01,  1.057825908065e-01,  2.609593808054e+01, -8.787250518799e-02
  2.061800000072e+01,  9.553822129965e-02,  2.610618245005e+01, -8.916786313057e-02
  2.062849999964e+01,  8.545216172934e-02,  2.611626850962e+01, -9.280851483345e-02
  2.063899999857e+01,  7.516392320395e-02,  2.612655674814e+01, -9.808614850044e-02
  2.064899998903e+01,  6.487568467855e-02,  2.613684498667e+01, -9.823089838028e-02
  2.065899999440e+01,  5.437382310629e-02,  2.614734684824e+01, -9.678012132645e-02
  2.066899999976e+01,  4.407414048910e-02,  2.615764653086e+01, -9.493309259415e-02
  2.067949999869e+01,  3.399189561605e-02,  2.616772877573e+01, -9.228760004044e-02
  2.069200000167e+01,  2.379235066473e-02,  2.617792832068e+01, -9.277106076479e-02
  2.070799998939e+01,  1.367005053908e-02,  2.618805062081e+01, -9.396541863680e-02
  2.073299999535e+01,  3.628814127296e-03,  2.619809185722e+01, -9.539498388767e-02
  2.073999999464e+01,  1.968467142433e-03,  2.619975220420e+01, -9.607698023319e-02
  2.074099999666e+01,  1.766764908098e-03,  2.619995390644e+01, -9.636022150517e-02
  2.074899999797e+01,  4.068253620062e-04,  2.620131384598e+01, -9.882737696171e-02
  2.075199998915e+01, -1.347239390270e-06,  2.620172201859e+01, -9.965802729130e-02
  2.100399999321e+01, -2.412375295535e-03,  2.620413304664e+01, -1.010764539242e-01
  2.100499999523e+01, -2.404172206298e-03,  2.620412484355e+01, -1.010735183954e-01
