           Test time,     Standard travel,     Tool separation,      Standard force
                 0.0,                 0.0,  2.100323459824e+01, -8.327381685376e-03
                 0.0,                 0.0,  2.100323565622e+01, -8.222954347730e-03
                 0.0,                 0.0,  2.100325240513e+01, -7.904233410954e-03
                 0.0,                 0.0,  2.100325228592e+01, -8.065821602941e-03
                 0.0,                 0.0,  2.100325323959e+01, -8.074270561337e-03
                 0.0,                 0.0,  2.083847777504e+01, -8.897006511688e-03
  0.000000000000e+00,  0.000000000000e+00,  2.083848449910e+01, -8.430182933807e-03
  8.000000000038e-03,  6.626360118389e-06,  2.083847787274e+01, -8.040070533752e-03
  1.100000000019e-02,  1.185853034258e-05,  2.083847264057e+01, -7.922291755676e-03
  1.300000000015e-02,  1.190160401165e-05,  2.083847259750e+01, -7.839798927307e-03
  1.400000000012e-02,  1.091067679226e-05,  2.083847358843e+01, -7.807075977325e-03
  1.140000000000e-01,  1.889491977636e-05,  2.083846560418e+01, -6.551913917065e-03
  2.140000000002e-01, -2.510108424758e-05,  2.083850960019e+01, -5.830579902977e-03
  3.140000000001e-01, -1.802204792511e-06,  2.083848630131e+01, -6.623516324908e-03
  4.140000000002e-01,  1.526577034383e-05,  2.083846923333e+01, -8.725772611797e-03
  5.140000000001e-01,  8.561292663217e-03,  2.082992320644e+01, -3.528601722792e-03
  5.355000000002e-01,  1.864067651331e-02,  2.081984382259e+01,  1.651000231504e-02
  5.465000000002e-01,  2.921692468226e-02,  2.080926757442e+01,  2.425526827574e-02
  5.545000000002e-01,  3.952804952860e-02,  2.079895644957e+01,  1.831578463316e-02
  5.615000000000e-01,  4.954544454813e-02,  2.078893905456e+01,  1.868573576212e-02
  5.685000000001e-01,  6.016174703836e-02,  2.077832275206e+01,  1.967570930719e-02
  5.750000000000e-01,  7.035843282938e-02,  2.076812606627e+01,  2.149722725153e-02
  5.815000000000e-01,  8.057037740946e-02,  2.075791412169e+01,  2.059190720320e-02
  5.885000000001e-01,  9.115997701883e-02,  2.074732452208e+01,  2.408140152693e-02
  5.955000000001e-01,  1.012422218919e-01,  2.073724227721e+01,  4.567068070173e-02
  6.025000000002e-01,  1.119538918138e-01,  2.072653060729e+01,  6.048839539289e-02
  6.090000000002e-01,  1.226655617356e-01,  2.071581893737e+01,  5.728881806135e-02
  6.155000000001e-01,  1.334649771452e-01,  2.070501952196e+01,  5.730858445168e-02
  6.220000000001e-01,  1.438638418913e-01,  2.069462065721e+01,  6.131592392921e-02
  6.290000000001e-01,  1.543847769499e-01,  2.068409972215e+01,  6.691589951515e-02
  6.365000000001e-01,  1.648484915495e-01,  2.067363600755e+01,  7.093551754951e-02
  6.450000000002e-01,  1.751863211393e-01,  2.066329817796e+01,  6.347492337227e-02
  6.570000000002e-01,  1.852132529020e-01,  2.065327124620e+01,  8.717635273933e-02
  6.710000000000e-01,  1.954194754362e-01,  2.064306502367e+01,  1.235971748829e-01
  6.815000000001e-01,  2.058107107878e-01,  2.063267378832e+01,  1.264179199934e-01
  6.905000000002e-01,  2.159637510777e-01,  2.062252074803e+01,  1.286251246929e-01
  6.995000000002e-01,  2.263511717319e-01,  2.061213332737e+01,  1.317832171917e-01
  7.085000000002e-01,  2.364677488804e-01,  2.060201675022e+01,  1.366736590862e-01
  7.185000000002e-01,  2.468284666538e-01,  2.059165603245e+01,  1.352225244045e-01
  7.305000000001e-01,  2.571720182896e-01,  2.058131248081e+01,  1.602087914944e-01
  7.420000000002e-01,  2.675193846226e-01,  2.057096511448e+01,  1.743746697903e-01
  7.520000000002e-01,  2.776474058628e-01,  2.056083709324e+01,  1.832400262356e-01
  7.615000000001e-01,  2.878974974155e-01,  2.055058700169e+01,  1.883555352688e-01
  7.710000000002e-01,  2.981971800327e-01,  2.054028731907e+01,  1.945029199123e-01
  7.810000000002e-01,  3.086265623569e-01,  2.052985793675e+01,  1.979185044765e-01
  7.920000000001e-01,  3.189014494419e-01,  2.051958304966e+01,  2.166334092617e-01
  8.030000000001e-01,  3.290847837925e-01,  2.050939971531e+01,  2.310949265957e-01
  8.135000000002e-01,  3.393405973911e-01,  2.049914390171e+01,  2.452665269375e-01
  8.235000000002e-01,  3.496555387974e-01,  2.048882896031e+01,  2.557130753994e-01
  8.335000000002e-01,  3.601574003696e-01,  2.047832709873e+01,  2.661348283291e-01
  8.435000000002e-01,  3.704303801060e-01,  2.046805411900e+01,  2.733159959316e-01
  8.540000000000e-01,  3.805927336216e-01,  2.045789176548e+01,  2.891794145107e-01
  8.650000000000e-01,  3.910297453403e-01,  2.044745475376e+01,  3.037630021572e-01
  8.755000000001e-01,  4.013294279575e-01,  2.043715507115e+01,  3.176713883877e-01
  8.855000000001e-01,  4.115604460239e-01,  2.042692405308e+01,  3.283811509609e-01
  8.955000000001e-01,  4.219783842564e-01,  2.041650611485e+01,  3.396573960781e-01
  9.055000000001e-01,  4.322437345982e-01,  2.040624076451e+01,  3.505540788174e-01
  9.160000000002e-01,  4.426693022251e-01,  2.039581519688e+01,  3.620725572109e-01
  9.265000000000e-01,  4.526752531528e-01,  2.038580924595e+01,  3.754430711269e-01
  9.375000000000e-01,  4.631313085556e-01,  2.037535319055e+01,  3.910232186317e-01
  9.480000000001e-01,  4.734596014023e-01,  2.036502489770e+01,  4.035163521767e-01
  9.580000000001e-01,  4.836601018906e-01,  2.035482439721e+01,  4.148803353310e-01
  9.680000000001e-01,  4.940093755722e-01,  2.034447512353e+01,  4.277625679970e-01
  9.780000000001e-01,  5.043624639511e-01,  2.033412203515e+01,  4.403472542763e-01
  9.880000000001e-01,  5.144790410995e-01,  2.032400545800e+01,  4.523044228554e-01
  9.985000000001e-01,  5.248264074326e-01,  2.031365809167e+01,  4.678645730019e-01
  1.009000000000e+00,  5.350726842880e-01,  2.030341181482e+01,  4.843402504921e-01
  1.019500000000e+00,  5.454601049423e-01,  2.029302439416e+01,  5.004268288612e-01
  1.029500000000e+00,  5.556529760361e-01,  2.028283152307e+01,  5.135036110878e-01
  1.039500000000e+00,  5.660060644150e-01,  2.027247843469e+01,  5.260539650917e-01
  1.049500000000e+00,  5.762714147568e-01,  2.026221308435e+01,  5.392833352089e-01
  1.059500000000e+00,  5.863651037216e-01,  2.025211939538e+01,  5.533595681190e-01
  1.070000000000e+00,  5.967754125595e-01,  2.024170908654e+01,  5.684466958046e-01
  1.080500000000e+00,  6.070502996445e-01,  2.023143419946e+01,  5.861583352089e-01
  1.091000000000e+00,  6.174415349960e-01,  2.022104296411e+01,  6.021266579628e-01
  1.101000000000e+00,  6.274780035019e-01,  2.021100649560e+01,  6.152873635292e-01
  1.111000000000e+00,  6.374915838242e-01,  2.020099291528e+01,  6.282382607460e-01
  1.121500000000e+00,  6.479057073593e-01,  2.019057879174e+01,  6.432681679726e-01
  1.132000000000e+00,  6.582206487656e-01,  2.018026385034e+01,  6.592708230019e-01
  1.142500000000e+00,  6.685165166855e-01,  2.016996798242e+01,  6.761394143105e-01
  1.153000000000e+00,  6.788924932480e-01,  2.015959200586e+01,  6.933704018593e-01
  1.163500000000e+00,  6.893867254257e-01,  2.014909777368e+01,  7.105556130409e-01
  1.173500000000e+00,  6.994498968124e-01,  2.013903460229e+01,  7.254443764687e-01
  1.183500000000e+00,  7.094901800156e-01,  2.012899431909e+01,  7.404933571815e-01
  1.193500000000e+00,  7.194939851761e-01,  2.011899051393e+01,  7.554819583893e-01
  1.203500000000e+00,  7.295304536819e-01,  2.010895404542e+01,  7.704355716705e-01
  1.213500000000e+00,  7.395898103714e-01,  2.009889468873e+01,  7.860109806061e-01
  1.223500000000e+00,  7.496377229691e-01,  2.008884677613e+01,  8.013498783112e-01
  1.234000000000e+00,  7.601128816605e-01,  2.007837161744e+01,  8.178102970123e-01
  1.244500000000e+00,  7.705308198929e-01,  2.006795367921e+01,  8.352053165436e-01
  1.255000000000e+00,  7.809983491898e-01,  2.005748614991e+01,  8.526995182037e-01
  1.265000000000e+00,  7.910882234573e-01,  2.004739627565e+01,  8.680002689362e-01
  1.275000000000e+00,  8.011819124222e-01,  2.003730258668e+01,  8.832437992096e-01
  1.285000000000e+00,  8.112298250198e-01,  2.002725467408e+01,  9.001543521881e-01
  1.295000000000e+00,  8.212510347366e-01,  2.001723346437e+01,  9.184229373932e-01
  1.305000000000e+00,  8.312836885452e-01,  2.000720081056e+01,  9.355394840240e-01
  1.315000000000e+00,  8.413239717484e-01,  1.999716052735e+01,  9.530870914459e-01
  1.325000000000e+00,  8.513833284378e-01,  1.998710117067e+01,  9.699137210846e-01
  1.335000000000e+00,  8.615113496780e-01,  1.997697314943e+01,  9.862444400787e-01
  1.345000000000e+00,  8.716660737991e-01,  1.996681842530e+01,  1.002056360245e+00
  1.355000000000e+00,  8.817292451859e-01,  1.995675525392e+01,  1.019035577774e+00
  1.365000000000e+00,  8.917351961136e-01,  1.994674930299e+01,  1.036724328995e+00
  1.375000000000e+00,  9.018632173538e-01,  1.993662128175e+01,  1.054863214493e+00
  1.385000000000e+00,  9.120560884476e-01,  1.992642841066e+01,  1.071316003799e+00
  1.395000000000e+00,  9.222260713577e-01,  1.991625842775e+01,  1.087608575821e+00
  1.405000000000e+00,  9.322968721390e-01,  1.990618762696e+01,  1.104053735733e+00
  1.415500000000e+00,  9.427453279495e-01,  1.989573917115e+01,  1.121948480606e+00
  1.426000000000e+00,  9.530793428421e-01,  1.988540515626e+01,  1.137970209122e+00
  1.436500000000e+00,  9.632452726364e-01,  1.987523922647e+01,  1.153469443321e+00
  1.447500000000e+00,  9.733465909958e-01,  1.986513790811e+01,  1.168209433556e+00
  1.460000000000e+00,  9.834460020065e-01,  1.985503849710e+01,  1.181211829185e+00
  1.477000000000e+00,  9.935158491135e-01,  1.984496864999e+01,  1.196592688560e+00
  1.487000000000e+00,  9.972237348557e-01,  1.984126076425e+01,  1.204544425011e+00
  1.587000000000e+00,  1.003408074379e+00,  1.983507642472e+01,  1.208691716194e+00
  1.687000000000e+00,  1.002723932266e+00,  1.983576056684e+01,  1.195322513580e+00
  1.787000000000e+00,  1.001960873604e+00,  1.983652362550e+01,  1.186946511269e+00
  1.887000000000e+00,  1.001330137253e+00,  1.983715436185e+01,  1.178298950195e+00
  1.987000000000e+00,  1.000873088837e+00,  1.983761141027e+01,  1.174794077873e+00
  2.087000000000e+00,  1.000521540642e+00,  1.983796295846e+01,  1.170605778694e+00
  2.187000000000e+00,  1.000302910805e+00,  1.983818158830e+01,  1.163724780083e+00
  2.287000000000e+00,  1.000186562538e+00,  1.983829793657e+01,  1.160684943199e+00
  2.387000000000e+00,  1.000094532967e+00,  1.983838996614e+01,  1.157080173492e+00
  2.487000000000e+00,  1.000044941902e+00,  1.983843955720e+01,  1.156695842743e+00
  2.587000000000e+00,  1.000036120415e+00,  1.983844837869e+01,  1.150216221809e+00
  2.687000000000e+00,  1.000000238419e+00,  1.983848426068e+01,  1.150512099266e+00
  2.787000000000e+00,  1.000006675720e+00,  1.983847782338e+01,  1.146500706673e+00
  2.887000000000e+00,  9.999694228172e-01,  1.983851507629e+01,  1.140809416771e+00
  2.987000000000e+00,  9.999902248383e-01,  1.983849427427e+01,  1.141642689705e+00
  3.087000000000e+00,  1.000005364418e+00,  1.983847913469e+01,  1.137569427490e+00
  3.187000000000e+00,  1.000010848045e+00,  1.983847365106e+01,  1.137519836426e+00
  3.287000000000e+00,  1.000026941299e+00,  1.983845755780e+01,  1.133608937263e+00
  3.387000000000e+00,  1.000022411346e+00,  1.983846208776e+01,  1.131569027901e+00
  3.487000000000e+00,  1.000002741814e+00,  1.983848175729e+01,  1.131829500198e+00
  3.587000000000e+00,  1.000031352043e+00,  1.983845314706e+01,  1.129809498787e+00
  3.687000000000e+00,  1.000007390976e+00,  1.983847710813e+01,  1.127460956573e+00
  3.787000000000e+00,  9.999966025352e-01,  1.983848789657e+01,  1.124799728394e+00
  3.887000000000e+00,  1.000040650368e+00,  1.983844384874e+01,  1.123636364937e+00
  3.987000000000e+00,  1.000024557114e+00,  1.983845994199e+01,  1.126001119614e+00
  4.087000000000e+00,  1.000001192093e+00,  1.983848330701e+01,  1.122709512711e+00
  4.187000000000e+00,  9.999840259552e-01,  1.983850047315e+01,  1.120228767395e+00
  4.287000000000e+00,  9.999967217445e-01,  1.983848777736e+01,  1.117579698563e+00
  4.387000000000e+00,  9.999847412109e-01,  1.983849975789e+01,  1.118671894073e+00
  4.487000000000e+00,  1.000012278557e+00,  1.983847222055e+01,  1.116076827049e+00
  4.587000000000e+00,  1.000000834465e+00,  1.983848366464e+01,  1.115910649300e+00
  4.687000000000e+00,  9.999769330025e-01,  1.983850756610e+01,  1.116891264915e+00
  4.787000000000e+00,  9.999974966049e-01,  1.983848700250e+01,  1.112369537354e+00
  4.887000000000e+00,  1.000001192093e+00,  1.983848330701e+01,  1.112899184227e+00
  4.987000000000e+00,  1.000018239021e+00,  1.983846626008e+01,  1.109900236130e+00
  5.087000000000e+00,  1.000013828278e+00,  1.983847067083e+01,  1.113251566887e+00
  5.187000000000e+00,  1.000007390976e+00,  1.983847710813e+01,  1.109286069870e+00
  5.287000000000e+00,  1.000000476837e+00,  1.983848402227e+01,  1.107163667679e+00
  5.387000000000e+00,  1.000011086464e+00,  1.983847341264e+01,  1.104743123055e+00
  5.487000000000e+00,  1.000008344650e+00,  1.983847615445e+01,  1.107948541641e+00
  5.587000000000e+00,  1.000020146370e+00,  1.983846435273e+01,  1.103472352028e+00
  5.687000000000e+00,  1.000029563904e+00,  1.983845493520e+01,  1.103581547737e+00
  5.787000000000e+00,  1.000020146370e+00,  1.983846435273e+01,  1.104649901390e+00
  5.887000000000e+00,  1.000020384789e+00,  1.983846411431e+01,  1.099869847298e+00
  5.987000000000e+00,  9.999976158142e-01,  1.983848688329e+01,  1.105544686317e+00
  6.087000000000e+00,  9.999985694885e-01,  1.983848592961e+01,  1.098407268524e+00
  6.187000000000e+00,  1.000006675720e+00,  1.983847782338e+01,  1.100261926651e+00
  6.287000000000e+00,  1.000010490417e+00,  1.983847400869e+01,  1.099075913429e+00
  6.387000000000e+00,  1.000016450882e+00,  1.983846804822e+01,  1.095327973366e+00
  6.487000000000e+00,  9.999902248383e-01,  1.983849427427e+01,  1.096578955650e+00
  6.587000000000e+00,  9.999760389328e-01,  1.983850846017e+01,  1.095634341240e+00
  6.687000000000e+00,  9.999871850014e-01,  1.983849731410e+01,  1.094168305397e+00
  6.787000000000e+00,  9.999924898148e-01,  1.983849200929e+01,  1.096558809280e+00
  6.887000000000e+00,  1.000008702278e+00,  1.983847579683e+01,  1.090756654739e+00
  6.987000000000e+00,  1.000020861626e+00,  1.983846363748e+01,  1.092219114304e+00
  7.087000000000e+00,  1.000039577484e+00,  1.983844492162e+01,  1.087600827217e+00
  7.187000000000e+00,  1.000037908554e+00,  1.983844659055e+01,  1.092919349670e+00
  7.287000000000e+00,  1.000004410744e+00,  1.983848008836e+01,  1.087903499603e+00
  7.387000000000e+00,  1.000033140182e+00,  1.983845135892e+01,  1.090414643288e+00
  7.487000000000e+00,  1.000008106232e+00,  1.983847639287e+01,  1.088743805885e+00
  7.587000000000e+00,  1.000006914139e+00,  1.983847758496e+01,  1.089421749115e+00
  7.687000000000e+00,  1.000012993813e+00,  1.983847150529e+01,  1.086479902267e+00
  7.787000000000e+00,  1.000000238419e+00,  1.983848426068e+01,  1.086795449257e+00
  7.887000000000e+00,  9.999911785126e-01,  1.983849332059e+01,  1.086420655251e+00
  7.987000000000e+00,  9.999619126320e-01,  1.983852258647e+01,  1.085090875626e+00
  8.087000000000e+00,  1.000007152557e+00,  1.983847734655e+01,  1.086307764053e+00
  8.187000000000e+00,  1.000011920929e+00,  1.983847257817e+01,  1.083575725555e+00
  8.287000000000e+00,  9.999974966049e-01,  1.983848700250e+01,  1.085119843483e+00
  8.387000000000e+00,  1.000004768372e+00,  1.983847973073e+01,  1.081709623337e+00
  8.487000000000e+00,  9.999862909317e-01,  1.983849820817e+01,  1.081678152084e+00
  8.587000000000e+00,  1.000019669533e+00,  1.983846482957e+01,  1.081198096275e+00
  8.687000000000e+00,  1.000000596046e+00,  1.983848390306e+01,  1.082283139229e+00
  8.787000000000e+00,  1.000013709068e+00,  1.983847079003e+01,  1.081897020340e+00
  8.887000000000e+00,  1.000011444092e+00,  1.983847305501e+01,  1.080224752426e+00
  8.987000000000e+00,  9.999969601631e-01,  1.983848753894e+01,  1.081545114517e+00
  9.087000000000e+00,  1.000019431114e+00,  1.983846506799e+01,  1.079867124557e+00
  9.187000000000e+00,  9.999635815620e-01,  1.983852091754e+01,  1.077470302582e+00
  9.287000000000e+00,  9.999943971634e-01,  1.983849010194e+01,  1.078257441521e+00
  9.387000000000e+00,  9.999993443489e-01,  1.983848515475e+01,  1.078969717026e+00
  9.487000000000e+00,  9.999971389771e-01,  1.983848736013e+01,  1.077984333038e+00
  9.587000000000e+00,  1.000017285347e+00,  1.983846721376e+01,  1.073511719704e+00
  9.687000000000e+00,  1.000014543533e+00,  1.983846995557e+01,  1.075806379318e+00
  9.787000000000e+00,  9.999899268150e-01,  1.983849457229e+01,  1.073942780495e+00
  9.887000000000e+00,  1.000003099442e+00,  1.983848139966e+01,  1.073473572731e+00
  9.987000000000e+00,  9.999931454659e-01,  1.983849135364e+01,  1.072128891945e+00
  1.008700000000e+01,  1.000031590462e+00,  1.983845290864e+01,  1.075419068336e+00
  1.018700000000e+01,  1.000004172325e+00,  1.983848032678e+01,  1.072449207306e+00
  1.028700000000e+01,  9.999862909317e-01,  1.983849820817e+01,  1.074442982674e+00
  1.038700000000e+01,  1.000018119812e+00,  1.983846637929e+01,  1.073380827904e+00
  1.048700000000e+01,  9.999929666519e-01,  1.983849153245e+01,  1.071323871613e+00
  1.058700000000e+01,  9.999946951866e-01,  1.983848980392e+01,  1.071650028229e+00
  1.068700000000e+01,  9.999860525131e-01,  1.983849844659e+01,  1.072561144829e+00
  1.078700000000e+01,  9.999853372574e-01,  1.983849916185e+01,  1.070995807648e+00
  1.088700000000e+01,  9.999913573265e-01,  1.983849314178e+01,  1.072198152542e+00
  1.098700000000e+01,  1.000019669533e+00,  1.983846482957e+01,  1.073212027550e+00
  1.108700000000e+01,  1.000009179115e+00,  1.983847531999e+01,  1.071731209755e+00
  1.118700000000e+01,  1.000022053719e+00,  1.983846244538e+01,  1.068446397781e+00
  1.128700000000e+01,  9.999848604202e-01,  1.983849963868e+01,  1.070212006569e+00
  1.138700000000e+01,  9.999896883965e-01,  1.983849481071e+01,  1.071717023849e+00
  1.148700000000e+01,  9.999946355820e-01,  1.983848986352e+01,  1.072326540947e+00
  1.158700000000e+01,  1.000031471252e+00,  1.983845302785e+01,  1.069273114204e+00
  1.168700000000e+01,  9.999971985817e-01,  1.983848730052e+01,  1.071042776108e+00
  1.178700000000e+01,  9.999851584435e-01,  1.983849934066e+01,  1.069431900978e+00
  1.188700000000e+01,  1.000000238419e+00,  1.983848426068e+01,  1.068327665329e+00
  1.198700000000e+01,  9.999748468399e-01,  1.983850965226e+01,  1.068120598793e+00
  1.208700000000e+01,  9.999930262566e-01,  1.983849147285e+01,  1.066657543182e+00
  1.218700000000e+01,  9.999711513519e-01,  1.983851334775e+01,  1.065927743912e+00
  1.228700000000e+01,  9.999865889549e-01,  1.983849791015e+01,  1.065745472908e+00
  1.238700000000e+01,  1.000038146973e+00,  1.983844635213e+01,  1.064881563187e+00
  1.248700000000e+01,  1.000037789345e+00,  1.983844670976e+01,  1.065381050110e+00
  1.258700000000e+01,  1.000025272369e+00,  1.983845922673e+01,  1.063873052597e+00
  1.268700000000e+01,  1.000026822090e+00,  1.983845767701e+01,  1.066387534142e+00
  1.278700000000e+01,  1.000041723251e+00,  1.983844277585e+01,  1.064654707909e+00
  1.288700000000e+01,  1.000010728836e+00,  1.983847377027e+01,  1.063740849495e+00
  1.298700000000e+01,  1.000004053116e+00,  1.983848044599e+01,  1.060381770134e+00
  1.308700000000e+01,  9.999910593033e-01,  1.983849343980e+01,  1.060719847679e+00
  1.318700000000e+01,  1.000028133392e+00,  1.983845636571e+01,  1.061438798904e+00
  1.328700000000e+01,  1.000015497208e+00,  1.983846900190e+01,  1.061024069786e+00
  1.338700000000e+01,  1.000006794930e+00,  1.983847770417e+01,  1.059367179871e+00
  1.348700000000e+01,  9.999907016754e-01,  1.983849379743e+01,  1.060851931572e+00
  1.358700000000e+01,  9.999813437462e-01,  1.983850315536e+01,  1.062090516090e+00
  1.368700000000e+01,  9.999901652336e-01,  1.983849433387e+01,  1.059552907944e+00
  1.378700000000e+01,  1.000004291534e+00,  1.983848020757e+01,  1.058940172195e+00
  1.388700000000e+01,  9.999911785126e-01,  1.983849332059e+01,  1.056482434273e+00
  1.398700000000e+01,  1.000018477440e+00,  1.983846602166e+01,  1.057389616966e+00
  1.408700000000e+01,  1.000007867813e+00,  1.983847663129e+01,  1.059109091759e+00
  1.418700000000e+01,  1.000004410744e+00,  1.983848008836e+01,  1.057615995407e+00
  1.428700000000e+01,  1.000000476837e+00,  1.983848402227e+01,  1.060479760170e+00
  1.438700000000e+01,  1.000015497208e+00,  1.983846900190e+01,  1.054864287376e+00
  1.448700000000e+01,  9.999994635582e-01,  1.983848503555e+01,  1.057990431786e+00
  1.458700000000e+01,  9.999983310699e-01,  1.983848616803e+01,  1.054854989052e+00
  1.468700000000e+01,  1.000023007393e+00,  1.983846149171e+01,  1.056549310684e+00
  1.478700000000e+01,  1.000003695488e+00,  1.983848080362e+01,  1.053879022598e+00
  1.488700000000e+01,  1.000035285950e+00,  1.983844921315e+01,  1.054372072220e+00
  1.498700000000e+01,  9.999879598618e-01,  1.983849653924e+01,  1.055087327957e+00
  1.508700000000e+01,  9.999926090240e-01,  1.983849189008e+01,  1.055515408516e+00
  1.518700000000e+01,  9.999947547913e-01,  1.983848974431e+01,  1.054993152618e+00
  1.528700000000e+01,  9.999973177910e-01,  1.983848718131e+01,  1.052214980125e+00
  1.538700000000e+01,  9.999990463257e-01,  1.983848545278e+01,  1.051382780075e+00
  1.548700000000e+01,  9.999861121178e-01,  1.983849838699e+01,  1.052692770958e+00
  1.558700000000e+01,  9.999831914902e-01,  1.983850130761e+01,  1.051971197128e+00
  1.568700000000e+01,  1.000019907951e+00,  1.983846459115e+01,  1.052996993065e+00
  1.578700000000e+01,  9.999901056290e-01,  1.983849439347e+01,  1.051889061928e+00
  1.588700000000e+01,  1.000007033348e+00,  1.983847746576e+01,  1.053654789925e+00
  1.598700000000e+01,  1.000020027161e+00,  1.983846447194e+01,  1.051366806030e+00
  1.608700000000e+01,  1.000028967857e+00,  1.983845553125e+01,  1.049174427986e+00
  1.618700000000e+01,  1.000019073486e+00,  1.983846542562e+01,  1.049375891685e+00
  1.628700000000e+01,  1.000024318695e+00,  1.983846018041e+01,  1.050933957100e+00
  1.638700000000e+01,  1.000012397766e+00,  1.983847210134e+01,  1.052281975746e+00
  1.648700000000e+01,  9.999921917915e-01,  1.983849230731e+01,  1.047875881195e+00
  1.658700000000e+01,  1.000009179115e+00,  1.983847531999e+01,  1.049707651138e+00
  1.668700000000e+01,  1.000005245209e+00,  1.983847925389e+01,  1.048686265945e+00
  1.678700000000e+01,  9.999874830246e-01,  1.983849701608e+01,  1.049444437027e+00
  1.688700000000e+01,  9.999993443489e-01,  1.983848515475e+01,  1.049447417259e+00
  1.698700000000e+01,  1.000008940697e+00,  1.983847555841e+01,  1.048887729645e+00
  1.708700000000e+01,  1.000035047531e+00,  1.983844945157e+01,  1.047272801399e+00
  1.718700000000e+01,  1.000027775764e+00,  1.983845672334e+01,  1.047549605370e+00
  1.728700000000e+01,  9.999830126762e-01,  1.983850148643e+01,  1.046345114708e+00
  1.738700000000e+01,  1.000027060509e+00,  1.983845743859e+01,  1.047158479691e+00
  1.748700000000e+01,  9.999943375587e-01,  1.983849016154e+01,  1.047169446945e+00
  1.758700000000e+01,  1.000027179718e+00,  1.983845731939e+01,  1.046804785728e+00
  1.768700000000e+01,  1.000013470650e+00,  1.983847102845e+01,  1.046212315559e+00
  1.778700000000e+01,  9.999628663063e-01,  1.983852163280e+01,  1.047426104546e+00
  1.788700000000e+01,  1.000018954277e+00,  1.983846554483e+01,  1.045684576035e+00
  1.798700000000e+01,  1.000011920929e+00,  1.983847257817e+01,  1.048112988472e+00
  1.808700000000e+01,  1.000009655952e+00,  1.983847484315e+01,  1.046966552734e+00
  1.818700000000e+01,  1.000012993813e+00,  1.983847150529e+01,  1.046026229858e+00
  1.828700000000e+01,  9.999895095825e-01,  1.983849498952e+01,  1.046639204025e+00
  1.838700000000e+01,  9.999907016754e-01,  1.983849379743e+01,  1.046541452408e+00
  1.848700000000e+01,  1.000031709671e+00,  1.983845278943e+01,  1.043274402618e+00
  1.858700000000e+01,  1.000005125999e+00,  1.983847937310e+01,  1.043794512749e+00
  1.868700000000e+01,  1.000027298927e+00,  1.983845720018e+01,  1.043930649757e+00
  1.878700000000e+01,  1.000005483627e+00,  1.983847901548e+01,  1.043766498566e+00
  1.888700000000e+01,  9.999996423721e-01,  1.983848485673e+01,  1.045766234398e+00
  1.898700000000e+01,  1.000003814697e+00,  1.983848068441e+01,  1.041239380836e+00
  1.908700000000e+01,  9.999955892563e-01,  1.983848890985e+01,  1.042314529419e+00
  1.918700000000e+01,  1.000027894974e+00,  1.983845660413e+01,  1.042038559914e+00
  1.928700000000e+01,  1.000017881393e+00,  1.983846661771e+01,  1.040237426758e+00
  1.938700000000e+01,  1.000013470650e+00,  1.983847102845e+01,  1.043892383575e+00
  1.948700000000e+01,  9.999803304672e-01,  1.983850416864e+01,  1.040966391563e+00
  1.958700000000e+01,  1.000005125999e+00,  1.983847937310e+01,  1.040402531624e+00
  1.968700000000e+01,  1.000004053116e+00,  1.983848044599e+01,  1.039908409119e+00
  1.978700000000e+01,  9.999880790710e-01,  1.983849642003e+01,  1.043098211288e+00
  1.988700000000e+01,  9.999834895134e-01,  1.983850100959e+01,  1.041015505791e+00
  1.998700000000e+01,  1.000001668930e+00,  1.983848283017e+01,  1.040400266647e+00
  2.008700000000e+01,  9.999939203262e-01,  1.983849057878e+01,  1.041607975960e+00
  2.018700000000e+01,  1.000006675720e+00,  1.983847782338e+01,  1.039446115494e+00
  2.028700000000e+01,  1.000006079674e+00,  1.983847841943e+01,  1.039294958115e+00
  2.038700000000e+01,  1.000012636185e+00,  1.983847186292e+01,  1.036553502083e+00
  2.048700000000e+01,  9.999921917915e-01,  1.983849230731e+01,  1.037717580795e+00
  2.058700000000e+01,  9.999968409538e-01,  1.983848765815e+01,  1.036423563957e+00
  2.068700000000e+01,  1.000026226044e+00,  1.983845827306e+01,  1.037933707237e+00
  2.078700000000e+01,  9.999917149544e-01,  1.983849278415e+01,  1.037163138390e+00
  2.088700000000e+01,  1.000014662743e+00,  1.983846983636e+01,  1.036079883575e+00
  2.098700000000e+01,  1.000017642975e+00,  1.983846685613e+01,  1.037072658539e+00
  2.108700000000e+01,  1.000011205673e+00,  1.983847329343e+01,  1.035292506218e+00
  2.118700000000e+01,  9.999908208847e-01,  1.983849367822e+01,  1.033832669258e+00
  2.128700000000e+01,  1.000002503395e+00,  1.983848199571e+01,  1.036295771599e+00
  2.138700000000e+01,  1.000002861023e+00,  1.983848163808e+01,  1.034346818924e+00
  2.148700000000e+01,  9.999938607216e-01,  1.983849063838e+01,  1.032462239265e+00
  2.158700000000e+01,  1.000002026558e+00,  1.983848247255e+01,  1.034828901291e+00
  2.168700000000e+01,  1.000003695488e+00,  1.983848080362e+01,  1.032388329506e+00
  2.178700000000e+01,  9.999979138374e-01,  1.983848658527e+01,  1.033769369125e+00
  2.188700000000e+01,  1.000007152557e+00,  1.983847734655e+01,  1.032642722130e+00
  2.198700000000e+01,  9.999917149544e-01,  1.983849278415e+01,  1.031631588936e+00
  2.208700000000e+01,  9.999819397926e-01,  1.983850255931e+01,  1.032093763351e+00
  2.218700000000e+01,  1.000004768372e+00,  1.983847973073e+01,  1.030917286873e+00
  2.228700000000e+01,  9.999894499779e-01,  1.983849504913e+01,  1.031109690666e+00
  2.238700000000e+01,  1.000014424324e+00,  1.983847007478e+01,  1.032374620438e+00
  2.248700000000e+01,  1.000000238419e+00,  1.983848426068e+01,  1.030584096909e+00
  2.258700000000e+01,  1.000015616417e+00,  1.983846888269e+01,  1.032690405846e+00
  2.268700000000e+01,  9.999921321869e-01,  1.983849236692e+01,  1.031684756279e+00
  2.278700000000e+01,  9.999930858612e-01,  1.983849141324e+01,  1.032141685486e+00
  2.288700000000e+01,  1.000010132790e+00,  1.983847436631e+01,  1.032093763351e+00
  2.298700000000e+01,  1.000001192093e+00,  1.983848330701e+01,  1.031724572182e+00
  2.308700000000e+01,  1.000008583069e+00,  1.983847591603e+01,  1.030579447746e+00
  2.318700000000e+01,  9.999771118164e-01,  1.983850738729e+01,  1.029617190361e+00
  2.328700000000e+01,  1.000013113022e+00,  1.983847138608e+01,  1.029268980026e+00
  2.338700000000e+01,  1.000019669533e+00,  1.983846482957e+01,  1.029613494873e+00
  2.348700000000e+01,  1.000003457069e+00,  1.983848104203e+01,  1.028125047684e+00
  2.358700000000e+01,  9.999735951424e-01,  1.983851090396e+01,  1.028177738190e+00
  2.368700000000e+01,  1.000024437904e+00,  1.983846006120e+01,  1.027794122696e+00
  2.378700000000e+01,  1.000020384789e+00,  1.983846411431e+01,  1.028988480568e+00
  2.388700000000e+01,  1.000013828278e+00,  1.983847067083e+01,  1.026490092278e+00
  2.398700000000e+01,  1.000012159348e+00,  1.983847233976e+01,  1.029651403427e+00
  2.408700000000e+01,  9.999899268150e-01,  1.983849457229e+01,  1.026176810265e+00
  2.418700000000e+01,  1.000030875206e+00,  1.983845362390e+01,  1.026264429092e+00
  2.428700000000e+01,  1.000020980835e+00,  1.983846351827e+01,  1.025569200516e+00
  2.438700000000e+01,  9.999948740005e-01,  1.983848962510e+01,  1.025353312492e+00
  2.448700000000e+01,  9.999952316284e-01,  1.983848926747e+01,  1.027773857117e+00
  2.458700000000e+01,  9.999927878380e-01,  1.983849171127e+01,  1.026942253113e+00
  2.468700000000e+01,  9.999976158142e-01,  1.983848688329e+01,  1.027592062950e+00
  2.478700000000e+01,  1.000015258789e+00,  1.983846924031e+01,  1.026987195015e+00
  2.488700000000e+01,  9.999936819077e-01,  1.983849081720e+01,  1.029073953629e+00
  2.498700000000e+01,  1.000001311302e+00,  1.983848318780e+01,  1.026979684830e+00
  2.508700000000e+01,  1.000009536743e+00,  1.983847496236e+01,  1.024524450302e+00
  2.518700000000e+01,  1.000005125999e+00,  1.983847937310e+01,  1.025022029877e+00
  2.528700000000e+01,  9.999834299088e-01,  1.983850106919e+01,  1.025472402573e+00
  2.538700000000e+01,  1.000000953674e+00,  1.983848354543e+01,  1.024939417839e+00
  2.548700000000e+01,  1.000007390976e+00,  1.983847710813e+01,  1.025391221046e+00
  2.558700000000e+01,  1.000009655952e+00,  1.983847484315e+01,  1.025144338608e+00
  2.568700000000e+01,  9.999851584435e-01,  1.983849934066e+01,  1.025262117386e+00
  2.578700000000e+01,  9.999910593033e-01,  1.983849343980e+01,  1.025071024895e+00
  2.588700000000e+01,  9.999815821648e-01,  1.983850291694e+01,  1.026078462601e+00
  2.598700000000e+01,  1.000016927719e+00,  1.983846757138e+01,  1.024871110916e+00
  2.608700000000e+01,  1.000015497208e+00,  1.983846900190e+01,  1.022570729256e+00
  2.618700000000e+01,  1.000010371208e+00,  1.983847412790e+01,  1.022272348404e+00
  2.628700000000e+01,  1.000005722046e+00,  1.983847877706e+01,  1.023198127747e+00
  2.638700000000e+01,  9.999895691872e-01,  1.983849492992e+01,  1.023081541061e+00
  2.648700000000e+01,  9.999960064888e-01,  1.983848849261e+01,  1.021080374718e+00
  2.658700000000e+01,  9.999879002571e-01,  1.983849659885e+01,  1.022713661194e+00
  2.668700000000e+01,  9.999910593033e-01,  1.983849343980e+01,  1.021861553192e+00
  2.678700000000e+01,  1.000021934509e+00,  1.983846256459e+01,  1.026067495346e+00
  2.688700000000e+01,  1.000019907951e+00,  1.983846459115e+01,  1.023760914803e+00
  2.698700000000e+01,  9.999994039536e-01,  1.983848509515e+01,  1.022587656975e+00
  2.708700000000e+01,  9.999701380730e-01,  1.983851436103e+01,  1.021458864212e+00
  2.718700000000e+01,  1.000003933907e+00,  1.983848056520e+01,  1.023142457008e+00
  2.728700000000e+01,  9.999902248383e-01,  1.983849427427e+01,  1.022377133369e+00
  2.738700000000e+01,  1.000001668930e+00,  1.983848283017e+01,  1.022674560547e+00
  2.748700000000e+01,  1.000025272369e+00,  1.983845922673e+01,  1.023429155350e+00
  2.758700000000e+01,  9.999840855598e-01,  1.983850041354e+01,  1.022544145584e+00
  2.768700000000e+01,  9.999864101410e-01,  1.983849808896e+01,  1.024217128754e+00
  2.778700000000e+01,  9.999804496765e-01,  1.983850404943e+01,  1.020204782486e+00
  2.788700000000e+01,  9.999862313271e-01,  1.983849826778e+01,  1.019775748253e+00
  2.798700000000e+01,  1.000006437302e+00,  1.983847806180e+01,  1.021299362183e+00
  2.808700000000e+01,  9.999890327454e-01,  1.983849546636e+01,  1.020450472832e+00
  2.818700000000e+01,  1.000009179115e+00,  1.983847531999e+01,  1.019145011902e+00
  2.828700000000e+01,  1.000012516975e+00,  1.983847198213e+01,  1.020678639412e+00
  2.838700000000e+01,  1.000000715256e+00,  1.983848378385e+01,  1.020204782486e+00
  2.848700000000e+01,  9.999776482582e-01,  1.983850685085e+01,  1.020695328712e+00
  2.858700000000e+01,  9.999801516533e-01,  1.983850434745e+01,  1.019375801086e+00
  2.868700000000e+01,  1.000000834465e+00,  1.983848366464e+01,  1.018179655075e+00
  2.878700000000e+01,  1.000017285347e+00,  1.983846721376e+01,  1.018880724907e+00
  2.888700000000e+01,  1.000021100044e+00,  1.983846339906e+01,  1.018934845924e+00
  2.898700000000e+01,  1.000010728836e+00,  1.983847377027e+01,  1.017492771149e+00
  2.908700000000e+01,  9.999927282333e-01,  1.983849177087e+01,  1.017988920212e+00
  2.918700000000e+01,  1.000000476837e+00,  1.983848402227e+01,  1.018338561058e+00
  2.928700000000e+01,  9.999916553497e-01,  1.983849284375e+01,  1.018262267113e+00
  2.938700000000e+01,  1.000015258789e+00,  1.983846924031e+01,  1.019276022911e+00
  2.948700000000e+01,  9.999861717224e-01,  1.983849832738e+01,  1.016361355782e+00
  2.958700000000e+01,  9.999978542328e-01,  1.983848664487e+01,  1.016753077507e+00
  2.968700000000e+01,  9.999978542328e-01,  1.983848664487e+01,  1.015712141991e+00
  2.978700000000e+01,  1.000030636787e+00,  1.983845386232e+01,  1.014093160629e+00
  2.988700000000e+01,  1.000003933907e+00,  1.983848056520e+01,  1.014889240265e+00
  2.998700000000e+01,  9.999908208847e-01,  1.983849367822e+01,  1.015649318695e+00
  3.008700000000e+01,  1.000002264977e+00,  1.983848223413e+01,  1.015812397003e+00
  3.018700000000e+01,  1.000029802322e+00,  1.983845469678e+01,  1.012406229973e+00
  3.028700000000e+01,  9.999982118607e-01,  1.983848628724e+01,  1.014798521996e+00
  3.038700000000e+01,  1.000012755394e+00,  1.983847174371e+01,  1.012731552124e+00
  3.048700000000e+01,  9.999741315842e-01,  1.983851036752e+01,  1.014269948006e+00
  3.058700000000e+01,  9.999883174896e-01,  1.983849618161e+01,  1.012268304825e+00
  3.068700000000e+01,  1.000020742416e+00,  1.983846375669e+01,  1.013063192368e+00
  3.078700000000e+01,  1.000015616417e+00,  1.983846888269e+01,  1.014392852783e+00
  3.088700000000e+01,  1.000008344650e+00,  1.983847615445e+01,  1.013230800629e+00
  3.098700000000e+01,  9.999893307686e-01,  1.983849516833e+01,  1.014506697655e+00
  3.108700000000e+01,  1.000000834465e+00,  1.983848366464e+01,  1.013739705086e+00
  3.118700000000e+01,  1.000020384789e+00,  1.983846411431e+01,  1.013463973999e+00
  3.128700000000e+01,  1.000001311302e+00,  1.983848318780e+01,  1.012040495872e+00
  3.138700000000e+01,  9.999936223030e-01,  1.983849087680e+01,  1.012064099312e+00
  3.148700000000e+01,  1.000006198883e+00,  1.983847830022e+01,  1.011942267418e+00
  3.158700000000e+01,  1.000004410744e+00,  1.983848008836e+01,  1.013015270233e+00
  3.168700000000e+01,  9.999837279320e-01,  1.983850077117e+01,  1.011843562126e+00
  3.178700000000e+01,  1.000022411346e+00,  1.983846208776e+01,  1.013874530792e+00
  3.188700000000e+01,  1.000020265579e+00,  1.983846423352e+01,  1.013734340668e+00
  3.198700000000e+01,  1.000026106834e+00,  1.983845839227e+01,  1.010784626007e+00
  3.208700000000e+01,  1.000009059906e+00,  1.983847543920e+01,  1.009912848473e+00
  3.218700000000e+01,  9.999933242798e-01,  1.983849117482e+01,  1.009479045868e+00
  3.228700000000e+01,  9.999821782112e-01,  1.983850232089e+01,  1.011007785797e+00
  3.238700000000e+01,  9.999888539314e-01,  1.983849564517e+01,  1.009750604630e+00
  3.248700000000e+01,  1.000004172325e+00,  1.983848032678e+01,  1.010144829750e+00
  3.258700000000e+01,  1.000031709671e+00,  1.983845278943e+01,  1.010294556618e+00
  3.268700000000e+01,  1.000006556511e+00,  1.983847794259e+01,  1.009495496750e+00
  3.278700000000e+01,  9.999933838844e-01,  1.983849111522e+01,  1.009966015816e+00
  3.288700000000e+01,  1.000007748604e+00,  1.983847675050e+01,  1.009793877602e+00
  3.298700000000e+01,  9.999927878380e-01,  1.983849171127e+01,  1.009070754051e+00
  3.308700000000e+01,  1.000001788139e+00,  1.983848271096e+01,  1.007779955864e+00
  3.318700000000e+01,  9.999986886978e-01,  1.983848581041e+01,  1.006316900253e+00
  3.328700000000e+01,  9.999697804451e-01,  1.983851471866e+01,  1.008736729622e+00
  3.338700000000e+01,  9.999881982803e-01,  1.983849630082e+01,  1.005314111710e+00
  3.348700000000e+01,  1.000007748604e+00,  1.983847675050e+01,  1.008086681366e+00
  3.358700000000e+01,  1.000012040138e+00,  1.983847245897e+01,  1.005696296692e+00
  3.368700000000e+01,  1.000001072884e+00,  1.983848342622e+01,  1.007497668266e+00
  3.378700000000e+01,  1.000000476837e+00,  1.983848402227e+01,  1.007552146912e+00
  3.388700000000e+01,  9.999796748161e-01,  1.983850482429e+01,  1.007643938065e+00
  3.398700000000e+01,  9.999956488609e-01,  1.983848885024e+01,  1.006127715111e+00
  3.408700000000e+01,  1.000001907349e+00,  1.983848259175e+01,  1.008430957794e+00
  3.418700000000e+01,  1.000013709068e+00,  1.983847079003e+01,  1.007467150688e+00
  3.428700000000e+01,  9.999779462814e-01,  1.983850655282e+01,  1.007591485977e+00
  3.438700000000e+01,  9.999895691872e-01,  1.983849492992e+01,  1.005857467651e+00
  3.448700000000e+01,  1.000019907951e+00,  1.983846459115e+01,  1.005049705505e+00
  3.458700000000e+01,  9.999859929085e-01,  1.983849850619e+01,  1.007379651070e+00
  3.468700000000e+01,  1.000002145767e+00,  1.983848235334e+01,  1.005359053612e+00
  3.478700000000e+01,  1.000024557114e+00,  1.983845994199e+01,  1.004965305328e+00
  3.488700000000e+01,  1.000002264977e+00,  1.983848223413e+01,  1.005288362503e+00
  3.498700000000e+01,  9.999811053276e-01,  1.983850339378e+01,  1.004916787148e+00
  3.508700000000e+01,  1.000016570091e+00,  1.983846792901e+01,  1.007563471794e+00
  3.518700000000e+01,  1.000002145767e+00,  1.983848235334e+01,  1.006724119186e+00
  3.528700000000e+01,  1.000013351440e+00,  1.983847114766e+01,  1.005175352097e+00
  3.538700000000e+01,  1.000027537346e+00,  1.983845696176e+01,  1.004564762115e+00
  3.548700000000e+01,  9.999986886978e-01,  1.983848581041e+01,  1.006177663803e+00
  3.558700000000e+01,  9.999908208847e-01,  1.983849367822e+01,  1.007341146469e+00
  3.568700000000e+01,  9.999857544899e-01,  1.983849874461e+01,  1.004804730415e+00
  3.578700000000e+01,  1.000041127205e+00,  1.983844337190e+01,  1.004370450974e+00
  3.588700000000e+01,  9.999838471413e-01,  1.983850065196e+01,  1.003914833069e+00
  3.598700000000e+01,  9.999978542328e-01,  1.983848664487e+01,  1.002650380135e+00
  3.608700000000e+01,  1.000012755394e+00,  1.983847174371e+01,  1.003565192223e+00
  3.618700000000e+01,  9.999943971634e-01,  1.983849010194e+01,  1.000902414322e+00
  3.628700000000e+01,  1.000000000000e+00,  1.983848449910e+01,  1.002751946449e+00
  3.638700000000e+01,  1.000029206276e+00,  1.983845529283e+01,  1.003052830696e+00
  3.648700000000e+01,  1.000001668930e+00,  1.983848283017e+01,  1.003947019577e+00
  3.658700000000e+01,  1.000018358231e+00,  1.983846614087e+01,  1.002180814743e+00
  3.668700000000e+01,  1.000048160553e+00,  1.983843633855e+01,  1.004464507103e+00
  3.678700000000e+01,  9.999908208847e-01,  1.983849367822e+01,  1.002824306488e+00
  3.688700000000e+01,  1.000013709068e+00,  1.983847079003e+01,  1.003044128418e+00
  3.698700000000e+01,  1.000006318092e+00,  1.983847818101e+01,  1.002253890038e+00
  3.708700000000e+01,  1.000013351440e+00,  1.983847114766e+01,  1.001009702682e+00
  3.718700000000e+01,  9.999904036522e-01,  1.983849409545e+01,  1.001671433449e+00
  3.728700000000e+01,  1.000018596649e+00,  1.983846590245e+01,  9.998487234116e-01
  3.738700000000e+01,  9.999971389771e-01,  1.983848736013e+01,  1.001077532768e+00
  3.748700000000e+01,  9.999984502792e-01,  1.983848604882e+01,  9.994251132011e-01
  3.758700000000e+01,  1.000008106232e+00,  1.983847639287e+01,  1.002038478851e+00
  3.768700000000e+01,  1.000025391579e+00,  1.983845910752e+01,  1.000694513321e+00
  3.778700000000e+01,  1.000019669533e+00,  1.983846482957e+01,  9.998081922531e-01
  3.788700000000e+01,  9.999870061874e-01,  1.983849749292e+01,  9.991973638535e-01
  3.798700000000e+01,  9.999997019768e-01,  1.983848479713e+01,  9.997327923775e-01
  3.808700000000e+01,  9.999848008156e-01,  1.983849969829e+01,  9.987274408340e-01
  3.818700000000e+01,  1.000030875206e+00,  1.983845362390e+01,  9.976320266724e-01
  3.828700000000e+01,  1.000031352043e+00,  1.983845314706e+01,  9.999498128891e-01
  3.838700000000e+01,  1.000006198883e+00,  1.983847830022e+01,  9.988927841187e-01
  3.848700000000e+01,  1.000018358231e+00,  1.983846614087e+01,  9.999902844429e-01
  3.858700000000e+01,  1.000005483627e+00,  1.983847901548e+01,  1.000862836838e+00
  3.868700000000e+01,  9.999737739563e-01,  1.983851072515e+01,  9.986460804939e-01
  3.878700000000e+01,  1.000003933907e+00,  1.983848056520e+01,  9.998471736908e-01
  3.888700000000e+01,  1.000016450882e+00,  1.983846804822e+01,  9.971343278885e-01
  3.898700000000e+01,  1.000020384789e+00,  1.983846411431e+01,  1.000233650208e+00
  3.908700000000e+01,  9.999827742577e-01,  1.983850172485e+01,  1.000982999802e+00
  3.918700000000e+01,  1.000011205673e+00,  1.983847329343e+01,  9.993472099304e-01
  3.928700000000e+01,  1.000001192093e+00,  1.983848330701e+01,  9.991148114204e-01
  3.938700000000e+01,  9.999862313271e-01,  1.983849826778e+01,  9.987863302231e-01
  3.948700000000e+01,  9.999854564667e-01,  1.983849904264e+01,  1.000346660614e+00
  3.958700000000e+01,  1.000008344650e+00,  1.983847615445e+01,  9.966265559196e-01
  3.968700000000e+01,  9.999788403511e-01,  1.983850565875e+01,  9.985467791557e-01
  3.978700000000e+01,  9.999487400055e-01,  1.983853575910e+01,  9.976684451103e-01
  3.988700000000e+01,  9.999835491180e-01,  1.983850094999e+01,  9.993560910225e-01
  3.998700000000e+01,  1.000019192696e+00,  1.983846530641e+01,  9.982116818428e-01
  4.008700000000e+01,  1.000004768372e+00,  1.983847973073e+01,  9.982935190201e-01
  4.018700000000e+01,  9.999918937683e-01,  1.983849260533e+01,  9.970600008965e-01
  4.028700000000e+01,  1.000001549721e+00,  1.983848294938e+01,  9.983834624290e-01
  4.038700000000e+01,  9.999945163727e-01,  1.983848998273e+01,  9.961360692978e-01
  4.048700000000e+01,  9.999768733978e-01,  1.983850762571e+01,  9.956590533257e-01
  4.058700000000e+01,  1.000017046928e+00,  1.983846745217e+01,  9.964531064034e-01
  4.068700000000e+01,  1.000012755394e+00,  1.983847174371e+01,  9.955869913101e-01
  4.078700000000e+01,  9.999908804893e-01,  1.983849361861e+01,  9.956156015396e-01
  4.088700000000e+01,  1.000005364418e+00,  1.983847913469e+01,  9.969566464424e-01
  4.098700000000e+01,  1.000000000000e+00,  1.983848449910e+01,  9.947637319565e-01
  4.108700000000e+01,  1.000016212463e+00,  1.983846828664e+01,  9.965711832047e-01
  4.118700000000e+01,  1.000002980232e+00,  1.983848151887e+01,  9.977387785912e-01
  4.128700000000e+01,  1.000005245209e+00,  1.983847925389e+01,  9.946753382683e-01
  4.138700000000e+01,  1.000010490417e+00,  1.983847400869e+01,  9.954556226730e-01
  4.148700000000e+01,  1.000026226044e+00,  1.983845827306e+01,  9.974505305290e-01
  4.158700000000e+01,  1.000019073486e+00,  1.983846542562e+01,  9.955266118050e-01
  4.168700000000e+01,  9.999849200249e-01,  1.983849957908e+01,  9.948877692223e-01
  4.178700000000e+01,  1.000007510185e+00,  1.983847698892e+01,  9.941778182983e-01
  4.188700000000e+01,  1.000001549721e+00,  1.983848294938e+01,  9.934320449829e-01
  4.198700000000e+01,  9.999971985817e-01,  1.983848730052e+01,  9.941318631172e-01
  4.208700000000e+01,  9.999954700470e-01,  1.983848902906e+01,  9.949341416359e-01
  4.218700000000e+01,  9.999998807907e-01,  1.983848461831e+01,  9.923034310341e-01
  4.228700000000e+01,  1.000000596046e+00,  1.983848390306e+01,  9.961215853691e-01
  4.238700000000e+01,  1.000011324883e+00,  1.983847317422e+01,  9.965213537216e-01
  4.248700000000e+01,  9.999997615814e-01,  1.983848473752e+01,  9.953760504723e-01
  4.258700000000e+01,  1.000006914139e+00,  1.983847758496e+01,  9.919770956039e-01
  4.268700000000e+01,  9.999864101410e-01,  1.983849808896e+01,  9.955820441246e-01
  4.278700000000e+01,  1.000019431114e+00,  1.983846506799e+01,  9.915853142738e-01
  4.288700000000e+01,  1.000009417534e+00,  1.983847508157e+01,  9.914356470108e-01
  4.298700000000e+01,  1.000010251999e+00,  1.983847424710e+01,  9.953038096428e-01
  4.308700000000e+01,  1.000000596046e+00,  1.983848390306e+01,  9.910263419151e-01
  4.318700000000e+01,  9.999931454659e-01,  1.983849135364e+01,  9.916444420815e-01
  4.328700000000e+01,  9.999968409538e-01,  1.983848765815e+01,  9.914500117302e-01
  4.338700000000e+01,  9.999819397926e-01,  1.983850255931e+01,  9.913845658302e-01
  4.348700000000e+01,  9.999879002571e-01,  1.983849659885e+01,  9.927070736885e-01
  4.358700000000e+01,  1.000003218651e+00,  1.983848128045e+01,  9.904400706291e-01
  4.368700000000e+01,  1.000018954277e+00,  1.983846554483e+01,  9.932626485825e-01
  4.378700000000e+01,  1.000001311302e+00,  1.983848318780e+01,  9.915469288826e-01
  4.388700000000e+01,  1.000003337860e+00,  1.983848116124e+01,  9.918465018272e-01
  4.398700000000e+01,  9.999944567680e-01,  1.983849004234e+01,  9.928669929504e-01
  4.408700000000e+01,  9.999952316284e-01,  1.983848926747e+01,  9.928704500198e-01
  4.418700000000e+01,  9.999930858612e-01,  1.983849141324e+01,  9.927213191986e-01
  4.428700000000e+01,  9.999959468842e-01,  1.983848855222e+01,  9.917558431625e-01
  4.438700000000e+01,  9.999828934669e-01,  1.983850160564e+01,  9.906883835793e-01
  4.448700000000e+01,  1.000003933907e+00,  1.983848056520e+01,  9.909777045250e-01
  4.458700000000e+01,  1.000012755394e+00,  1.983847174371e+01,  9.903256297112e-01
  4.468700000000e+01,  1.000027060509e+00,  1.983845743859e+01,  9.909060001373e-01
  4.478700000000e+01,  9.999805688858e-01,  1.983850393022e+01,  9.900672435760e-01
  4.488700000000e+01,  1.000037074089e+00,  1.983844742501e+01,  9.892745614052e-01
  4.498700000000e+01,  1.000005483627e+00,  1.983847901548e+01,  9.882075190544e-01
  4.508700000000e+01,  1.000013113022e+00,  1.983847138608e+01,  9.900386333466e-01
  4.518700000000e+01,  1.000021815300e+00,  1.983846268380e+01,  9.915599822998e-01
  4.528700000000e+01,  1.000005125999e+00,  1.983847937310e+01,  9.907369017601e-01
  4.538700000000e+01,  1.000006198883e+00,  1.983847830022e+01,  9.901546835899e-01
  4.548700000000e+01,  1.000016450882e+00,  1.983846804822e+01,  9.912017583847e-01
  4.558700000000e+01,  9.999625682831e-01,  1.983852193082e+01,  9.898700714111e-01
  4.568700000000e+01,  1.000000119209e+00,  1.983848437989e+01,  9.908524751663e-01
  4.578700000000e+01,  9.999861121178e-01,  1.983849838699e+01,  9.899321794510e-01
  4.588700000000e+01,  9.999725818634e-01,  1.983851191724e+01,  9.893690943718e-01
  4.598700000000e+01,  9.999749660492e-01,  1.983850953305e+01,  9.884749650955e-01
  4.608700000000e+01,  1.000021457672e+00,  1.983846304143e+01,  9.883110523224e-01
  4.618700000000e+01,  1.000016331673e+00,  1.983846816743e+01,  9.876463413239e-01
  4.628700000000e+01,  1.000016689301e+00,  1.983846780980e+01,  9.878997802734e-01
  4.638700000000e+01,  1.000030398369e+00,  1.983845410073e+01,  9.884254932404e-01
  4.648700000000e+01,  9.999993443489e-01,  1.983848515475e+01,  9.870317578316e-01
  4.658700000000e+01,  1.000008702278e+00,  1.983847579683e+01,  9.888994693756e-01
  4.668700000000e+01,  1.000023722649e+00,  1.983846077645e+01,  9.867837429047e-01
  4.678700000000e+01,  1.000024676323e+00,  1.983845982278e+01,  9.864007830620e-01
  4.688700000000e+01,  9.999694228172e-01,  1.983851507629e+01,  9.851577281952e-01
  4.698700000000e+01,  1.000018000603e+00,  1.983846649850e+01,  9.875849485397e-01
  4.708700000000e+01,  9.999938607216e-01,  1.983849063838e+01,  9.858773350716e-01
  4.718700000000e+01,  9.999967217445e-01,  1.983848777736e+01,  9.868205785751e-01
  4.728700000000e+01,  9.999891519547e-01,  1.983849534715e+01,  9.865201711655e-01
  4.738700000000e+01,  1.000013947487e+00,  1.983847055162e+01,  9.873309731483e-01
  4.748700000000e+01,  1.000014185905e+00,  1.983847031320e+01,  9.849371314049e-01
  4.758700000000e+01,  1.000019550323e+00,  1.983846494878e+01,  9.851127862930e-01
  4.768700000000e+01,  1.000003099442e+00,  1.983848139966e+01,  9.868479967117e-01
  4.778700000000e+01,  9.999680519104e-01,  1.983851644719e+01,  9.871897101402e-01
  4.788700000000e+01,  9.999977946281e-01,  1.983848670448e+01,  9.856469631195e-01
  4.798700000000e+01,  1.000003218651e+00,  1.983848128045e+01,  9.864865541458e-01
  4.808700000000e+01,  1.000003337860e+00,  1.983848116124e+01,  9.828453660011e-01
  4.818700000000e+01,  9.999979138374e-01,  1.983848658527e+01,  9.849517345428e-01
  4.828700000000e+01,  9.999812841415e-01,  1.983850321496e+01,  9.860226511955e-01
  4.838700000000e+01,  9.999959468842e-01,  1.983848855222e+01,  9.854771494865e-01
  4.848700000000e+01,  1.000003814697e+00,  1.983848068441e+01,  9.859723448753e-01
  4.858700000000e+01,  1.000021815300e+00,  1.983846268380e+01,  9.866139292717e-01
  4.868700000000e+01,  1.000015020370e+00,  1.983846947873e+01,  9.853641986847e-01
  4.878700000000e+01,  1.000011682510e+00,  1.983847281659e+01,  9.838051795959e-01
  4.888700000000e+01,  1.000005006790e+00,  1.983847949231e+01,  9.833121299744e-01
  4.898700000000e+01,  1.000009298325e+00,  1.983847520078e+01,  9.854474663734e-01
  4.908700000000e+01,  1.000011920929e+00,  1.983847257817e+01,  9.838917255402e-01
  4.918700000000e+01,  9.999963045120e-01,  1.983848819459e+01,  9.840217828751e-01
  4.928700000000e+01,  1.000025272369e+00,  1.983845922673e+01,  9.826327562332e-01
  4.938700000000e+01,  1.000014543533e+00,  1.983846995557e+01,  9.816939234734e-01
  4.948700000000e+01,  9.999948740005e-01,  1.983848962510e+01,  9.844870567322e-01
  4.958700000000e+01,  9.999883174896e-01,  1.983849618161e+01,  9.817584156990e-01
  4.968700000000e+01,  1.000020265579e+00,  1.983846423352e+01,  9.835518002510e-01
  4.978700000000e+01,  9.999864697456e-01,  1.983849802936e+01,  9.812571406364e-01
  4.988700000000e+01,  9.999833703041e-01,  1.983850112880e+01,  9.822118282318e-01
  4.998700000000e+01,  9.999727010727e-01,  1.983851179803e+01,  9.795923829079e-01
  5.008700000000e+01,  9.999887347221e-01,  1.983849576438e+01,  9.801491498947e-01
  5.018700000000e+01,  9.999901056290e-01,  1.983849439347e+01,  9.819759130478e-01
  5.028700000000e+01,  1.000007152557e+00,  1.983847734655e+01,  9.822223186493e-01
  5.038700000000e+01,  1.000015377998e+00,  1.983846912110e+01,  9.816414713860e-01
  5.048700000000e+01,  1.000011324883e+00,  1.983847317422e+01,  9.813196063042e-01
  5.058700000000e+01,  1.000017762184e+00,  1.983846673692e+01,  9.808247685432e-01
  5.068700000000e+01,  1.000022649765e+00,  1.983846184934e+01,  9.827003479004e-01
  5.078700000000e+01,  1.000019907951e+00,  1.983846459115e+01,  9.818506240845e-01
  5.088700000000e+01,  9.999982714653e-01,  1.983848622764e+01,  9.802821874619e-01
  5.098700000000e+01,  1.000033378601e+00,  1.983845112050e+01,  9.808170199394e-01
  5.108700000000e+01,  1.000028610229e+00,  1.983845588887e+01,  9.785371422768e-01
  5.118700000000e+01,  9.999896883965e-01,  1.983849481071e+01,  9.793421030045e-01
  5.128700000000e+01,  9.999930858612e-01,  1.983849141324e+01,  9.808830618858e-01
  5.138700000000e+01,  9.999994635582e-01,  1.983848503555e+01,  9.820893406868e-01
  5.148700000000e+01,  9.999743700027e-01,  1.983851012910e+01,  9.811492562294e-01
  5.158700000000e+01,  1.000017404556e+00,  1.983846709455e+01,  9.806130528450e-01
  5.168700000000e+01,  9.999766349792e-01,  1.983850786412e+01,  9.791889786720e-01
  5.178700000000e+01,  9.999911785126e-01,  1.983849332059e+01,  9.810289740562e-01
  5.188700000000e+01,  9.999882578850e-01,  1.983849624122e+01,  9.807342290878e-01
  5.198700000000e+01,  9.999899864197e-01,  1.983849451268e+01,  9.804373979568e-01
  5.208700000000e+01,  1.000019311905e+00,  1.983846518720e+01,  9.799131751060e-01
  5.218700000000e+01,  9.999750256538e-01,  1.983850947345e+01,  9.817215800285e-01
  5.228700000000e+01,  1.000004649162e+00,  1.983847984994e+01,  9.796019792557e-01
  5.238700000000e+01,  9.999954700470e-01,  1.983848902906e+01,  9.789036512375e-01
  5.248700000000e+01,  9.999983310699e-01,  1.983848616803e+01,  9.770125150681e-01
  5.258700000000e+01,  9.999740719795e-01,  1.983851042712e+01,  9.792609214783e-01
  5.268700000000e+01,  1.000025510788e+00,  1.983845898832e+01,  9.762154817581e-01
  5.278700000000e+01,  1.000033140182e+00,  1.983845135892e+01,  9.781131744385e-01
  5.288700000000e+01,  1.000010490417e+00,  1.983847400869e+01,  9.775122404099e-01
  5.298700000000e+01,  9.999908208847e-01,  1.983849367822e+01,  9.779763817787e-01
  5.308700000000e+01,  1.000000476837e+00,  1.983848402227e+01,  9.789096117020e-01
  5.318700000000e+01,  1.000002503395e+00,  1.983848199571e+01,  9.776070713997e-01
  5.328700000000e+01,  1.000015377998e+00,  1.983846912110e+01,  9.787993431091e-01
  5.338700000000e+01,  1.000010371208e+00,  1.983847412790e+01,  9.784304499626e-01
  5.348700000000e+01,  9.999917745590e-01,  1.983849272454e+01,  9.753715991974e-01
  5.358700000000e+01,  1.000005364418e+00,  1.983847913469e+01,  9.773576855659e-01
  5.368700000000e+01,  9.999925494194e-01,  1.983849194968e+01,  9.769656062126e-01
  5.378700000000e+01,  9.999855756760e-01,  1.983849892343e+01,  9.746210575104e-01
  5.388700000000e+01,  9.999769926071e-01,  1.983850750650e+01,  9.789717793465e-01
  5.398700000000e+01,  9.999913573265e-01,  1.983849314178e+01,  9.793273210526e-01
  5.408700000000e+01,  1.000005245209e+00,  1.983847925389e+01,  9.765127897263e-01
  5.418700000000e+01,  9.999979734421e-01,  1.983848652566e+01,  9.789015650749e-01
  5.428700000000e+01,  1.000018358231e+00,  1.983846614087e+01,  9.780117869377e-01
  5.438700000000e+01,  1.000013470650e+00,  1.983847102845e+01,  9.746310710907e-01
  5.448700000000e+01,  9.999853968620e-01,  1.983849910224e+01,  9.748138785362e-01
  5.458700000000e+01,  9.999778866768e-01,  1.983850661243e+01,  9.757096171379e-01
  5.468700000000e+01,  9.999983906746e-01,  1.983848610843e+01,  9.734297990799e-01
  5.478700000000e+01,  1.000000715256e+00,  1.983848378385e+01,  9.772855043411e-01
  5.488700000000e+01,  9.999902844429e-01,  1.983849421466e+01,  9.737556576729e-01
  5.498700000000e+01,  1.000005841255e+00,  1.983847865785e+01,  9.752819538116e-01
  5.508700000000e+01,  9.999959468842e-01,  1.983848855222e+01,  9.753031730652e-01
  5.518700000000e+01,  1.000001549721e+00,  1.983848294938e+01,  9.766603708267e-01
  5.528700000000e+01,  9.999670982361e-01,  1.983851740087e+01,  9.751742482185e-01
  5.538700000000e+01,  1.000007629395e+00,  1.983847686971e+01,  9.731936454773e-01
  5.548700000000e+01,  1.000002622604e+00,  1.983848187650e+01,  9.727022051811e-01
  5.558700000000e+01,  9.999797940254e-01,  1.983850470508e+01,  9.754005074501e-01
  5.568700000000e+01,  9.999886155128e-01,  1.983849588359e+01,  9.749992489815e-01
  5.578700000000e+01,  9.999923706055e-01,  1.983849212850e+01,  9.717937707901e-01
  5.588700000000e+01,  1.000011324883e+00,  1.983847317422e+01,  9.720807671547e-01
  5.598700000000e+01,  9.999819397926e-01,  1.983850255931e+01,  9.738669991493e-01
  5.608700000000e+01,  1.000005602837e+00,  1.983847889627e+01,  9.751806259155e-01
  5.618700000000e+01,  9.999989867210e-01,  1.983848551238e+01,  9.725680947304e-01
  5.628700000000e+01,  9.999540448189e-01,  1.983853045428e+01,  9.730395078659e-01
  5.638700000000e+01,  1.000004291534e+00,  1.983848020757e+01,  9.728088378906e-01
  5.648700000000e+01,  1.000017881393e+00,  1.983846661771e+01,  9.701528549194e-01
  5.658700000000e+01,  1.000010967255e+00,  1.983847353185e+01,  9.734648466110e-01
  5.668700000000e+01,  1.000007867813e+00,  1.983847663129e+01,  9.711055159569e-01
  5.678700000000e+01,  1.000000476837e+00,  1.983848402227e+01,  9.733497500420e-01
  5.688700000000e+01,  9.999868869781e-01,  1.983849761213e+01,  9.716307520866e-01
  5.698700000000e+01,  1.000003695488e+00,  1.983848080362e+01,  9.699801802635e-01
  5.708700000000e+01,  1.000016093254e+00,  1.983846840585e+01,  9.715170264244e-01
  5.718700000000e+01,  1.000001192093e+00,  1.983848330701e+01,  9.727528691292e-01
  5.728700000000e+01,  1.000007510185e+00,  1.983847698892e+01,  9.708164930344e-01
  5.738700000000e+01,  1.000021100044e+00,  1.983846339906e+01,  9.708153009415e-01
  5.748700000000e+01,  1.000008821487e+00,  1.983847567762e+01,  9.702576994896e-01
  5.758700000000e+01,  1.000001192093e+00,  1.983848330701e+01,  9.723637104034e-01
  5.768700000000e+01,  1.000008106232e+00,  1.983847639287e+01,  9.724854230881e-01
  5.778700000000e+01,  9.999994635582e-01,  1.983848503555e+01,  9.710183739662e-01
  5.788700000000e+01,  9.999880194664e-01,  1.983849647964e+01,  9.704884290695e-01
  5.798700000000e+01,  1.000011801720e+00,  1.983847269738e+01,  9.705482125282e-01
  5.808700000000e+01,  1.000032424927e+00,  1.983845207418e+01,  9.720847010612e-01
  5.818700000000e+01,  9.999949336052e-01,  1.983848956550e+01,  9.722690582275e-01
  5.828700000000e+01,  9.999896883965e-01,  1.983849481071e+01,  9.684216380119e-01
  5.838700000000e+01,  1.000006556511e+00,  1.983847794259e+01,  9.731128215790e-01
  5.848700000000e+01,  1.000012159348e+00,  1.983847233976e+01,  9.693188667297e-01
  5.858700000000e+01,  1.000008106232e+00,  1.983847639287e+01,  9.715942740440e-01
  5.868700000000e+01,  9.999711513519e-01,  1.983851334775e+01,  9.689803123474e-01
  5.878700000000e+01,  9.999935030937e-01,  1.983849099601e+01,  9.697237610817e-01
  5.888700000000e+01,  9.999750256538e-01,  1.983850947345e+01,  9.706243872643e-01
  5.898700000000e+01,  9.999884366989e-01,  1.983849606240e+01,  9.700900316238e-01
  5.908700000000e+01,  1.000026226044e+00,  1.983845827306e+01,  9.701535701752e-01
  5.918700000000e+01,  1.000026464462e+00,  1.983845803464e+01,  9.700927734375e-01
  5.928700000000e+01,  1.000017881393e+00,  1.983846661771e+01,  9.672688245773e-01
  5.938700000000e+01,  1.000012278557e+00,  1.983847222055e+01,  9.698379039764e-01
  5.948700000000e+01,  1.000004529953e+00,  1.983847996915e+01,  9.689708948135e-01
  5.958700000000e+01,  9.999768137932e-01,  1.983850768531e+01,  9.693214893341e-01
  5.968700000000e+01,  9.999992847443e-01,  1.983848521436e+01,  9.684363603592e-01
  5.978700000000e+01,  9.999913573265e-01,  1.983849314178e+01,  9.672127962112e-01
  5.988700000000e+01,  1.000012993813e+00,  1.983847150529e+01,  9.684860706329e-01
  5.998700000000e+01,  1.000002741814e+00,  1.983848175729e+01,  9.697223305702e-01
  6.008700000000e+01,  9.999991655350e-01,  1.983848533357e+01,  9.687983393669e-01
  6.018700000000e+01,  9.999926686287e-01,  1.983849183047e+01,  9.686099886894e-01
  6.028700000000e+01,  9.999673366547e-01,  1.983851716245e+01,  9.671882390976e-01
  6.038700000000e+01,  1.000007390976e+00,  1.983847710813e+01,  9.675374031067e-01
  6.048700000000e+01,  9.999966025352e-01,  1.983848789657e+01,  9.664641618729e-01
  6.058700000000e+01,  1.000007629395e+00,  1.983847686971e+01,  9.675054550171e-01
  6.068700000000e+01,  1.000005483627e+00,  1.983847901548e+01,  9.700298905373e-01
  6.078700000000e+01,  1.000016689301e+00,  1.983846780980e+01,  9.683805704117e-01
  6.088700000000e+01,  1.000006318092e+00,  1.983847818101e+01,  9.683989286423e-01
  6.098700000000e+01,  9.999780654907e-01,  1.983850643361e+01,  9.674119353294e-01
  6.108700000000e+01,  1.000011086464e+00,  1.983847341264e+01,  9.666898250580e-01
  6.118700000000e+01,  1.000011086464e+00,  1.983847341264e+01,  9.656478166580e-01
  6.128700000000e+01,  1.000010490417e+00,  1.983847400869e+01,  9.663915038109e-01
  6.138700000000e+01,  9.999844431877e-01,  1.983850005592e+01,  9.665078520775e-01
  6.148700000000e+01,  9.999768733978e-01,  1.983850762571e+01,  9.658539295197e-01
  6.158700000000e+01,  1.000002622604e+00,  1.983848187650e+01,  9.638866782188e-01
  6.159400000000e+01,  1.000008225441e+00,  1.983847627366e+01,  9.644133448601e-01
  6.159500000000e+01,  1.000005722046e+00,  1.983847877706e+01,  9.644808173180e-01
  6.159800000000e+01,  1.000006318092e+00,  1.983847818101e+01,  9.647256731987e-01
  6.169800000000e+01,  9.999707937241e-01,  1.983851370538e+01,  9.643481373787e-01
  6.178350000000e+01,  9.898144006729e-01,  1.984867009843e+01,  9.565429091454e-01
  6.180350000000e+01,  9.796329736710e-01,  1.985885152543e+01,  9.285449385643e-01
  6.181350000000e+01,  9.691097140312e-01,  1.986937478507e+01,  9.101901650429e-01
  6.182100000000e+01,  9.585887789726e-01,  1.987989572013e+01,  9.027677178383e-01
  6.182750000000e+01,  9.484226107597e-01,  1.989006188834e+01,  8.883252739906e-01
  6.183400000000e+01,  9.375812411308e-01,  1.990090325797e+01,  8.742833733559e-01
  6.184000000000e+01,  9.272281527519e-01,  1.991125634635e+01,  8.594442009926e-01
  6.184600000000e+01,  9.168178439140e-01,  1.992166665519e+01,  8.455663323402e-01
  6.185200000000e+01,  9.067203402519e-01,  1.993176415885e+01,  8.345075249672e-01
  6.185850000000e+01,  8.967105746269e-01,  1.994177392448e+01,  8.273683190346e-01
  6.186650000000e+01,  8.862010836601e-01,  1.995228341544e+01,  7.968125939369e-01
  6.187500000000e+01,  8.760158419609e-01,  1.996246865714e+01,  7.711244225502e-01
  6.188400000000e+01,  8.654415011406e-01,  1.997304299796e+01,  7.479386925697e-01
  6.189250000000e+01,  8.552982211113e-01,  1.998318627799e+01,  7.281709313393e-01
  6.190100000000e+01,  8.448497653008e-01,  1.999363473380e+01,  7.054353356361e-01
  6.190900000000e+01,  8.343669772148e-01,  2.000411752189e+01,  6.795259118080e-01
  6.191600000000e+01,  8.243305087090e-01,  2.001415399039e+01,  6.663995385170e-01
  6.192300000000e+01,  8.139240145683e-01,  2.002456048453e+01,  6.557794213295e-01
  6.193000000000e+01,  8.037921786308e-01,  2.003469232047e+01,  6.425004601479e-01
  6.193750000000e+01,  7.936603426933e-01,  2.004482415641e+01,  6.271730065346e-01
  6.194600000000e+01,  7.832652926445e-01,  2.005521920646e+01,  6.113076806068e-01
  6.195550000000e+01,  7.732364535332e-01,  2.006524804557e+01,  5.979333519936e-01
  6.196800000000e+01,  7.631027102470e-01,  2.007538178886e+01,  5.722871422768e-01
  6.198200000000e+01,  7.529956698418e-01,  2.008548882926e+01,  5.425210595131e-01
  6.199400000000e+01,  7.427970767021e-01,  2.009568742240e+01,  5.218568444252e-01
  6.200450000000e+01,  7.323371767998e-01,  2.010614732230e+01,  5.063768029213e-01
  6.201400000000e+01,  7.221938967705e-01,  2.011629060233e+01,  4.920831322670e-01
  6.202350000000e+01,  7.119933962822e-01,  2.012649110282e+01,  4.765496850014e-01
  6.203350000000e+01,  7.015144228935e-01,  2.013697007621e+01,  4.598909020424e-01
  6.204350000000e+01,  6.914665102959e-01,  2.014701798881e+01,  4.443765282631e-01
  6.205450000000e+01,  6.810428500175e-01,  2.015744164909e+01,  4.252153038979e-01
  6.206550000000e+01,  6.709313988686e-01,  2.016755310023e+01,  4.082494974136e-01
  6.207650000000e+01,  6.608453392982e-01,  2.017763915981e+01,  3.906255960464e-01
  6.208750000000e+01,  6.506124138832e-01,  2.018787208522e+01,  3.737150430679e-01
  6.209800000000e+01,  6.405873894691e-01,  2.019789710963e+01,  3.561750650406e-01
  6.210800000000e+01,  6.305184960365e-01,  2.020796600307e+01,  3.394247293472e-01
  6.211750000000e+01,  6.203218102455e-01,  2.021816268886e+01,  3.255544900894e-01
  6.212700000000e+01,  6.097665429115e-01,  2.022871795619e+01,  3.114706277847e-01
  6.213600000000e+01,  5.996232628822e-01,  2.023886123622e+01,  2.988706827164e-01
  6.214550000000e+01,  5.891175866127e-01,  2.024936691249e+01,  2.870069742203e-01
  6.215550000000e+01,  5.786309838295e-01,  2.025985351527e+01,  2.743688821793e-01
  6.216600000000e+01,  5.684514641762e-01,  2.027003303493e+01,  2.578474283218e-01
  6.217700000000e+01,  5.580468773842e-01,  2.028043762172e+01,  2.408338785172e-01
  6.218750000000e+01,  5.478063225746e-01,  2.029067817653e+01,  2.276617288589e-01
  6.219750000000e+01,  5.377736687660e-01,  2.030071083034e+01,  2.159239053726e-01
  6.220750000000e+01,  5.276952385902e-01,  2.031078926051e+01,  2.050176858902e-01
  6.221800000000e+01,  5.172238945961e-01,  2.032126060451e+01,  1.925855875015e-01
  6.222850000000e+01,  5.069947838783e-01,  2.033148971522e+01,  1.810652017593e-01
  6.223900000000e+01,  4.969354271889e-01,  2.034154907191e+01,  1.657835245132e-01
  6.224950000000e+01,  4.865689873695e-01,  2.035191551173e+01,  1.530805826187e-01
  6.225950000000e+01,  4.764142632484e-01,  2.036207023585e+01,  1.435095071793e-01
  6.226950000000e+01,  4.662633538246e-01,  2.037222114528e+01,  1.347624063492e-01
  6.228000000000e+01,  4.557920098305e-01,  2.038269248927e+01,  1.237665414810e-01
  6.229050000000e+01,  4.455495476723e-01,  2.039293495143e+01,  1.117349863052e-01
  6.230100000000e+01,  4.353528618813e-01,  2.040313163722e+01,  1.012712717056e-01
  6.231150000000e+01,  4.249601662159e-01,  2.041352433289e+01,  9.254415333271e-02
  6.232150000000e+01,  4.148969948292e-01,  2.042358750427e+01,  8.301313221455e-02
  6.233150000000e+01,  4.046888649464e-01,  2.043379563416e+01,  7.540662586689e-02
  6.234150000000e+01,  3.945379555225e-01,  2.044394654358e+01,  6.808812916279e-02
  6.235150000000e+01,  3.845281898975e-01,  2.045395630921e+01,  5.912358686328e-02
  6.236200000000e+01,  3.740530312061e-01,  2.046443146790e+01,  4.993588849902e-02
  6.237200000000e+01,  3.640241920948e-01,  2.047446030701e+01,  4.291493818164e-02
  6.238250000000e+01,  3.535719215870e-01,  2.048491257752e+01,  3.684861585498e-02
  6.239300000000e+01,  3.432665169239e-01,  2.049521798218e+01,  2.960069105029e-02
  6.240350000000e+01,  3.330030739307e-01,  2.050548142517e+01,  2.087838575244e-02
  6.241400000000e+01,  3.225469887257e-01,  2.051593751038e+01,  1.258046645671e-02
  6.242400000000e+01,  3.123121559620e-01,  2.052617234314e+01,  1.417328137904e-02
  6.243400000000e+01,  3.020010292530e-01,  2.053648346985e+01,  1.500226277858e-02
  6.244400000000e+01,  2.917700111866e-01,  2.054671448792e+01,  1.634434983134e-02
  6.245400000000e+01,  2.817449867725e-01,  2.055673951233e+01,  1.706438139081e-02
  6.246450000000e+01,  2.713842689991e-01,  2.056710023010e+01,  1.564662531018e-02
  6.247500000000e+01,  2.609949409962e-01,  2.057748955811e+01,  8.835484273732e-03
  6.248500000000e+01,  2.509355843067e-01,  2.058754891480e+01,  5.729128606617e-03
  6.249500000000e+01,  2.408838719130e-01,  2.059760062719e+01,  2.530981786549e-03
  6.250550000000e+01,  2.304735630751e-01,  2.060801093603e+01,  3.833071386907e-04
  6.251600000000e+01,  2.202539891005e-01,  2.061823051000e+01, -2.304146997631e-03
  6.252650000000e+01,  2.101088017225e-01,  2.062837569738e+01, -5.460808984935e-03
  6.253700000000e+01,  1.998606175184e-01,  2.063862388158e+01, -8.014868013561e-03
  6.254700000000e+01,  1.898584812880e-01,  2.064862601782e+01, -9.536574594676e-03
  6.255700000000e+01,  1.796884983778e-01,  2.065879600073e+01, -9.339485317469e-03
  6.256700000000e+01,  1.695880144835e-01,  2.066889648462e+01, -8.144196122885e-03
  6.257750000000e+01,  1.591777056456e-01,  2.067930679346e+01, -8.299436420202e-03
  6.258800000000e+01,  1.488856524229e-01,  2.068959884668e+01, -9.807672351599e-03
  6.259850000000e+01,  1.385668963194e-01,  2.069991760278e+01, -9.310372173786e-03
  6.260900000000e+01,  1.280841082335e-01,  2.071040039087e+01, -7.770427037030e-03
  6.261900000000e+01,  1.179408282042e-01,  2.072054367090e+01, -7.358167786151e-03
  6.262900000000e+01,  1.077746599913e-01,  2.073070983911e+01, -6.210659164935e-03
  6.263900000000e+01,  9.770385921001e-02,  2.074078063989e+01, -6.620783824474e-03
  6.264900000000e+01,  8.763687312603e-02,  2.075084762598e+01, -9.053129702806e-03
  6.265900000000e+01,  7.748596370220e-02,  2.076099853540e+01, -1.038050651550e-02
  6.266900000000e+01,  6.725876033306e-02,  2.077122573877e+01, -9.770901873708e-03
  6.267900000000e+01,  5.707351490855e-02,  2.078141098419e+01, -9.301213547587e-03
  6.268900000000e+01,  4.706374928355e-02,  2.079142074982e+01, -9.459635242820e-03
  6.269950000000e+01,  3.683463856578e-02,  2.080164986054e+01, -6.519457791001e-03
  6.271100000000e+01,  2.647773735225e-02,  2.081200676175e+01, -3.576418850571e-03
  6.272450000000e+01,  1.623908989131e-02,  2.082224540921e+01, -1.308342907578e-03
  6.274300000000e+01,  6.161612924188e-03,  2.083232288618e+01,  1.245820429176e-03
  6.275500000000e+01,  2.262038877234e-03,  2.083622246023e+01,  2.760827192105e-04
  6.275600000000e+01,  2.013129880652e-03,  2.083647136922e+01,  1.583039265824e-04
  6.276400000000e+01,  4.324146721046e-04,  2.083805208443e+01, -1.508241984993e-03
  6.276700000000e+01, -1.962695750990e-05,  2.083850412606e+01, -2.250677440315e-03
  6.303500000000e+01, -2.209898782894e-03,  2.084069439789e+01, -8.340676315129e-03
  6.303600000000e+01, -2.204027725384e-03,  2.084068852683e+01, -8.390505798161e-03
