           Test time,     Standard travel,     Tool separation,      Standard force
                 0.0,                 0.0,  2.554554444548e+01, -1.303427573293e-02
                 0.0,                 0.0,  2.554554687809e+01, -1.295369025320e-02
                 0.0,                 0.0,  2.554555373226e+01, -1.333213876933e-02
                 0.0,                 0.0,  2.554556250159e+01, -1.268083881587e-02
                 0.0,                 0.0,  2.554556490999e+01, -1.273829769343e-02
                 0.0,                 0.0,  2.554556309436e+01, -1.287144795060e-02
  0.000000000000e+00,  0.000000000000e+00,  2.554555779327e+01, -1.323503628373e-02
  8.000001311302e-03, -9.451992809772e-06,  2.554556724526e+01, -1.322807744145e-02
  1.100000739098e-02, -7.514841854572e-06,  2.554556530811e+01, -1.319505646825e-02
  1.300001144409e-02, -1.072976738214e-05,  2.554556852304e+01, -1.310481503606e-02
  1.400001347065e-02, -1.098494976759e-05,  2.554556877822e+01, -1.301946118474e-02
  1.145000010729e-01, -1.568885636516e-05,  2.554557348213e+01, -1.062934380025e-02
  2.145000100136e-01, -1.151929245680e-05,  2.554556931256e+01, -1.427824702114e-02
  3.150000125170e-01, -1.066473032552e-06,  2.554555885974e+01, -1.307661831379e-02
  4.155000001192e-01,  3.494464326650e-03,  2.554206332895e+01, -1.285468973219e-02
  4.520000070333e-01,  1.351589336991e-02,  2.553204189990e+01, -2.182416617870e-03
  4.680000096560e-01,  2.366012707353e-02,  2.552189766620e+01,  9.951896965504e-03
  4.775000065565e-01,  3.372902050614e-02,  2.551182877277e+01,  1.860130578279e-02
  4.849999994040e-01,  4.409736767411e-02,  2.550146042560e+01,  8.011706173420e-03
  4.915000051260e-01,  5.417961254716e-02,  2.549137818072e+01,  2.690203487873e-03
  4.980000108480e-01,  6.492561101913e-02,  2.548063218225e+01, -3.785245120525e-03
  5.040000081062e-01,  7.512611150742e-02,  2.547043168176e+01, -7.399670779705e-03
  5.100000053644e-01,  8.538764715195e-02,  2.546017014612e+01, -1.326095312834e-02
  5.165000110865e-01,  9.614127874374e-02,  2.544941651453e+01, -1.622401922941e-02
  5.230000019073e-01,  1.063532233238e-01,  2.543920456995e+01, -2.406632155180e-02
  5.305000096560e-01,  1.169962286949e-01,  2.542856156458e+01, -2.033936232328e-02
  5.385000109673e-01,  1.274217963219e-01,  2.541813599695e+01, -1.289116591215e-02
  5.465000122786e-01,  1.375116705894e-01,  2.540804612268e+01, -8.201949298382e-03
  5.545000135899e-01,  1.476053595543e-01,  2.539795243372e+01, -5.038611590862e-03
  5.625000000000e-01,  1.578935980797e-01,  2.538766419519e+01, -2.989165484905e-03
  5.705000013113e-01,  1.685556769371e-01,  2.537700211633e+01, -3.558449447155e-03
  5.780000090599e-01,  1.787790656090e-01,  2.536677872766e+01, -6.331734359264e-03
  5.855000019073e-01,  1.889871954918e-01,  2.535657059778e+01, -9.550385177135e-03
  5.935000032187e-01,  1.994737982750e-01,  2.534608399500e+01, -1.224117726088e-02
  6.020000129938e-01,  2.098078131676e-01,  2.533574998010e+01, -1.522140949965e-02
  6.115000098944e-01,  2.201380133629e-01,  2.532541977991e+01, -1.712589710951e-02
  6.225000023842e-01,  2.303099036217e-01,  2.531524788965e+01, -1.396959275007e-02
  6.350000053644e-01,  2.403787970543e-01,  2.530517899622e+01, -4.553012549877e-03
  6.469999998808e-01,  2.504858374596e-01,  2.529507195581e+01,  2.573080360889e-03
  6.580000072718e-01,  2.609381079674e-01,  2.528461968530e+01,  1.542165759020e-03
  6.680000126362e-01,  2.711576819420e-01,  2.527440011133e+01,  7.172673358582e-04
  6.775000095367e-01,  2.811903357506e-01,  2.526436745752e+01, -2.014055848122e-03
  6.875000000000e-01,  2.916387915611e-01,  2.525391900171e+01, -3.853073343635e-03
  6.975000053644e-01,  3.017897009850e-01,  2.524376809229e+01, -2.775160595775e-03
  7.080000042915e-01,  3.120283484459e-01,  2.523352944483e+01,  6.609279662371e-04
  7.185000032187e-01,  3.220304846764e-01,  2.522352730860e+01,  1.642437651753e-03
  7.295000106096e-01,  3.324217200279e-01,  2.521313607324e+01,  3.311010077596e-03
  7.405000030994e-01,  3.427519202232e-01,  2.520280587305e+01,  2.650180831552e-03
  7.515000104904e-01,  3.529028296471e-01,  2.519265496362e+01,  2.749601379037e-03
  7.625000029802e-01,  3.630422949791e-01,  2.518251549829e+01,  5.243750289083e-03
  7.730000019073e-01,  3.730615973473e-01,  2.517249619592e+01,  1.118037290871e-02
  7.830000072718e-01,  3.834604620934e-01,  2.516209733118e+01,  1.281377859414e-02
  7.920000106096e-01,  3.935350775719e-01,  2.515202271570e+01,  1.134045608342e-02
  8.009999990463e-01,  4.039720892906e-01,  2.514158570398e+01,  1.007832773030e-02
  8.100000023842e-01,  4.142984747887e-01,  2.513125931848e+01,  7.470505312085e-03
  8.194999992847e-01,  4.246706366539e-01,  2.512088715662e+01,  4.778282716870e-03
  8.295000046492e-01,  4.346804022789e-01,  2.511087739099e+01,  5.336346104741e-03
  8.405000120401e-01,  4.448103308678e-01,  2.510074746240e+01,  1.136452145875e-02
  8.515000045300e-01,  4.549230933189e-01,  2.509063469995e+01,  1.619297452271e-02
  8.620000034571e-01,  4.651274085045e-01,  2.508043038477e+01,  1.741400547326e-02
  8.720000088215e-01,  4.752630591393e-01,  2.507029473413e+01,  1.718232221901e-02
  8.819999992847e-01,  4.855169653893e-01,  2.506004082788e+01,  1.630994863808e-02
  8.920000046492e-01,  4.956259131432e-01,  2.504993188013e+01,  1.596991531551e-02
  9.025000035763e-01,  5.058931708336e-01,  2.503966462244e+01,  1.789878122509e-02
  9.130000025034e-01,  5.159906744957e-01,  2.502956711878e+01,  2.122662775218e-02
  9.235000014305e-01,  5.262560248375e-01,  2.501930176843e+01,  2.461121790111e-02
  9.335000067949e-01,  5.363216400146e-01,  2.500923615326e+01,  2.601176500320e-02
  9.435000121593e-01,  5.465259552002e-01,  2.499903183807e+01,  2.619905769825e-02
  9.535000026226e-01,  5.566959381104e-01,  2.498886185516e+01,  2.669449150562e-02
  9.635000079870e-01,  5.667552947998e-01,  2.497880249847e+01,  2.726416289806e-02
  9.740000069141e-01,  5.771503448486e-01,  2.496840744842e+01,  2.735460549593e-02
  9.845000058413e-01,  5.873908996582e-01,  2.495816689361e+01,  2.827657014132e-02
  9.950000047684e-01,  5.976924896240e-01,  2.494786530365e+01,  3.129900246859e-02
  1.005000010133e+00,  6.076946258545e-01,  2.493786316742e+01,  3.276253491640e-02
  1.015000000596e+00,  6.177883148193e-01,  2.492776947845e+01,  3.368140012026e-02
  1.025000005960e+00,  6.279544830322e-01,  2.491760331024e+01,  3.505870699883e-02
  1.035000011325e+00,  6.381855010986e-01,  2.490737229217e+01,  3.528895974159e-02
  1.045000001788e+00,  6.482906341553e-01,  2.489726715912e+01,  3.447052836418e-02
  1.055500000715e+00,  6.587123870850e-01,  2.488684540619e+01,  3.661462664604e-02
  1.065999999642e+00,  6.690959930420e-01,  2.487646180023e+01,  3.840014338493e-02
  1.076500013471e+00,  6.794681549072e-01,  2.486608963836e+01,  3.971368074417e-02
  1.087000012398e+00,  6.898365020752e-01,  2.485572129120e+01,  4.117430746555e-02
  1.097500011325e+00,  7.003002166748e-01,  2.484525757660e+01,  4.198522865772e-02
  1.107500001788e+00,  7.103443145752e-01,  2.483521347870e+01,  4.304586350918e-02
  1.118000000715e+00,  7.208156585693e-01,  2.482474213470e+01,  4.359672218561e-02
  1.128499999642e+00,  7.311458587646e-01,  2.481441193451e+01,  4.548714309931e-02
  1.139000013471e+00,  7.413272857666e-01,  2.480423050751e+01,  4.800484329462e-02
  1.149500012398e+00,  7.515335083008e-01,  2.479402428497e+01,  5.029390007257e-02
  1.160000011325e+00,  7.618579864502e-01,  2.478369980682e+01,  5.146143585443e-02
  1.170500010252e+00,  7.723445892334e-01,  2.477321320404e+01,  5.300305038691e-02
  1.180500000715e+00,  7.824718356133e-01,  2.476308595766e+01,  5.270233750343e-02
  1.190500006080e+00,  7.926036715508e-01,  2.475295412172e+01,  5.393949151039e-02
  1.201000005007e+00,  8.030940890312e-01,  2.474246370424e+01,  5.486790835857e-02
  1.211500003934e+00,  8.134261965752e-01,  2.473213159670e+01,  5.696730315685e-02
  1.222000002861e+00,  8.236667513847e-01,  2.472189104189e+01,  5.881075561047e-02
  1.232500001788e+00,  8.338729739189e-01,  2.471168481935e+01,  6.237749755383e-02
  1.243000000715e+00,  8.442565798759e-01,  2.470130121340e+01,  6.252352893353e-02
  1.253000006080e+00,  8.543388247490e-01,  2.469121896852e+01,  6.419999897480e-02
  1.263000011444e+00,  8.645278811455e-01,  2.468102991213e+01,  6.447528302670e-02
  1.273000001907e+00,  8.747588992119e-01,  2.467079889406e+01,  6.577394902706e-02
  1.283000007272e+00,  8.849365115166e-01,  2.466062128176e+01,  6.554882228374e-02
  1.293500006199e+00,  8.954040408134e-01,  2.465015375246e+01,  6.606488674879e-02
  1.304000005126e+00,  9.056655764580e-01,  2.463989221681e+01,  6.777697056532e-02
  1.314500004053e+00,  9.158794283867e-01,  2.462967836489e+01,  7.137947529554e-02
  1.325000002980e+00,  9.262706637383e-01,  2.461928712953e+01,  7.348161190748e-02
  1.335000008345e+00,  9.364978671074e-01,  2.460905992616e+01,  7.440637797117e-02
  1.344999998808e+00,  9.469081759453e-01,  2.459864961733e+01,  7.502763718367e-02
  1.355000004172e+00,  9.572002291679e-01,  2.458835756410e+01,  7.446604222059e-02
  1.365500003099e+00,  9.675151705742e-01,  2.457804262270e+01,  7.244258373976e-02
  1.377000004053e+00,  9.775478243828e-01,  2.456800996889e+01,  7.160943001509e-02
  1.392000004649e+00,  9.877254366875e-01,  2.455783235658e+01,  7.352041453123e-02
  1.417000010610e+00,  9.973842501640e-01,  2.454817354311e+01,  7.805326581001e-02
  1.517500013113e+00,  1.003090262413e+00,  2.454246753086e+01,  8.044327050447e-02
  1.618000000715e+00,  1.002662539482e+00,  2.454289525379e+01,  7.937008887529e-02
  1.718000009656e+00,  1.001832246780e+00,  2.454372554649e+01,  7.981301099062e-02
  1.818500012159e+00,  1.001291036606e+00,  2.454426675667e+01,  7.956432551146e-02
  1.918999999762e+00,  1.000905871391e+00,  2.454465192188e+01,  8.039087057114e-02
  2.019000008702e+00,  1.000614523888e+00,  2.454494326938e+01,  7.829172909260e-02
  2.119500011206e+00,  1.000433921814e+00,  2.454512387146e+01,  7.995951175690e-02
  2.219999998808e+00,  1.000283598900e+00,  2.454527419437e+01,  7.793244719505e-02
  2.320000007749e+00,  1.000154614449e+00,  2.454540317882e+01,  7.861488312483e-02
  2.420500010252e+00,  1.000105261803e+00,  2.454545253147e+01,  7.855087518692e-02
  2.521000012755e+00,  1.000065207481e+00,  2.454549258579e+01,  8.054958283901e-02
  2.621500000358e+00,  1.000029921532e+00,  2.454552787174e+01,  7.988860458136e-02
  2.721500009298e+00,  1.000036954880e+00,  2.454552083839e+01,  7.694993913174e-02
  2.822000011802e+00,  1.000028133392e+00,  2.454552965988e+01,  7.804346084595e-02
  2.922499999404e+00,  1.000005483627e+00,  2.454555230964e+01,  7.861348986626e-02
  3.022500008345e+00,  1.000013232231e+00,  2.454554456104e+01,  7.736553251743e-02
  3.123000010848e+00,  1.000011086464e+00,  2.454554670681e+01,  7.829874753952e-02
  3.223500013351e+00,  9.999979734421e-01,  2.454555981983e+01,  7.660310715437e-02
  3.324000000954e+00,  1.000014305115e+00,  2.454554348816e+01,  7.765421271324e-02
  3.424000009894e+00,  9.999956488609e-01,  2.454556214441e+01,  7.858947664499e-02
  3.524500012398e+00,  9.999862909317e-01,  2.454557150234e+01,  7.999593764544e-02
  3.625000000000e+00,  9.999836087227e-01,  2.454557418455e+01,  8.032730966806e-02
  3.725000008941e+00,  1.000010967255e+00,  2.454554682602e+01,  7.923394441605e-02
  3.825500011444e+00,  1.000046968460e+00,  2.454551082481e+01,  7.920558750629e-02
  3.925999999046e+00,  1.000025749207e+00,  2.454553204407e+01,  7.878221571445e-02
  4.026000007987e+00,  1.000006437302e+00,  2.454555135597e+01,  7.598794251680e-02
  4.126500010490e+00,  9.999991655350e-01,  2.454555862774e+01,  7.778805494308e-02
  4.227000012994e+00,  1.000002264977e+00,  2.454555552830e+01,  7.740376889706e-02
  4.327500000596e+00,  1.000023365021e+00,  2.454553442825e+01,  7.648366689682e-02
  4.427500009537e+00,  9.999964833260e-01,  2.454556130995e+01,  7.831591367722e-02
  4.528000012040e+00,  1.000037074089e+00,  2.454552071918e+01,  7.645403593779e-02
  4.628499999642e+00,  1.000022411346e+00,  2.454553538193e+01,  7.742814719677e-02
  4.728500008583e+00,  1.000007629395e+00,  2.454555016388e+01,  7.783695310354e-02
  4.829000011086e+00,  1.000020265579e+00,  2.454553752769e+01,  7.571393251419e-02
  4.929500013590e+00,  1.000011086464e+00,  2.454554670681e+01,  7.707538455725e-02
  5.030000001192e+00,  1.000010371208e+00,  2.454554742206e+01,  7.504349946976e-02
  5.130000010133e+00,  9.999939203262e-01,  2.454556387295e+01,  7.602746039629e-02
  5.230500012636e+00,  9.999982118607e-01,  2.454555958141e+01,  7.748405635357e-02
  5.331000000238e+00,  1.000038266182e+00,  2.454551952709e+01,  7.837814092636e-02
  5.431000009179e+00,  9.999999403954e-01,  2.454555785288e+01,  7.579807937145e-02
  5.531500011683e+00,  9.999999403954e-01,  2.454555785288e+01,  7.675222307444e-02
  5.631999999285e+00,  9.999958276749e-01,  2.454556196560e+01,  7.637491077185e-02
  5.732000008225e+00,  1.000001430511e+00,  2.454555636276e+01,  7.632861286402e-02
  5.832500010729e+00,  1.000013828278e+00,  2.454554396499e+01,  7.558392733335e-02
  5.933000013232e+00,  9.999908208847e-01,  2.454556697239e+01,  7.580069452524e-02
  6.033000007272e+00,  9.999920129776e-01,  2.454556578029e+01,  7.837173342705e-02
  6.133000001311e+00,  1.000000000000e+00,  2.454555779327e+01,  7.444857060909e-02
  6.233000010252e+00,  9.999930858612e-01,  2.454556470741e+01,  7.650771737099e-02
  6.333000004292e+00,  1.000005006790e+00,  2.454555278648e+01,  7.552640140057e-02
  6.433000013232e+00,  9.999720454216e-01,  2.454558574785e+01,  7.635124772787e-02
  6.533000007272e+00,  1.000030040741e+00,  2.454552775253e+01,  7.458425313234e-02
  6.633000001311e+00,  1.000008702278e+00,  2.454554909099e+01,  7.732443511486e-02
  6.733000010252e+00,  1.000004768372e+00,  2.454555302490e+01,  7.504176348448e-02
  6.833000004292e+00,  9.999986886978e-01,  2.454555910457e+01,  7.596443593502e-02
  6.933000013232e+00,  1.000028729439e+00,  2.454552906383e+01,  7.588101923466e-02
  7.033000007272e+00,  1.000028133392e+00,  2.454552965988e+01,  7.511460036039e-02
  7.133000001311e+00,  1.000001788139e+00,  2.454555600513e+01,  7.562288641930e-02
  7.233000010252e+00,  1.000025510788e+00,  2.454553228248e+01,  7.588028162718e-02
  7.333000004292e+00,  9.999964833260e-01,  2.454556130995e+01,  7.535858452320e-02
  7.433000013232e+00,  1.000014901161e+00,  2.454554289211e+01,  7.544339448214e-02
  7.533000007272e+00,  1.000026106834e+00,  2.454553168644e+01,  7.584631443024e-02
  7.633000001311e+00,  9.999870657921e-01,  2.454557072748e+01,  7.456722855568e-02
  7.733000010252e+00,  1.000018119812e+00,  2.454553967346e+01,  7.609023153782e-02
  7.833000004292e+00,  9.999746680260e-01,  2.454558312525e+01,  7.590965181589e-02
  7.933000013232e+00,  9.999864101410e-01,  2.454557138313e+01,  7.534360885620e-02
  8.033000007272e+00,  9.999815225601e-01,  2.454557627071e+01,  7.497601211071e-02
  8.133000001311e+00,  9.999849796295e-01,  2.454557281364e+01,  7.396063953638e-02
  8.233000010252e+00,  1.000007390976e+00,  2.454555040230e+01,  7.540141791105e-02
  8.333000004292e+00,  9.999974966049e-01,  2.454556029667e+01,  7.448143512011e-02
  8.433000013232e+00,  9.999772906303e-01,  2.454558050264e+01,  7.504547387362e-02
  8.533000007272e+00,  9.999930858612e-01,  2.454556470741e+01,  7.433175295591e-02
  8.633000001311e+00,  1.000008344650e+00,  2.454554944862e+01,  7.245907187462e-02
  8.733000010252e+00,  1.000032901764e+00,  2.454552489151e+01,  7.627157866955e-02
  8.833000004292e+00,  1.000012397766e+00,  2.454554539551e+01,  7.537996023893e-02
  8.933000013232e+00,  1.000014901161e+00,  2.454554289211e+01,  7.445261627436e-02
  9.033000007272e+00,  1.000036835670e+00,  2.454552095760e+01,  7.510945200920e-02
  9.133000001311e+00,  9.999803900719e-01,  2.454557740320e+01,  7.260739058256e-02
  9.233000010252e+00,  1.000005722046e+00,  2.454555207123e+01,  7.502043992281e-02
  9.333000004292e+00,  1.000023365021e+00,  2.454553442825e+01,  7.497069984674e-02
  9.433000013232e+00,  1.000016570091e+00,  2.454554122318e+01,  7.562807947397e-02
  9.533000007272e+00,  1.000041604042e+00,  2.454551618923e+01,  7.413741201162e-02
  9.633000001311e+00,  1.000028133392e+00,  2.454552965988e+01,  7.504177838564e-02
  9.733000010252e+00,  1.000007510185e+00,  2.454555028309e+01,  7.680582255125e-02
  9.833000004292e+00,  1.000007867813e+00,  2.454554992546e+01,  7.625097781420e-02
  9.933000013232e+00,  1.000038862228e+00,  2.454551893104e+01,  7.582183927298e-02
  1.003300000727e+01,  1.000002741814e+00,  2.454555505146e+01,  7.584596425295e-02
  1.013300000131e+01,  1.000022172928e+00,  2.454553562034e+01,  7.633152604103e-02
  1.023300001025e+01,  1.000015020370e+00,  2.454554277290e+01,  7.387513667345e-02
  1.033300000429e+01,  9.999809265137e-01,  2.454557686676e+01,  7.635683566332e-02
  1.043300001323e+01,  9.999797344208e-01,  2.454557805885e+01,  7.405449450016e-02
  1.053300000727e+01,  1.000015139580e+00,  2.454554265369e+01,  7.608515769243e-02
  1.063300000131e+01,  9.999979138374e-01,  2.454555987943e+01,  7.669911533594e-02
  1.073300001025e+01,  1.000000357628e+00,  2.454555743564e+01,  7.408667355776e-02
  1.083300000429e+01,  9.999852180481e-01,  2.454557257522e+01,  7.432361692190e-02
  1.093300001323e+01,  1.000006079674e+00,  2.454555171360e+01,  7.566774636507e-02
  1.103300000727e+01,  1.000019192696e+00,  2.454553860058e+01,  7.453783601522e-02
  1.113300000131e+01,  1.000020384789e+00,  2.454553740848e+01,  7.423459738493e-02
  1.123300001025e+01,  1.000025391579e+00,  2.454553240169e+01,  7.625792920589e-02
  1.133300000429e+01,  9.999986886978e-01,  2.454555910457e+01,  7.672838866711e-02
  1.143300001323e+01,  9.999875426292e-01,  2.454557025064e+01,  7.504204660654e-02
  1.153300000727e+01,  9.999962449074e-01,  2.454556154836e+01,  7.453165948391e-02
  1.163300000131e+01,  9.999979138374e-01,  2.454555987943e+01,  7.513862848282e-02
  1.173300001025e+01,  1.000007748604e+00,  2.454555004467e+01,  7.646909356117e-02
  1.183300000429e+01,  9.999889135361e-01,  2.454556887974e+01,  7.525230199099e-02
  1.193300001323e+01,  9.999969601631e-01,  2.454556083311e+01,  7.600912451744e-02
  1.203300000727e+01,  1.000004529953e+00,  2.454555326332e+01,  7.362822443247e-02
  1.213300000131e+01,  1.000001311302e+00,  2.454555648197e+01,  7.367217540741e-02
  1.223300001025e+01,  9.999753832817e-01,  2.454558240999e+01,  7.352194935083e-02
  1.233300000429e+01,  9.999979138374e-01,  2.454555987943e+01,  7.381499558687e-02
  1.243300001323e+01,  9.999952316284e-01,  2.454556256164e+01,  7.484793663025e-02
  1.253300000727e+01,  9.999909996986e-01,  2.454556679357e+01,  7.304111123085e-02
  1.263300000131e+01,  9.999920725822e-01,  2.454556572069e+01,  7.312361896038e-02
  1.273300001025e+01,  9.999938011169e-01,  2.454556399215e+01,  7.488781958818e-02
  1.283300000429e+01,  9.999859929085e-01,  2.454557180036e+01,  7.473050802946e-02
  1.293300001323e+01,  1.000005602837e+00,  2.454555219044e+01,  7.302369922400e-02
  1.303300000727e+01,  1.000007033348e+00,  2.454555075992e+01,  7.241892814636e-02
  1.313300000131e+01,  1.000007748604e+00,  2.454555004467e+01,  7.365557551384e-02
  1.323300001025e+01,  9.999892115593e-01,  2.454556858171e+01,  7.374846935272e-02
  1.333300000429e+01,  1.000022530556e+00,  2.454553526272e+01,  7.277344167233e-02
  1.343300001323e+01,  1.000015377998e+00,  2.454554241527e+01,  7.190441340208e-02
  1.353300000727e+01,  9.999713897705e-01,  2.454558640350e+01,  7.386089116335e-02
  1.363300000131e+01,  1.000006198883e+00,  2.454555159439e+01,  7.172149419785e-02
  1.373300001025e+01,  1.000002264977e+00,  2.454555552830e+01,  7.277731597424e-02
  1.383300000429e+01,  1.000004053116e+00,  2.454555374016e+01,  7.617384940386e-02
  1.393300001323e+01,  1.000030755997e+00,  2.454552703728e+01,  7.415802031755e-02
  1.403300000727e+01,  1.000008344650e+00,  2.454554944862e+01,  7.370499521494e-02
  1.413300000131e+01,  9.999851584435e-01,  2.454557263483e+01,  7.318852096796e-02
  1.423300001025e+01,  9.999996423721e-01,  2.454555815090e+01,  7.336111366749e-02
  1.433300000429e+01,  9.999948143959e-01,  2.454556297888e+01,  7.562365382910e-02
  1.443300001323e+01,  9.999598860741e-01,  2.454559790720e+01,  7.700778543949e-02
  1.453300000727e+01,  9.999676942825e-01,  2.454559009899e+01,  7.386669516563e-02
  1.463300000131e+01,  1.000006198883e+00,  2.454555159439e+01,  7.402069866657e-02
  1.473300001025e+01,  1.000018239021e+00,  2.454553955425e+01,  7.482083886862e-02
  1.483300000429e+01,  9.999864697456e-01,  2.454557132353e+01,  7.583458721638e-02
  1.493300001323e+01,  1.000017285347e+00,  2.454554050792e+01,  7.312393188477e-02
  1.503300000727e+01,  1.000016689301e+00,  2.454554110397e+01,  7.333672046661e-02
  1.513300000131e+01,  1.000036001205e+00,  2.454552179207e+01,  7.440880686045e-02
  1.523300001025e+01,  9.999826550484e-01,  2.454557513822e+01,  7.193186879158e-02
  1.533300000429e+01,  1.000019788742e+00,  2.454553800453e+01,  7.393825054169e-02
  1.543300001323e+01,  1.000030159950e+00,  2.454552763332e+01,  7.351098954678e-02
  1.553300000727e+01,  1.000005364418e+00,  2.454555242885e+01,  7.252143323421e-02
  1.563300000131e+01,  1.000011324883e+00,  2.454554646839e+01,  7.492977380753e-02
  1.573300001025e+01,  9.999785423279e-01,  2.454557925094e+01,  7.444268465042e-02
  1.583300000429e+01,  9.999975562096e-01,  2.454556023706e+01,  7.533235102892e-02
  1.593300001323e+01,  1.000007033348e+00,  2.454555075992e+01,  7.376848161221e-02
  1.603300000727e+01,  1.000000715256e+00,  2.454555707802e+01,  7.404769212008e-02
  1.613300000131e+01,  9.999673962593e-01,  2.454559039701e+01,  7.354836165905e-02
  1.623300001025e+01,  9.999846220016e-01,  2.454557317127e+01,  7.412751019001e-02
  1.633300000429e+01,  9.999963641167e-01,  2.454556142916e+01,  7.294535636902e-02
  1.643300001323e+01,  9.999910593033e-01,  2.454556673397e+01,  7.366588711739e-02
  1.653300000727e+01,  1.000004529953e+00,  2.454555326332e+01,  7.424578070641e-02
  1.663300000131e+01,  9.999917745590e-01,  2.454556601871e+01,  7.412026822567e-02
  1.673300001025e+01,  9.999986886978e-01,  2.454555910457e+01,  7.480007410049e-02
  1.683300000429e+01,  1.000010490417e+00,  2.454554730285e+01,  7.403045892715e-02
  1.693300001323e+01,  1.000024914742e+00,  2.454553287853e+01,  7.594229280949e-02
  1.703300000727e+01,  1.000005483627e+00,  2.454555230964e+01,  7.386227697134e-02
  1.713300000131e+01,  1.000017762184e+00,  2.454554003109e+01,  7.539827376604e-02
  1.723300001025e+01,  1.000024795532e+00,  2.454553299774e+01,  7.555893063545e-02
  1.733300000429e+01,  9.999936223030e-01,  2.454556417097e+01,  7.416330277920e-02
  1.743300001323e+01,  1.000007748604e+00,  2.454555004467e+01,  7.226105779409e-02
  1.753300000727e+01,  9.999983906746e-01,  2.454555940260e+01,  7.440870255232e-02
  1.763300000131e+01,  9.999849796295e-01,  2.454557281364e+01,  7.550114393234e-02
  1.773300001025e+01,  1.000005245209e+00,  2.454555254806e+01,  7.502389699221e-02
  1.783300000429e+01,  9.999793767929e-01,  2.454557841648e+01,  7.683985680342e-02
  1.793300001323e+01,  1.000020861626e+00,  2.454553693165e+01,  7.453618198633e-02
  1.803300000727e+01,  9.999887943268e-01,  2.454556899895e+01,  7.404848188162e-02
  1.813300000131e+01,  1.000001430511e+00,  2.454555636276e+01,  7.352784276009e-02
  1.823300001025e+01,  1.000028252602e+00,  2.454552954067e+01,  7.427503168583e-02
  1.833300000429e+01,  1.000016450882e+00,  2.454554134239e+01,  7.551592588425e-02
  1.843300001323e+01,  1.000025868416e+00,  2.454553192486e+01,  7.580105960369e-02
  1.853300000727e+01,  9.999997019768e-01,  2.454555809130e+01,  7.397067546844e-02
  1.863300000131e+01,  1.000033497810e+00,  2.454552429546e+01,  7.516869157553e-02
  1.873300001025e+01,  1.000002741814e+00,  2.454555505146e+01,  7.447876036167e-02
  1.883300000429e+01,  1.000013589859e+00,  2.454554420341e+01,  7.510027289391e-02
  1.893300001323e+01,  1.000001549721e+00,  2.454555624355e+01,  7.467281073332e-02
  1.903300000727e+01,  9.999920129776e-01,  2.454556578029e+01,  7.766064256430e-02
  1.913300000131e+01,  1.000027418137e+00,  2.454553037514e+01,  7.480368763208e-02
  1.923300001025e+01,  9.999960064888e-01,  2.454556178678e+01,  7.339929044247e-02
  1.933300000429e+01,  1.000010848045e+00,  2.454554694523e+01,  7.633933424950e-02
  1.943300001323e+01,  9.999901652336e-01,  2.454556762804e+01,  7.439338415861e-02
  1.953300000727e+01,  9.999929666519e-01,  2.454556482662e+01,  7.555867731571e-02
  1.963300000131e+01,  1.000027298927e+00,  2.454553049434e+01,  7.556983828545e-02
  1.973300001025e+01,  1.000015854836e+00,  2.454554193844e+01,  7.561141252518e-02
  1.983300000429e+01,  1.000006794930e+00,  2.454555099834e+01,  7.493616640568e-02
  1.993300001323e+01,  1.000014424324e+00,  2.454554336895e+01,  7.779000699520e-02
  2.003300000727e+01,  9.999945759773e-01,  2.454556321729e+01,  7.408773899078e-02
  2.013300000131e+01,  9.999908208847e-01,  2.454556697239e+01,  7.565531134605e-02
  2.023300001025e+01,  1.000005006790e+00,  2.454555278648e+01,  7.601429522038e-02
  2.033300000429e+01,  1.000022768974e+00,  2.454553502430e+01,  7.455842196941e-02
  2.043300001323e+01,  9.999980330467e-01,  2.454555976023e+01,  7.502668350935e-02
  2.053300000727e+01,  9.999924302101e-01,  2.454556536306e+01,  7.530890405178e-02
  2.063300000131e+01,  1.000006914139e+00,  2.454555087913e+01,  7.684991508722e-02
  2.073300001025e+01,  9.999794960022e-01,  2.454557829727e+01,  7.592511922121e-02
  2.083300000429e+01,  9.999973773956e-01,  2.454556041588e+01,  7.527574151754e-02
  2.093300001323e+01,  1.000012397766e+00,  2.454554539551e+01,  7.489047944546e-02
  2.103300000727e+01,  9.999899864197e-01,  2.454556780685e+01,  7.532983273268e-02
  2.113300000131e+01,  1.000006318092e+00,  2.454555147518e+01,  7.280493527651e-02
  2.123300001025e+01,  1.000008106232e+00,  2.454554968704e+01,  7.482808828354e-02
  2.133300000429e+01,  1.000015020370e+00,  2.454554277290e+01,  7.702617347240e-02
  2.143300001323e+01,  1.000000476837e+00,  2.454555731643e+01,  7.293922454119e-02
  2.153300000727e+01,  1.000025272369e+00,  2.454553252090e+01,  7.417241483927e-02
  2.163300000131e+01,  1.000022053719e+00,  2.454553573955e+01,  7.551452517509e-02
  2.173300001025e+01,  1.000000476837e+00,  2.454555731643e+01,  7.525781542063e-02
  2.183300000429e+01,  9.999651908875e-01,  2.454559260238e+01,  7.582471519709e-02
  2.193300001323e+01,  1.000029444695e+00,  2.454552834858e+01,  7.583790272474e-02
  2.203300000727e+01,  9.999831318855e-01,  2.454557466139e+01,  7.456004619598e-02
  2.213300000131e+01,  9.999824762344e-01,  2.454557531704e+01,  7.322534173727e-02
  2.223300001025e+01,  9.999895691872e-01,  2.454556822408e+01,  7.382216304541e-02
  2.233300000429e+01,  1.000017166138e+00,  2.454554062713e+01,  7.497829198837e-02
  2.243300001323e+01,  1.000005006790e+00,  2.454555278648e+01,  7.322199642658e-02
  2.253300000727e+01,  1.000027060509e+00,  2.454553073276e+01,  7.252888381481e-02
  2.263300000131e+01,  1.000012993813e+00,  2.454554479946e+01,  7.148212194443e-02
  2.273300001025e+01,  9.999880790710e-01,  2.454556971420e+01,  7.408601790667e-02
  2.283300000429e+01,  1.000018358231e+00,  2.454553943504e+01,  7.363833487034e-02
  2.293300001323e+01,  9.999911785126e-01,  2.454556661476e+01,  7.389682531357e-02
  2.303300000727e+01,  1.000007867813e+00,  2.454554992546e+01,  7.188212871552e-02
  2.313300000131e+01,  1.000004053116e+00,  2.454555374016e+01,  7.085726410151e-02
  2.323300001025e+01,  9.999827742577e-01,  2.454557501901e+01,  7.163117080927e-02
  2.333300000429e+01,  1.000018596649e+00,  2.454553919662e+01,  7.374653965235e-02
  2.343300001323e+01,  1.000016570091e+00,  2.454554122318e+01,  7.336802780628e-02
  2.353300000727e+01,  1.000019311905e+00,  2.454553848137e+01,  7.419470697641e-02
  2.363300000131e+01,  9.999859333038e-01,  2.454557185997e+01,  7.633431255817e-02
  2.373300001025e+01,  1.000029325485e+00,  2.454552846779e+01,  7.510863244534e-02
  2.383300000429e+01,  1.000027537346e+00,  2.454553025593e+01,  7.505580782890e-02
  2.393300001323e+01,  9.999931454659e-01,  2.454556464781e+01,  7.246410846710e-02
  2.403300000727e+01,  9.999985098839e-01,  2.454555928339e+01,  7.403473556042e-02
  2.413300000131e+01,  1.000019192696e+00,  2.454553860058e+01,  7.263380289078e-02
  2.423300001025e+01,  1.000007748604e+00,  2.454555004467e+01,  7.386459410191e-02
  2.433300000429e+01,  9.999769330025e-01,  2.454558086027e+01,  7.394239306450e-02
  2.443300001323e+01,  1.000012159348e+00,  2.454554563392e+01,  7.398816943169e-02
  2.453300000727e+01,  1.000030159950e+00,  2.454552763332e+01,  7.634584605694e-02
  2.463300000131e+01,  9.999980330467e-01,  2.454555976023e+01,  7.443077862263e-02
  2.473300001025e+01,  9.999815821648e-01,  2.454557621111e+01,  7.588135451078e-02
  2.483300000429e+01,  9.999970197678e-01,  2.454556077350e+01,  7.382812350988e-02
  2.493300001323e+01,  9.999882578850e-01,  2.454556953539e+01,  7.427529990673e-02
  2.503300000727e+01,  1.000009894371e+00,  2.454554789890e+01,  7.390428334475e-02
  2.513300000131e+01,  1.000004768372e+00,  2.454555302490e+01,  7.358567416668e-02
  2.523300001025e+01,  9.999946355820e-01,  2.454556315769e+01,  7.374349236488e-02
  2.533300000429e+01,  1.000014543533e+00,  2.454554324974e+01,  7.388970255852e-02
  2.543300001323e+01,  1.000002622604e+00,  2.454555517067e+01,  7.530190795660e-02
  2.553300000727e+01,  9.999969601631e-01,  2.454556083311e+01,  7.400912046432e-02
  2.563300000131e+01,  9.999777674675e-01,  2.454558002580e+01,  7.252362370491e-02
  2.573300001025e+01,  9.999843239784e-01,  2.454557346929e+01,  7.361418008804e-02
  2.583300000429e+01,  1.000017762184e+00,  2.454554003109e+01,  7.382926344872e-02
  2.593300001323e+01,  1.000026106834e+00,  2.454553168644e+01,  7.351316511631e-02
  2.603300000727e+01,  1.000027537346e+00,  2.454553025593e+01,  7.139698415995e-02
  2.613300000131e+01,  9.999870657921e-01,  2.454557072748e+01,  7.447812706232e-02
  2.623300001025e+01,  9.999996423721e-01,  2.454555815090e+01,  7.253408432007e-02
  2.633300000429e+01,  9.999780654907e-01,  2.454557972778e+01,  7.383336871862e-02
  2.643300001323e+01,  1.000005722046e+00,  2.454555207123e+01,  7.260990887880e-02
  2.653300000727e+01,  9.999936223030e-01,  2.454556417097e+01,  7.246822118759e-02
  2.663300000131e+01,  1.000011324883e+00,  2.454554646839e+01,  7.351110875607e-02
  2.673300001025e+01,  9.999966621399e-01,  2.454556113113e+01,  7.382193952799e-02
  2.683300000429e+01,  9.999862313271e-01,  2.454557156194e+01,  7.344163954258e-02
  2.693300001323e+01,  9.999918937683e-01,  2.454556589950e+01,  7.418128103018e-02
  2.703300000727e+01,  1.000018835068e+00,  2.454553895820e+01,  7.549576461315e-02
  2.713300000131e+01,  1.000016212463e+00,  2.454554158081e+01,  7.440085709095e-02
  2.723300001025e+01,  1.000002384186e+00,  2.454555540909e+01,  7.367958873510e-02
  2.733300000429e+01,  1.000042438507e+00,  2.454551535476e+01,  7.461231201887e-02
  2.743300001323e+01,  1.000002503395e+00,  2.454555528988e+01,  7.371854037046e-02
  2.753300000727e+01,  9.999930858612e-01,  2.454556470741e+01,  7.656158506870e-02
  2.763300000131e+01,  1.000021219254e+00,  2.454553657402e+01,  7.394440472126e-02
  2.773300001025e+01,  9.999849796295e-01,  2.454557281364e+01,  7.424901425838e-02
  2.783300000429e+01,  9.999995827675e-01,  2.454555821050e+01,  7.300996780396e-02
  2.793300001323e+01,  9.999779462814e-01,  2.454557984699e+01,  7.322409003973e-02
  2.803300000727e+01,  9.999806880951e-01,  2.454557710518e+01,  7.165853679180e-02
  2.813300000131e+01,  9.999884366989e-01,  2.454556935657e+01,  7.274723052979e-02
  2.823300001025e+01,  1.000010251999e+00,  2.454554754127e+01,  7.364385575056e-02
  2.833300000429e+01,  1.000010251999e+00,  2.454554754127e+01,  7.322353124619e-02
  2.843300001323e+01,  9.999766349792e-01,  2.454558115829e+01,  7.412669062614e-02
  2.853300000727e+01,  1.000024795532e+00,  2.454553299774e+01,  7.368964701891e-02
  2.863300000131e+01,  9.999802708626e-01,  2.454557752241e+01,  7.636889070272e-02
  2.873300001025e+01,  9.999824762344e-01,  2.454557531704e+01,  7.525435090065e-02
  2.883300000429e+01,  1.000012040138e+00,  2.454554575313e+01,  7.768737524748e-02
  2.893300001323e+01,  9.999846816063e-01,  2.454557311167e+01,  7.650166749954e-02
  2.903300000727e+01,  1.000015258789e+00,  2.454554253448e+01,  7.705663889647e-02
  2.913300000131e+01,  9.999672770500e-01,  2.454559051622e+01,  7.576587796211e-02
  2.923300001025e+01,  9.999949336052e-01,  2.454556285967e+01,  7.332313060760e-02
  2.933300000429e+01,  9.999896287918e-01,  2.454556816448e+01,  7.567045092583e-02
  2.943300001323e+01,  1.000007748604e+00,  2.454555004467e+01,  7.292976230383e-02
  2.953300000727e+01,  9.999899268150e-01,  2.454556786646e+01,  7.465703040361e-02
  2.963300000131e+01,  9.999917745590e-01,  2.454556601871e+01,  7.454615086317e-02
  2.973300001025e+01,  9.999969601631e-01,  2.454556083311e+01,  7.387953251600e-02
  2.983300000429e+01,  1.000036358833e+00,  2.454552143444e+01,  7.283297181129e-02
  2.993300001323e+01,  1.000006437302e+00,  2.454555135597e+01,  7.185098528862e-02
  3.003300000727e+01,  9.999936223030e-01,  2.454556417097e+01,  7.409500330687e-02
  3.013300000131e+01,  1.000040054321e+00,  2.454551773895e+01,  7.615225017071e-02
  3.023300001025e+01,  1.000013113022e+00,  2.454554468025e+01,  7.233606278896e-02
  3.033300000429e+01,  9.999703168869e-01,  2.454558747639e+01,  7.178042083979e-02
  3.043300001323e+01,  9.999930262566e-01,  2.454556476702e+01,  7.345781475306e-02
  3.053300000727e+01,  1.000012755394e+00,  2.454554503788e+01,  7.144176959991e-02
  3.063300000131e+01,  1.000024676323e+00,  2.454553311695e+01,  7.411807775497e-02
  3.073300001025e+01,  9.999996423721e-01,  2.454555815090e+01,  7.185227423906e-02
  3.083300000429e+01,  1.000000715256e+00,  2.454555707802e+01,  7.198442518711e-02
  3.093300001323e+01,  1.000005125999e+00,  2.454555266727e+01,  7.473415136337e-02
  3.103300000727e+01,  9.999940991402e-01,  2.454556369413e+01,  7.297658920288e-02
  3.113300000131e+01,  9.999934434891e-01,  2.454556434978e+01,  7.643578946590e-02
  3.123300001025e+01,  9.999920129776e-01,  2.454556578029e+01,  7.451295107603e-02
  3.133300000429e+01,  1.000021696091e+00,  2.454553609718e+01,  7.494147121906e-02
  3.143300001323e+01,  1.000011086464e+00,  2.454554670681e+01,  7.242043316364e-02
  3.153300000727e+01,  1.000007033348e+00,  2.454555075992e+01,  7.381896674633e-02
  3.163300000131e+01,  1.000007510185e+00,  2.454555028309e+01,  7.527349889278e-02
  3.173300001025e+01,  1.000006675720e+00,  2.454555111755e+01,  7.697030156851e-02
  3.183300000429e+01,  9.999971985817e-01,  2.454556059469e+01,  7.420112192631e-02
  3.193300001323e+01,  1.000005602837e+00,  2.454555219044e+01,  7.458908110857e-02
  3.203300000727e+01,  1.000016331673e+00,  2.454554146160e+01,  7.446020096540e-02
  3.213300000131e+01,  1.000000834465e+00,  2.454555695881e+01,  7.382637262344e-02
  3.223300001025e+01,  1.000014424324e+00,  2.454554336895e+01,  7.265979796648e-02
  3.233300000429e+01,  9.999924898148e-01,  2.454556530346e+01,  7.243289053440e-02
  3.243300001323e+01,  9.999986886978e-01,  2.454555910457e+01,  7.270286977291e-02
  3.253300000727e+01,  1.000012278557e+00,  2.454554551472e+01,  7.079305499792e-02
  3.263300000131e+01,  9.999847412109e-01,  2.454557305206e+01,  7.247582823038e-02
  3.273300001025e+01,  9.999804496765e-01,  2.454557734360e+01,  7.171601057053e-02
  3.283300000429e+01,  9.999981522560e-01,  2.454555964102e+01,  7.364075630903e-02
  3.293300001323e+01,  9.999902248383e-01,  2.454556756843e+01,  7.438851147890e-02
  3.303300000727e+01,  9.999813437462e-01,  2.454557644953e+01,  7.363656163216e-02
  3.313300000131e+01,  1.000003457069e+00,  2.454555433620e+01,  7.248248904943e-02
  3.323300001025e+01,  9.999967813492e-01,  2.454556101192e+01,  7.180561125278e-02
  3.333300000429e+01,  1.000015139580e+00,  2.454554265369e+01,  7.089862227440e-02
  3.343300001323e+01,  1.000022888184e+00,  2.454553490509e+01,  7.235943526030e-02
  3.353300000727e+01,  1.000033497810e+00,  2.454552429546e+01,  7.029668986797e-02
  3.363300000131e+01,  9.999969005585e-01,  2.454556089271e+01,  7.327628880739e-02
  3.373300001025e+01,  1.000008225441e+00,  2.454554956783e+01,  7.280396670103e-02
  3.383300000429e+01,  1.000002264977e+00,  2.454555552830e+01,  7.159297168255e-02
  3.393300001323e+01,  9.999822378159e-01,  2.454557555546e+01,  7.315476983786e-02
  3.403300000727e+01,  9.999890923500e-01,  2.454556870092e+01,  7.286673784256e-02
  3.413300000131e+01,  9.999697804451e-01,  2.454558801283e+01,  7.331149280071e-02
  3.423300001025e+01,  1.000012755394e+00,  2.454554503788e+01,  7.286287844181e-02
  3.433300000429e+01,  1.000006675720e+00,  2.454555111755e+01,  7.248597592115e-02
  3.443300001323e+01,  1.000015854836e+00,  2.454554193844e+01,  7.402950525284e-02
  3.453300000727e+01,  1.000008106232e+00,  2.454554968704e+01,  7.288145273924e-02
  3.463300000131e+01,  1.000013828278e+00,  2.454554396499e+01,  7.280746847391e-02
  3.473300001025e+01,  1.000005722046e+00,  2.454555207123e+01,  7.141314446926e-02
  3.483300000429e+01,  1.000034451485e+00,  2.454552334179e+01,  7.387661933899e-02
  3.493300001323e+01,  1.000022053719e+00,  2.454553573955e+01,  7.307723909616e-02
  3.503300000727e+01,  1.000010490417e+00,  2.454554730285e+01,  7.217288017273e-02
  3.513300000131e+01,  1.000023603439e+00,  2.454553418983e+01,  7.102889567614e-02
  3.523300001025e+01,  1.000014781952e+00,  2.454554301132e+01,  7.147455960512e-02
  3.533300000429e+01,  9.999836683273e-01,  2.454557412494e+01,  7.349658757448e-02
  3.543300001323e+01,  1.000010132790e+00,  2.454554766048e+01,  7.219038158655e-02
  3.553300000727e+01,  1.000004410744e+00,  2.454555338253e+01,  6.998286396265e-02
  3.563300000131e+01,  9.999954700470e-01,  2.454556232322e+01,  7.229769974947e-02
  3.573300001025e+01,  1.000002264977e+00,  2.454555552830e+01,  7.113408297300e-02
  3.583300000429e+01,  9.999780058861e-01,  2.454557978739e+01,  7.169539481401e-02
  3.593300001323e+01,  9.999836087227e-01,  2.454557418455e+01,  7.505263388157e-02
  3.603300000727e+01,  9.999702572823e-01,  2.454558753599e+01,  7.169637084007e-02
  3.613300000131e+01,  9.999825954437e-01,  2.454557519783e+01,  7.293972373009e-02
  3.623300001025e+01,  9.999943971634e-01,  2.454556339611e+01,  7.287810742855e-02
  3.633300000429e+01,  1.000014662743e+00,  2.454554313053e+01,  7.176508754492e-02
  3.643300001323e+01,  9.999845027924e-01,  2.454557329048e+01,  7.169722765684e-02
  3.653300000727e+01,  1.000004649162e+00,  2.454555314411e+01,  7.143789529800e-02
  3.663300000131e+01,  1.000009655952e+00,  2.454554813732e+01,  7.096816599369e-02
  3.673300001025e+01,  1.000013351440e+00,  2.454554444183e+01,  6.934434920549e-02
  3.683300000429e+01,  1.000005722046e+00,  2.454555207123e+01,  7.291958481073e-02
  3.693300001323e+01,  9.999840259552e-01,  2.454557376732e+01,  7.100286334753e-02
  3.703300000727e+01,  1.000008940697e+00,  2.454554885258e+01,  7.230111211538e-02
  3.713300000131e+01,  9.999977350235e-01,  2.454556005825e+01,  7.306583970785e-02
  3.723300001025e+01,  1.000022530556e+00,  2.454553526272e+01,  7.453798502684e-02
  3.733300000429e+01,  1.000007867813e+00,  2.454554992546e+01,  7.471043616533e-02
  3.743300001323e+01,  9.999779462814e-01,  2.454557984699e+01,  7.244012504816e-02
  3.753300000727e+01,  9.999933838844e-01,  2.454556440939e+01,  7.383456081152e-02
  3.763300000131e+01,  9.999861121178e-01,  2.454557168115e+01,  7.466772198677e-02
  3.773300001025e+01,  1.000004768372e+00,  2.454555302490e+01,  7.260125875473e-02
  3.783300000429e+01,  9.999704957008e-01,  2.454558729757e+01,  7.413095235825e-02
  3.793300001323e+01,  9.999884963036e-01,  2.454556929697e+01,  7.517767697573e-02
  3.803300000727e+01,  9.999887347221e-01,  2.454556905855e+01,  7.312448322773e-02
  3.813300000131e+01,  1.000041961670e+00,  2.454551583160e+01,  7.232745736837e-02
  3.823300001025e+01,  9.999828934669e-01,  2.454557489980e+01,  7.339417934418e-02
  3.833300000429e+01,  1.000026583672e+00,  2.454553120960e+01,  7.469202578068e-02
  3.843300001323e+01,  1.000007629395e+00,  2.454555016388e+01,  7.519246637821e-02
  3.853300000727e+01,  1.000003933907e+00,  2.454555385937e+01,  7.423984259367e-02
  3.863300000131e+01,  9.999889135361e-01,  2.454556887974e+01,  7.421758770943e-02
  3.873300001025e+01,  1.000004768372e+00,  2.454555302490e+01,  7.376634329557e-02
  3.883300000429e+01,  1.000020861626e+00,  2.454553693165e+01,  7.452759146690e-02
  3.893300001323e+01,  9.999976158142e-01,  2.454556017746e+01,  7.470086961985e-02
  3.903300000727e+01,  9.999893307686e-01,  2.454556846250e+01,  7.274395227432e-02
  3.913300000131e+01,  9.999775886536e-01,  2.454558020462e+01,  7.572040706873e-02
  3.923300001025e+01,  1.000010728836e+00,  2.454554706444e+01,  7.525583356619e-02
  3.933300000429e+01,  9.999735951424e-01,  2.454558419813e+01,  7.477974891663e-02
  3.943300001323e+01,  1.000019192696e+00,  2.454553860058e+01,  7.183117419481e-02
  3.953300000727e+01,  9.999999403954e-01,  2.454555785288e+01,  7.414336502552e-02
  3.963300000131e+01,  9.999933838844e-01,  2.454556440939e+01,  7.356844842434e-02
  3.973300001025e+01,  9.999938607216e-01,  2.454556393255e+01,  7.461809366941e-02
  3.983300000429e+01,  1.000000000000e+00,  2.454555779327e+01,  7.426323741674e-02
  3.993300001323e+01,  9.999949932098e-01,  2.454556280006e+01,  7.268358767033e-02
  4.003300000727e+01,  9.999806284904e-01,  2.454557716478e+01,  7.158492505550e-02
  4.013300000131e+01,  9.999961256981e-01,  2.454556166757e+01,  7.258703559637e-02
  4.023300001025e+01,  1.000009417534e+00,  2.454554837574e+01,  7.473248243332e-02
  4.033300000429e+01,  1.000034213066e+00,  2.454552358021e+01,  7.310735434294e-02
  4.043300001323e+01,  1.000010728836e+00,  2.454554706444e+01,  7.235430926085e-02
  4.053300000727e+01,  1.000008940697e+00,  2.454554885258e+01,  7.324559986591e-02
  4.063300000131e+01,  1.000005960464e+00,  2.454555183281e+01,  7.179222255945e-02
  4.073300001025e+01,  9.999955892563e-01,  2.454556220402e+01,  7.252460718155e-02
  4.083300000429e+01,  9.999585747719e-01,  2.454559921850e+01,  7.289189100266e-02
  4.093300001323e+01,  1.000006437302e+00,  2.454555135597e+01,  7.371693849564e-02
  4.103300000727e+01,  1.000025510788e+00,  2.454553228248e+01,  7.265687733889e-02
  4.113300000131e+01,  9.999957084656e-01,  2.454556208481e+01,  7.253524661064e-02
  4.123300001025e+01,  9.999840259552e-01,  2.454557376732e+01,  7.316864281893e-02
  4.133300000429e+01,  9.999850988388e-01,  2.454557269443e+01,  7.210990041494e-02
  4.143300001323e+01,  9.999951720238e-01,  2.454556262125e+01,  7.360561192036e-02
  4.153300000727e+01,  9.999818801880e-01,  2.454557591308e+01,  7.358121871948e-02
  4.163300000131e+01,  9.999906420708e-01,  2.454556715120e+01,  7.490760833025e-02
  4.173300001025e+01,  1.000000715256e+00,  2.454555707802e+01,  7.093272358179e-02
  4.183300000429e+01,  1.000009298325e+00,  2.454554849495e+01,  7.577172666788e-02
  4.193300001323e+01,  9.999935626984e-01,  2.454556423057e+01,  7.570265978575e-02
  4.203300000727e+01,  9.999961256981e-01,  2.454556166757e+01,  7.303503900766e-02
  4.213300000131e+01,  9.999799728394e-01,  2.454557782043e+01,  7.402192056179e-02
  4.223300001025e+01,  9.999867081642e-01,  2.454557108511e+01,  7.281535863876e-02
  4.233300000429e+01,  9.999761581421e-01,  2.454558163513e+01,  7.439171522856e-02
  4.243300001323e+01,  1.000033140182e+00,  2.454552465309e+01,  7.370802015066e-02
  4.253300000727e+01,  1.000018477440e+00,  2.454553931583e+01,  7.405170053244e-02
  4.263300000131e+01,  1.000008344650e+00,  2.454554944862e+01,  7.478080689907e-02
  4.273300001025e+01,  9.999815821648e-01,  2.454557621111e+01,  7.473503798246e-02
  4.283300000429e+01,  1.000021815300e+00,  2.454553597797e+01,  7.401998341084e-02
  4.293300001323e+01,  1.000007748604e+00,  2.454555004467e+01,  7.426072657108e-02
  4.303300000727e+01,  9.999913573265e-01,  2.454556643595e+01,  7.400527596474e-02
  4.313300000131e+01,  1.000004768372e+00,  2.454555302490e+01,  7.482179254293e-02
  4.323300001025e+01,  9.999851584435e-01,  2.454557263483e+01,  7.402231544256e-02
  4.333300000429e+01,  1.000015497208e+00,  2.454554229606e+01,  7.318601757288e-02
  4.343300001323e+01,  1.000030040741e+00,  2.454552775253e+01,  7.333362847567e-02
  4.353300000727e+01,  9.999883770943e-01,  2.454556941618e+01,  7.239338755608e-02
  4.363300000131e+01,  9.999873042107e-01,  2.454557048906e+01,  7.294172793627e-02
  4.373300001025e+01,  1.000001668930e+00,  2.454555612434e+01,  7.390624284744e-02
  4.383300000429e+01,  1.000019550323e+00,  2.454553824295e+01,  7.327997684479e-02
  4.393300001323e+01,  1.000002503395e+00,  2.454555528988e+01,  7.280017435551e-02
  4.403300000727e+01,  9.999960064888e-01,  2.454556178678e+01,  7.164926081896e-02
  4.413300000131e+01,  9.999974966049e-01,  2.454556029667e+01,  7.450164854527e-02
  4.423300001025e+01,  9.999688863754e-01,  2.454558890690e+01,  7.476244866848e-02
  4.433300000429e+01,  9.999845027924e-01,  2.454557329048e+01,  7.114106416702e-02
  4.443300001323e+01,  9.999820590019e-01,  2.454557573427e+01,  7.329452037811e-02
  4.453300000727e+01,  1.000024199486e+00,  2.454553359379e+01,  7.143311947584e-02
  4.463300000131e+01,  1.000014781952e+00,  2.454554301132e+01,  7.328975200653e-02
  4.473300001025e+01,  1.000006914139e+00,  2.454555087913e+01,  7.247199118137e-02
  4.483300000429e+01,  9.999681115150e-01,  2.454558968176e+01,  7.665218412876e-02
  4.493300001323e+01,  9.999500513077e-01,  2.454560774196e+01,  7.167204469442e-02
  4.503300000727e+01,  9.999834299088e-01,  2.454557436336e+01,  7.477983832359e-02
  4.513300000131e+01,  9.999824762344e-01,  2.454557531704e+01,  7.269363850355e-02
  4.523300001025e+01,  9.999688267708e-01,  2.454558896650e+01,  7.280222326517e-02
  4.533300000429e+01,  1.000023484230e+00,  2.454553430904e+01,  7.187824696302e-02
  4.543300001323e+01,  1.000013589859e+00,  2.454554420341e+01,  7.447523623705e-02
  4.553300000727e+01,  9.999710321426e-01,  2.454558676113e+01,  7.481253147125e-02
  4.563300000131e+01,  1.000009536743e+00,  2.454554825653e+01,  7.364407181740e-02
  4.573300001025e+01,  1.000004172325e+00,  2.454555362095e+01,  7.457817345858e-02
  4.583300000429e+01,  1.000017762184e+00,  2.454554003109e+01,  7.390826940536e-02
  4.593300001323e+01,  1.000004172325e+00,  2.454555362095e+01,  7.326178252697e-02
  4.603300000727e+01,  1.000036716461e+00,  2.454552107681e+01,  7.134096324444e-02
  4.613300000131e+01,  1.000021457672e+00,  2.454553633560e+01,  7.261816412210e-02
  4.623300001025e+01,  1.000017166138e+00,  2.454554062713e+01,  7.127695530653e-02
  4.633300000429e+01,  1.000000953674e+00,  2.454555683960e+01,  7.285263389349e-02
  4.643300001323e+01,  1.000000238419e+00,  2.454555755485e+01,  7.300027459860e-02
  4.653300000727e+01,  1.000007629395e+00,  2.454555016388e+01,  7.143671810627e-02
  4.663300000131e+01,  1.000013113022e+00,  2.454554468025e+01,  7.171564549208e-02
  4.673300001025e+01,  9.999725222588e-01,  2.454558527101e+01,  7.105777412653e-02
  4.683300000429e+01,  9.999716877937e-01,  2.454558610548e+01,  7.260014116764e-02
  4.693300001323e+01,  1.000018000603e+00,  2.454553979267e+01,  7.340882718563e-02
  4.703300000727e+01,  1.000020027161e+00,  2.454553776611e+01,  7.267850637436e-02
  4.713300000131e+01,  9.999872446060e-01,  2.454557054867e+01,  7.143182307482e-02
  4.723300001025e+01,  9.999843835831e-01,  2.454557340969e+01,  7.237293571234e-02
  4.733300000429e+01,  9.999836683273e-01,  2.454557412494e+01,  7.336740940809e-02
  4.743300001323e+01,  9.999933838844e-01,  2.454556440939e+01,  7.268685102463e-02
  4.753300000727e+01,  9.999913573265e-01,  2.454556643595e+01,  7.582773268223e-02
  4.763300000131e+01,  9.999998211861e-01,  2.454555797209e+01,  7.412602007389e-02
  4.773300001025e+01,  9.999914765358e-01,  2.454556631674e+01,  7.525566965342e-02
  4.783300000429e+01,  1.000006914139e+00,  2.454555087913e+01,  7.471154630184e-02
  4.793300001323e+01,  9.999687671661e-01,  2.454558902611e+01,  7.448360323906e-02
  4.803300000727e+01,  9.999958276749e-01,  2.454556196560e+01,  7.169219106436e-02
  4.813300000131e+01,  9.999831914902e-01,  2.454557460178e+01,  7.223460823298e-02
  4.823300001025e+01,  9.999980926514e-01,  2.454555970062e+01,  7.491233199835e-02
  4.833300000429e+01,  9.999859929085e-01,  2.454557180036e+01,  7.379861921072e-02
  4.843300001323e+01,  1.000024914742e+00,  2.454553287853e+01,  7.395844161510e-02
  4.853300000727e+01,  1.000018477440e+00,  2.454553931583e+01,  7.610535621643e-02
  4.863300000131e+01,  1.000014901161e+00,  2.454554289211e+01,  7.358104735613e-02
  4.873300001025e+01,  9.999610781670e-01,  2.454559671510e+01,  7.425173372030e-02
  4.883300000429e+01,  1.000001668930e+00,  2.454555612434e+01,  7.387164235115e-02
  4.893300001323e+01,  1.000014781952e+00,  2.454554301132e+01,  7.529591768980e-02
  4.903300000727e+01,  1.000043511391e+00,  2.454551428188e+01,  7.177570462227e-02
  4.913300000131e+01,  9.999969005585e-01,  2.454556089271e+01,  7.431986182928e-02
  4.923300001025e+01,  1.000005722046e+00,  2.454555207123e+01,  7.398427277803e-02
  4.933300000429e+01,  1.000003457069e+00,  2.454555433620e+01,  7.378908246756e-02
  4.943300001323e+01,  1.000018000603e+00,  2.454553979267e+01,  7.460431754589e-02
  4.953300000727e+01,  1.000022172928e+00,  2.454553562034e+01,  7.171341776848e-02
  4.963300000131e+01,  1.000010013580e+00,  2.454554777969e+01,  7.220016419888e-02
  4.973300001025e+01,  1.000000715256e+00,  2.454555707802e+01,  7.137715816498e-02
  4.983300000429e+01,  1.000032782555e+00,  2.454552501072e+01,  7.204485684633e-02
  4.993300001323e+01,  9.999872446060e-01,  2.454557054867e+01,  7.097665220499e-02
  5.003300000727e+01,  1.000022053719e+00,  2.454553573955e+01,  7.316785305738e-02
  5.013300000131e+01,  1.000051140785e+00,  2.454550665249e+01,  7.222516834736e-02
  5.023300001025e+01,  9.999977946281e-01,  2.454555999864e+01,  7.458320260048e-02
  5.033300000429e+01,  9.999758005142e-01,  2.454558199276e+01,  7.179670035839e-02
  5.043300001323e+01,  9.999984502792e-01,  2.454555934299e+01,  7.285801321268e-02
  5.053300000727e+01,  9.999927878380e-01,  2.454556500543e+01,  7.325304299593e-02
  5.063300000131e+01,  1.000006794930e+00,  2.454555099834e+01,  7.172847539186e-02
  5.073300001025e+01,  9.999893307686e-01,  2.454556846250e+01,  7.348274439573e-02
  5.083300000429e+01,  1.000012516975e+00,  2.454554527630e+01,  7.375388592482e-02
  5.093300001323e+01,  9.999924302101e-01,  2.454556536306e+01,  7.322545349598e-02
  5.103300000727e+01,  9.999868869781e-01,  2.454557090629e+01,  7.359517365694e-02
  5.113300000131e+01,  1.000014543533e+00,  2.454554324974e+01,  7.424673438072e-02
  5.123300001025e+01,  1.000000596046e+00,  2.454555719723e+01,  7.307267934084e-02
  5.133300000429e+01,  9.999725222588e-01,  2.454558527101e+01,  7.306572794914e-02
  5.143300001323e+01,  9.999896287918e-01,  2.454556816448e+01,  7.187049090862e-02
  5.153300000727e+01,  1.000007748604e+00,  2.454555004467e+01,  7.198979705572e-02
  5.163300000131e+01,  9.999784827232e-01,  2.454557931055e+01,  7.242379337549e-02
  5.173300001025e+01,  1.000017046928e+00,  2.454554074634e+01,  7.259805500507e-02
  5.183300000429e+01,  9.999983906746e-01,  2.454555940260e+01,  7.436697185040e-02
  5.193300001323e+01,  1.000001788139e+00,  2.454555600513e+01,  7.462607324123e-02
  5.203300000727e+01,  1.000000119209e+00,  2.454555767406e+01,  7.285993546247e-02
  5.213300000131e+01,  9.999772906303e-01,  2.454558050264e+01,  7.236971706152e-02
  5.223300001025e+01,  9.999824762344e-01,  2.454557531704e+01,  7.352124899626e-02
  5.233300000429e+01,  1.000005006790e+00,  2.454555278648e+01,  7.175481319427e-02
  5.243300001323e+01,  9.999899268150e-01,  2.454556786646e+01,  7.453878223896e-02
  5.253300000727e+01,  1.000011086464e+00,  2.454554670681e+01,  7.379743456841e-02
  5.263300000131e+01,  1.000015974045e+00,  2.454554181923e+01,  7.284583896399e-02
  5.273300001025e+01,  1.000004410744e+00,  2.454555338253e+01,  7.409052550793e-02
  5.283300000429e+01,  1.000021100044e+00,  2.454553669323e+01,  7.277966290712e-02
  5.293300001323e+01,  9.999914765358e-01,  2.454556631674e+01,  7.125851511955e-02
  5.303300000727e+01,  9.999835491180e-01,  2.454557424415e+01,  7.450905442238e-02
  5.313300000131e+01,  1.000002861023e+00,  2.454555493225e+01,  7.404775172472e-02
  5.323300001025e+01,  9.999904036522e-01,  2.454556738962e+01,  7.262447476387e-02
  5.333300000429e+01,  9.999922513962e-01,  2.454556554188e+01,  7.272036373615e-02
  5.343300001323e+01,  1.000015616417e+00,  2.454554217685e+01,  7.128670811653e-02
  5.353300000727e+01,  1.000012874603e+00,  2.454554491867e+01,  7.424852252007e-02
  5.363300000131e+01,  9.999935030937e-01,  2.454556429018e+01,  7.324569672346e-02
  5.373300001025e+01,  9.999970793724e-01,  2.454556071390e+01,  7.407115399837e-02
  5.383300000429e+01,  9.999769330025e-01,  2.454558086027e+01,  7.274828106165e-02
  5.393300001323e+01,  9.999900460243e-01,  2.454556774725e+01,  7.257270067930e-02
  5.403300000727e+01,  9.999927282333e-01,  2.454556506504e+01,  7.094546407461e-02
  5.413300000131e+01,  1.000015377998e+00,  2.454554241527e+01,  7.074627280235e-02
  5.423300001025e+01,  9.999808669090e-01,  2.454557692636e+01,  7.231107354164e-02
  5.433300000429e+01,  9.999989271164e-01,  2.454555886616e+01,  7.223188132048e-02
  5.443300001323e+01,  9.999986290932e-01,  2.454555916418e+01,  7.279609143734e-02
  5.453300000727e+01,  9.999745488167e-01,  2.454558324446e+01,  7.151669263840e-02
  5.463300000131e+01,  9.999939799309e-01,  2.454556381334e+01,  7.115994393826e-02
  5.473300001025e+01,  9.999850988388e-01,  2.454557269443e+01,  7.207902520895e-02
  5.483300000429e+01,  1.000015020370e+00,  2.454554277290e+01,  7.225011289120e-02
  5.493300001323e+01,  9.999969005585e-01,  2.454556089271e+01,  7.389634847641e-02
  5.503300000727e+01,  1.000019192696e+00,  2.454553860058e+01,  7.412273436785e-02
  5.513300000131e+01,  1.000029563904e+00,  2.454552822937e+01,  7.337306439877e-02
  5.523300001025e+01,  1.000002741814e+00,  2.454555505146e+01,  7.415488362312e-02
  5.533300000429e+01,  1.000009536743e+00,  2.454554825653e+01,  7.461703568697e-02
  5.543300001323e+01,  1.000012993813e+00,  2.454554479946e+01,  7.523769140244e-02
  5.553300000727e+01,  1.000009059906e+00,  2.454554873337e+01,  7.214481383562e-02
  5.563300000131e+01,  1.000011801720e+00,  2.454554599155e+01,  7.327826321125e-02
  5.573300001025e+01,  9.999962449074e-01,  2.454556154836e+01,  7.144800573587e-02
  5.583300000429e+01,  9.999806284904e-01,  2.454557716478e+01,  7.538092136383e-02
  5.593300001323e+01,  9.999559521675e-01,  2.454560184110e+01,  7.334931939840e-02
  5.603300000727e+01,  1.000013709068e+00,  2.454554408420e+01,  7.518255710602e-02
  5.613300000131e+01,  9.999726414680e-01,  2.454558515180e+01,  7.296102494001e-02
  5.623300001025e+01,  1.000014781952e+00,  2.454554301132e+01,  7.187295705080e-02
  5.633300000429e+01,  9.999969601631e-01,  2.454556083311e+01,  7.251631468534e-02
  5.643300001323e+01,  9.999988675117e-01,  2.454555892576e+01,  7.198127359152e-02
  5.653300000727e+01,  9.999984502792e-01,  2.454555934299e+01,  7.407831400633e-02
  5.663300000131e+01,  1.000015974045e+00,  2.454554181923e+01,  7.333243638277e-02
  5.673300001025e+01,  9.999987483025e-01,  2.454555904497e+01,  7.435254007578e-02
  5.683300000429e+01,  1.000059962273e+00,  2.454549783100e+01,  7.172483950853e-02
  5.693300001323e+01,  9.999970793724e-01,  2.454556071390e+01,  7.221973687410e-02
  5.703300000727e+01,  1.000003576279e+00,  2.454555421699e+01,  7.240863144398e-02
  5.713300000131e+01,  9.999946951866e-01,  2.454556309809e+01,  7.359195500612e-02
  5.723300001025e+01,  9.999814629555e-01,  2.454557633032e+01,  7.400836050510e-02
  5.733300000429e+01,  9.999693036079e-01,  2.454558848966e+01,  7.380708307028e-02
  5.743300001323e+01,  9.999862909317e-01,  2.454557150234e+01,  7.484780997038e-02
  5.753300000727e+01,  9.999775886536e-01,  2.454558020462e+01,  7.203491777182e-02
  5.763300000131e+01,  1.000011086464e+00,  2.454554670681e+01,  7.329364120960e-02
  5.773300001025e+01,  1.000013947487e+00,  2.454554384579e+01,  7.249451428652e-02
  5.783300000429e+01,  9.999935626984e-01,  2.454556423057e+01,  7.308393716812e-02
  5.793300001323e+01,  1.000004887581e+00,  2.454555290569e+01,  7.169049233198e-02
  5.803300000727e+01,  9.999890327454e-01,  2.454556876053e+01,  7.148277014494e-02
  5.813300000131e+01,  1.000029683113e+00,  2.454552811016e+01,  7.166062295437e-02
  5.823300001025e+01,  1.000007033348e+00,  2.454555075992e+01,  7.318338751793e-02
  5.833300000429e+01,  1.000021934509e+00,  2.454553585876e+01,  7.148239016533e-02
  5.843300001323e+01,  9.999875426292e-01,  2.454557025064e+01,  7.081217318773e-02
  5.853300000727e+01,  1.000006437302e+00,  2.454555135597e+01,  7.353668659925e-02
  5.863300000131e+01,  1.000021696091e+00,  2.454553609718e+01,  7.267236709595e-02
  5.873300001025e+01,  9.999902844429e-01,  2.454556750883e+01,  7.365344464779e-02
  5.883300000429e+01,  1.000003576279e+00,  2.454555421699e+01,  7.193239033222e-02
  5.893300001323e+01,  1.000022172928e+00,  2.454553562034e+01,  7.369591295719e-02
  5.903300000727e+01,  1.000016331673e+00,  2.454554146160e+01,  7.445772737265e-02
  5.913300000131e+01,  1.000003933907e+00,  2.454555385937e+01,  7.427465915680e-02
  5.923300001025e+01,  1.000002145767e+00,  2.454555564750e+01,  7.355207949877e-02
  5.933300000429e+01,  9.999786019325e-01,  2.454557919134e+01,  7.345437258482e-02
  5.943300001323e+01,  9.999913573265e-01,  2.454556643595e+01,  7.531844079494e-02
  5.953300000727e+01,  1.000002026558e+00,  2.454555576671e+01,  7.509166002274e-02
  5.963300000131e+01,  1.000025033951e+00,  2.454553275932e+01,  7.344347983599e-02
  5.973300001025e+01,  9.999957680702e-01,  2.454556202520e+01,  7.369199395180e-02
  5.983300000429e+01,  9.999829530716e-01,  2.454557484020e+01,  7.272170484066e-02
  5.993300001323e+01,  1.000029563904e+00,  2.454552822937e+01,  7.537236809731e-02
  6.003300000727e+01,  1.000023365021e+00,  2.454553442825e+01,  7.283633947372e-02
  6.013300000131e+01,  1.000000596046e+00,  2.454555719723e+01,  7.635762542486e-02
  6.023300001025e+01,  1.000042319298e+00,  2.454551547397e+01,  7.332241535187e-02
  6.033300000429e+01,  9.999994635582e-01,  2.454555832971e+01,  7.382787764072e-02
  6.043300001323e+01,  9.999920725822e-01,  2.454556572069e+01,  7.090727239847e-02
  6.053300000727e+01,  9.999719262123e-01,  2.454558586706e+01,  7.152596861124e-02
  6.063300000131e+01,  9.999963641167e-01,  2.454556142916e+01,  7.404828071594e-02
  6.073300001025e+01,  9.999623298645e-01,  2.454559546341e+01,  7.178692519665e-02
  6.083300000429e+01,  9.999971985817e-01,  2.454556059469e+01,  7.328785955906e-02
  6.093300001323e+01,  9.999923110008e-01,  2.454556548227e+01,  7.514255493879e-02
  6.103300000727e+01,  1.000004887581e+00,  2.454555290569e+01,  7.440257072449e-02
  6.113300000131e+01,  1.000026822090e+00,  2.454553097118e+01,  7.140336185694e-02
  6.123300001025e+01,  9.999994039536e-01,  2.454555838932e+01,  7.256652414799e-02
  6.133300000429e+01,  9.999953508377e-01,  2.454556244243e+01,  7.209026068449e-02
  6.143300001323e+01,  1.000007033348e+00,  2.454555075992e+01,  7.390887290239e-02
  6.151600000262e+01,  9.999887943268e-01,  2.454556899895e+01,  7.292217016220e-02
  6.151700000465e+01,  9.999842643738e-01,  2.454557352890e+01,  7.304185628891e-02
  6.152000001073e+01,  9.999864101410e-01,  2.454557138313e+01,  7.313023507595e-02
  6.162000000477e+01,  9.999795556068e-01,  2.454557823767e+01,  7.560850679874e-02
  6.170600000024e+01,  9.898513555527e-01,  2.455570643772e+01,  7.178280502558e-02
  6.172800000012e+01,  9.795488119125e-01,  2.456600898136e+01,  5.233357101679e-02
  6.173900000751e+01,  9.691632986069e-01,  2.457639449467e+01,  4.021612554789e-02
  6.174650000036e+01,  9.590390920639e-01,  2.458651870121e+01,  4.826370626688e-02
  6.175300000608e+01,  9.489110708237e-01,  2.459664672245e+01,  5.493942648172e-02
  6.175900000334e+01,  9.388898611069e-01,  2.460666793217e+01,  5.770889669657e-02
  6.176500000060e+01,  9.284909963608e-01,  2.461706679691e+01,  6.056276708841e-02
  6.177100001276e+01,  9.179357290268e-01,  2.462762206425e+01,  6.447855383158e-02
  6.177700001001e+01,  9.076207876205e-01,  2.463793700565e+01,  7.103792577982e-02
  6.178350000083e+01,  8.970578908920e-01,  2.464849990238e+01,  7.115391641855e-02
  6.179050000012e+01,  8.867467641830e-01,  2.465881102909e+01,  7.774142175913e-02
  6.179850000143e+01,  8.764165639877e-01,  2.466914122928e+01,  6.270007044077e-02
  6.180700001121e+01,  8.658103346825e-01,  2.467974745859e+01,  5.420040339231e-02
  6.181500001252e+01,  8.555297255516e-01,  2.469002806772e+01,  5.157708376646e-02
  6.182299999893e+01,  8.449324965477e-01,  2.470062529672e+01,  4.589986056089e-02
  6.183050000668e+01,  8.343886733055e-01,  2.471116911997e+01,  4.250454157591e-02
  6.183750000596e+01,  8.241156935692e-01,  2.472144209970e+01,  4.807590693235e-02
  6.184450000525e+01,  8.140410780907e-01,  2.473151671518e+01,  5.344127863646e-02
  6.185200001299e+01,  8.039245009422e-01,  2.474163329233e+01,  5.420511215925e-02
  6.186050000787e+01,  7.935332655907e-01,  2.475202452768e+01,  5.555343627930e-02
  6.187000000477e+01,  7.833251357079e-01,  2.476223265756e+01,  5.251820385456e-02
  6.188100001216e+01,  7.732524275780e-01,  2.477230536569e+01,  5.080194771290e-02
  6.189350000024e+01,  7.632064223289e-01,  2.478235137094e+01,  3.470583260059e-02
  6.190500000119e+01,  7.530402541161e-01,  2.479251753916e+01,  2.868719398975e-02
  6.191550000012e+01,  7.426223158836e-01,  2.480293547739e+01,  2.838006615639e-02
  6.192500001192e+01,  7.325705885887e-01,  2.481298720468e+01,  3.011956810951e-02
  6.193450000882e+01,  7.224768996239e-01,  2.482308089365e+01,  3.189864754677e-02
  6.194449999928e+01,  7.121695876122e-01,  2.483338820566e+01,  3.197509050369e-02
  6.195500001311e+01,  7.018203139305e-01,  2.484373747934e+01,  2.994209900498e-02
  6.196550001204e+01,  6.918010115623e-01,  2.485375678171e+01,  2.605587616563e-02
  6.197650000453e+01,  6.814097762108e-01,  2.486414801706e+01,  2.379715815187e-02
  6.198750001192e+01,  6.709460616112e-01,  2.487461173166e+01,  2.238637581468e-02
  6.199800001085e+01,  6.608886122704e-01,  2.488466918100e+01,  2.065027877688e-02
  6.200850000978e+01,  6.507319808006e-01,  2.489482581247e+01,  2.058723196387e-02
  6.201900000870e+01,  6.405104994774e-01,  2.490504729379e+01,  1.627874001861e-02
  6.202899999917e+01,  6.303519606590e-01,  2.491520583261e+01,  1.273709256202e-02
  6.203850001097e+01,  6.202163100243e-01,  2.492534148325e+01,  1.100176293403e-02
  6.204800000787e+01,  6.096610426903e-01,  2.493589675058e+01,  1.220738608390e-02
  6.205700001121e+01,  5.996203422546e-01,  2.494593745102e+01,  1.339452154934e-02
  6.206650000811e+01,  5.892786979675e-01,  2.495627909530e+01,  1.561364717782e-02
  6.207650001347e+01,  5.790514945984e-01,  2.496650629867e+01,  1.459947414696e-02
  6.208700001240e+01,  5.689406394958e-01,  2.497661715378e+01,  9.404810145497e-03
  6.209800000489e+01,  5.585150718689e-01,  2.498704272140e+01,  3.996523097157e-03
  6.210850000381e+01,  5.483202934265e-01,  2.499723749985e+01,  1.412780955434e-03
  6.211850000918e+01,  5.382609367371e-01,  2.500729685653e+01, -7.273073424585e-05
  6.212849999964e+01,  5.280261039734e-01,  2.501753168930e+01,  1.615526154637e-03
  6.213850000501e+01,  5.178675651550e-01,  2.502769022812e+01,  2.052308991551e-03
  6.214900000393e+01,  5.075430870056e-01,  2.503801470627e+01,  4.064459062647e-04
  6.215950000286e+01,  4.974150955677e-01,  2.504814269770e+01, -2.472458407283e-03
  6.217000000179e+01,  4.872355759144e-01,  2.505832221736e+01, -5.482254549861e-03
  6.218050000072e+01,  4.768328964710e-01,  2.506872489680e+01, -7.178841158748e-03
  6.219050000608e+01,  4.667544662952e-01,  2.507880332698e+01, -7.672293111682e-03
  6.220050001144e+01,  4.566150009632e-01,  2.508894279231e+01, -7.984405383468e-03
  6.221050000191e+01,  4.464602768421e-01,  2.509909751643e+01, -9.258395060897e-03
  6.222050000727e+01,  4.363360702991e-01,  2.510922172297e+01, -9.584313258529e-03
  6.223100000620e+01,  4.258609116077e-01,  2.511969688166e+01, -1.250160299242e-02
  6.224150000513e+01,  4.154773056507e-01,  2.513008048762e+01, -1.475871168077e-02
  6.225200000405e+01,  4.050708115101e-01,  2.514048698176e+01, -1.739824377000e-02
  6.226250000298e+01,  3.945880234241e-01,  2.515096976985e+01, -1.872253976762e-02
  6.227250000834e+01,  3.844905197620e-01,  2.516106727351e+01, -1.937902532518e-02
  6.228249999881e+01,  3.742709457874e-01,  2.517128684748e+01, -1.917885802686e-02
  6.229250000417e+01,  3.639560043812e-01,  2.518160178889e+01, -1.908367313445e-02
  6.230250000954e+01,  3.537053763866e-01,  2.519185241689e+01, -1.948037371039e-02
  6.231300000846e+01,  3.432187736034e-01,  2.520233901967e+01, -2.238621935248e-02
  6.232350000739e+01,  3.328809440136e-01,  2.521267684926e+01, -2.660241350532e-02
  6.233350001276e+01,  3.228673636913e-01,  2.522269042958e+01, -2.810467407107e-02
  6.234350000322e+01,  3.127011954784e-01,  2.523285659779e+01, -2.891595289111e-02
  6.235350000858e+01,  3.024015128613e-01,  2.524315628041e+01, -2.773271128535e-02
  6.236349999905e+01,  2.920713126659e-01,  2.525348648061e+01, -2.791721187532e-02
  6.237350000441e+01,  2.819127738476e-01,  2.526364501942e+01, -2.828002534807e-02
  6.238400000334e+01,  2.715425193310e-01,  2.527401527394e+01, -3.006280027330e-02
  6.239450000226e+01,  2.614068686962e-01,  2.528415092458e+01, -3.311384469271e-02
  6.240500000119e+01,  2.513017356396e-01,  2.529425605763e+01, -3.654373437166e-02
  6.241550000012e+01,  2.409791648388e-01,  2.530457862843e+01, -3.639216721058e-02
  6.242599999905e+01,  2.305307090282e-01,  2.531502708424e+01, -3.636746108532e-02
  6.243650001287e+01,  2.200975120068e-01,  2.532546028127e+01, -3.715157508850e-02
  6.244700001180e+01,  2.096490561962e-01,  2.533590873708e+01, -3.762592375278e-02
  6.245750001073e+01,  1.992082297802e-01,  2.534634956349e+01, -3.876304626465e-02
  6.246800000966e+01,  1.887292563915e-01,  2.535682853688e+01, -4.029035568237e-02
  6.247800000012e+01,  1.786737143993e-01,  2.536688407887e+01, -4.081207513809e-02
  6.248800000548e+01,  1.685151755810e-01,  2.537704261769e+01, -4.150013625622e-02
  6.249800001085e+01,  1.583223044872e-01,  2.538723548878e+01, -4.105851054192e-02
  6.250800000131e+01,  1.482400596142e-01,  2.539731773366e+01, -4.169799387455e-02
  6.251850000024e+01,  1.379136741161e-01,  2.540764411916e+01, -4.458667337894e-02
  6.252899999917e+01,  1.276635825634e-01,  2.541789421071e+01, -4.787208139896e-02
  6.253950001299e+01,  1.172380074859e-01,  2.542831978579e+01, -4.897011816502e-02
  6.254950000346e+01,  1.071176156402e-01,  2.543844017763e+01, -4.914523288608e-02
  6.255950000882e+01,  9.692314267159e-02,  2.544863465060e+01, -4.937571659684e-02
  6.256949999928e+01,  8.666923642159e-02,  2.545888855685e+01, -4.920411482453e-02
  6.257950000465e+01,  7.653358578682e-02,  2.546902420749e+01, -4.871568456292e-02
  6.259000000358e+01,  6.619003415108e-02,  2.547936775912e+01, -5.079141631722e-02
  6.260050000250e+01,  5.603149533272e-02,  2.548952629794e+01, -5.502716079354e-02
  6.261100000143e+01,  4.556968808174e-02,  2.549998810519e+01, -5.597964301705e-02
  6.262100000679e+01,  3.549888730049e-02,  2.551005890597e+01, -5.244055762887e-02
  6.263150000572e+01,  2.549865841866e-02,  2.552005913485e+01, -4.795733466744e-02
  6.264400000870e+01,  1.528862118721e-02,  2.553026917208e+01, -4.515602812171e-02
  6.266250000894e+01,  5.199700593948e-03,  2.554035809268e+01, -4.468744620681e-02
  6.267300000787e+01,  2.147942781448e-03,  2.554340985049e+01, -4.817407950759e-02
  6.267400000989e+01,  1.925736782141e-03,  2.554363205649e+01, -4.843824729323e-02
  6.268200001121e+01,  4.775823035743e-04,  2.554508021097e+01, -5.080717429519e-02
  6.268500000238e+01,  5.510459232028e-05,  2.554550268868e+01, -5.158918723464e-02
  6.297600001097e+01, -2.126068342477e-03,  2.554768386161e+01, -3.847232833505e-02
  6.297700001299e+01, -2.119794953614e-03,  2.554767758823e+01, -3.839293494821e-02
