           Test time,     Standard travel,     Tool separation,      Standard force
                 0.0,                 0.0,  1.576563903641e+01, -8.860436268151e-03
                 0.0,                 0.0,  1.576563786667e+01, -8.763876743615e-03
                 0.0,                 0.0,  1.576564517569e+01, -6.935921031982e-03
                 0.0,                 0.0,  1.576564723205e+01, -6.159153301269e-03
                 0.0,                 0.0,  1.576564273935e+01, -6.020393688232e-03
                 0.0,                 0.0,  1.584111357322e+01, -8.432101458311e-03
  0.000000000000e+00,  0.000000000000e+00,  1.584110911889e+01, -8.760880678892e-03
  8.000001311302e-03, -9.067822247744e-06,  1.584111818671e+01, -1.071638986468e-02
  1.100000739098e-02, -1.235189847648e-05,  1.584112147078e+01, -1.074982807040e-02
  1.300001144409e-02, -9.792624041438e-06,  1.584111891151e+01, -1.058531925082e-02
  1.399999856949e-02, -8.423579856753e-06,  1.584111754247e+01, -1.050759479403e-02
  1.140000075102e-01,  1.865788362920e-05,  1.584109046100e+01, -8.008121512830e-03
  2.145000100136e-01,  2.385880861766e-06,  1.584110673300e+01, -8.743863552809e-03
  3.149999976158e-01, -1.200200495077e-05,  1.584112112089e+01, -6.834383588284e-03
  4.150000065565e-01, -8.728289685678e-06,  1.584111784718e+01, -7.698989938945e-03
  5.155000090599e-01,  1.230135239894e-05,  1.584109681753e+01, -8.677772246301e-03
  6.160000115633e-01,  2.099711680785e-03,  1.583900940720e+01, -7.808885071427e-03
  6.605000048876e-01,  1.223540119827e-02,  1.582887371769e+01,  1.061592018232e-03
  6.770000010729e-01,  2.247500233352e-02,  1.581863411655e+01,  1.630130782723e-02
  6.864999979734e-01,  3.265452012420e-02,  1.580845459876e+01,  2.290490642190e-02
  6.940000057220e-01,  4.308390244842e-02,  1.579802521644e+01,  1.591065898538e-02
  7.005000114441e-01,  5.316614732146e-02,  1.578794297156e+01,  1.148179545999e-02
  7.070000022650e-01,  6.385874748230e-02,  1.577725037140e+01,  9.014640003443e-03
  7.129999995232e-01,  7.396769523621e-02,  1.576714142365e+01,  7.110151927918e-03
  7.190000116825e-01,  8.407282829285e-02,  1.575703629059e+01,  4.009756725281e-03
  7.255000025034e-01,  9.467387199402e-02,  1.574643524689e+01,  4.859420936555e-03
  7.325000017881e-01,  1.053397655487e-01,  1.573576935334e+01, -1.114633167163e-03
  7.400000095367e-01,  1.155021190643e-01,  1.572560699982e+01,  1.222917810082e-02
  7.480000108480e-01,  1.257064342499e-01,  1.571540268464e+01,  2.270052209496e-02
  7.559999972582e-01,  1.358077526093e-01,  1.570530136628e+01,  3.068849816918e-02
  7.639999985695e-01,  1.462600231171e-01,  1.569484909577e+01,  4.067919030786e-02
  7.715000063181e-01,  1.568038463593e-01,  1.568430527253e+01,  4.318878427148e-02
  7.785000056028e-01,  1.671340465546e-01,  1.567397507233e+01,  3.830024972558e-02
  7.855000048876e-01,  1.773307323456e-01,  1.566377838654e+01,  3.488323464990e-02
  7.929999977350e-01,  1.876342296600e-01,  1.565347488923e+01,  3.558120504022e-02
  8.009999990463e-01,  1.976974010468e-01,  1.564341171784e+01,  3.897151723504e-02
  8.100000023842e-01,  2.078254222870e-01,  1.563328369660e+01,  3.804362192750e-02
  8.210000097752e-01,  2.180087566376e-01,  1.562310036225e+01,  4.279578104615e-02
  8.344999998808e-01,  2.282207012177e-01,  1.561288841767e+01,  6.411230564117e-02
  8.470000028610e-01,  2.384212017059e-01,  1.560268791718e+01,  7.108080387115e-02
  8.580000102520e-01,  2.486445903778e-01,  1.559246452851e+01,  7.411921024323e-02
  8.680000007153e-01,  2.586658000946e-01,  1.558244331879e+01,  7.574653625488e-02
  8.780000060797e-01,  2.690303325653e-01,  1.557207878632e+01,  7.762050628662e-02
  8.880000114441e-01,  2.794101238251e-01,  1.556169899506e+01,  8.023290336132e-02
  8.980000019073e-01,  2.896172106266e-01,  1.555149190826e+01,  8.609166741371e-02
  9.080000072718e-01,  2.998291552067e-01,  1.554127996368e+01,  9.300962090492e-02
  9.179999977350e-01,  3.102547228336e-01,  1.553085439605e+01,  9.763398766518e-02
  9.275000095367e-01,  3.203484117985e-01,  1.552076070709e+01,  1.006075441837e-01
  9.370000064373e-01,  3.304955065250e-01,  1.551061361236e+01,  1.045996248722e-01
  9.465000033379e-01,  3.405891954899e-01,  1.550051992340e+01,  1.076666414738e-01
  9.565000087023e-01,  3.509956896305e-01,  1.549011342926e+01,  1.107212603092e-01
  9.664999991655e-01,  3.610130846500e-01,  1.548009603424e+01,  1.148058474064e-01
  9.769999980927e-01,  3.711010515690e-01,  1.547000806732e+01,  1.216131746769e-01
  9.880000054836e-01,  3.815723955631e-01,  1.545953672332e+01,  1.284796297550e-01
  9.985000044107e-01,  3.917614519596e-01,  1.544934766693e+01,  1.332232058048e-01
  1.009000003338e+00,  4.021469652653e-01,  1.543896215362e+01,  1.389671862125e-01
  1.019000008702e+00,  4.122559130192e-01,  1.542885320587e+01,  1.430298388004e-01
  1.028999999166e+00,  4.224373400211e-01,  1.541867177886e+01,  1.480690538883e-01
  1.039000004530e+00,  4.324699938297e-01,  1.540863912506e+01,  1.526047289371e-01
  1.049500003457e+00,  4.428345263004e-01,  1.539827459259e+01,  1.579872667789e-01
  1.060000002384e+00,  4.530464708805e-01,  1.538806264801e+01,  1.633326113224e-01
  1.070500001311e+00,  4.631878435612e-01,  1.537792127532e+01,  1.697641909122e-01
  1.081000000238e+00,  4.734570086002e-01,  1.536765211029e+01,  1.758848726749e-01
  1.091499999166e+00,  4.839245378971e-01,  1.535718458099e+01,  1.806437075138e-01
  1.101500004530e+00,  4.939686357975e-01,  1.534714048309e+01,  1.853996813297e-01
  1.111500009894e+00,  5.040241479874e-01,  1.533708497090e+01,  1.890107691288e-01
  1.122000008821e+00,  5.144993066788e-01,  1.532660981221e+01,  1.935502588749e-01
  1.132500007749e+00,  5.247970819473e-01,  1.531631203694e+01,  1.980287134647e-01
  1.143000006676e+00,  5.349727272987e-01,  1.530613639159e+01,  2.039033621550e-01
  1.153500005603e+00,  5.452457070351e-01,  1.529586341185e+01,  2.102567404509e-01
  1.164000004530e+00,  5.557094216347e-01,  1.528539969725e+01,  2.161332815886e-01
  1.174000009894e+00,  5.658221840858e-01,  1.527528693480e+01,  2.215015143156e-01
  1.184000000358e+00,  5.759730935097e-01,  1.526513602538e+01,  2.269736975431e-01
  1.194000005722e+00,  5.861087441444e-01,  1.525500037474e+01,  2.323323935270e-01
  1.204000011086e+00,  5.961528420448e-01,  1.524495627684e+01,  2.376281470060e-01
  1.214500010014e+00,  6.065974831581e-01,  1.523451163573e+01,  2.436181753874e-01
  1.225000008941e+00,  6.170039772987e-01,  1.522410514159e+01,  2.492028921843e-01
  1.234999999404e+00,  6.270175576210e-01,  1.521409156126e+01,  2.538644373417e-01
  1.245000004768e+00,  6.370959877968e-01,  1.520401313109e+01,  2.590419352055e-01
  1.255000010133e+00,  6.472049355507e-01,  1.519390418333e+01,  2.637301981449e-01
  1.265000000596e+00,  6.572490334511e-01,  1.518386008543e+01,  2.679215967655e-01
  1.275499999523e+00,  6.676250100136e-01,  1.517348410887e+01,  2.739221155643e-01
  1.285999998450e+00,  6.778541207314e-01,  1.516325499815e+01,  2.817651331425e-01
  1.296499997377e+00,  6.881518959999e-01,  1.515295722289e+01,  2.893964350224e-01
  1.307000011206e+00,  6.986270546913e-01,  1.514248206419e+01,  2.959844172001e-01
  1.317000001669e+00,  7.087817788124e-01,  1.513232734007e+01,  3.012010157108e-01
  1.327000007033e+00,  7.190127968788e-01,  1.512209632201e+01,  3.060399591923e-01
  1.336999997497e+00,  7.292590737343e-01,  1.511185004515e+01,  3.095609247684e-01
  1.347000002861e+00,  7.393680214882e-01,  1.510174109740e+01,  3.135682642460e-01
  1.357500001788e+00,  7.498469948769e-01,  1.509126212401e+01,  3.197795450687e-01
  1.368000000715e+00,  7.602687478065e-01,  1.508084037108e+01,  3.265277445316e-01
  1.378499999642e+00,  7.706790566444e-01,  1.507043006224e+01,  3.325225412846e-01
  1.388999998569e+00,  7.810016274452e-01,  1.506010749144e+01,  3.385535776615e-01
  1.399499997497e+00,  7.913289666176e-01,  1.504978015227e+01,  3.455189466476e-01
  1.410000011325e+00,  8.016706109047e-01,  1.503943850798e+01,  3.520601987839e-01
  1.420500010252e+00,  8.120923638344e-01,  1.502901675505e+01,  3.579996824265e-01
  1.431000009179e+00,  8.225789666176e-01,  1.501853015227e+01,  3.644589185715e-01
  1.440999999642e+00,  8.326459527016e-01,  1.500846316618e+01,  3.708046674728e-01
  1.451000005007e+00,  8.427358269691e-01,  1.499837329192e+01,  3.770664930344e-01
  1.461000010371e+00,  8.527837395668e-01,  1.498832537932e+01,  3.822172880173e-01
  1.471500009298e+00,  8.632360100746e-01,  1.497787310881e+01,  3.881453275681e-01
  1.482000008225e+00,  8.736730217934e-01,  1.496743609709e+01,  3.937424421310e-01
  1.492500007153e+00,  8.841786980629e-01,  1.495693042082e+01,  3.998259305954e-01
  1.502499997616e+00,  8.943029046059e-01,  1.494680621428e+01,  4.055174589157e-01
  1.512500002980e+00,  9.044728875160e-01,  1.493663623137e+01,  4.115313291550e-01
  1.522500008345e+00,  9.146390557289e-01,  1.492647006316e+01,  4.176615476608e-01
  1.532499998808e+00,  9.247213006020e-01,  1.491638781828e+01,  4.234179258347e-01
  1.542999997735e+00,  9.351888298988e-01,  1.490592028899e+01,  4.284609556198e-01
  1.553500011563e+00,  9.455228447914e-01,  1.489558627409e+01,  4.354590177536e-01
  1.564000010490e+00,  9.559026360512e-01,  1.488520648283e+01,  4.415978193283e-01
  1.574500009418e+00,  9.661756157875e-01,  1.487493350310e+01,  4.460924863815e-01
  1.585500001907e+00,  9.762826561928e-01,  1.486482646269e+01,  4.486469030380e-01
  1.598499998450e+00,  9.864278435707e-01,  1.485468127531e+01,  4.507981538773e-01
  1.618500009179e+00,  9.965091347694e-01,  1.484459998412e+01,  4.542225003242e-01
  1.622000008821e+00,  9.975877404213e-01,  1.484352137846e+01,  4.557912945747e-01
  1.722500011325e+00,  1.003465652466e+00,  1.483764346642e+01,  4.618754386902e-01
  1.822999998927e+00,  1.002759695053e+00,  1.483834942383e+01,  4.552266001701e-01
  1.923000007868e+00,  1.001962423325e+00,  1.483914669556e+01,  4.520685076714e-01
  2.023500010371e+00,  1.001303792000e+00,  1.483980532689e+01,  4.506907761097e-01
  2.123999997973e+00,  1.000867247581e+00,  1.484024187130e+01,  4.464161694050e-01
  2.224000006914e+00,  1.000554561615e+00,  1.484055455727e+01,  4.442419409752e-01
  2.324500009418e+00,  1.000321388245e+00,  1.484078773064e+01,  4.424843788147e-01
  2.424999997020e+00,  1.000214815140e+00,  1.484089430375e+01,  4.411261975765e-01
  2.525000005960e+00,  1.000123858452e+00,  1.484098526043e+01,  4.371272027493e-01
  2.625500008464e+00,  1.000084161758e+00,  1.484102495713e+01,  4.364867508411e-01
  2.726000010967e+00,  1.000043749809e+00,  1.484106536908e+01,  4.371396601200e-01
  2.826499998569e+00,  1.000009298325e+00,  1.484109982056e+01,  4.355944693089e-01
  2.926500007510e+00,  1.000015854836e+00,  1.484109326405e+01,  4.380592107773e-01
  3.027000010014e+00,  1.000016808510e+00,  1.484109231038e+01,  4.342892467976e-01
  3.127499997616e+00,  1.000026941299e+00,  1.484108217759e+01,  4.334584176540e-01
  3.227500006557e+00,  9.999923110008e-01,  1.484111680788e+01,  4.317369759083e-01
  3.328000009060e+00,  9.999957680702e-01,  1.484111335082e+01,  4.302658736706e-01
  3.428500011563e+00,  1.000025153160e+00,  1.484108396573e+01,  4.317654371262e-01
  3.528999999166e+00,  1.000027656555e+00,  1.484108146233e+01,  4.298324882984e-01
  3.629000008106e+00,  9.999924898148e-01,  1.484111662907e+01,  4.291123151779e-01
  3.729500010610e+00,  9.999845623970e-01,  1.484112455649e+01,  4.291377365589e-01
  3.829999998212e+00,  1.000014424324e+00,  1.484109469456e+01,  4.280560314655e-01
  3.930000007153e+00,  1.000039219856e+00,  1.484106989903e+01,  4.268330335617e-01
  4.030500009656e+00,  1.000001192093e+00,  1.484110792679e+01,  4.277158975601e-01
  4.130999997258e+00,  1.000017881393e+00,  1.484109123749e+01,  4.247169494629e-01
  4.231000006199e+00,  1.000020027161e+00,  1.484108909173e+01,  4.251801073551e-01
  4.331500008702e+00,  1.000031113625e+00,  1.484107800526e+01,  4.241137206554e-01
  4.432000011206e+00,  1.000004053116e+00,  1.484110506577e+01,  4.226734936237e-01
  4.532499998808e+00,  9.999988675117e-01,  1.484111025137e+01,  4.231803715229e-01
  4.632500007749e+00,  1.000010132790e+00,  1.484109898610e+01,  4.225549399853e-01
  4.733000010252e+00,  9.999890923500e-01,  1.484112002654e+01,  4.218252897263e-01
  4.833499997854e+00,  1.000037550926e+00,  1.484107156796e+01,  4.197004139423e-01
  4.933500006795e+00,  1.000036478043e+00,  1.484107264084e+01,  4.209492504597e-01
  5.034000009298e+00,  1.000017523766e+00,  1.484109159512e+01,  4.219581186771e-01
  5.134499996901e+00,  1.000019073486e+00,  1.484109004540e+01,  4.212951064110e-01
  5.234500005841e+00,  9.999963641167e-01,  1.484111275477e+01,  4.193106889725e-01
  5.335000008345e+00,  1.000021696091e+00,  1.484108742279e+01,  4.190476238728e-01
  5.435500010848e+00,  1.000004649162e+00,  1.484110446972e+01,  4.194731712341e-01
  5.535999998450e+00,  1.000028371811e+00,  1.484108074707e+01,  4.200279116631e-01
  5.636000007391e+00,  1.000033020973e+00,  1.484107609791e+01,  4.176973402500e-01
  5.736500009894e+00,  1.000011920929e+00,  1.484109719796e+01,  4.191764593124e-01
  5.836999997497e+00,  1.000031590462e+00,  1.484107752842e+01,  4.178241193295e-01
  5.937000006437e+00,  1.000015497208e+00,  1.484109362168e+01,  4.179973900318e-01
  6.037000000477e+00,  1.000030994415e+00,  1.484107812447e+01,  4.162942469120e-01
  6.137000009418e+00,  1.000012397766e+00,  1.484109672112e+01,  4.176892340183e-01
  6.237000003457e+00,  1.000007748604e+00,  1.484110137028e+01,  4.159556329250e-01
  6.336999997497e+00,  1.000034570694e+00,  1.484107454819e+01,  4.176245629787e-01
  6.437000006437e+00,  1.000015258789e+00,  1.484109386010e+01,  4.166028499603e-01
  6.537000000477e+00,  1.000021696091e+00,  1.484108742279e+01,  4.150549173355e-01
  6.637000009418e+00,  1.000015139580e+00,  1.484109397931e+01,  4.151018857956e-01
  6.737000003457e+00,  1.000008702278e+00,  1.484110041661e+01,  4.132538735867e-01
  6.836999997497e+00,  9.999917149544e-01,  1.484111740393e+01,  4.138725399971e-01
  6.937000006437e+00,  1.000043630600e+00,  1.484106548829e+01,  4.140091836452e-01
  7.037000000477e+00,  1.000004529953e+00,  1.484110458893e+01,  4.124846160412e-01
  7.137000009418e+00,  1.000002503395e+00,  1.484110661549e+01,  4.105497300625e-01
  7.237000003457e+00,  1.000004768372e+00,  1.484110435051e+01,  4.119811952114e-01
  7.336999997497e+00,  9.999881982803e-01,  1.484112092061e+01,  4.115051925182e-01
  7.437000006437e+00,  1.000021934509e+00,  1.484108718438e+01,  4.130542576313e-01
  7.537000000477e+00,  1.000015139580e+00,  1.484109397931e+01,  4.115169942379e-01
  7.637000009418e+00,  1.000013470650e+00,  1.484109564824e+01,  4.111799001694e-01
  7.737000003457e+00,  1.000042438507e+00,  1.484106668038e+01,  4.100902378559e-01
  7.836999997497e+00,  1.000018358231e+00,  1.484109076066e+01,  4.079161882401e-01
  7.937000006437e+00,  1.000023365021e+00,  1.484108575386e+01,  4.085898697376e-01
  8.037000000477e+00,  1.000010848045e+00,  1.484109827084e+01,  4.080628752708e-01
  8.137000009418e+00,  1.000026822090e+00,  1.484108229680e+01,  4.083613753319e-01
  8.237000003457e+00,  1.000031590462e+00,  1.484107752842e+01,  4.089733660221e-01
  8.336999997497e+00,  1.000018358231e+00,  1.484109076066e+01,  4.076638519764e-01
  8.437000006437e+00,  1.000009775162e+00,  1.484109934372e+01,  4.089851677418e-01
  8.537000000477e+00,  9.999725222588e-01,  1.484113659663e+01,  4.094198644161e-01
  8.637000009418e+00,  1.000019431114e+00,  1.484108968777e+01,  4.078255891800e-01
  8.737000003457e+00,  1.000020742416e+00,  1.484108837647e+01,  4.076594710350e-01
  8.836999997497e+00,  1.000010132790e+00,  1.484109898610e+01,  4.095765054226e-01
  8.937000006437e+00,  1.000032305717e+00,  1.484107681317e+01,  4.078805744648e-01
  9.037000000477e+00,  1.000029087067e+00,  1.484108003182e+01,  4.077190160751e-01
  9.137000009418e+00,  1.000003099442e+00,  1.484110601944e+01,  4.060429334641e-01
  9.237000003457e+00,  1.000026941299e+00,  1.484108217759e+01,  4.092952013016e-01
  9.336999997497e+00,  9.999586343765e-01,  1.484115048451e+01,  4.075912535191e-01
  9.437000006437e+00,  9.999906420708e-01,  1.484111847681e+01,  4.050365686417e-01
  9.537000000477e+00,  9.999925494194e-01,  1.484111656947e+01,  4.080541729927e-01
  9.637000009418e+00,  9.999846816063e-01,  1.484112443728e+01,  4.045906662941e-01
  9.737000003457e+00,  1.000015377998e+00,  1.484109374089e+01,  4.033801853657e-01
  9.836999997497e+00,  1.000012397766e+00,  1.484109672112e+01,  4.062640964985e-01
  9.937000006437e+00,  1.000006794930e+00,  1.484110232396e+01,  4.028923809528e-01
  1.003700000048e+01,  1.000022530556e+00,  1.484108658833e+01,  4.043836593628e-01
  1.013700000942e+01,  1.000000357628e+00,  1.484110876126e+01,  4.068693220615e-01
  1.023700000346e+01,  9.999943375587e-01,  1.484111478133e+01,  4.073015451431e-01
  1.033699999750e+01,  1.000032305717e+00,  1.484107681317e+01,  4.059166312218e-01
  1.043700000644e+01,  1.000006437302e+00,  1.484110268158e+01,  4.044192731380e-01
  1.053700000048e+01,  9.999749064445e-01,  1.484113421244e+01,  4.057348668575e-01
  1.063700000942e+01,  9.999716877937e-01,  1.484113743109e+01,  4.051133692265e-01
  1.073700000346e+01,  1.000001788139e+00,  1.484110733075e+01,  4.055088460445e-01
  1.083699999750e+01,  1.000005364418e+00,  1.484110375447e+01,  4.048300683498e-01
  1.093700000644e+01,  9.999865293503e-01,  1.484112258954e+01,  4.035069942474e-01
  1.103700000048e+01,  9.999775886536e-01,  1.484113153023e+01,  4.052372276783e-01
  1.113700000942e+01,  9.999944567680e-01,  1.484111466212e+01,  4.053024351597e-01
  1.123700000346e+01,  1.000001072884e+00,  1.484110804600e+01,  4.039377272129e-01
  1.133699999750e+01,  9.999701976776e-01,  1.484113892121e+01,  4.060763716698e-01
  1.143700000644e+01,  9.999959468842e-01,  1.484111317200e+01,  4.040287137032e-01
  1.153700000048e+01,  9.999944567680e-01,  1.484111466212e+01,  4.043512344360e-01
  1.163700000942e+01,  1.000027894974e+00,  1.484108122391e+01,  4.043431878090e-01
  1.173700000346e+01,  9.999948740005e-01,  1.484111424489e+01,  4.023251831532e-01
  1.183699999750e+01,  9.999923110008e-01,  1.484111680788e+01,  4.021267890930e-01
  1.193700000644e+01,  1.000017762184e+00,  1.484109135670e+01,  4.025821089745e-01
  1.203700000048e+01,  1.000016927719e+00,  1.484109219117e+01,  4.004076123238e-01
  1.213700000942e+01,  1.000019550323e+00,  1.484108956856e+01,  4.015427827835e-01
  1.223700000346e+01,  9.999858736992e-01,  1.484112324519e+01,  4.014773964882e-01
  1.233699999750e+01,  1.000027656555e+00,  1.484108146233e+01,  4.007937014103e-01
  1.243700000644e+01,  1.000019907951e+00,  1.484108921093e+01,  4.006135463715e-01
  1.253700000048e+01,  1.000007152557e+00,  1.484110196633e+01,  4.004524648190e-01
  1.263700000942e+01,  1.000000596046e+00,  1.484110852284e+01,  4.014564156532e-01
  1.273700000346e+01,  9.999896287918e-01,  1.484111949009e+01,  3.997507393360e-01
  1.283699999750e+01,  9.999971985817e-01,  1.484111192030e+01,  4.010097682476e-01
  1.293700000644e+01,  9.999912977219e-01,  1.484111782116e+01,  4.002706408501e-01
  1.303700000048e+01,  9.999992847443e-01,  1.484110983414e+01,  4.002507328987e-01
  1.313700000942e+01,  1.000026106834e+00,  1.484108301205e+01,  3.998193740845e-01
  1.323700000346e+01,  1.000036001205e+00,  1.484107311768e+01,  3.990951478481e-01
  1.333699999750e+01,  1.000032186508e+00,  1.484107693238e+01,  4.006839990616e-01
  1.343700000644e+01,  9.999833106995e-01,  1.484112580819e+01,  3.990314602852e-01
  1.353700000048e+01,  1.000000000000e+00,  1.484110911889e+01,  3.991628289223e-01
  1.363700000942e+01,  1.000026106834e+00,  1.484108301205e+01,  3.973629176617e-01
  1.373700000346e+01,  1.000015139580e+00,  1.484109397931e+01,  3.975084424019e-01
  1.383699999750e+01,  9.999941587448e-01,  1.484111496014e+01,  3.996745944023e-01
  1.393700000644e+01,  1.000011801720e+00,  1.484109731717e+01,  3.992044627666e-01
  1.403700000048e+01,  1.000022768974e+00,  1.484108634991e+01,  3.992132544518e-01
  1.413700000942e+01,  1.000004291534e+00,  1.484110482735e+01,  4.007802009583e-01
  1.423700000346e+01,  1.000017523766e+00,  1.484109159512e+01,  3.996760547161e-01
  1.433699999750e+01,  1.000018954277e+00,  1.484109016461e+01,  3.975906074047e-01
  1.443700000644e+01,  9.999950528145e-01,  1.484111406607e+01,  3.962352573872e-01
  1.453700000048e+01,  1.000031113625e+00,  1.484107800526e+01,  3.968723416328e-01
  1.463700000942e+01,  1.000005483627e+00,  1.484110363526e+01,  3.987115025520e-01
  1.473700000346e+01,  1.000015139580e+00,  1.484109397931e+01,  3.970481753349e-01
  1.483699999750e+01,  1.000014662743e+00,  1.484109445614e+01,  3.976019322872e-01
  1.493700000644e+01,  1.000010371208e+00,  1.484109874768e+01,  3.956764042377e-01
  1.503700000048e+01,  9.999991059303e-01,  1.484111001296e+01,  3.966116011143e-01
  1.513700000942e+01,  9.999888539314e-01,  1.484112026495e+01,  3.990512192249e-01
  1.523700000346e+01,  9.999914765358e-01,  1.484111764235e+01,  3.977185487747e-01
  1.533699999750e+01,  9.999880194664e-01,  1.484112109942e+01,  3.973786532879e-01
  1.543700000644e+01,  1.000040888786e+00,  1.484106823010e+01,  3.972846567631e-01
  1.553700000048e+01,  1.000002503395e+00,  1.484110661549e+01,  3.962709605694e-01
  1.563700000942e+01,  9.999872446060e-01,  1.484112187428e+01,  3.980654180050e-01
  1.573700000346e+01,  1.000005245209e+00,  1.484110387368e+01,  3.960392773151e-01
  1.583699999750e+01,  9.999816417694e-01,  1.484112747712e+01,  3.971651196480e-01
  1.593700000644e+01,  1.000016927719e+00,  1.484109219117e+01,  3.941957354546e-01
  1.603700000048e+01,  9.999976158142e-01,  1.484111150307e+01,  3.952744901180e-01
  1.613700000942e+01,  1.000011086464e+00,  1.484109803242e+01,  3.951931595802e-01
  1.623700000346e+01,  9.999893307686e-01,  1.484111978812e+01,  3.994345068932e-01
  1.633699999750e+01,  1.000020384789e+00,  1.484108873410e+01,  3.995949923992e-01
  1.643700000644e+01,  1.000029206276e+00,  1.484107991261e+01,  3.968814909458e-01
  1.653700000048e+01,  1.000000715256e+00,  1.484110840363e+01,  3.965690433979e-01
  1.663700000942e+01,  1.000021457672e+00,  1.484108766121e+01,  3.981071114540e-01
  1.673700000346e+01,  1.000015020370e+00,  1.484109409852e+01,  3.974150419235e-01
  1.683699999750e+01,  9.999936819077e-01,  1.484111543698e+01,  3.950353860855e-01
  1.693700000644e+01,  9.999982714653e-01,  1.484111084742e+01,  3.975098431110e-01
  1.703700000048e+01,  1.000033617020e+00,  1.484107550187e+01,  3.963167071342e-01
  1.713700000942e+01,  1.000023722649e+00,  1.484108539624e+01,  3.959855437279e-01
  1.723700000346e+01,  9.999988675117e-01,  1.484111025137e+01,  3.962733447552e-01
  1.733699999750e+01,  1.000000357628e+00,  1.484110876126e+01,  3.962497115135e-01
  1.743700000644e+01,  9.999542832375e-01,  1.484115483565e+01,  3.949975073338e-01
  1.753700000048e+01,  9.999742507935e-01,  1.484113486809e+01,  3.951627016068e-01
  1.763700000942e+01,  9.999997615814e-01,  1.484110935730e+01,  3.937300741673e-01
  1.773700000346e+01,  9.999858736992e-01,  1.484112324519e+01,  3.962151110172e-01
  1.783699999750e+01,  9.999874830246e-01,  1.484112163586e+01,  3.935845792294e-01
  1.793700000644e+01,  9.999829530716e-01,  1.484112616581e+01,  3.946569263935e-01
  1.803700000048e+01,  9.999946355820e-01,  1.484111448330e+01,  3.954036831856e-01
  1.813700000942e+01,  1.000008344650e+00,  1.484110077424e+01,  3.935303390026e-01
  1.823700000346e+01,  1.000001311302e+00,  1.484110780758e+01,  3.910331726074e-01
  1.833699999750e+01,  1.000064134598e+00,  1.484104498429e+01,  3.942134082317e-01
  1.843700000644e+01,  1.000019669533e+00,  1.484108944935e+01,  3.937366604805e-01
  1.853700000048e+01,  1.000014066696e+00,  1.484109505219e+01,  3.920082449913e-01
  1.863700000942e+01,  1.000030159950e+00,  1.484107895894e+01,  3.958327174187e-01
  1.873700000346e+01,  9.999938607216e-01,  1.484111525816e+01,  3.947398066521e-01
  1.883699999750e+01,  1.000017285347e+00,  1.484109183354e+01,  3.958623707294e-01
  1.893700000644e+01,  9.999992847443e-01,  1.484110983414e+01,  3.936552107334e-01
  1.903700000048e+01,  1.000005722046e+00,  1.484110339684e+01,  3.912462592125e-01
  1.913700000942e+01,  1.000021696091e+00,  1.484108742279e+01,  3.928798735142e-01
  1.923700000346e+01,  9.999744296074e-01,  1.484113468928e+01,  3.933205604553e-01
  1.933699999750e+01,  1.000012040138e+00,  1.484109707875e+01,  3.938812017441e-01
  1.943700000644e+01,  9.999959468842e-01,  1.484111317200e+01,  3.915757834911e-01
  1.953700000048e+01,  1.000015377998e+00,  1.484109374089e+01,  3.952645361423e-01
  1.963700000942e+01,  9.999873638153e-01,  1.484112175507e+01,  3.932583332062e-01
  1.973700000346e+01,  1.000008344650e+00,  1.484110077424e+01,  3.931164741516e-01
  1.983699999750e+01,  1.000027656555e+00,  1.484108146233e+01,  3.930622637272e-01
  1.993700000644e+01,  1.000027537346e+00,  1.484108158154e+01,  3.914628624916e-01
  2.003700000048e+01,  9.999960064888e-01,  1.484111311240e+01,  3.943536579609e-01
  2.013700000942e+01,  9.999863505363e-01,  1.484112276835e+01,  3.924930393696e-01
  2.023700000346e+01,  1.000012874603e+00,  1.484109624428e+01,  3.928974568844e-01
  2.033699999750e+01,  1.000002026558e+00,  1.484110709233e+01,  3.939125537872e-01
  2.043700000644e+01,  1.000008821487e+00,  1.484110029740e+01,  3.931719064713e-01
  2.053700000048e+01,  9.999986290932e-01,  1.484111048979e+01,  3.917631208897e-01
  2.063700000942e+01,  1.000034213066e+00,  1.484107490582e+01,  3.894689679146e-01
  2.073700000346e+01,  1.000018239021e+00,  1.484109087986e+01,  3.926959037781e-01
  2.083699999750e+01,  9.999911785126e-01,  1.484111794037e+01,  3.914827704430e-01
  2.093700000644e+01,  1.000023603439e+00,  1.484108551545e+01,  3.913831114769e-01
  2.103700000048e+01,  1.000030040741e+00,  1.484107907814e+01,  3.899658620358e-01
  2.113700000942e+01,  9.999752044678e-01,  1.484113391442e+01,  3.916384875774e-01
  2.123700000346e+01,  9.999898076057e-01,  1.484111931128e+01,  3.927856683731e-01
  2.133699999750e+01,  1.000025153160e+00,  1.484108396573e+01,  3.900752365589e-01
  2.143700000644e+01,  9.999979138374e-01,  1.484111120505e+01,  3.930967152119e-01
  2.153700000048e+01,  9.999947547913e-01,  1.484111436409e+01,  3.909956812859e-01
  2.163700000942e+01,  9.999866485596e-01,  1.484112247033e+01,  3.915135562420e-01
  2.173700000346e+01,  1.000014901161e+00,  1.484109421772e+01,  3.905647397041e-01
  2.183699999750e+01,  1.000019311905e+00,  1.484108980698e+01,  3.910717964172e-01
  2.193700000644e+01,  1.000008344650e+00,  1.484110077424e+01,  3.912764191628e-01
  2.203700000048e+01,  9.999923706055e-01,  1.484111674828e+01,  3.917155861855e-01
  2.213700000942e+01,  9.999932050705e-01,  1.484111591382e+01,  3.897861540318e-01
  2.223700000346e+01,  1.000000357628e+00,  1.484110876126e+01,  3.902132511139e-01
  2.233699999750e+01,  1.000026702881e+00,  1.484108241600e+01,  3.915417194366e-01
  2.243700000644e+01,  1.000011444092e+00,  1.484109767479e+01,  3.927519619465e-01
  2.253700000048e+01,  1.000011682510e+00,  1.484109743638e+01,  3.899177610874e-01
  2.263700000942e+01,  1.000038504601e+00,  1.484107061429e+01,  3.911507129669e-01
  2.273700000346e+01,  1.000012993813e+00,  1.484109612507e+01,  3.914232850075e-01
  2.283699999750e+01,  1.000005483627e+00,  1.484110363526e+01,  3.904093205929e-01
  2.293700000644e+01,  1.000029683113e+00,  1.484107943577e+01,  3.868864476681e-01
  2.303700000048e+01,  1.000006198883e+00,  1.484110292000e+01,  3.902183175087e-01
  2.313700000942e+01,  1.000007987022e+00,  1.484110113186e+01,  3.871873319149e-01
  2.323700000346e+01,  9.999999403954e-01,  1.484110917849e+01,  3.879970908165e-01
  2.333699999750e+01,  1.000020265579e+00,  1.484108885331e+01,  3.883383274078e-01
  2.343700000644e+01,  9.999803900719e-01,  1.484112872881e+01,  3.880448341370e-01
  2.353700000048e+01,  9.999949336052e-01,  1.484111418528e+01,  3.889380097389e-01
  2.363700000942e+01,  9.999755024910e-01,  1.484113361639e+01,  3.878325223923e-01
  2.373700000346e+01,  1.000006198883e+00,  1.484110292000e+01,  3.890587985516e-01
  2.383699999750e+01,  1.000005245209e+00,  1.484110387368e+01,  3.876717090607e-01
  2.393700000644e+01,  9.999818205833e-01,  1.484112729830e+01,  3.885760009289e-01
  2.403700000048e+01,  1.000002026558e+00,  1.484110709233e+01,  3.874492645264e-01
  2.413700000942e+01,  9.999670386314e-01,  1.484114208025e+01,  3.873119950294e-01
  2.423700000346e+01,  1.000012040138e+00,  1.484109707875e+01,  3.863857984543e-01
  2.433699999750e+01,  9.999877214432e-01,  1.484112139744e+01,  3.883337080479e-01
  2.443700000644e+01,  1.000001430511e+00,  1.484110768837e+01,  3.893879055977e-01
  2.453700000048e+01,  1.000014185905e+00,  1.484109493298e+01,  3.881486356258e-01
  2.463700000942e+01,  9.999948740005e-01,  1.484111424489e+01,  3.865010440350e-01
  2.473700000346e+01,  1.000013947487e+00,  1.484109517140e+01,  3.879391551018e-01
  2.483699999750e+01,  1.000026345253e+00,  1.484108277363e+01,  3.898200690746e-01
  2.493700000644e+01,  9.999763965607e-01,  1.484113272232e+01,  3.892998397350e-01
  2.503700000048e+01,  1.000015020370e+00,  1.484109409852e+01,  3.872810900211e-01
  2.513700000942e+01,  1.000021338463e+00,  1.484108778042e+01,  3.882178962231e-01
  2.523700000346e+01,  9.999853372574e-01,  1.484112378163e+01,  3.856187760830e-01
  2.533699999750e+01,  1.000010848045e+00,  1.484109827084e+01,  3.877356648445e-01
  2.543700000644e+01,  9.999945163727e-01,  1.484111460251e+01,  3.846572637558e-01
  2.553700000048e+01,  9.999765753746e-01,  1.484113254351e+01,  3.869841694832e-01
  2.563700000942e+01,  1.000020146370e+00,  1.484108897252e+01,  3.875745534897e-01
  2.573700000346e+01,  9.999935030937e-01,  1.484111561579e+01,  3.870148658752e-01
  2.583699999750e+01,  9.999858140945e-01,  1.484112330479e+01,  3.857536911964e-01
  2.593700000644e+01,  1.000024676323e+00,  1.484108444256e+01,  3.868688046932e-01
  2.603700000048e+01,  1.000009655952e+00,  1.484109946293e+01,  3.875542283058e-01
  2.613700000942e+01,  9.999954700470e-01,  1.484111364884e+01,  3.865957558155e-01
  2.623700000346e+01,  1.000014305115e+00,  1.484109481377e+01,  3.873541951180e-01
  2.633699999750e+01,  1.000004291534e+00,  1.484110482735e+01,  3.873774707317e-01
  2.643700000644e+01,  1.000016689301e+00,  1.484109242959e+01,  3.859248757362e-01
  2.653700000048e+01,  1.000003695488e+00,  1.484110542340e+01,  3.854008316994e-01
  2.663700000942e+01,  1.000017404556e+00,  1.484109171433e+01,  3.845841884613e-01
  2.673700000346e+01,  9.999902248383e-01,  1.484111889405e+01,  3.864122331142e-01
  2.683699999750e+01,  1.000012397766e+00,  1.484109672112e+01,  3.836958408356e-01
  2.693700000644e+01,  1.000028371811e+00,  1.484108074707e+01,  3.845185637474e-01
  2.703700000048e+01,  1.000005364418e+00,  1.484110375447e+01,  3.853102624416e-01
  2.713700000942e+01,  9.999971389771e-01,  1.484111197991e+01,  3.862410187721e-01
  2.723700000346e+01,  9.999949932098e-01,  1.484111412568e+01,  3.835811913013e-01
  2.733699999750e+01,  9.999996423721e-01,  1.484110947651e+01,  3.837669789791e-01
  2.743700000644e+01,  9.999837875366e-01,  1.484112533135e+01,  3.838776648045e-01
  2.753700000048e+01,  1.000015616417e+00,  1.484109350247e+01,  3.868350684643e-01
  2.763700000942e+01,  1.000010609627e+00,  1.484109850926e+01,  3.827276825905e-01
  2.773700000346e+01,  9.999682307243e-01,  1.484114088816e+01,  3.846502602100e-01
  2.783699999750e+01,  9.999948143959e-01,  1.484111430449e+01,  3.826668560505e-01
  2.793700000644e+01,  9.999794960022e-01,  1.484112962288e+01,  3.851253688335e-01
  2.803700000048e+01,  9.999909996986e-01,  1.484111811919e+01,  3.849645853043e-01
  2.813700000942e+01,  1.000006079674e+00,  1.484110303921e+01,  3.861351311207e-01
  2.823700000346e+01,  1.000004529953e+00,  1.484110458893e+01,  3.844155371189e-01
  2.833699999750e+01,  1.000015377998e+00,  1.484109374089e+01,  3.840712308884e-01
  2.843700000644e+01,  9.999648928642e-01,  1.484114422602e+01,  3.816077113152e-01
  2.853700000048e+01,  1.000012636185e+00,  1.484109648270e+01,  3.838194608688e-01
  2.863700000942e+01,  1.000004768372e+00,  1.484110435051e+01,  3.835584521294e-01
  2.873700000346e+01,  9.999871253967e-01,  1.484112199349e+01,  3.852633833885e-01
  2.883699999750e+01,  9.999943375587e-01,  1.484111478133e+01,  3.837974965572e-01
  2.893700000644e+01,  9.999879598618e-01,  1.484112115902e+01,  3.833891749382e-01
  2.903700000048e+01,  9.999909400940e-01,  1.484111817879e+01,  3.839014470577e-01
  2.913700000942e+01,  1.000019192696e+00,  1.484108992619e+01,  3.820697367191e-01
  2.923700000346e+01,  9.999887943268e-01,  1.484112032456e+01,  3.812580704689e-01
  2.933699999750e+01,  9.999940395355e-01,  1.484111507935e+01,  3.814659416676e-01
  2.943700000644e+01,  9.999895691872e-01,  1.484111954970e+01,  3.820115327835e-01
  2.953700000048e+01,  9.999650120735e-01,  1.484114410681e+01,  3.832207620144e-01
  2.963700000942e+01,  9.999794960022e-01,  1.484112962288e+01,  3.820279538631e-01
  2.973700000346e+01,  1.000016689301e+00,  1.484109242959e+01,  3.800099194050e-01
  2.983699999750e+01,  1.000016212463e+00,  1.484109290642e+01,  3.807774186134e-01
  2.993700000644e+01,  1.000000000000e+00,  1.484110911889e+01,  3.822797238827e-01
  3.003700000048e+01,  1.000001668930e+00,  1.484110744996e+01,  3.827683925629e-01
  3.013700000942e+01,  1.000009655952e+00,  1.484109946293e+01,  3.813777267933e-01
  3.023700000346e+01,  9.999933838844e-01,  1.484111573500e+01,  3.819395005703e-01
  3.033699999750e+01,  1.000027418137e+00,  1.484108170075e+01,  3.804146945477e-01
  3.043700000644e+01,  1.000017046928e+00,  1.484109207196e+01,  3.806670904160e-01
  3.053700000048e+01,  9.999988079071e-01,  1.484111031098e+01,  3.794599175453e-01
  3.063700000942e+01,  9.999817013741e-01,  1.484112741751e+01,  3.809902966022e-01
  3.073700000346e+01,  9.999877214432e-01,  1.484112139744e+01,  3.797713518143e-01
  3.083699999750e+01,  9.999967813492e-01,  1.484111233754e+01,  3.812214434147e-01
  3.093700000644e+01,  9.999976158142e-01,  1.484111150307e+01,  3.822388052940e-01
  3.103700000048e+01,  9.999933838844e-01,  1.484111573500e+01,  3.776856958866e-01
  3.113700000942e+01,  1.000003337860e+00,  1.484110578103e+01,  3.821018636227e-01
  3.123700000346e+01,  1.000030994415e+00,  1.484107812447e+01,  3.788945674896e-01
  3.133699999750e+01,  9.999944567680e-01,  1.484111466212e+01,  3.793299198151e-01
  3.143700000644e+01,  1.000017881393e+00,  1.484109123749e+01,  3.793616890907e-01
  3.153700000048e+01,  1.000010609627e+00,  1.484109850926e+01,  3.799925446510e-01
  3.163700000942e+01,  9.999868273735e-01,  1.484112229151e+01,  3.797358870506e-01
  3.173700000346e+01,  1.000008106232e+00,  1.484110101265e+01,  3.777649998665e-01
  3.183699999750e+01,  1.000005006790e+00,  1.484110411210e+01,  3.805071413517e-01
  3.193700000644e+01,  1.000014424324e+00,  1.484109469456e+01,  3.797098696232e-01
  3.203700000048e+01,  1.000013709068e+00,  1.484109540982e+01,  3.804665803909e-01
  3.213700000942e+01,  1.000010132790e+00,  1.484109898610e+01,  3.799734413624e-01
  3.223700000346e+01,  9.999873638153e-01,  1.484112175507e+01,  3.766711354256e-01
  3.233699999750e+01,  1.000009894371e+00,  1.484109922451e+01,  3.802680373192e-01
  3.243700000644e+01,  9.999850392342e-01,  1.484112407965e+01,  3.788234293461e-01
  3.253700000048e+01,  1.000004649162e+00,  1.484110446972e+01,  3.783646225929e-01
  3.263700000942e+01,  1.000009536743e+00,  1.484109958214e+01,  3.769451081753e-01
  3.273700000346e+01,  1.000009894371e+00,  1.484109922451e+01,  3.775786161423e-01
  3.283699999750e+01,  9.999738335609e-01,  1.484113528532e+01,  3.783667385578e-01
  3.293700000644e+01,  1.000002384186e+00,  1.484110673470e+01,  3.797451853752e-01
  3.303700000048e+01,  9.999947547913e-01,  1.484111436409e+01,  3.793854713440e-01
  3.313700000942e+01,  1.000008463860e+00,  1.484110065503e+01,  3.784502744675e-01
  3.323700000346e+01,  1.000004529953e+00,  1.484110458893e+01,  3.778303861618e-01
  3.333699999750e+01,  1.000022649765e+00,  1.484108646912e+01,  3.777564167976e-01
  3.343700000644e+01,  1.000022649765e+00,  1.484108646912e+01,  3.790138959885e-01
  3.353700000048e+01,  9.999938011169e-01,  1.484111531777e+01,  3.775721192360e-01
  3.363700000942e+01,  9.999981522560e-01,  1.484111096663e+01,  3.767883181572e-01
  3.373700000346e+01,  1.000005841255e+00,  1.484110327763e+01,  3.757882714272e-01
  3.383699999750e+01,  1.000017166138e+00,  1.484109195275e+01,  3.751562833786e-01
  3.393700000644e+01,  1.000008940697e+00,  1.484110017819e+01,  3.758445978165e-01
  3.403700000048e+01,  9.999986886978e-01,  1.484111043019e+01,  3.754689693451e-01
  3.413700000942e+01,  1.000002980232e+00,  1.484110613865e+01,  3.758521974087e-01
  3.423700000346e+01,  1.000000953674e+00,  1.484110816521e+01,  3.762243092060e-01
  3.433699999750e+01,  9.999980330467e-01,  1.484111108584e+01,  3.756614029408e-01
  3.443700000644e+01,  9.999783635139e-01,  1.484113075537e+01,  3.756254017353e-01
  3.453700000048e+01,  9.999964833260e-01,  1.484111263556e+01,  3.756854236126e-01
  3.463700000942e+01,  9.999871253967e-01,  1.484112199349e+01,  3.779454529285e-01
  3.473700000346e+01,  9.999691843987e-01,  1.484113993449e+01,  3.740110099316e-01
  3.483699999750e+01,  9.999996423721e-01,  1.484110947651e+01,  3.747858405113e-01
  3.493700000644e+01,  1.000017762184e+00,  1.484109135670e+01,  3.745247423649e-01
  3.503700000048e+01,  1.000007629395e+00,  1.484110148949e+01,  3.764108419418e-01
  3.513700000942e+01,  1.000014424324e+00,  1.484109469456e+01,  3.769481778145e-01
  3.523700000346e+01,  9.999838471413e-01,  1.484112527174e+01,  3.756542205811e-01
  3.533699999750e+01,  1.000006794930e+00,  1.484110232396e+01,  3.754489719868e-01
  3.543700000644e+01,  1.000002503395e+00,  1.484110661549e+01,  3.766096830368e-01
  3.553700000048e+01,  9.999952912331e-01,  1.484111382765e+01,  3.761590421200e-01
  3.563700000942e+01,  1.000005125999e+00,  1.484110399289e+01,  3.762230873108e-01
  3.573700000346e+01,  1.000004291534e+00,  1.484110482735e+01,  3.772015869617e-01
  3.583699999750e+01,  9.999834299088e-01,  1.484112568898e+01,  3.771649897099e-01
  3.593700000644e+01,  9.999888539314e-01,  1.484112026495e+01,  3.769849538803e-01
  3.603700000048e+01,  9.999901056290e-01,  1.484111901326e+01,  3.738577961922e-01
  3.613700000942e+01,  9.999894499779e-01,  1.484111966891e+01,  3.738788366318e-01
  3.623700000346e+01,  9.999923706055e-01,  1.484111674828e+01,  3.753317296505e-01
  3.633699999750e+01,  1.000028729439e+00,  1.484108038945e+01,  3.757821917534e-01
  3.643700000644e+01,  9.999808669090e-01,  1.484112825198e+01,  3.777282834053e-01
  3.653700000048e+01,  9.999889135361e-01,  1.484112020535e+01,  3.792616128922e-01
  3.663700000942e+01,  1.000000596046e+00,  1.484110852284e+01,  3.755194842815e-01
  3.673700000346e+01,  9.999686479568e-01,  1.484114047093e+01,  3.755418658257e-01
  3.683699999750e+01,  9.999917149544e-01,  1.484111740393e+01,  3.758760392666e-01
  3.693700000644e+01,  1.000019311905e+00,  1.484108980698e+01,  3.781444430351e-01
  3.703700000048e+01,  9.999903440475e-01,  1.484111877484e+01,  3.757165670395e-01
  3.713700000942e+01,  1.000005006790e+00,  1.484110411210e+01,  3.743641376495e-01
  3.723700000346e+01,  1.000023603439e+00,  1.484108551545e+01,  3.781032264233e-01
  3.733699999750e+01,  1.000001311302e+00,  1.484110780758e+01,  3.748137652874e-01
  3.743700000644e+01,  1.000026464462e+00,  1.484108265442e+01,  3.756206035614e-01
  3.753700000048e+01,  1.000015377998e+00,  1.484109374089e+01,  3.746501207352e-01
  3.763700000942e+01,  9.999729394913e-01,  1.484113617939e+01,  3.769367039204e-01
  3.773700000346e+01,  1.000028133392e+00,  1.484108098549e+01,  3.774895370007e-01
  3.783699999750e+01,  1.000006318092e+00,  1.484110280079e+01,  3.769230544567e-01
  3.793700000644e+01,  9.999909400940e-01,  1.484111817879e+01,  3.759857118130e-01
  3.803700000048e+01,  1.000003457069e+00,  1.484110566182e+01,  3.753902912140e-01
  3.813700000942e+01,  9.999932050705e-01,  1.484111591382e+01,  3.777512609959e-01
  3.823700000346e+01,  9.999896883965e-01,  1.484111943049e+01,  3.753710091114e-01
  3.833699999750e+01,  9.999928474426e-01,  1.484111627144e+01,  3.757689893246e-01
  3.843700000644e+01,  1.000013709068e+00,  1.484109540982e+01,  3.734649121761e-01
  3.853700000048e+01,  1.000000834465e+00,  1.484110828442e+01,  3.762923181057e-01
  3.863700000942e+01,  9.999971985817e-01,  1.484111192030e+01,  3.771899640560e-01
  3.873700000346e+01,  9.999849796295e-01,  1.484112413926e+01,  3.772586882114e-01
  3.883699999750e+01,  9.999886751175e-01,  1.484112044377e+01,  3.762432336807e-01
  3.893700000644e+01,  9.999827146530e-01,  1.484112640423e+01,  3.743628561497e-01
  3.903700000048e+01,  1.000019073486e+00,  1.484109004540e+01,  3.736996054649e-01
  3.913700000942e+01,  1.000007867813e+00,  1.484110125107e+01,  3.748998343945e-01
  3.923700000346e+01,  1.000014662743e+00,  1.484109445614e+01,  3.747738301754e-01
  3.933699999750e+01,  9.999906420708e-01,  1.484111847681e+01,  3.749818503857e-01
  3.943700000644e+01,  1.000004649162e+00,  1.484110446972e+01,  3.758990764618e-01
  3.953700000048e+01,  9.999966621399e-01,  1.484111245675e+01,  3.756240606308e-01
  3.963700000942e+01,  1.000000834465e+00,  1.484110828442e+01,  3.769610524178e-01
  3.973700000346e+01,  9.999787807465e-01,  1.484113033814e+01,  3.779110908508e-01
  3.983699999750e+01,  9.999989867210e-01,  1.484111013216e+01,  3.752025067806e-01
  3.993700000644e+01,  9.999799132347e-01,  1.484112920565e+01,  3.755592703819e-01
  4.003700000048e+01,  9.999958276749e-01,  1.484111329121e+01,  3.744992911816e-01
  4.013700000942e+01,  1.000005364418e+00,  1.484110375447e+01,  3.747135996819e-01
  4.023700000346e+01,  1.000006675720e+00,  1.484110244317e+01,  3.753578364849e-01
  4.033699999750e+01,  9.999927282333e-01,  1.484111639065e+01,  3.728980422020e-01
  4.043700000644e+01,  9.999760389328e-01,  1.484113307995e+01,  3.748790621758e-01
  4.053700000048e+01,  9.999802708626e-01,  1.484112884802e+01,  3.773733079433e-01
  4.063700000942e+01,  9.999967217445e-01,  1.484111239714e+01,  3.765227198601e-01
  4.073700000346e+01,  1.000036120415e+00,  1.484107299847e+01,  3.726382553577e-01
  4.083699999750e+01,  1.000008702278e+00,  1.484110041661e+01,  3.732239007950e-01
  4.093700000644e+01,  9.999864101410e-01,  1.484112270874e+01,  3.751718699932e-01
  4.103700000048e+01,  9.999979734421e-01,  1.484111114544e+01,  3.742884397507e-01
  4.113700000942e+01,  1.000004410744e+00,  1.484110470814e+01,  3.764013946056e-01
  4.123700000346e+01,  1.000020265579e+00,  1.484108885331e+01,  3.750525414944e-01
  4.133699999750e+01,  9.999952912331e-01,  1.484111382765e+01,  3.744536340237e-01
  4.143700000644e+01,  1.000012636185e+00,  1.484109648270e+01,  3.752279281616e-01
  4.153700000048e+01,  1.000019431114e+00,  1.484108968777e+01,  3.737795650959e-01
  4.163700000942e+01,  1.000013709068e+00,  1.484109540982e+01,  3.757965862751e-01
  4.173700000346e+01,  1.000022768974e+00,  1.484108634991e+01,  3.731975555420e-01
  4.183699999750e+01,  1.000006914139e+00,  1.484110220475e+01,  3.733872771263e-01
  4.193700000644e+01,  9.999845623970e-01,  1.484112455649e+01,  3.720101714134e-01
  4.203700000048e+01,  9.999915361404e-01,  1.484111758275e+01,  3.721573650837e-01
  4.213700000942e+01,  1.000023126602e+00,  1.484108599228e+01,  3.739959001541e-01
  4.223700000346e+01,  9.999992251396e-01,  1.484110989375e+01,  3.748399913311e-01
  4.233699999750e+01,  1.000011563301e+00,  1.484109755558e+01,  3.726047277451e-01
  4.243700000644e+01,  1.000004053116e+00,  1.484110506577e+01,  3.749841749668e-01
  4.253700000048e+01,  9.999884366989e-01,  1.484112068219e+01,  3.730547726154e-01
  4.263700000942e+01,  9.999678730965e-01,  1.484114124579e+01,  3.735298216343e-01
  4.273700000346e+01,  1.000024437904e+00,  1.484108468098e+01,  3.744387626648e-01
  4.283699999750e+01,  9.999990463257e-01,  1.484111007256e+01,  3.718963563442e-01
  4.293700000644e+01,  1.000023603439e+00,  1.484108551545e+01,  3.732193410397e-01
  4.303700000048e+01,  1.000001192093e+00,  1.484110792679e+01,  3.729276359081e-01
  4.313700000942e+01,  1.000008106232e+00,  1.484110101265e+01,  3.716475963593e-01
  4.323700000346e+01,  1.000014066696e+00,  1.484109505219e+01,  3.735612630844e-01
  4.333699999750e+01,  1.000020861626e+00,  1.484108825726e+01,  3.747151494026e-01
  4.343700000644e+01,  1.000000715256e+00,  1.484110840363e+01,  3.751549720764e-01
  4.353700000048e+01,  1.000010848045e+00,  1.484109827084e+01,  3.711031377316e-01
  4.363700000942e+01,  1.000003218651e+00,  1.484110590023e+01,  3.742672204971e-01
  4.373700000346e+01,  9.999783039093e-01,  1.484113081498e+01,  3.726418018341e-01
  4.383699999750e+01,  1.000007271767e+00,  1.484110184712e+01,  3.712886273861e-01
  4.393700000644e+01,  9.999597668648e-01,  1.484114935202e+01,  3.712681531906e-01
  4.403700000048e+01,  9.999719262123e-01,  1.484113719267e+01,  3.717767000198e-01
  4.413700000942e+01,  1.000010728836e+00,  1.484109839005e+01,  3.731051087379e-01
  4.423700000346e+01,  1.000011444092e+00,  1.484109767479e+01,  3.719855248928e-01
  4.433699999750e+01,  1.000006914139e+00,  1.484110220475e+01,  3.738045394421e-01
  4.443700000644e+01,  9.999970197678e-01,  1.484111209912e+01,  3.718466758728e-01
  4.453700000048e+01,  1.000005722046e+00,  1.484110339684e+01,  3.729968369007e-01
  4.463700000942e+01,  9.999958276749e-01,  1.484111329121e+01,  3.727369308472e-01
  4.473700000346e+01,  1.000003814697e+00,  1.484110530419e+01,  3.713997006416e-01
  4.483699999750e+01,  9.999969601631e-01,  1.484111215872e+01,  3.725938200951e-01
  4.493700000644e+01,  1.000012278557e+00,  1.484109684033e+01,  3.715695142746e-01
  4.503700000048e+01,  1.000008106232e+00,  1.484110101265e+01,  3.706093728542e-01
  4.513700000942e+01,  9.999988079071e-01,  1.484111031098e+01,  3.693755865097e-01
  4.523700000346e+01,  9.999941587448e-01,  1.484111496014e+01,  3.718646764755e-01
  4.533699999750e+01,  9.999936223030e-01,  1.484111549658e+01,  3.703394830227e-01
  4.543700000644e+01,  9.999848008156e-01,  1.484112431807e+01,  3.701079487801e-01
  4.553700000048e+01,  9.999895691872e-01,  1.484111954970e+01,  3.706584870815e-01
  4.563700000942e+01,  9.999938011169e-01,  1.484111531777e+01,  3.688725233078e-01
  4.573700000346e+01,  9.999879598618e-01,  1.484112115902e+01,  3.713395595551e-01
  4.583699999750e+01,  1.000037312508e+00,  1.484107180638e+01,  3.686060905457e-01
  4.593700000644e+01,  1.000034332275e+00,  1.484107478661e+01,  3.687445521355e-01
  4.603700000048e+01,  1.000022411346e+00,  1.484108670754e+01,  3.706462979317e-01
  4.613700000942e+01,  9.999973773956e-01,  1.484111174149e+01,  3.707215785980e-01
  4.623700000346e+01,  9.999887347221e-01,  1.484112038416e+01,  3.705092370510e-01
  4.633699999750e+01,  9.999981522560e-01,  1.484111096663e+01,  3.707968592644e-01
  4.643700000644e+01,  9.999939203262e-01,  1.484111519856e+01,  3.702714443207e-01
  4.653700000048e+01,  1.000006914139e+00,  1.484110220475e+01,  3.707811236382e-01
  4.663700000942e+01,  1.000004529953e+00,  1.484110458893e+01,  3.719573318958e-01
  4.673700000346e+01,  9.999957084656e-01,  1.484111341042e+01,  3.703948259354e-01
  4.683699999750e+01,  1.000015377998e+00,  1.484109374089e+01,  3.692365884781e-01
  4.693700000644e+01,  9.999777674675e-01,  1.484113135142e+01,  3.690873086452e-01
  4.703700000048e+01,  1.000011444092e+00,  1.484109767479e+01,  3.707057833672e-01
  4.713700000942e+01,  9.999748468399e-01,  1.484113427205e+01,  3.691421747208e-01
  4.723700000346e+01,  9.999994635582e-01,  1.484110965533e+01,  3.691926896572e-01
  4.733699999750e+01,  1.000009775162e+00,  1.484109934372e+01,  3.696140348911e-01
  4.743700000644e+01,  1.000019788742e+00,  1.484108933014e+01,  3.715002834797e-01
  4.753700000048e+01,  1.000008940697e+00,  1.484110017819e+01,  3.680864870548e-01
  4.763700000942e+01,  9.999715685844e-01,  1.484113755030e+01,  3.693685531616e-01
  4.773700000346e+01,  1.000014305115e+00,  1.484109481377e+01,  3.718682527542e-01
  4.783699999750e+01,  1.000039815903e+00,  1.484106930298e+01,  3.704647123814e-01
  4.793700000644e+01,  1.000003933907e+00,  1.484110518498e+01,  3.701049089432e-01
  4.803700000048e+01,  9.999756813049e-01,  1.484113343758e+01,  3.685001134872e-01
  4.813700000942e+01,  9.999856948853e-01,  1.484112342400e+01,  3.701354563236e-01
  4.823700000346e+01,  1.000002980232e+00,  1.484110613865e+01,  3.722818195820e-01
  4.833699999750e+01,  1.000005602837e+00,  1.484110351605e+01,  3.631266653538e-01
  4.843700000644e+01,  9.999896883965e-01,  1.484111943049e+01,  3.677138388157e-01
  4.853700000048e+01,  1.000031113625e+00,  1.484107800526e+01,  3.699133992195e-01
  4.863700000942e+01,  9.999827146530e-01,  1.484112640423e+01,  3.685376644135e-01
  4.873700000346e+01,  9.999759197235e-01,  1.484113319916e+01,  3.691162765026e-01
  4.883699999750e+01,  9.999719262123e-01,  1.484113719267e+01,  3.676203489304e-01
  4.893700000644e+01,  9.999907016754e-01,  1.484111841721e+01,  3.687188625336e-01
  4.903700000048e+01,  1.000002026558e+00,  1.484110709233e+01,  3.681828677654e-01
  4.913700000942e+01,  1.000007867813e+00,  1.484110125107e+01,  3.675996363163e-01
  4.923700000346e+01,  1.000008940697e+00,  1.484110017819e+01,  3.676239848137e-01
  4.933699999750e+01,  9.999729394913e-01,  1.484113617939e+01,  3.682382106781e-01
  4.943700000644e+01,  1.000001192093e+00,  1.484110792679e+01,  3.680131137371e-01
  4.953700000048e+01,  1.000005006790e+00,  1.484110411210e+01,  3.716064691544e-01
  4.963700000942e+01,  1.000001072884e+00,  1.484110804600e+01,  3.691027164459e-01
  4.973700000346e+01,  1.000004291534e+00,  1.484110482735e+01,  3.700328767300e-01
  4.983699999750e+01,  1.000032782555e+00,  1.484107633633e+01,  3.685494065285e-01
  4.993700000644e+01,  1.000002384186e+00,  1.484110673470e+01,  3.694479763508e-01
  5.003700000048e+01,  9.999955296516e-01,  1.484111358923e+01,  3.680240511894e-01
  5.013700000942e+01,  1.000004053116e+00,  1.484110506577e+01,  3.697282671928e-01
  5.023700000346e+01,  1.000017285347e+00,  1.484109183354e+01,  3.691046833992e-01
  5.033699999750e+01,  1.000010848045e+00,  1.484109827084e+01,  3.687432408333e-01
  5.043700000644e+01,  9.999884366989e-01,  1.484112068219e+01,  3.683062195778e-01
  5.053700000048e+01,  1.000029563904e+00,  1.484107955498e+01,  3.690372109413e-01
  5.063700000942e+01,  9.999878406525e-01,  1.484112127823e+01,  3.680930435658e-01
  5.073700000346e+01,  1.000022530556e+00,  1.484108658833e+01,  3.683178126812e-01
  5.083699999750e+01,  9.999888539314e-01,  1.484112026495e+01,  3.678091168404e-01
  5.093700000644e+01,  9.999917745590e-01,  1.484111734433e+01,  3.660022616386e-01
  5.103700000048e+01,  1.000009655952e+00,  1.484109946293e+01,  3.703192770481e-01
  5.113700000942e+01,  9.999797344208e-01,  1.484112938446e+01,  3.663822412491e-01
  5.123700000346e+01,  9.999944567680e-01,  1.484111466212e+01,  3.688497841358e-01
  5.133699999750e+01,  9.999955296516e-01,  1.484111358923e+01,  3.691897094250e-01
  5.143700000644e+01,  1.000040888786e+00,  1.484106823010e+01,  3.690985441208e-01
  5.153700000048e+01,  1.000014662743e+00,  1.484109445614e+01,  3.670823276043e-01
  5.163700000942e+01,  1.000019550323e+00,  1.484108956856e+01,  3.675323128700e-01
  5.173700000346e+01,  1.000002741814e+00,  1.484110637707e+01,  3.658637404442e-01
  5.183699999750e+01,  1.000015377998e+00,  1.484109374089e+01,  3.679736554623e-01
  5.193700000644e+01,  9.999858140945e-01,  1.484112330479e+01,  3.684247732162e-01
  5.203700000048e+01,  9.999932050705e-01,  1.484111591382e+01,  3.685224056244e-01
  5.213700000942e+01,  9.999682903290e-01,  1.484114082856e+01,  3.674605488777e-01
  5.223700000346e+01,  9.999791979790e-01,  1.484112992091e+01,  3.682587742805e-01
  5.233699999750e+01,  1.000006079674e+00,  1.484110303921e+01,  3.679815530777e-01
  5.243700000644e+01,  1.000008583069e+00,  1.484110053582e+01,  3.672206103802e-01
  5.253700000048e+01,  1.000005960464e+00,  1.484110315842e+01,  3.680392205715e-01
  5.263700000942e+01,  1.000010848045e+00,  1.484109827084e+01,  3.691087961197e-01
  5.273700000346e+01,  9.999856948853e-01,  1.484112342400e+01,  3.674133419991e-01
  5.283699999750e+01,  1.000023126602e+00,  1.484108599228e+01,  3.667536973953e-01
  5.293700000644e+01,  9.999835491180e-01,  1.484112556977e+01,  3.669217526913e-01
  5.303700000048e+01,  9.999739527702e-01,  1.484113516612e+01,  3.671625852585e-01
  5.313700000942e+01,  9.999812841415e-01,  1.484112783474e+01,  3.683059811592e-01
  5.323700000346e+01,  1.000005960464e+00,  1.484110315842e+01,  3.646119832993e-01
  5.333699999750e+01,  9.999989271164e-01,  1.484111019177e+01,  3.662401139736e-01
  5.343700000644e+01,  9.999713301659e-01,  1.484113778872e+01,  3.672043681145e-01
  5.353700000048e+01,  1.000030279160e+00,  1.484107883973e+01,  3.666335940361e-01
  5.363700000942e+01,  9.999926686287e-01,  1.484111645026e+01,  3.662765026093e-01
  5.373700000346e+01,  9.999831318855e-01,  1.484112598700e+01,  3.642770946026e-01
  5.383699999750e+01,  9.999971985817e-01,  1.484111192030e+01,  3.662507534027e-01
  5.393700000644e+01,  1.000012755394e+00,  1.484109636349e+01,  3.664667904377e-01
  5.403700000048e+01,  1.000023603439e+00,  1.484108551545e+01,  3.642677366734e-01
  5.413700000942e+01,  1.000006318092e+00,  1.484110280079e+01,  3.660092353821e-01
  5.423700000346e+01,  1.000015735626e+00,  1.484109338326e+01,  3.676944673061e-01
  5.433699999750e+01,  9.999993443489e-01,  1.484110977454e+01,  3.668004572392e-01
  5.443700000644e+01,  9.999937415123e-01,  1.484111537737e+01,  3.662864863873e-01
  5.453700000048e+01,  9.999951720238e-01,  1.484111394686e+01,  3.671477437019e-01
  5.463700000942e+01,  9.999838471413e-01,  1.484112527174e+01,  3.669272661209e-01
  5.473700000346e+01,  9.999966025352e-01,  1.484111251635e+01,  3.671120405197e-01
  5.483699999750e+01,  1.000004887581e+00,  1.484110423130e+01,  3.679282963276e-01
  5.493700000644e+01,  9.999960660934e-01,  1.484111305279e+01,  3.682934343815e-01
  5.503700000048e+01,  9.999867081642e-01,  1.484112241072e+01,  3.669269084930e-01
  5.513700000942e+01,  1.000004768372e+00,  1.484110435051e+01,  3.669689893723e-01
  5.523700000346e+01,  1.000009179115e+00,  1.484109993977e+01,  3.664236664772e-01
  5.533699999750e+01,  9.999876618385e-01,  1.484112145705e+01,  3.659555315971e-01
  5.543700000644e+01,  1.000017404556e+00,  1.484109171433e+01,  3.643668889999e-01
  5.553700000048e+01,  1.000000119209e+00,  1.484110899968e+01,  3.650575280190e-01
  5.563700000942e+01,  9.999814033508e-01,  1.484112771553e+01,  3.676274716854e-01
  5.573700000346e+01,  1.000010371208e+00,  1.484109874768e+01,  3.653396964073e-01
  5.583699999750e+01,  9.999972581863e-01,  1.484111186070e+01,  3.653194904327e-01
  5.593700000644e+01,  9.999910593033e-01,  1.484111805958e+01,  3.656522631645e-01
  5.603700000048e+01,  9.999785423279e-01,  1.484113057656e+01,  3.657865226269e-01
  5.613700000942e+01,  9.999989867210e-01,  1.484111013216e+01,  3.660013079643e-01
  5.623700000346e+01,  9.999791979790e-01,  1.484112992091e+01,  3.662217259407e-01
  5.633699999750e+01,  9.999952912331e-01,  1.484111382765e+01,  3.657519519329e-01
  5.643700000644e+01,  9.999935030937e-01,  1.484111561579e+01,  3.642999529839e-01
  5.653700000048e+01,  1.000012874603e+00,  1.484109624428e+01,  3.642060458660e-01
  5.663700000942e+01,  9.999867677689e-01,  1.484112235112e+01,  3.647629320621e-01
  5.673700000346e+01,  1.000006675720e+00,  1.484110244317e+01,  3.639296889305e-01
  5.683699999750e+01,  1.000010490417e+00,  1.484109862847e+01,  3.643478453159e-01
  5.693700000644e+01,  9.999852776527e-01,  1.484112384123e+01,  3.652536869049e-01
  5.703700000048e+01,  1.000016570091e+00,  1.484109254879e+01,  3.657772541046e-01
  5.713700000942e+01,  9.999991059303e-01,  1.484111001296e+01,  3.667486011982e-01
  5.723700000346e+01,  9.999996423721e-01,  1.484110947651e+01,  3.657051026821e-01
  5.733699999750e+01,  9.999963045120e-01,  1.484111281437e+01,  3.669634759426e-01
  5.743700000644e+01,  9.999896883965e-01,  1.484111943049e+01,  3.646234273911e-01
  5.753700000048e+01,  1.000029325485e+00,  1.484107979340e+01,  3.650923669338e-01
  5.763700000942e+01,  9.999936223030e-01,  1.484111549658e+01,  3.646640181541e-01
  5.773700000346e+01,  1.000013351440e+00,  1.484109576745e+01,  3.652574419975e-01
  5.783699999750e+01,  1.000003457069e+00,  1.484110566182e+01,  3.652046322823e-01
  5.793700000644e+01,  9.999850392342e-01,  1.484112407965e+01,  3.654278814793e-01
  5.803700000048e+01,  1.000013709068e+00,  1.484109540982e+01,  3.660245239735e-01
  5.813700000942e+01,  9.999949932098e-01,  1.484111412568e+01,  3.634693622589e-01
  5.823700000346e+01,  1.000029206276e+00,  1.484107991261e+01,  3.648428618908e-01
  5.833699999750e+01,  1.000030398369e+00,  1.484107872052e+01,  3.651637732983e-01
  5.843700000644e+01,  1.000007271767e+00,  1.484110184712e+01,  3.664256632328e-01
  5.853700000048e+01,  1.000000119209e+00,  1.484110899968e+01,  3.660934269428e-01
  5.863700000942e+01,  9.999889731407e-01,  1.484112014574e+01,  3.671460449696e-01
  5.873700000346e+01,  1.000023961067e+00,  1.484108515782e+01,  3.656781613827e-01
  5.883699999750e+01,  1.000015974045e+00,  1.484109314484e+01,  3.663828074932e-01
  5.893700000644e+01,  9.999951124191e-01,  1.484111400647e+01,  3.664920330048e-01
  5.903700000048e+01,  1.000021100044e+00,  1.484108801884e+01,  3.656365871429e-01
  5.913700000942e+01,  9.999861717224e-01,  1.484112294716e+01,  3.669894039631e-01
  5.923700000346e+01,  1.000053167343e+00,  1.484105595154e+01,  3.668641149998e-01
  5.933699999750e+01,  1.000015616417e+00,  1.484109350247e+01,  3.660708665848e-01
  5.943700000644e+01,  9.999811053276e-01,  1.484112801356e+01,  3.654756247997e-01
  5.953700000048e+01,  9.999975562096e-01,  1.484111156268e+01,  3.657585382462e-01
  5.963700000942e+01,  9.999899864197e-01,  1.484111913247e+01,  3.674564957619e-01
  5.973700000346e+01,  9.999872446060e-01,  1.484112187428e+01,  3.656806647778e-01
  5.983699999750e+01,  9.999985098839e-01,  1.484111060900e+01,  3.650993704796e-01
  5.993700000644e+01,  9.999964833260e-01,  1.484111263556e+01,  3.643979430199e-01
  6.003700000048e+01,  9.999833106995e-01,  1.484112580819e+01,  3.639904260635e-01
  6.013700000942e+01,  1.000012993813e+00,  1.484109612507e+01,  3.669198155403e-01
  6.023700000346e+01,  9.999981522560e-01,  1.484111096663e+01,  3.654799759388e-01
  6.033699999750e+01,  1.000002264977e+00,  1.484110685391e+01,  3.660959005356e-01
  6.043700000644e+01,  9.999876618385e-01,  1.484112145705e+01,  3.653205931187e-01
  6.053700000048e+01,  9.999857544899e-01,  1.484112336440e+01,  3.655674159527e-01
  6.063700000942e+01,  9.999976158142e-01,  1.484111150307e+01,  3.641035258770e-01
  6.073700000346e+01,  1.000001311302e+00,  1.484110780758e+01,  3.645976483822e-01
  6.083699999750e+01,  9.999971985817e-01,  1.484111192030e+01,  3.634081780910e-01
  6.093700000644e+01,  9.999978542328e-01,  1.484111126465e+01,  3.628313839436e-01
  6.103700000048e+01,  1.000029683113e+00,  1.484107943577e+01,  3.635163009167e-01
  6.113700000942e+01,  9.999633431435e-01,  1.484114577574e+01,  3.639634251595e-01
  6.123700000346e+01,  1.000011086464e+00,  1.484109803242e+01,  3.624813258648e-01
  6.133699999750e+01,  1.000004172325e+00,  1.484110494656e+01,  3.606729209423e-01
  6.143700000644e+01,  1.000017642975e+00,  1.484109147591e+01,  3.644131422043e-01
  6.153700000048e+01,  1.000012874603e+00,  1.484109624428e+01,  3.646795451641e-01
  6.163700000942e+01,  1.000021576881e+00,  1.484108754200e+01,  3.632838726044e-01
  6.172800000012e+01,  9.999971389771e-01,  1.484111197991e+01,  3.656967580318e-01
  6.172900000215e+01,  9.999982118607e-01,  1.484111090703e+01,  3.657475411892e-01
  6.173200000823e+01,  9.999976158142e-01,  1.484111150307e+01,  3.658272325993e-01
  6.183200000226e+01,  9.999765157700e-01,  1.484113260312e+01,  3.627186119556e-01
  6.191300000250e+01,  9.898682236671e-01,  1.485124089522e+01,  3.634853363037e-01
  6.193550001085e+01,  9.795523285866e-01,  1.486155679030e+01,  3.419437408447e-01
  6.194699999690e+01,  9.691038727760e-01,  1.487200524611e+01,  3.222723007202e-01
  6.195499999821e+01,  9.584608674049e-01,  1.488264825148e+01,  3.249898850918e-01
  6.196199999750e+01,  9.476767182350e-01,  1.489343240065e+01,  3.255559504032e-01
  6.196850000322e+01,  9.369497895241e-01,  1.490415932936e+01,  3.234516680241e-01
  6.197450000048e+01,  9.267225861549e-01,  1.491438653273e+01,  3.201176226139e-01
  6.198049999774e+01,  9.164000153542e-01,  1.492470910353e+01,  3.184588551521e-01
  6.198650000989e+01,  9.063215851784e-01,  1.493478753371e+01,  3.187058568001e-01
  6.199300000072e+01,  8.960180878639e-01,  1.494509103102e+01,  3.191826939583e-01
  6.200050000846e+01,  8.855925202370e-01,  1.495551659865e+01,  3.150022625923e-01
  6.200900000334e+01,  8.753119111061e-01,  1.496579720778e+01,  2.970731854439e-01
  6.201800000668e+01,  8.648431301117e-01,  1.497626598877e+01,  2.861250340939e-01
  6.202650000155e+01,  8.548371791840e-01,  1.498627193970e+01,  2.756346166134e-01
  6.203500001132e+01,  8.443543910980e-01,  1.499675472779e+01,  2.625654637814e-01
  6.204250000417e+01,  8.343026638031e-01,  1.500680645508e+01,  2.501448094845e-01
  6.204950000346e+01,  8.240640163422e-01,  1.501704510254e+01,  2.496528923512e-01
  6.205650000274e+01,  8.134934902191e-01,  1.502761562867e+01,  2.500045597553e-01
  6.206350000203e+01,  8.031938076019e-01,  1.503791531128e+01,  2.484620064497e-01
  6.207100000978e+01,  7.928407192230e-01,  1.504826839966e+01,  2.454574555159e-01
  6.207900001109e+01,  7.828004360199e-01,  1.505830868287e+01,  2.431484907866e-01
  6.208850000799e+01,  7.726666927338e-01,  1.506844242615e+01,  2.403754442930e-01
  6.210100001097e+01,  7.625577449799e-01,  1.507855137391e+01,  2.247560471296e-01
  6.211500000954e+01,  7.524716854095e-01,  1.508863743348e+01,  2.048624008894e-01
  6.212700000405e+01,  7.421796321869e-01,  1.509892948670e+01,  1.966903656721e-01
  6.213700000942e+01,  7.321279048920e-01,  1.510898121399e+01,  1.937838047743e-01
  6.214650000632e+01,  7.218205928802e-01,  1.511928852601e+01,  1.932249516249e-01
  6.215600000322e+01,  7.114942073822e-01,  1.512961491150e+01,  1.899171322584e-01
  6.216600000858e+01,  7.010533809662e-01,  1.514005573792e+01,  1.852117031813e-01
  6.217650000751e+01,  6.906640529633e-01,  1.515044506592e+01,  1.786981076002e-01
  6.218750000000e+01,  6.803739070892e-01,  1.516073521180e+01,  1.712613552809e-01
  6.219850000739e+01,  6.703317165375e-01,  1.517077740235e+01,  1.644912213087e-01
  6.220949999988e+01,  6.600854396820e-01,  1.518102367920e+01,  1.599097698927e-01
  6.221999999881e+01,  6.500718593597e-01,  1.519103725953e+01,  1.554751843214e-01
  6.223049999774e+01,  6.398427486420e-01,  1.520126637024e+01,  1.485362499952e-01
  6.224050000310e+01,  6.297032833099e-01,  1.521140583558e+01,  1.417394131422e-01
  6.225000000000e+01,  6.195065975189e-01,  1.522160252137e+01,  1.366305798292e-01
  6.225900000334e+01,  6.094434261322e-01,  1.523166569275e+01,  1.322017163038e-01
  6.226800000668e+01,  5.991225242615e-01,  1.524198659462e+01,  1.302671879530e-01
  6.227700001001e+01,  5.889143943787e-01,  1.525219472451e+01,  1.290340870619e-01
  6.228650000691e+01,  5.785994529724e-01,  1.526250966591e+01,  1.269348114729e-01
  6.229649999738e+01,  5.685744285583e-01,  1.527253469033e+01,  1.198909729719e-01
  6.230750000477e+01,  5.581641197205e-01,  1.528294499917e+01,  1.114547699690e-01
  6.231849999726e+01,  5.478796958923e-01,  1.529322942299e+01,  1.031539887190e-01
  6.232900001109e+01,  5.377936363220e-01,  1.530331548256e+01,  9.643821418285e-02
  6.233950001001e+01,  5.273756980896e-01,  1.531373342080e+01,  9.298302233219e-02
  6.234950000048e+01,  5.172934532166e-01,  1.532381566567e+01,  9.117765724659e-02
  6.235950000584e+01,  5.072875022888e-01,  1.533382161660e+01,  8.761711418629e-02
  6.237000000477e+01,  4.969783127308e-01,  1.534413080615e+01,  8.061333000660e-02
  6.238050000370e+01,  4.866900742054e-01,  1.535441904468e+01,  7.353897392750e-02
  6.239100000262e+01,  4.762530624866e-01,  1.536485605640e+01,  6.666298210621e-02
  6.240100000799e+01,  4.661670029163e-01,  1.537494211597e+01,  6.201286613941e-02
  6.241099999845e+01,  4.560160934925e-01,  1.538509302539e+01,  5.811043083668e-02
  6.242100000381e+01,  4.459262192249e-01,  1.539518289966e+01,  5.549998581409e-02
  6.243100000918e+01,  4.358935654163e-01,  1.540521555347e+01,  5.235667526722e-02
  6.244099999964e+01,  4.258799850941e-01,  1.541522913379e+01,  4.863639175892e-02
  6.245100000501e+01,  4.158587753773e-01,  1.542525034351e+01,  4.493518173695e-02
  6.246150000393e+01,  4.053607285023e-01,  1.543574839038e+01,  4.138512909412e-02
  6.247150000930e+01,  3.953585922718e-01,  1.544575052661e+01,  3.662820160389e-02
  6.248149999976e+01,  3.852725327015e-01,  1.545583658618e+01,  3.289218246937e-02
  6.249150000513e+01,  3.751216232777e-01,  1.546598749561e+01,  3.072019107640e-02
  6.250150001049e+01,  3.650050461292e-01,  1.547610407276e+01,  2.853246219456e-02
  6.251150000095e+01,  3.549266159534e-01,  1.548618250293e+01,  2.556653507054e-02
  6.252150000632e+01,  3.448927998543e-01,  1.549621631903e+01,  2.292812615633e-02
  6.253200000525e+01,  3.344367146492e-01,  1.550667240424e+01,  1.883495599031e-02
  6.254250000417e+01,  3.239997029305e-01,  1.551710941596e+01,  1.424015406519e-02
  6.255250000954e+01,  3.139670491219e-01,  1.552714206976e+01,  1.053036097437e-02
  6.256250000000e+01,  3.038695454597e-01,  1.553723957343e+01,  8.202441968024e-03
  6.257250000536e+01,  2.938292622566e-01,  1.554727985663e+01,  6.405481137335e-03
  6.258300000429e+01,  2.833655476570e-01,  1.555774357123e+01,  4.277833737433e-03
  6.259350000322e+01,  2.730086445808e-01,  1.556810047430e+01,  2.169848419726e-03
  6.260400000215e+01,  2.627432942390e-01,  1.557836582465e+01, -1.428364892490e-03
  6.261450000107e+01,  2.524321675301e-01,  1.558867695136e+01, -3.953932784498e-03
  6.262500000000e+01,  2.420333176851e-01,  1.559907580120e+01, -5.260269157588e-03
  6.263549999893e+01,  2.316687852144e-01,  1.560944033367e+01, -7.496397010982e-03
  6.264599999785e+01,  2.213156968355e-01,  1.561979342205e+01, -1.038459967822e-02
  6.265650001168e+01,  2.108748704195e-01,  1.563023424847e+01, -1.402191352099e-02
  6.266650000215e+01,  2.008727341890e-01,  1.564023638470e+01, -1.492819469422e-02
  6.267700000107e+01,  1.904166489840e-01,  1.565069246990e+01, -1.637395098805e-02
  6.268750000000e+01,  1.800330430269e-01,  1.566107607586e+01, -1.654975488782e-02
  6.269799999893e+01,  1.696646958590e-01,  1.567144442303e+01, -1.731004193425e-02
  6.270849999785e+01,  1.592582017183e-01,  1.568185091717e+01, -1.812883093953e-02
  6.271850000322e+01,  1.491683274508e-01,  1.569194079143e+01, -1.782915368676e-02
  6.272850000858e+01,  1.389716416597e-01,  1.570213747723e+01, -1.660568639636e-02
  6.273849999905e+01,  1.288131028414e-01,  1.571229601604e+01, -1.620001718402e-02
  6.274899999797e+01,  1.183951646090e-01,  1.572271395428e+01, -1.566560193896e-02
  6.275949999690e+01,  1.082614213228e-01,  1.573284769756e+01, -1.514572929591e-02
  6.277000001073e+01,  9.823227673769e-02,  1.574287684215e+01, -1.668716222048e-02
  6.278050000966e+01,  8.795929700136e-02,  1.575314982188e+01, -1.795842498541e-02
  6.279050000012e+01,  7.781983166933e-02,  1.576328928722e+01, -1.705833524466e-02
  6.280050000548e+01,  6.746292859316e-02,  1.577364619029e+01, -1.564904302359e-02
  6.281050001085e+01,  5.712509900331e-02,  1.578398401988e+01, -1.460226625204e-02
  6.282050000131e+01,  4.701233655214e-02,  1.579409678233e+01, -1.444002240896e-02
  6.283100000024e+01,  3.676415234804e-02,  1.580434496654e+01, -1.261333376169e-02
  6.284200000763e+01,  2.676010876894e-02,  1.581434901012e+01, -1.057485491037e-02
  6.285500000417e+01,  1.647377759218e-02,  1.582463534129e+01, -7.733024656773e-03
  6.287250000238e+01,  6.355293095112e-03,  1.583475382579e+01, -5.352057516575e-03
  6.288400000334e+01,  2.359397476539e-03,  1.583874972141e+01, -7.556326687336e-03
  6.288500000536e+01,  2.100951736793e-03,  1.583900816715e+01, -7.773764431477e-03
  6.289300000668e+01,  4.158093070146e-04,  1.584069330958e+01, -8.807070553303e-03
  6.289599999785e+01, -6.007416959619e-05,  1.584116919306e+01, -9.302981197834e-03
  6.316500000656e+01, -2.095185685903e-03,  1.584320430457e+01, -1.670648716390e-02
  6.316600000858e+01, -2.095323521644e-03,  1.584320444241e+01, -1.682474277914e-02
