           Test time,     Standard travel,     Tool separation,      Standard force
                 0.0,                 0.0,  2.562075024116e+01, -1.470968686044e-02
                 0.0,                 0.0,  2.562075214851e+01, -1.467547379434e-02
                 0.0,                 0.0,  2.562075214851e+01, -1.477121189237e-02
                 0.0,                 0.0,  2.562075286377e+01, -1.427795365453e-02
                 0.0,                 0.0,  2.562075202930e+01, -1.414157822728e-02
                 0.0,                 0.0,  2.672114100110e+01, -1.370842196047e-02
  0.000000000000e+00,  0.000000000000e+00,  2.672114139072e+01, -1.389498449862e-02
  8.000001311302e-03, -5.180947482586e-06,  2.672114657167e+01, -1.408617757261e-02
  1.100000739098e-02, -5.870359018445e-06,  2.672114726108e+01, -1.432936452329e-02
  1.300001144409e-02, -8.007278665900e-06,  2.672114939800e+01, -1.446359418333e-02
  1.399999856949e-02, -7.239868864417e-06,  2.672114863059e+01, -1.451342366636e-02
  1.140000075102e-01,  2.570915057731e-05,  2.672111568157e+01, -1.402085553855e-02
  2.145000100136e-01,  5.576788680628e-06,  2.672113581393e+01, -1.493429299444e-02
  3.150000125170e-01, -9.455736289965e-06,  2.672115084646e+01, -1.574536971748e-02
  4.155000001192e-01,  1.565075479448e-03,  2.671957631524e+01, -1.543343346566e-02
  4.485000073910e-01,  1.171908434480e-02,  2.670942230638e+01,  1.214229781181e-02
  4.585000127554e-01,  2.180705219507e-02,  2.669933433853e+01,  2.264582924545e-02
  4.655000120401e-01,  3.188929706812e-02,  2.668925209365e+01,  9.612915106118e-03
  4.720000028610e-01,  4.258189350367e-02,  2.667855949722e+01, -4.242064896971e-03
  4.780000001192e-01,  5.288539081812e-02,  2.666825599990e+01, -1.433575432748e-02
  4.840000122786e-01,  6.314311176538e-02,  2.665799827896e+01, -1.930058188736e-02
  4.905000030994e-01,  7.389292865992e-02,  2.664724846206e+01, -2.957165427506e-02
  4.975000023842e-01,  8.416972309351e-02,  2.663697166763e+01, -3.757441416383e-02
  5.060000121593e-01,  9.445033222437e-02,  2.662669105850e+01, -4.613984003663e-02
  5.185000002384e-01,  1.047633662820e-01,  2.661637802444e+01, -2.341449446976e-02
  5.320000052452e-01,  1.151336207986e-01,  2.660600776992e+01, -4.239919129759e-03
  5.425000041723e-01,  1.252749860287e-01,  2.659586640469e+01, -6.968619767576e-03
  5.520000010729e-01,  1.355899274349e-01,  2.658555146329e+01, -1.245129387826e-02
  5.610000044107e-01,  1.456759870052e-01,  2.657546540372e+01, -1.578867621720e-02
  5.705000013113e-01,  1.561594456434e-01,  2.656498194508e+01, -1.951210759580e-02
  5.805000066757e-01,  1.664457768202e-01,  2.655469561390e+01, -2.247807942331e-02
  5.914999991655e-01,  1.767187565565e-01,  2.654442263417e+01, -1.724169217050e-02
  6.025000065565e-01,  1.869039982557e-01,  2.653423739247e+01, -1.140615809709e-02
  6.130000054836e-01,  1.972723454237e-01,  2.652386904530e+01, -1.161969173700e-02
  6.230000108480e-01,  2.076750248671e-01,  2.651346636585e+01, -1.322730351239e-02
  6.325000077486e-01,  2.177420109510e-01,  2.650339937977e+01, -1.577886007726e-02
  6.424999982119e-01,  2.281828373671e-01,  2.649295855335e+01, -1.799817942083e-02
  6.530000120401e-01,  2.386541813612e-01,  2.648248720936e+01, -1.769345067441e-02
  6.635000109673e-01,  2.487345188856e-01,  2.647240687184e+01, -1.556884218007e-02
  6.740000098944e-01,  2.588014900684e-01,  2.646233990065e+01, -1.565570943058e-02
  6.845000088215e-01,  2.688932716846e-01,  2.645224811904e+01, -1.416833419353e-02
  6.950000077486e-01,  2.791700661182e-01,  2.644197132460e+01, -1.424258667976e-02
  7.055000066757e-01,  2.896490395069e-01,  2.643149235122e+01, -1.503820810467e-02
  7.155000120401e-01,  2.997427284718e-01,  2.642139866225e+01, -1.669116504490e-02
  7.255000025034e-01,  3.098364174366e-01,  2.641130497329e+01, -1.623513735831e-02
  7.355000078678e-01,  3.199873268604e-01,  2.640115406386e+01, -1.643695868552e-02
  7.454999983311e-01,  3.300810158253e-01,  2.639106037490e+01, -1.602962054312e-02
  7.555000036955e-01,  3.400984108448e-01,  2.638104297988e+01, -1.538736466318e-02
  7.660000026226e-01,  3.505468666553e-01,  2.637059452407e+01, -1.413280609995e-02
  7.765000015497e-01,  3.609915077686e-01,  2.636014988295e+01, -1.304877642542e-02
  7.865000069141e-01,  3.710203468800e-01,  2.635012104384e+01, -1.309303287417e-02
  7.965000122786e-01,  3.811064064503e-01,  2.634003498427e+01, -1.343971770257e-02
  8.065000027418e-01,  3.911810219288e-01,  2.632996036879e+01, -1.308676879853e-02
  8.170000016689e-01,  4.016710221767e-01,  2.631947036855e+01, -1.108155213296e-02
  8.275000005960e-01,  4.121652543545e-01,  2.630897613637e+01, -9.479915723205e-03
  8.375000059605e-01,  4.222207963467e-01,  2.629892059438e+01, -9.607551619411e-03
  8.475000113249e-01,  4.323183000088e-01,  2.628882309071e+01, -8.390324190259e-03
  8.575000017881e-01,  4.424882829189e-01,  2.627865310780e+01, -6.986748427153e-03
  8.675000071526e-01,  4.526773393154e-01,  2.626846405141e+01, -6.958551704884e-03
  8.775000125170e-01,  4.627901017666e-01,  2.625835128896e+01, -5.966968834400e-03
  8.875000029802e-01,  4.728647172451e-01,  2.624827667348e+01, -2.588100498542e-03
  8.975000083447e-01,  4.829393327236e-01,  2.623820205800e+01, -1.148290699348e-03
  9.074999988079e-01,  4.929758012295e-01,  2.622816558949e+01,  3.345536533743e-04
  9.175000041723e-01,  5.030008554459e-01,  2.621814053528e+01,  3.170542651787e-03
  9.275000095367e-01,  5.130335092545e-01,  2.620810788147e+01,  4.778318107128e-03
  9.380000084639e-01,  5.234857797623e-01,  2.619765561096e+01,  6.669215857983e-03
  9.485000073910e-01,  5.338197946548e-01,  2.618732159607e+01,  8.882455527782e-03
  9.590000063181e-01,  5.441309213638e-01,  2.617701046936e+01,  1.275055855513e-02
  9.695000052452e-01,  5.545488595963e-01,  2.616659253113e+01,  1.434122771025e-02
  9.795000106096e-01,  5.646692514420e-01,  2.615647213928e+01,  1.663243025541e-02
  9.895000010729e-01,  5.748430490494e-01,  2.614629834167e+01,  1.797425001860e-02
  9.995000064373e-01,  5.849825143814e-01,  2.613615887634e+01,  1.979099959135e-02
  1.010000005364e+00,  5.954729318619e-01,  2.612566845886e+01,  2.110277861357e-02
  1.020500004292e+00,  6.057687997818e-01,  2.611537259094e+01,  2.526747435331e-02
  1.031000003219e+00,  6.159788370132e-01,  2.610516255371e+01,  2.849280089140e-02
  1.041500002146e+00,  6.263128519058e-01,  2.609482853882e+01,  3.349386900663e-02
  1.051500007510e+00,  6.364256143570e-01,  2.608471577636e+01,  3.604113310575e-02
  1.061499997973e+00,  6.467405557632e-01,  2.607440083496e+01,  3.756176680326e-02
  1.071500003338e+00,  6.570376753807e-01,  2.606410371534e+01,  3.901378810406e-02
  1.081500008702e+00,  6.671237349510e-01,  2.605401765577e+01,  4.281847178936e-02
  1.092000007629e+00,  6.774768233299e-01,  2.604366456739e+01,  4.617731273174e-02
  1.102500006557e+00,  6.877402663231e-01,  2.603340112440e+01,  5.117742717266e-02
  1.113000005484e+00,  6.981086134911e-01,  2.602303277723e+01,  5.528824031353e-02
  1.123000010848e+00,  7.081984877586e-01,  2.601294290296e+01,  5.838958919048e-02
  1.133000001311e+00,  7.184867262840e-01,  2.600265466444e+01,  5.888785421848e-02
  1.143000006676e+00,  7.288932204247e-01,  2.599224817030e+01,  6.013877689838e-02
  1.153000012040e+00,  7.392348647118e-01,  2.598190652601e+01,  6.192169338465e-02
  1.163000002503e+00,  7.493590712547e-01,  2.597178231947e+01,  6.449375301600e-02
  1.173500001431e+00,  7.597083449364e-01,  2.596143304579e+01,  6.889495998621e-02
  1.184000000358e+00,  7.699775099754e-01,  2.595116388075e+01,  7.548675686121e-02
  1.194499999285e+00,  7.803611159325e-01,  2.594078027479e+01,  8.077583462000e-02
  1.204500004649e+00,  7.904471755028e-01,  2.593069421522e+01,  8.417949825525e-02
  1.214500010014e+00,  8.008040785789e-01,  2.592033731214e+01,  8.729801326990e-02
  1.224500000477e+00,  8.112487196922e-01,  2.590989267103e+01,  8.903751522303e-02
  1.234500005841e+00,  8.215407729149e-01,  2.589960061781e+01,  9.172353893518e-02
  1.244500011206e+00,  8.315429091454e-01,  2.588959848158e+01,  9.529075771570e-02
  1.255000010133e+00,  8.417701125145e-01,  2.587937127821e+01,  1.001935973763e-01
  1.265500009060e+00,  8.518256545067e-01,  2.586931573622e+01,  1.055828109384e-01
  1.276000007987e+00,  8.620509505272e-01,  2.585909044019e+01,  1.097064986825e-01
  1.285999998450e+00,  8.721179366112e-01,  2.584902345411e+01,  1.117731109262e-01
  1.296000003815e+00,  8.823565840721e-01,  2.583878480665e+01,  1.136148944497e-01
  1.306000009179e+00,  8.925723433495e-01,  2.582856904737e+01,  1.168755069375e-01
  1.315999999642e+00,  9.027042984962e-01,  2.581843709223e+01,  1.207127422094e-01
  1.326499998569e+00,  9.131909012794e-01,  2.580795048944e+01,  1.244482845068e-01
  1.337000012398e+00,  9.234581589699e-01,  2.579768323175e+01,  1.292672008276e-01
  1.347500011325e+00,  9.337158799171e-01,  2.578742551080e+01,  1.348986476660e-01
  1.358000010252e+00,  9.441338181496e-01,  2.577700757257e+01,  1.390194743872e-01
  1.368000000715e+00,  9.541473984718e-01,  2.576699399225e+01,  1.414551585913e-01
  1.378000006080e+00,  9.641495347023e-01,  2.575699185602e+01,  1.447234004736e-01
  1.388500005007e+00,  9.745903611183e-01,  2.574655102960e+01,  1.496157497168e-01
  1.399000003934e+00,  9.849777817726e-01,  2.573616360895e+01,  1.542572826147e-01
  1.409500002861e+00,  9.953919053078e-01,  2.572574948541e+01,  1.593947261572e-01
  1.419500008225e+00,  1.005458950996e+00,  2.571568243973e+01,  1.638722270727e-01
  1.429499998689e+00,  1.015659451485e+00,  2.570548193924e+01,  1.674008220434e-01
  1.439500004053e+00,  1.025875210762e+00,  2.569526617996e+01,  1.700734943151e-01
  1.449500009418e+00,  1.035991787910e+00,  2.568514960281e+01,  1.732148975134e-01
  1.460000008345e+00,  1.046455502510e+00,  2.567468588821e+01,  1.775255054235e-01
  1.470500007272e+00,  1.056816220284e+00,  2.566432517044e+01,  1.841516345739e-01
  1.481000006199e+00,  1.067314267159e+00,  2.565382712356e+01,  1.890268176794e-01
  1.491000011563e+00,  1.077518582344e+00,  2.564362280838e+01,  1.919884532690e-01
  1.501000002027e+00,  1.087856411934e+00,  2.563328497879e+01,  1.953348964453e-01
  1.511000007391e+00,  1.098171353340e+00,  2.562297003738e+01,  1.989064067602e-01
  1.521000012755e+00,  1.108318448067e+00,  2.561282294266e+01,  2.010485976934e-01
  1.531500011683e+00,  1.118675351143e+00,  2.560246603958e+01,  2.059390395880e-01
  1.542000010610e+00,  1.128933072090e+00,  2.559220831863e+01,  2.135951370001e-01
  1.552500009537e+00,  1.139366269112e+00,  2.558177512161e+01,  2.189872115850e-01
  1.562500000000e+00,  1.149513363838e+00,  2.557162802688e+01,  2.211665958166e-01
  1.572500005364e+00,  1.159705877304e+00,  2.556143551342e+01,  2.246887832880e-01
  1.582500010729e+00,  1.169860601425e+00,  2.555128078930e+01,  2.270989567041e-01
  1.592500001192e+00,  1.179866552353e+00,  2.554127483837e+01,  2.305426746607e-01
  1.603000000119e+00,  1.190212011337e+00,  2.553092937938e+01,  2.343173176050e-01
  1.613499999046e+00,  1.200433492661e+00,  2.552070789806e+01,  2.411952167749e-01
  1.623999997973e+00,  1.210725545883e+00,  2.551041584484e+01,  2.465434223413e-01
  1.634500011802e+00,  1.221193075180e+00,  2.549994831554e+01,  2.512879669666e-01
  1.644500002265e+00,  1.231240987778e+00,  2.548990040294e+01,  2.526817619801e-01
  1.654500007629e+00,  1.241262197495e+00,  2.547987919323e+01,  2.561388313770e-01
  1.665000006557e+00,  1.251695394516e+00,  2.546944599621e+01,  2.594375908375e-01
  1.675500005484e+00,  1.262079000473e+00,  2.545906239025e+01,  2.625117599964e-01
  1.686000004411e+00,  1.272420644760e+00,  2.544872074596e+01,  2.666554749012e-01
  1.696500003338e+00,  1.282777547836e+00,  2.543836384289e+01,  2.730279266834e-01
  1.706500008702e+00,  1.292779684067e+00,  2.542836170666e+01,  2.774510681629e-01
  1.716499999166e+00,  1.302961111069e+00,  2.541818027965e+01,  2.796918451786e-01
  1.726500004530e+00,  1.313142538071e+00,  2.540799885265e+01,  2.841197550297e-01
  1.736500009894e+00,  1.323148488998e+00,  2.539799290172e+01,  2.889019548893e-01
  1.747000008821e+00,  1.333532094955e+00,  2.538760929577e+01,  2.934776842594e-01
  1.757500007749e+00,  1.343896627426e+00,  2.537724476330e+01,  2.976171076298e-01
  1.768000006676e+00,  1.354226827621e+00,  2.536691456310e+01,  3.023139536381e-01
  1.778500005603e+00,  1.364633321762e+00,  2.535650806896e+01,  3.072692453861e-01
  1.788500010967e+00,  1.374704122543e+00,  2.534643726818e+01,  3.104554712772e-01
  1.798500001431e+00,  1.384847402573e+00,  2.533629398815e+01,  3.140460550785e-01
  1.808500006795e+00,  1.394929647446e+00,  2.532621174328e+01,  3.192626535892e-01
  1.818500012159e+00,  1.404957890511e+00,  2.531618350021e+01,  3.245535492897e-01
  1.829000011086e+00,  1.415452122688e+00,  2.530568926803e+01,  3.289175629616e-01
  1.839500010014e+00,  1.425919651985e+00,  2.529522173874e+01,  3.336363434792e-01
  1.849500000477e+00,  1.435921788216e+00,  2.528521960251e+01,  3.368669152260e-01
  1.859500005841e+00,  1.445923924446e+00,  2.527521746628e+01,  3.394809365273e-01
  1.870000004768e+00,  1.456299901009e+00,  2.526484148971e+01,  3.438201546669e-01
  1.880500003695e+00,  1.466649174690e+00,  2.525449221603e+01,  3.493810296059e-01
  1.891000002623e+00,  1.477025151253e+00,  2.524411623947e+01,  3.547444939613e-01
  1.901500001550e+00,  1.487431645393e+00,  2.523370974533e+01,  3.596540093422e-01
  1.911500006914e+00,  1.497471928596e+00,  2.522366946213e+01,  3.647332787514e-01
  1.921500012279e+00,  1.507672429085e+00,  2.521346896164e+01,  3.674102425575e-01
  1.931500002742e+00,  1.517884373665e+00,  2.520325701706e+01,  3.702078461647e-01
  1.941500008106e+00,  1.527920842171e+00,  2.519322054855e+01,  3.725419640541e-01
  1.952000007033e+00,  1.538319706917e+00,  2.518282168381e+01,  3.769803643227e-01
  1.962500005960e+00,  1.548583149910e+00,  2.517255824081e+01,  3.815131783485e-01
  1.973000004888e+00,  1.558835148811e+00,  2.516230624191e+01,  3.866277337074e-01
  1.983500003815e+00,  1.569218754768e+00,  2.515192263595e+01,  3.899675011635e-01
  1.993500009179e+00,  1.579247593880e+00,  2.514189379684e+01,  3.935404419899e-01
  2.003499999642e+00,  1.589280247688e+00,  2.513186114303e+01,  3.967404961586e-01
  2.013999998569e+00,  1.599743962288e+00,  2.512139742843e+01,  4.013949036598e-01
  2.024500012398e+00,  1.610119938850e+00,  2.511102145187e+01,  4.062529206276e-01
  2.035000011325e+00,  1.620410084724e+00,  2.510073130600e+01,  4.136572480202e-01
  2.045500010252e+00,  1.630746006966e+00,  2.509039538376e+01,  4.184837937355e-01
  2.056000009179e+00,  1.641137242317e+00,  2.508000414840e+01,  4.234133362770e-01
  2.066500008106e+00,  1.651606440544e+00,  2.506953495018e+01,  4.270545542240e-01
  2.076499998569e+00,  1.661673426628e+00,  2.505946796409e+01,  4.309150278568e-01
  2.086500003934e+00,  1.671820521355e+00,  2.504932086937e+01,  4.340449869633e-01
  2.096500009298e+00,  1.681967616081e+00,  2.503917377464e+01,  4.390727579594e-01
  2.106499999762e+00,  1.692084193230e+00,  2.502905719749e+01,  4.439107477665e-01
  2.116500005126e+00,  1.702166438103e+00,  2.501897495262e+01,  4.483825266361e-01
  2.126500010490e+00,  1.712214350700e+00,  2.500892704002e+01,  4.525796473026e-01
  2.136500000954e+00,  1.722216486931e+00,  2.499892490379e+01,  4.569598734379e-01
  2.146999999881e+00,  1.732703089714e+00,  2.498843830101e+01,  4.610110819340e-01
  2.157499998808e+00,  1.743174433708e+00,  2.497796695701e+01,  4.642929136753e-01
  2.168000012636e+00,  1.753626704216e+00,  2.496751468651e+01,  4.690522253513e-01
  2.178500011563e+00,  1.764094233513e+00,  2.495704715721e+01,  4.735716879368e-01
  2.189000010490e+00,  1.774550318718e+00,  2.494659107200e+01,  4.774922430515e-01
  2.199500009418e+00,  1.784975886345e+00,  2.493616550438e+01,  4.804853498936e-01
  2.210000008345e+00,  1.795348048210e+00,  2.492579334251e+01,  4.864687025547e-01
  2.220500007272e+00,  1.805785059929e+00,  2.491535633079e+01,  4.908298552036e-01
  2.231000006199e+00,  1.816244959831e+00,  2.490489643089e+01,  4.943975508213e-01
  2.241500005126e+00,  1.826697230339e+00,  2.489444416038e+01,  4.997877180576e-01
  2.252000004053e+00,  1.837157130241e+00,  2.488398426048e+01,  5.043577551842e-01
  2.262000009418e+00,  1.847166895866e+00,  2.487397449486e+01,  5.073999762535e-01
  2.272500008345e+00,  1.857615351677e+00,  2.486352603905e+01,  5.117859244347e-01
  2.283000007272e+00,  1.868052363396e+00,  2.485308902733e+01,  5.173782706261e-01
  2.293000012636e+00,  1.878069758415e+00,  2.484307163231e+01,  5.223392844200e-01
  2.303000003099e+00,  1.888159632683e+00,  2.483298175804e+01,  5.283064246178e-01
  2.313000008464e+00,  1.898283839226e+00,  2.482285755150e+01,  5.327519774437e-01
  2.322999998927e+00,  1.908365964890e+00,  2.481277542583e+01,  5.375187397003e-01
  2.333000004292e+00,  1.918452024460e+00,  2.480268936626e+01,  5.420048236847e-01
  2.343000009656e+00,  1.928511381149e+00,  2.479263000957e+01,  5.451071262360e-01
  2.353500008583e+00,  1.938971281052e+00,  2.478217010967e+01,  5.486967563629e-01
  2.364000007510e+00,  1.949354887009e+00,  2.477178650371e+01,  5.530531406403e-01
  2.374500006437e+00,  1.959749937057e+00,  2.476139145366e+01,  5.563776493073e-01
  2.385000005364e+00,  1.970074415207e+00,  2.475106697552e+01,  5.618422031403e-01
  2.395500004292e+00,  1.980454206467e+00,  2.474068718426e+01,  5.665247440338e-01
  2.406000003219e+00,  1.990936994553e+00,  2.473020439617e+01,  5.710499286652e-01
  2.416500002146e+00,  2.001431226730e+00,  2.471971016399e+01,  5.756742954254e-01
  2.426500007510e+00,  2.011437177658e+00,  2.470970421306e+01,  5.817110538483e-01
  2.436499997973e+00,  2.021492719650e+00,  2.469964867107e+01,  5.858128070831e-01
  2.447000011802e+00,  2.031983137131e+00,  2.468915825359e+01,  5.910913944244e-01
  2.457500010729e+00,  2.042439222336e+00,  2.467870216839e+01,  5.963671207428e-01
  2.468000009656e+00,  2.052872419357e+00,  2.466826897136e+01,  6.013271808624e-01
  2.478500008583e+00,  2.063290357590e+00,  2.465785103313e+01,  6.050550937653e-01
  2.489000007510e+00,  2.073715925217e+00,  2.464742546551e+01,  6.095955371857e-01
  2.499500006437e+00,  2.084114789963e+00,  2.463702660076e+01,  6.135618686676e-01
  2.510000005364e+00,  2.094517469406e+00,  2.462662392132e+01,  6.197674274445e-01
  2.520000010729e+00,  2.104538679123e+00,  2.461660271160e+01,  6.248505115509e-01
  2.530000001192e+00,  2.114624738693e+00,  2.460651665203e+01,  6.288425922394e-01
  2.540000006557e+00,  2.124630689621e+00,  2.459651070110e+01,  6.325452327728e-01
  2.550500005484e+00,  2.135121107101e+00,  2.458602028362e+01,  6.382567882538e-01
  2.561000004411e+00,  2.145581007004e+00,  2.457556038372e+01,  6.422221660614e-01
  2.571500003338e+00,  2.155952453613e+00,  2.456518893711e+01,  6.464102268219e-01
  2.582000002265e+00,  2.166347503662e+00,  2.455479388706e+01,  6.524136066437e-01
  2.592500001192e+00,  2.176830291748e+00,  2.454431109897e+01,  6.575338840485e-01
  2.602500006557e+00,  2.186893463135e+00,  2.453424792759e+01,  6.616327762604e-01
  2.612500011921e+00,  2.197025299072e+00,  2.452411609165e+01,  6.656625270844e-01
  2.622500002384e+00,  2.207191467285e+00,  2.451394992344e+01,  6.687357425690e-01
  2.632500007749e+00,  2.217277526855e+00,  2.450386386387e+01,  6.745617389679e-01
  2.642499998212e+00,  2.227352142334e+00,  2.449378924839e+01,  6.804935932159e-01
  2.652500003576e+00,  2.237468719482e+00,  2.448367267124e+01,  6.845648288727e-01
  2.662500008941e+00,  2.247535705566e+00,  2.447360568516e+01,  6.889507770538e-01
  2.673000007868e+00,  2.258026123047e+00,  2.446311526768e+01,  6.944525241852e-01
  2.683500006795e+00,  2.268455505371e+00,  2.445268588535e+01,  6.975133419037e-01
  2.694000005722e+00,  2.278854370117e+00,  2.444228702060e+01,  7.022874355316e-01
  2.704500004649e+00,  2.289276123047e+00,  2.443186526768e+01,  7.085568904877e-01
  2.714500010014e+00,  2.299293518066e+00,  2.442184787266e+01,  7.134788036346e-01
  2.724500000477e+00,  2.309299468994e+00,  2.441184192173e+01,  7.180259227753e-01
  2.734999999404e+00,  2.319755554199e+00,  2.440138583652e+01,  7.233712673187e-01
  2.745499998331e+00,  2.330169677734e+00,  2.439097171299e+01,  7.274758815765e-01
  2.756000012159e+00,  2.340576171875e+00,  2.438056521885e+01,  7.323482036591e-01
  2.766500011086e+00,  2.351043701172e+00,  2.437009768955e+01,  7.364461421967e-01
  2.776500001550e+00,  2.361156463623e+00,  2.435998492710e+01,  7.409789562225e-01
  2.786500006914e+00,  2.371326446533e+00,  2.434981494419e+01,  7.447888851166e-01
  2.796500012279e+00,  2.381443023682e+00,  2.433969836704e+01,  7.492940425873e-01
  2.807000011206e+00,  2.391929626465e+00,  2.432921176426e+01,  7.544629573822e-01
  2.817500010133e+00,  2.402348041534e+00,  2.431879334919e+01,  7.601822018623e-01
  2.828000009060e+00,  2.412796497345e+00,  2.430834489338e+01,  7.660415768623e-01
  2.837999999523e+00,  2.422920703888e+00,  2.429822068683e+01,  7.700374722481e-01
  2.848000004888e+00,  2.433228015900e+00,  2.428791337482e+01,  7.739589810371e-01
  2.858000010252e+00,  2.443554401398e+00,  2.427758698932e+01,  7.772958874702e-01
  2.868000000715e+00,  2.453777790070e+00,  2.426736360065e+01,  7.824676632881e-01
  2.878000006080e+00,  2.463943958282e+00,  2.425719743244e+01,  7.870071530342e-01
  2.888000011444e+00,  2.474037647247e+00,  2.424710374347e+01,  7.924306988716e-01
  2.898000001907e+00,  2.484093189240e+00,  2.423704820148e+01,  7.976959347725e-01
  2.908000007272e+00,  2.494236469269e+00,  2.422690492145e+01,  8.019884228706e-01
  2.918000012636e+00,  2.504436969757e+00,  2.421670442096e+01,  8.050017952919e-01
  2.928000003099e+00,  2.514523029327e+00,  2.420661836139e+01,  8.099723458290e-01
  2.938500002027e+00,  2.524960041046e+00,  2.419618134968e+01,  8.146958947182e-01
  2.949000000954e+00,  2.535244464874e+00,  2.418589692585e+01,  8.191776871681e-01
  2.959499999881e+00,  2.545420169830e+00,  2.417572122089e+01,  8.247891068459e-01
  2.969999998808e+00,  2.555578708649e+00,  2.416556268207e+01,  8.303003907204e-01
  2.980500012636e+00,  2.565847873688e+00,  2.415529351703e+01,  8.358460068703e-01
  2.991000011563e+00,  2.576288700104e+00,  2.414485269062e+01,  8.401480317116e-01
  3.001000002027e+00,  2.586317539215e+00,  2.413482385151e+01,  8.438435196877e-01
  3.011000007391e+00,  2.596357822418e+00,  2.412478356830e+01,  8.488398194313e-01
  3.021000012755e+00,  2.606466770172e+00,  2.411467462055e+01,  8.526011109352e-01
  3.031000003219e+00,  2.616568088531e+00,  2.410457330219e+01,  8.559694886208e-01
  3.041500002146e+00,  2.627058506012e+00,  2.409408288471e+01,  8.611155152321e-01
  3.052000001073e+00,  2.637442111969e+00,  2.408369927875e+01,  8.670864701271e-01
  3.062500000000e+00,  2.647829532623e+00,  2.407331185810e+01,  8.723412156105e-01
  3.072999998927e+00,  2.658173561096e+00,  2.406296782963e+01,  8.773848414421e-01
  3.083500012755e+00,  2.668469429016e+00,  2.405267196171e+01,  8.819958567619e-01
  3.094000011683e+00,  2.678849220276e+00,  2.404229217045e+01,  8.865439295769e-01
  3.104000002146e+00,  2.688916206360e+00,  2.403222518436e+01,  8.912226557732e-01
  3.114000007510e+00,  2.699128150940e+00,  2.402201323978e+01,  8.942262530327e-01
  3.123999997973e+00,  2.709385871887e+00,  2.401175551883e+01,  8.980857729912e-01
  3.134000003338e+00,  2.719643592834e+00,  2.400149779789e+01,  9.028369784355e-01
  3.144000008702e+00,  2.729783058167e+00,  2.399135833256e+01,  9.071103930473e-01
  3.153999999166e+00,  2.739789009094e+00,  2.398135238163e+01,  9.112197756767e-01
  3.164499998093e+00,  2.750176429749e+00,  2.397096496097e+01,  9.165460467339e-01
  3.175000011921e+00,  2.760655403137e+00,  2.396048598758e+01,  9.211761355400e-01
  3.185000002384e+00,  2.770722389221e+00,  2.395041900150e+01,  9.251787066460e-01
  3.195000007749e+00,  2.780873298645e+00,  2.394026809208e+01,  9.300433993340e-01
  3.204999998212e+00,  2.791039466858e+00,  2.393010192386e+01,  9.354688525200e-01
  3.215000003576e+00,  2.801163673401e+00,  2.391997771732e+01,  9.402715563774e-01
  3.225000008941e+00,  2.811165809631e+00,  2.390997558109e+01,  9.461643099785e-01
  3.235500007868e+00,  2.821621894836e+00,  2.389951949589e+01,  9.516288638115e-01
  3.246000006795e+00,  2.832104682922e+00,  2.388903670780e+01,  9.556648135185e-01
  3.256500005722e+00,  2.842537879944e+00,  2.387860351078e+01,  9.600173830986e-01
  3.267000004649e+00,  2.852929115295e+00,  2.386821227543e+01,  9.652826189995e-01
  3.277500003576e+00,  2.863354682922e+00,  2.385778670780e+01,  9.706622958183e-01
  3.287500008941e+00,  2.873372077942e+00,  2.384776931278e+01,  9.752132296562e-01
  3.297499999404e+00,  2.883454322815e+00,  2.383768706791e+01,  9.790083765984e-01
  3.307500004768e+00,  2.893551826477e+00,  2.382758956424e+01,  9.828564524651e-01
  3.317500010133e+00,  2.903613090515e+00,  2.381752830021e+01,  9.870200753212e-01
  3.328000009060e+00,  2.914099693298e+00,  2.380704169742e+01,  9.905820488930e-01
  3.338500007987e+00,  2.924468040466e+00,  2.379667335026e+01,  9.967885613441e-01
  3.349000006914e+00,  2.934805870056e+00,  2.378633552067e+01,  1.004065155983e+00
  3.359500005841e+00,  2.945288658142e+00,  2.377585273258e+01,  1.010008454323e+00
  3.369500011206e+00,  2.955367088318e+00,  2.376577430240e+01,  1.013200402260e+00
  3.380000010133e+00,  2.965743064880e+00,  2.375539832584e+01,  1.015912175179e+00
  3.391000002623e+00,  2.975886344910e+00,  2.374525504581e+01,  1.015740036964e+00
  3.403999999166e+00,  2.985983848572e+00,  2.373515754215e+01,  1.016659498215e+00
  3.423500001431e+00,  2.995985984802e+00,  2.372515540592e+01,  1.020682692528e+00
  3.427000001073e+00,  2.997134208679e+00,  2.372400718204e+01,  1.021835684776e+00
  3.527000010014e+00,  3.003423452377e+00,  2.371771793834e+01,  1.023452639580e+00
  3.627500012517e+00,  3.002697706223e+00,  2.371844368450e+01,  1.016260743141e+00
  3.728000000119e+00,  3.001794815063e+00,  2.371934657566e+01,  1.012236833572e+00
  3.828000009060e+00,  3.001069307327e+00,  2.372007208339e+01,  1.008931159973e+00
  3.928500011563e+00,  3.000615358353e+00,  2.372052603237e+01,  1.004902005196e+00
  4.028999999166e+00,  3.000313520432e+00,  2.372082787029e+01,  1.001092433929e+00
  4.129000008106e+00,  3.000177145004e+00,  2.372096424572e+01,  9.979707002640e-01
  4.229500010610e+00,  3.000066995621e+00,  2.372107439510e+01,  9.939206838608e-01
  4.329999998212e+00,  3.000002145767e+00,  2.372113924495e+01,  9.909618496895e-01
  4.430000007153e+00,  2.999943733215e+00,  2.372119765751e+01,  9.905213117599e-01
  4.530500009656e+00,  2.999944925308e+00,  2.372119646541e+01,  9.884212017059e-01
  4.631000012159e+00,  2.999947786331e+00,  2.372119360439e+01,  9.844675660133e-01
  4.731499999762e+00,  2.999929428101e+00,  2.372121196262e+01,  9.821145534515e-01
  4.831500008702e+00,  2.999940872192e+00,  2.372120051853e+01,  9.821124672890e-01
  4.932000011206e+00,  2.999952077866e+00,  2.372118931286e+01,  9.782016277313e-01
  5.032499998808e+00,  2.999992132187e+00,  2.372114925854e+01,  9.783120751381e-01
  5.132500007749e+00,  2.999991655350e+00,  2.372114973537e+01,  9.764704108238e-01
  5.233000010252e+00,  2.999980449677e+00,  2.372116094105e+01,  9.765953421593e-01
  5.333500012755e+00,  2.999978065491e+00,  2.372116332523e+01,  9.760242104530e-01
  5.434000000358e+00,  3.000001907349e+00,  2.372113948337e+01,  9.744140505791e-01
  5.534000009298e+00,  2.999984979630e+00,  2.372115641109e+01,  9.726237654686e-01
  5.634500011802e+00,  3.000002861023e+00,  2.372113852970e+01,  9.717412590981e-01
  5.734999999404e+00,  3.000014066696e+00,  2.372112732403e+01,  9.716586470604e-01
  5.835000008345e+00,  2.999990701675e+00,  2.372115068905e+01,  9.678033590317e-01
  5.935500010848e+00,  3.000006198883e+00,  2.372113519184e+01,  9.692440629005e-01
  6.035500004888e+00,  3.000011682510e+00,  2.372112970821e+01,  9.666745066643e-01
  6.135499998927e+00,  3.000008344650e+00,  2.372113304607e+01,  9.666957259178e-01
  6.235500007868e+00,  3.000005245209e+00,  2.372113614551e+01,  9.644284844398e-01
  6.335500001907e+00,  3.000023365021e+00,  2.372111802570e+01,  9.630752205849e-01
  6.435500010848e+00,  3.000005960464e+00,  2.372113543026e+01,  9.636210203171e-01
  6.535500004888e+00,  2.999997377396e+00,  2.372114401333e+01,  9.610427618027e-01
  6.635499998927e+00,  2.999971866608e+00,  2.372116952411e+01,  9.590647220612e-01
  6.735500007868e+00,  3.000007152557e+00,  2.372113423816e+01,  9.590794444084e-01
  6.835500001907e+00,  3.000031709671e+00,  2.372110968105e+01,  9.570067524910e-01
  6.935500010848e+00,  3.000028133392e+00,  2.372111325733e+01,  9.583404660225e-01
  7.035500004888e+00,  2.999998092651e+00,  2.372114329807e+01,  9.566074609756e-01
  7.135499998927e+00,  3.000008583069e+00,  2.372113280765e+01,  9.578691124916e-01
  7.235500007868e+00,  3.000014543533e+00,  2.372112684719e+01,  9.536514282227e-01
  7.335500001907e+00,  3.000001907349e+00,  2.372113948337e+01,  9.515007734299e-01
  7.435500010848e+00,  3.000025987625e+00,  2.372111540310e+01,  9.529231786728e-01
  7.535500004888e+00,  3.000022411346e+00,  2.372111897938e+01,  9.521484375000e-01
  7.635499998927e+00,  3.000005006790e+00,  2.372113638393e+01,  9.495170712471e-01
  7.735500007868e+00,  3.000021457672e+00,  2.372111993305e+01,  9.497654438019e-01
  7.835500001907e+00,  2.999984025955e+00,  2.372115736477e+01,  9.469982981682e-01
  7.935500010848e+00,  3.000001668930e+00,  2.372113972179e+01,  9.482536315918e-01
  8.035500004888e+00,  3.000026941299e+00,  2.372111444942e+01,  9.487626552582e-01
  8.135499998927e+00,  2.999989509583e+00,  2.372115188114e+01,  9.485642313957e-01
  8.235500007868e+00,  3.000004768372e+00,  2.372113662235e+01,  9.489997625351e-01
  8.335500001907e+00,  3.000020980835e+00,  2.372112040989e+01,  9.464147686958e-01
  8.435500010848e+00,  3.000023365021e+00,  2.372111802570e+01,  9.441781044006e-01
  8.535500004888e+00,  3.000020980835e+00,  2.372112040989e+01,  9.437702894211e-01
  8.635499998927e+00,  2.999989986420e+00,  2.372115140430e+01,  9.461398124695e-01
  8.735500007868e+00,  3.000036001205e+00,  2.372110538952e+01,  9.440791606903e-01
  8.835500001907e+00,  2.999989986420e+00,  2.372115140430e+01,  9.424085617065e-01
  8.935500010848e+00,  3.000007867813e+00,  2.372113352291e+01,  9.426273703575e-01
  9.035500004888e+00,  3.000000238419e+00,  2.372114115230e+01,  9.410625696182e-01
  9.135499998927e+00,  2.999987840652e+00,  2.372115355007e+01,  9.408424496651e-01
  9.235500007868e+00,  3.000027656555e+00,  2.372111373417e+01,  9.409564733505e-01
  9.335500001907e+00,  3.000033617020e+00,  2.372110777370e+01,  9.396492242813e-01
  9.435500010848e+00,  3.000034809113e+00,  2.372110658161e+01,  9.378769993782e-01
  9.535500004888e+00,  3.000012397766e+00,  2.372112899296e+01,  9.395318031311e-01
  9.635499998927e+00,  3.000018596649e+00,  2.372112279407e+01,  9.378306865692e-01
  9.735500007868e+00,  3.000024318695e+00,  2.372111707203e+01,  9.363949298859e-01
  9.835500001907e+00,  2.999989986420e+00,  2.372115140430e+01,  9.361574649811e-01
  9.935500010848e+00,  2.999987840652e+00,  2.372115355007e+01,  9.379124641418e-01
  1.003550000489e+01,  3.000016450882e+00,  2.372112493984e+01,  9.347919821739e-01
  1.013549999893e+01,  2.999995231628e+00,  2.372114615909e+01,  9.347834587097e-01
  1.023550000787e+01,  3.000032901764e+00,  2.372110848896e+01,  9.334245920181e-01
  1.033550000191e+01,  3.000004053116e+00,  2.372113733761e+01,  9.341893792152e-01
  1.043550001085e+01,  3.000008583069e+00,  2.372113280765e+01,  9.296768307686e-01
  1.053550000489e+01,  3.000005960464e+00,  2.372113543026e+01,  9.322756528854e-01
  1.063549999893e+01,  3.000025510788e+00,  2.372111587993e+01,  9.303685426712e-01
  1.073550000787e+01,  2.999989509583e+00,  2.372115188114e+01,  9.320713281631e-01
  1.083550000191e+01,  3.000002861023e+00,  2.372113852970e+01,  9.281499981880e-01
  1.093550001085e+01,  3.000003337860e+00,  2.372113805286e+01,  9.295762181282e-01
  1.103550000489e+01,  2.999998569489e+00,  2.372114282123e+01,  9.294985532761e-01
  1.113549999893e+01,  2.999994754791e+00,  2.372114663593e+01,  9.295554161072e-01
  1.123550000787e+01,  2.999992132187e+00,  2.372114925854e+01,  9.300845265388e-01
  1.133550000191e+01,  3.000000953674e+00,  2.372114043705e+01,  9.305005669594e-01
  1.143550001085e+01,  2.999970674515e+00,  2.372117071621e+01,  9.277807474136e-01
  1.153550000489e+01,  3.000021219254e+00,  2.372112017147e+01,  9.277440905571e-01
  1.163549999893e+01,  3.000010013580e+00,  2.372113137714e+01,  9.277003407478e-01
  1.173550000787e+01,  3.000037908554e+00,  2.372110348217e+01,  9.258760213852e-01
  1.183550000191e+01,  3.000025749207e+00,  2.372111564152e+01,  9.264661073685e-01
  1.193550001085e+01,  3.000009536743e+00,  2.372113185398e+01,  9.248784184456e-01
  1.203550000489e+01,  2.999989509583e+00,  2.372115188114e+01,  9.264293909073e-01
  1.213549999893e+01,  2.999993085861e+00,  2.372114830486e+01,  9.279737472534e-01
  1.223550000787e+01,  3.000027418137e+00,  2.372111397259e+01,  9.248312711716e-01
  1.233550000191e+01,  2.999989271164e+00,  2.372115211956e+01,  9.258311390877e-01
  1.243550001085e+01,  3.000012636185e+00,  2.372112875454e+01,  9.238812923431e-01
  1.253550000489e+01,  2.999989509583e+00,  2.372115188114e+01,  9.228768944740e-01
  1.263549999893e+01,  3.000019311905e+00,  2.372112207882e+01,  9.232714176178e-01
  1.273550000787e+01,  3.000009775162e+00,  2.372113161556e+01,  9.237246513367e-01
  1.283550000191e+01,  3.000000000000e+00,  2.372114139072e+01,  9.217875599861e-01
  1.293550001085e+01,  2.999991416931e+00,  2.372114997379e+01,  9.236108660698e-01
  1.303550000489e+01,  3.000010490417e+00,  2.372113090030e+01,  9.215058088303e-01
  1.313549999893e+01,  3.000015735626e+00,  2.372112565510e+01,  9.213258028030e-01
  1.323550000787e+01,  2.999996662140e+00,  2.372114472858e+01,  9.217113256454e-01
  1.333550000191e+01,  3.000019311905e+00,  2.372112207882e+01,  9.209957122803e-01
  1.343550001085e+01,  2.999991178513e+00,  2.372115021221e+01,  9.204668402672e-01
  1.353550000489e+01,  3.000008106232e+00,  2.372113328449e+01,  9.186358451843e-01
  1.353599999845e+01,  3.000011205673e+00,  2.372113018505e+01,  9.186166524887e-01
  1.353700000048e+01,  3.000010967255e+00,  2.372113042347e+01,  9.185941815376e-01
  1.354000000656e+01,  3.000015735626e+00,  2.372112565510e+01,  9.189100265503e-01
  1.364000000060e+01,  2.999975442886e+00,  2.372116594784e+01,  9.214970469475e-01
  1.372349999845e+01,  2.989877700806e+00,  2.373126368992e+01,  9.150394797325e-01
  1.374400000274e+01,  2.979525566101e+00,  2.374161582462e+01,  8.922294974327e-01
  1.375450000167e+01,  2.969367027283e+00,  2.375177436344e+01,  8.805181384087e-01
  1.376250000298e+01,  2.958651542664e+00,  2.376248984806e+01,  8.868715167046e-01
  1.376950000226e+01,  2.948023796082e+00,  2.377311759464e+01,  8.882542252541e-01
  1.377600000799e+01,  2.937502861023e+00,  2.378363852970e+01,  8.878232836723e-01
  1.378200000525e+01,  2.927462577820e+00,  2.379367881290e+01,  8.858072161674e-01
  1.378800000250e+01,  2.917311668396e+00,  2.380382972233e+01,  8.847084641457e-01
  1.379450000823e+01,  2.906599998474e+00,  2.381454139225e+01,  8.852589726448e-01
  1.380099999905e+01,  2.896594047546e+00,  2.382454734318e+01,  8.889320492744e-01
  1.380850000679e+01,  2.886446952820e+00,  2.383469443790e+01,  8.759506344795e-01
  1.381700000167e+01,  2.875922203064e+00,  2.384521918766e+01,  8.619621396065e-01
  1.382550001144e+01,  2.865687370300e+00,  2.385545402042e+01,  8.549507260323e-01
  1.383400000632e+01,  2.855402946472e+00,  2.386573844425e+01,  8.444107174873e-01
  1.384200000763e+01,  2.845193147659e+00,  2.387594824306e+01,  8.366451263428e-01
  1.384950000048e+01,  2.834851503372e+00,  2.388628988735e+01,  8.287663459778e-01
  1.385649999976e+01,  2.824589967728e+00,  2.389655142299e+01,  8.299933075905e-01
  1.386349999905e+01,  2.814347505569e+00,  2.390679388515e+01,  8.306211233139e-01
  1.387100000679e+01,  2.803841829300e+00,  2.391729956142e+01,  8.268951177597e-01
  1.387900000811e+01,  2.793385744095e+00,  2.392775564663e+01,  8.258748054504e-01
  1.388800001144e+01,  2.782918214798e+00,  2.393822317592e+01,  8.253222703934e-01
  1.389850001037e+01,  2.772866487503e+00,  2.394827490322e+01,  8.215383887291e-01
  1.391200000048e+01,  2.762526750565e+00,  2.395861464016e+01,  8.009352087975e-01
  1.392450000346e+01,  2.752478837967e+00,  2.396866255276e+01,  7.890982031822e-01
  1.393550001085e+01,  2.742188692093e+00,  2.397895269863e+01,  7.835163474083e-01
  1.394550000131e+01,  2.731827974319e+00,  2.398931341640e+01,  7.810084223747e-01
  1.395499999821e+01,  2.721657991409e+00,  2.399948339931e+01,  7.806425094604e-01
  1.396450001001e+01,  2.711625337601e+00,  2.400951605312e+01,  7.794499993324e-01
  1.397450000048e+01,  2.701543092728e+00,  2.401959829799e+01,  7.747254967690e-01
  1.398499999940e+01,  2.691468477249e+00,  2.402967291347e+01,  7.688394188881e-01
  1.399600000679e+01,  2.681349992752e+00,  2.403979139797e+01,  7.612691521645e-01
  1.400699999928e+01,  2.671307802200e+00,  2.404983358852e+01,  7.529016137123e-01
  1.401800000668e+01,  2.660985231400e+00,  2.406015615932e+01,  7.467904686928e-01
  1.402850000560e+01,  2.650870561600e+00,  2.407027082912e+01,  7.421775460243e-01
  1.403900000453e+01,  2.640572786331e+00,  2.408056860439e+01,  7.381625771523e-01
  1.404900000989e+01,  2.630524873734e+00,  2.409061651699e+01,  7.334266304970e-01
  1.405900000036e+01,  2.620206117630e+00,  2.410093527309e+01,  7.278619408607e-01
  1.406850001216e+01,  2.610162019730e+00,  2.411097937099e+01,  7.218604683876e-01
  1.407800000906e+01,  2.599957704544e+00,  2.412118368618e+01,  7.167001366615e-01
  1.408750000596e+01,  2.589696168900e+00,  2.413144522182e+01,  7.126432061195e-01
  1.409700000286e+01,  2.579462051392e+00,  2.414167933933e+01,  7.109964489937e-01
  1.410700000823e+01,  2.569013595581e+00,  2.415212779514e+01,  7.076929211617e-01
  1.411699999869e+01,  2.558866500854e+00,  2.416227488987e+01,  7.028015255928e-01
  1.412750001252e+01,  2.548410415649e+00,  2.417273097507e+01,  6.960800290108e-01
  1.413800001144e+01,  2.538057327271e+00,  2.418308406345e+01,  6.882598996162e-01
  1.414850001037e+01,  2.527782440186e+00,  2.419335895054e+01,  6.804950833321e-01
  1.415900000930e+01,  2.517402648926e+00,  2.420373874180e+01,  6.750209927559e-01
  1.416950000823e+01,  2.506938934326e+00,  2.421420245640e+01,  6.710260510445e-01
  1.417949999869e+01,  2.496818542480e+00,  2.422432284824e+01,  6.663358807564e-01
  1.418950000405e+01,  2.486568450928e+00,  2.423457293979e+01,  6.628945469856e-01
  1.419950000942e+01,  2.476341247559e+00,  2.424480014316e+01,  6.580422520638e-01
  1.420949999988e+01,  2.466278076172e+00,  2.425486331455e+01,  6.512368321419e-01
  1.421999999881e+01,  2.455863952637e+00,  2.426527743809e+01,  6.439889073372e-01
  1.423050001264e+01,  2.445529937744e+00,  2.427561145298e+01,  6.384862065315e-01
  1.424100001156e+01,  2.435161590576e+00,  2.428597980015e+01,  6.320088505745e-01
  1.425100000203e+01,  2.425159454346e+00,  2.429598193638e+01,  6.277392506599e-01
  1.426100000739e+01,  2.415077209473e+00,  2.430606418125e+01,  6.235802769661e-01
  1.427100001276e+01,  2.405044555664e+00,  2.431609683506e+01,  6.193383336067e-01
  1.428150001168e+01,  2.394771575928e+00,  2.432636981479e+01,  6.134322285652e-01
  1.429200001061e+01,  2.384613037109e+00,  2.433652835361e+01,  6.076539158821e-01
  1.430250000954e+01,  2.374307632446e+00,  2.434683375828e+01,  6.034329533577e-01
  1.431250000000e+01,  2.364290237427e+00,  2.435685115330e+01,  6.009500622749e-01
  1.432250000536e+01,  2.354249954224e+00,  2.436689143650e+01,  5.983281731606e-01
  1.433300000429e+01,  2.343782424927e+00,  2.437735896580e+01,  5.934911370277e-01
  1.434350000322e+01,  2.333513975143e+00,  2.438762741558e+01,  5.863764286041e-01
  1.435400000215e+01,  2.323431730270e+00,  2.439770966045e+01,  5.787413120270e-01
  1.436450000107e+01,  2.313303709030e+00,  2.440783768169e+01,  5.730574131012e-01
  1.437500000000e+01,  2.302897214890e+00,  2.441824417583e+01,  5.674602985382e-01
  1.438500000536e+01,  2.292788267136e+00,  2.442835312359e+01,  5.645711421967e-01
  1.439500001073e+01,  2.282587766647e+00,  2.443855362407e+01,  5.613815784454e-01
  1.440500000119e+01,  2.272467374802e+00,  2.444867401592e+01,  5.556099414825e-01
  1.441550000012e+01,  2.261996030807e+00,  2.445914535991e+01,  5.477859973907e-01
  1.442599999905e+01,  2.251524686813e+00,  2.446961670391e+01,  5.430271625519e-01
  1.443600000441e+01,  2.241503477097e+00,  2.447963791363e+01,  5.395143032074e-01
  1.444600000978e+01,  2.231459379196e+00,  2.448968201153e+01,  5.364491939545e-01
  1.445600000024e+01,  2.221373319626e+00,  2.449976807110e+01,  5.344158411026e-01
  1.446600000560e+01,  2.211245298386e+00,  2.450989609234e+01,  5.302864313126e-01
  1.447600001097e+01,  2.201113462448e+00,  2.452002792827e+01,  5.249229669571e-01
  1.448600000143e+01,  2.191069364548e+00,  2.453007202617e+01,  5.184322595596e-01
  1.449600000679e+01,  2.181059598923e+00,  2.454008179180e+01,  5.130125284195e-01
  1.450650000572e+01,  2.170614957809e+00,  2.455052643291e+01,  5.086823701859e-01
  1.451700000465e+01,  2.160261869431e+00,  2.456087952129e+01,  5.051022768021e-01
  1.452750000358e+01,  2.149977445602e+00,  2.457116394512e+01,  5.004173517227e-01
  1.453800000250e+01,  2.139578580856e+00,  2.458156280987e+01,  4.954468309879e-01
  1.454850000143e+01,  2.129103422165e+00,  2.459203796856e+01,  4.899069368839e-01
  1.455850000679e+01,  2.119082212448e+00,  2.460205917827e+01,  4.849745333195e-01
  1.456850001216e+01,  2.109053373337e+00,  2.461208801739e+01,  4.803444445133e-01
  1.457850000262e+01,  2.099032163620e+00,  2.462210922710e+01,  4.765917360783e-01
  1.458850000799e+01,  2.089014768600e+00,  2.463212662212e+01,  4.732324182987e-01
  1.459900000691e+01,  2.078525066376e+00,  2.464261632435e+01,  4.686846137047e-01
  1.460900001228e+01,  2.068488597870e+00,  2.465265279285e+01,  4.630045294762e-01
  1.461900000274e+01,  2.058482646942e+00,  2.466265874378e+01,  4.576219916344e-01
  1.462950000167e+01,  2.048003673553e+00,  2.467313771717e+01,  4.510740637779e-01
  1.464000000060e+01,  2.037547588348e+00,  2.468359380237e+01,  4.465145468712e-01
  1.465000000596e+01,  2.027518749237e+00,  2.469362264148e+01,  4.425877928734e-01
  1.466000001132e+01,  2.017512798309e+00,  2.470362859241e+01,  4.407990574837e-01
  1.467050001025e+01,  2.007098674774e+00,  2.471404271595e+01,  4.363625645638e-01
  1.468100000918e+01,  1.996757030487e+00,  2.472438436023e+01,  4.319375157356e-01
  1.469150000811e+01,  1.986434459686e+00,  2.473470693104e+01,  4.255831837654e-01
  1.470200000703e+01,  1.975982189178e+00,  2.474515920154e+01,  4.202397465706e-01
  1.471200001240e+01,  1.965877056122e+00,  2.475526433460e+01,  4.148905873299e-01
  1.472200000286e+01,  1.955546855927e+00,  2.476559453480e+01,  4.125927090645e-01
  1.473200000823e+01,  1.945159435272e+00,  2.477598195545e+01,  4.090784192085e-01
  1.474199999869e+01,  1.934875011444e+00,  2.478626637928e+01,  4.045236706734e-01
  1.475200000405e+01,  1.924796581268e+00,  2.479634480945e+01,  3.988855481148e-01
  1.476250000298e+01,  1.914329051971e+00,  2.480681233875e+01,  3.933303952217e-01
  1.477300000191e+01,  1.903872966766e+00,  2.481726842396e+01,  3.885448575020e-01
  1.478300000727e+01,  1.893767833710e+00,  2.482737355701e+01,  3.854690194130e-01
  1.479300001264e+01,  1.883498668671e+00,  2.483764272205e+01,  3.838453888893e-01
  1.480300000310e+01,  1.873202800751e+00,  2.484793858997e+01,  3.812251687050e-01
  1.481300000846e+01,  1.862998485565e+00,  2.485814290516e+01,  3.767009377480e-01
  1.482299999893e+01,  1.852939128876e+00,  2.486820226185e+01,  3.712182641029e-01
  1.483350001276e+01,  1.842563152313e+00,  2.487857823841e+01,  3.647437691689e-01
  1.484400001168e+01,  1.832258224487e+00,  2.488888316623e+01,  3.595091104507e-01
  1.485450001061e+01,  1.821886062622e+00,  2.489925532810e+01,  3.559662103653e-01
  1.486500000954e+01,  1.811426162720e+00,  2.490971522800e+01,  3.532572984695e-01
  1.487500000000e+01,  1.801412582397e+00,  2.491972880832e+01,  3.486415147781e-01
  1.488500000536e+01,  1.791402816772e+00,  2.492973857395e+01,  3.440505266190e-01
  1.489500001073e+01,  1.781351089478e+00,  2.493979030124e+01,  3.393155336380e-01
  1.490500000119e+01,  1.771211624146e+00,  2.494992976658e+01,  3.346687555313e-01
  1.491500000656e+01,  1.761087417603e+00,  2.496005397312e+01,  3.313859701157e-01
  1.492500001192e+01,  1.751073837280e+00,  2.497006755344e+01,  3.287934064865e-01
  1.493550001085e+01,  1.740682601929e+00,  2.498045878879e+01,  3.249291181564e-01
  1.494600000978e+01,  1.730379104614e+00,  2.499076228611e+01,  3.187493085861e-01
  1.495650000870e+01,  1.720060348511e+00,  2.500108104221e+01,  3.121918439865e-01
  1.496700000763e+01,  1.709676742554e+00,  2.501146464817e+01,  3.071545362473e-01
  1.497750000656e+01,  1.699254989624e+00,  2.502188640110e+01,  3.029726743698e-01
  1.498750001192e+01,  1.689229965210e+00,  2.503191142551e+01,  2.985304594040e-01
  1.499750000238e+01,  1.679212570190e+00,  2.504192882053e+01,  2.972213029861e-01
  1.500800000131e+01,  1.668802261353e+00,  2.505233912937e+01,  2.935880422592e-01
  1.501850000024e+01,  1.658357620239e+00,  2.506278377048e+01,  2.868856191635e-01
  1.502850000560e+01,  1.648256301880e+00,  2.507288508884e+01,  2.821458578110e-01
  1.503850001097e+01,  1.638116836548e+00,  2.508302455417e+01,  2.803373634815e-01
  1.504850000143e+01,  1.628068923950e+00,  2.509307246677e+01,  2.740564644337e-01
  1.505850000679e+01,  1.617994308472e+00,  2.510314708225e+01,  2.702122032642e-01
  1.506850001216e+01,  1.607866287231e+00,  2.511327510349e+01,  2.680607140064e-01
  1.507850000262e+01,  1.597753524780e+00,  2.512338786594e+01,  2.643628418446e-01
  1.508850000799e+01,  1.587686538696e+00,  2.513345485203e+01,  2.585106194019e-01
  1.509849999845e+01,  1.577602744102e+00,  2.514353864662e+01,  2.540151774883e-01
  1.510850000381e+01,  1.567470908165e+00,  2.515367048256e+01,  2.487661391497e-01
  1.511850000918e+01,  1.557354331017e+00,  2.516378705971e+01,  2.450563460588e-01
  1.512849999964e+01,  1.547245383263e+00,  2.517389600746e+01,  2.423870116472e-01
  1.513850000501e+01,  1.537159323692e+00,  2.518398206703e+01,  2.398416548967e-01
  1.514850001037e+01,  1.527058005333e+00,  2.519408338539e+01,  2.354929000139e-01
  1.515850000083e+01,  1.516975760460e+00,  2.520416563026e+01,  2.327878028154e-01
  1.516850000620e+01,  1.506878256798e+00,  2.521426313392e+01,  2.274891883135e-01
  1.517850001156e+01,  1.496784567833e+00,  2.522435682289e+01,  2.234155684710e-01
  1.518850000203e+01,  1.486729025841e+00,  2.523441236488e+01,  2.203633338213e-01
  1.519900000095e+01,  1.476326346397e+00,  2.524481504432e+01,  2.170888930559e-01
  1.520949999988e+01,  1.466038107872e+00,  2.525510328285e+01,  2.118055373430e-01
  1.521999999881e+01,  1.455677390099e+00,  2.526546400062e+01,  2.072631865740e-01
  1.523050001264e+01,  1.445183157921e+00,  2.527595823280e+01,  2.024442702532e-01
  1.524050000310e+01,  1.435108542442e+00,  2.528603284828e+01,  1.979429274797e-01
  1.525050000846e+01,  1.425018668175e+00,  2.529612272255e+01,  1.944582015276e-01
  1.526100000739e+01,  1.414543509483e+00,  2.530659788124e+01,  1.911913901567e-01
  1.527150000632e+01,  1.404247641563e+00,  2.531689374916e+01,  1.861798316240e-01
  1.528200000525e+01,  1.393936514854e+00,  2.532720487587e+01,  1.811987906694e-01
  1.529250000417e+01,  1.383430838585e+00,  2.533771055214e+01,  1.769425421953e-01
  1.530250000954e+01,  1.373249411583e+00,  2.534789197914e+01,  1.754619628191e-01
  1.531250000000e+01,  1.363106131554e+00,  2.535803525917e+01,  1.731481105089e-01
  1.532299999893e+01,  1.352653861046e+00,  2.536848752968e+01,  1.696509867907e-01
  1.533350001276e+01,  1.342399954796e+00,  2.537874143593e+01,  1.649570018053e-01
  1.534400001168e+01,  1.332071661949e+00,  2.538906972877e+01,  1.590361744165e-01
  1.535400000215e+01,  1.322004675865e+00,  2.539913671486e+01,  1.553697735071e-01
  1.536400000751e+01,  1.311781287193e+00,  2.540936010353e+01,  1.507692486048e-01
  1.537399999797e+01,  1.301504492760e+00,  2.541963689796e+01,  1.471433788538e-01
  1.538400000334e+01,  1.291262030602e+00,  2.542987936012e+01,  1.437118202448e-01
  1.539400000870e+01,  1.281210303307e+00,  2.543993108742e+01,  1.401336342096e-01
  1.540450000763e+01,  1.270819067955e+00,  2.545032232277e+01,  1.337478309870e-01
  1.541500000656e+01,  1.260359168053e+00,  2.546078222267e+01,  1.300785690546e-01
  1.542500001192e+01,  1.250257849693e+00,  2.547088354103e+01,  1.266300827265e-01
  1.543500000238e+01,  1.240148901939e+00,  2.548099248878e+01,  1.231448873878e-01
  1.544500000775e+01,  1.230108618736e+00,  2.549103277199e+01,  1.188285574317e-01
  1.545550000668e+01,  1.219610571861e+00,  2.550153081886e+01,  1.143672689795e-01
  1.546550001204e+01,  1.209566473961e+00,  2.551157491676e+01,  1.104009374976e-01
  1.547550000250e+01,  1.199434638023e+00,  2.552170675270e+01,  1.065094694495e-01
  1.548550000787e+01,  1.189222693443e+00,  2.553191869728e+01,  1.032030805945e-01
  1.549549999833e+01,  1.179064154625e+00,  2.554207723610e+01,  1.014559194446e-01
  1.550600001216e+01,  1.168615698814e+00,  2.555252569191e+01,  9.781574457884e-02
  1.551650001109e+01,  1.158413290977e+00,  2.556272809974e+01,  9.306740015745e-02
  1.552700001001e+01,  1.148348212242e+00,  2.557279317848e+01,  8.784698694944e-02
  1.553750000894e+01,  1.138136267662e+00,  2.558300512306e+01,  8.359550684690e-02
  1.554800000787e+01,  1.127691626549e+00,  2.559344976417e+01,  8.083986490965e-02
  1.555799999833e+01,  1.117689490318e+00,  2.560345190040e+01,  7.881473749876e-02
  1.556850001216e+01,  1.107229590416e+00,  2.561391180031e+01,  7.438205927610e-02
  1.557900001109e+01,  1.096849799156e+00,  2.562429159157e+01,  7.001995295286e-02
  1.558950001001e+01,  1.086527228355e+00,  2.563461416237e+01,  6.423877924681e-02
  1.560000000894e+01,  1.076115965843e+00,  2.564502542488e+01,  5.840305238962e-02
  1.560999999940e+01,  1.065999388695e+00,  2.565514200203e+01,  5.534366518259e-02
  1.562000000477e+01,  1.055848479271e+00,  2.566529291145e+01,  5.291155725718e-02
  1.563000001013e+01,  1.045842528343e+00,  2.567529886238e+01,  5.060295015574e-02
  1.564050000906e+01,  1.035539031029e+00,  2.568560235969e+01,  4.662708193064e-02
  1.565100000799e+01,  1.025321364403e+00,  2.569582002632e+01,  4.111770540476e-02
  1.566150000691e+01,  1.014920592308e+00,  2.570622079841e+01,  3.561118990183e-02
  1.567150001228e+01,  1.004742980003e+00,  2.571639841072e+01,  3.293184190989e-02
  1.568150000274e+01,  9.944852590561e-01,  2.572665613167e+01,  2.974418364465e-02
  1.569150000811e+01,  9.843419790268e-01,  2.573679941170e+01,  2.496532164514e-02
  1.570200000703e+01,  9.738706350327e-01,  2.574727075569e+01,  2.072242461145e-02
  1.571250000596e+01,  9.635823965073e-01,  2.575755899421e+01,  1.440051849931e-02
  1.572300000489e+01,  9.532254934311e-01,  2.576791589729e+01,  9.929693304002e-03
  1.573350000381e+01,  9.427312612534e-01,  2.577841012947e+01,  7.260358426720e-03
  1.574350000918e+01,  9.326642751694e-01,  2.578847711555e+01,  3.570592496544e-03
  1.575349999964e+01,  9.225209951401e-01,  2.579862039558e+01,  1.106298179366e-03
  1.576350000501e+01,  9.123967885971e-01,  2.580874460212e+01, -1.090967445634e-03
  1.577350001037e+01,  9.023259878159e-01,  2.581881540291e+01, -6.258928682655e-03
  1.578350000083e+01,  8.921750783920e-01,  2.582896631233e+01, -9.344064630568e-03
  1.579350000620e+01,  8.819669485092e-01,  2.583917444221e+01, -1.184269133955e-02
  1.580350001156e+01,  8.718694448471e-01,  2.584927194587e+01, -1.484295073897e-02
  1.581400001049e+01,  8.614400625229e-01,  2.585970132820e+01, -1.804348267615e-02
  1.582450000942e+01,  8.511251211166e-01,  2.587001626961e+01, -2.172561921179e-02
  1.583500000834e+01,  8.408025503159e-01,  2.588033884041e+01, -2.620013989508e-02
  1.584550000727e+01,  8.303683400154e-01,  2.589077305071e+01, -2.870069816709e-02
  1.585550001264e+01,  8.203127980232e-01,  2.590082859270e+01, -3.248964622617e-02
  1.586550000310e+01,  8.102572560310e-01,  2.591088413469e+01, -3.628670051694e-02
  1.587600000203e+01,  7.998602986336e-01,  2.592128109209e+01, -4.044352844357e-02
  1.588650000095e+01,  7.896006703377e-01,  2.593154072038e+01, -4.532252624631e-02
  1.589699999988e+01,  7.792437672615e-01,  2.594189762346e+01, -5.045901611447e-02
  1.590749999881e+01,  7.687647938728e-01,  2.595237659685e+01, -5.216704681516e-02
  1.591800001264e+01,  7.582896351814e-01,  2.596285175554e+01, -5.478333309293e-02
  1.592850001156e+01,  7.478983998299e-01,  2.597324299089e+01, -5.905102565885e-02
  1.593900001049e+01,  7.375491261482e-01,  2.598359226457e+01, -6.368111819029e-02
  1.594950000942e+01,  7.272303700447e-01,  2.599391102068e+01, -6.773184984922e-02
  1.596000000834e+01,  7.167819142342e-01,  2.600435947649e+01, -7.212352007627e-02
  1.596999999881e+01,  7.066615223885e-01,  2.601447986833e+01, -7.548307627439e-02
  1.598000000417e+01,  6.964610219002e-01,  2.602468036882e+01, -7.748877257109e-02
  1.599000000954e+01,  6.863711476326e-01,  2.603477024309e+01, -8.055483549833e-02
  1.600050000846e+01,  6.760237812996e-01,  2.604511760942e+01, -8.527170866728e-02
  1.601100000739e+01,  6.658518910408e-01,  2.605528949968e+01, -9.127413481474e-02
  1.602150000632e+01,  6.555865406990e-01,  2.606555485002e+01, -9.784495085478e-02
  1.603150001168e+01,  6.455004811287e-01,  2.607564090959e+01, -1.001266166568e-01
  1.604150000215e+01,  6.352656483650e-01,  2.608587574236e+01, -1.019681617618e-01
  1.605150000751e+01,  6.250651478767e-01,  2.609607624285e+01, -1.051577255130e-01
  1.606149999797e+01,  6.149485707283e-01,  2.610619281999e+01, -1.080821678042e-01
  1.607150000334e+01,  6.049235463142e-01,  2.611621784441e+01, -1.097668930888e-01
  1.608200000226e+01,  5.944865345955e-01,  2.612665485613e+01, -1.142200753093e-01
  1.609250001609e+01,  5.840409398079e-01,  2.613710045091e+01, -1.180752217770e-01
  1.610250000656e+01,  5.740311741829e-01,  2.614711021654e+01, -1.221540868282e-01
  1.611250001192e+01,  5.638840794563e-01,  2.615725731127e+01, -1.253131330013e-01
  1.612250000238e+01,  5.536797642708e-01,  2.616746162645e+01, -1.286824643612e-01
  1.613250000775e+01,  5.435288548470e-01,  2.617761253588e+01, -1.323102414608e-01
  1.614249999821e+01,  5.334694981575e-01,  2.618767189256e+01, -1.344906985760e-01
  1.615300001204e+01,  5.231335759163e-01,  2.619800781481e+01, -1.368777453899e-01
  1.616400000453e+01,  5.126870274544e-01,  2.620845436327e+01, -1.424796283245e-01
  1.617500001192e+01,  5.022614598274e-01,  2.621887993089e+01, -1.490981280804e-01
  1.618550001085e+01,  4.919293522835e-01,  2.622921203844e+01, -1.540429294109e-01
  1.619550000131e+01,  4.817021489143e-01,  2.623943924181e+01, -1.567322909832e-01
  1.620550000668e+01,  4.712689518929e-01,  2.624987243883e+01, -1.585102975368e-01
  1.621550001204e+01,  4.608471989632e-01,  2.626029419176e+01, -1.591592729092e-01
  1.622550000250e+01,  4.507973790169e-01,  2.627034401171e+01, -1.607699692249e-01
  1.623600000143e+01,  4.407094120979e-01,  2.628043197862e+01, -1.662802994251e-01
  1.624650000036e+01,  4.306843876839e-01,  2.629045700304e+01, -1.726184189320e-01
  1.625699999928e+01,  4.203675389290e-01,  2.630077385179e+01, -1.761923134327e-01
  1.626700000465e+01,  4.102700352669e-01,  2.631087135546e+01, -1.797824203968e-01
  1.627700001001e+01,  4.000466465950e-01,  2.632109474413e+01, -1.820717155933e-01
  1.628700000048e+01,  3.898957371712e-01,  2.633124565355e+01, -1.845047771931e-01
  1.629749999940e+01,  3.795045018196e-01,  2.634163688890e+01, -1.888473331928e-01
  1.630799999833e+01,  3.691552281380e-01,  2.635198616258e+01, -1.967971622944e-01
  1.631800000370e+01,  3.590844273567e-01,  2.636205696337e+01, -1.993544399738e-01
  1.632800000906e+01,  3.488228917122e-01,  2.637231849901e+01, -2.020576298237e-01
  1.633799999952e+01,  3.385003209114e-01,  2.638264106981e+01, -2.036814987659e-01
  1.634800000489e+01,  3.282969594002e-01,  2.639284443132e+01, -2.056878209114e-01
  1.635850000381e+01,  3.179038167000e-01,  2.640323757402e+01, -2.068246454000e-01
  1.636900000274e+01,  3.078559041023e-01,  2.641328548662e+01, -2.135213464499e-01
  1.637950000167e+01,  2.977107167244e-01,  2.642343067400e+01, -2.186273187399e-01
  1.639000000060e+01,  2.872088551521e-01,  2.643393253557e+01, -2.223528474569e-01
  1.640000000596e+01,  2.770045399666e-01,  2.644413685076e+01, -2.237442582846e-01
  1.641000001132e+01,  2.668383717537e-01,  2.645430301897e+01, -2.261983007193e-01
  1.642000000179e+01,  2.568019032478e-01,  2.646433948747e+01, -2.276182621717e-01
  1.643050000072e+01,  2.464869767427e-01,  2.647465441398e+01, -2.316532582045e-01
  1.644099999964e+01,  2.362406998873e-01,  2.648490069083e+01, -2.360008209944e-01
  1.645149999857e+01,  2.258036881685e-01,  2.649533770255e+01, -2.404652088881e-01
  1.646150000393e+01,  2.156680375338e-01,  2.650547335319e+01, -2.424643486738e-01
  1.647150000930e+01,  2.055400162935e-01,  2.651560137443e+01, -2.461035698652e-01
  1.648200000823e+01,  1.950457841158e-01,  2.652609560661e+01, -2.494428604841e-01
  1.649250000715e+01,  1.846011430025e-01,  2.653654024772e+01, -2.538083195686e-01
  1.650250001252e+01,  1.745646744967e-01,  2.654657671623e+01, -2.571781277657e-01
  1.651250000298e+01,  1.643527299166e-01,  2.655678866081e+01, -2.595046162605e-01
  1.652250000834e+01,  1.540988236666e-01,  2.656704256706e+01, -2.611224055290e-01
  1.653249999881e+01,  1.439326554537e-01,  2.657720873527e+01, -2.648560404778e-01
  1.654250000417e+01,  1.339190751314e-01,  2.658722231559e+01, -2.680575251579e-01
  1.655300000310e+01,  1.235163956881e-01,  2.659762499503e+01, -2.726857066154e-01
  1.656350000203e+01,  1.130488663912e-01,  2.660809252433e+01, -2.766339182854e-01
  1.657350000739e+01,  1.029399186373e-01,  2.661820147208e+01, -2.788168787956e-01
  1.658350001276e+01,  9.283478558064e-02,  2.662830660514e+01, -2.812480330467e-01
  1.659400001168e+01,  8.235306292772e-02,  2.663878832779e+01, -2.848532795906e-01
  1.660450001061e+01,  7.204956561327e-02,  2.664909182511e+01, -2.897914052010e-01
  1.661500000954e+01,  6.173462420702e-02,  2.665940676651e+01, -2.942526936531e-01
  1.662550000846e+01,  5.125946551561e-02,  2.666988192521e+01, -2.983115315437e-01
  1.663549999893e+01,  4.108566790819e-02,  2.668005572281e+01, -2.990628182888e-01
  1.664550000429e+01,  3.095001727343e-02,  2.669019137345e+01, -3.016484677792e-01
  1.665550000966e+01,  2.094406634569e-02,  2.670019732438e+01, -3.038533627987e-01
  1.666600000858e+01,  1.063293963671e-02,  2.671050845109e+01, -3.087829053402e-01
  1.667650000751e+01,  3.790335031226e-04,  2.672076235722e+01, -3.115004003048e-01
  1.668700000644e+01, -9.926371276379e-03,  2.673106776200e+01, -3.162096440792e-01
  1.669750000536e+01, -2.039390057325e-02,  2.674153529130e+01, -3.173144161701e-01
  1.670800000429e+01, -3.084235638380e-02,  2.675198374711e+01, -3.196063339710e-01
  1.671850000322e+01, -4.116874188185e-02,  2.676231013260e+01, -3.233223259449e-01
  1.672900000215e+01, -5.148368328810e-02,  2.677262507401e+01, -3.280911743641e-01
  1.673950000107e+01, -6.194739788771e-02,  2.678308878861e+01, -3.306489288807e-01
  1.674950000644e+01, -7.207541912794e-02,  2.679321680985e+01, -3.323971033096e-01
  1.675950001180e+01, -8.233695477247e-02,  2.680347834549e+01, -3.361078500748e-01
  1.676950000226e+01, -9.266715496778e-02,  2.681380854569e+01, -3.377142250538e-01
  1.677950000763e+01, -1.028676554561e-01,  2.682400904618e+01, -3.415670692921e-01
  1.678949999809e+01, -1.128812357783e-01,  2.683402262650e+01, -3.466997444630e-01
  1.680000001192e+01, -1.233335062861e-01,  2.684447489701e+01, -3.522520363331e-01
  1.681050001085e+01, -1.338315457106e-01,  2.685497293643e+01, -3.544083535671e-01
  1.682050000131e+01, -1.438565701246e-01,  2.686499796085e+01, -3.576985299587e-01
  1.683050000668e+01, -1.539578884840e-01,  2.687509927921e+01, -3.597443997860e-01
  1.684050001204e+01, -1.640172451735e-01,  2.688515863590e+01, -3.610493540764e-01
  1.685050000250e+01, -1.740418225527e-01,  2.689518321327e+01, -3.649556338787e-01
  1.686050000787e+01, -1.840859204531e-01,  2.690522731118e+01, -3.681242167950e-01
  1.687049999833e+01, -1.941605359316e-01,  2.691530192665e+01, -3.708477318287e-01
  1.688050000370e+01, -2.041855603456e-01,  2.692532695107e+01, -3.731105625629e-01
  1.689100000262e+01, -2.146530896425e-01,  2.693579448036e+01, -3.777025043964e-01
  1.690150000155e+01, -2.250557690859e-01,  2.694619715981e+01, -3.796162903309e-01
  1.691200000048e+01, -2.355156689882e-01,  2.695665705971e+01, -3.842702209949e-01
  1.692200000584e+01, -2.456017285585e-01,  2.696674311928e+01, -3.881774246693e-01
  1.693200001121e+01, -2.557945847511e-01,  2.697693597547e+01, -3.915415108204e-01
  1.694200000167e+01, -2.659798264503e-01,  2.698712121717e+01, -3.933713734150e-01
  1.695200000703e+01, -2.759972214699e-01,  2.699713861219e+01, -3.957975208759e-01
  1.696250000596e+01, -2.861996293068e-01,  2.700734102003e+01, -3.998830616474e-01
  1.697300000489e+01, -2.963066697121e-01,  2.701744806043e+01, -4.044206440449e-01
  1.698350000381e+01, -3.066464066505e-01,  2.702778779737e+01, -4.086902439594e-01
  1.699350000918e+01, -3.167667984962e-01,  2.703790818922e+01, -4.103949368000e-01
  1.700349999964e+01, -3.269863724709e-01,  2.704812776319e+01, -4.120195209980e-01
  1.701350000501e+01, -3.371601700783e-01,  2.705830156080e+01, -4.138224422932e-01
  1.702400000393e+01, -3.476124405861e-01,  2.706875383131e+01, -4.167936146259e-01
  1.703450000286e+01, -3.578777909279e-01,  2.707901918165e+01, -4.198386967182e-01
  1.704500000179e+01, -3.682118058205e-01,  2.708935319654e+01, -4.233010113239e-01
  1.705550000072e+01, -3.786755204201e-01,  2.709981691114e+01, -4.267189800739e-01
  1.706550000608e+01, -3.887119889259e-01,  2.710985337965e+01, -4.297883808613e-01
  1.707550001144e+01, -3.988400101662e-01,  2.711998140089e+01, -4.328954517841e-01
  1.708550000191e+01, -4.090176224709e-01,  2.713015901319e+01, -4.358032047749e-01
  1.709550000727e+01, -4.191652238369e-01,  2.714030661456e+01, -4.371111392975e-01
  1.710550001264e+01, -4.292741715908e-01,  2.715041556231e+01, -4.389677047729e-01
  1.711550000310e+01, -4.393297135830e-01,  2.716047110430e+01, -4.409477114677e-01
  1.712550000846e+01, -4.493699967861e-01,  2.717051138751e+01, -4.433967471123e-01
  1.713549999893e+01, -4.594255387783e-01,  2.718056692950e+01, -4.462930560112e-01
  1.714550000429e+01, -4.695154130459e-01,  2.719065680377e+01, -4.511854052544e-01
  1.715550000966e+01, -4.797044694424e-01,  2.720084586016e+01, -4.543215632439e-01
  1.716550000012e+01, -4.900270402431e-01,  2.721116843097e+01, -4.555056989193e-01
  1.717550000548e+01, -5.003229379654e-01,  2.722146432869e+01, -4.563779830933e-01
  1.718550001085e+01, -5.103861093521e-01,  2.723152750007e+01, -4.573549032211e-01
  1.719600000978e+01, -5.206743478775e-01,  2.724181573860e+01, -4.614795446396e-01
  1.720650000870e+01, -5.309282541275e-01,  2.725206964485e+01, -4.658740758896e-01
  1.721700000763e+01, -5.414072275162e-01,  2.726254861824e+01, -4.692636728287e-01
  1.722699999809e+01, -5.515428781509e-01,  2.727268426887e+01, -4.712349176407e-01
  1.723700000346e+01, -5.617166757584e-01,  2.728285806648e+01, -4.739731550217e-01
  1.724700000882e+01, -5.718485116959e-01,  2.729298990242e+01, -4.746640622616e-01
  1.725699999928e+01, -5.818506479263e-01,  2.730299203865e+01, -4.756965637207e-01
  1.726749999821e+01, -5.921293497086e-01,  2.731327074043e+01, -4.789271354675e-01
  1.727800001204e+01, -6.023241281509e-01,  2.732346551887e+01, -4.816730022430e-01
  1.728850001097e+01, -6.125856637955e-01,  2.733372705452e+01, -4.835205674171e-01
  1.729900000989e+01, -6.230150461197e-01,  2.734415643684e+01, -4.858890175819e-01
  1.730900000036e+01, -6.330934762955e-01,  2.735423486702e+01, -4.868825972080e-01
  1.731900000572e+01, -6.431719064713e-01,  2.736431329719e+01, -4.885467588902e-01
  1.732900001109e+01, -6.531778573990e-01,  2.737431924812e+01, -4.907278120518e-01
  1.733950001001e+01, -6.635881662369e-01,  2.738472955696e+01, -4.945940077305e-01
  1.735000000894e+01, -6.739526391029e-01,  2.739509402982e+01, -4.981340467930e-01
  1.736050000787e+01, -6.844087243080e-01,  2.740555011503e+01, -5.020879507065e-01
  1.737049999833e+01, -6.945787072182e-01,  2.741572009794e+01, -5.035773515701e-01
  1.738050000370e+01, -7.048936486244e-01,  2.742603503935e+01, -5.039210915565e-01
  1.739050000906e+01, -7.152047753334e-01,  2.743634616606e+01, -5.040286183357e-01
  1.740049999952e+01, -7.253404259682e-01,  2.744648181669e+01, -5.053735375404e-01
  1.741099999845e+01, -7.356973290443e-01,  2.745683871977e+01, -5.083566308022e-01
  1.742150001228e+01, -7.459531426430e-01,  2.746709453336e+01, -5.122075676918e-01
  1.743200001121e+01, -7.563501000404e-01,  2.747749149076e+01, -5.164757370949e-01
  1.744200000167e+01, -7.664857506752e-01,  2.748762714140e+01, -5.175764560699e-01
  1.745200000703e+01, -7.767167687416e-01,  2.749785815946e+01, -5.174585580826e-01
  1.746200001240e+01, -7.869020104408e-01,  2.750804340116e+01, -5.182818770409e-01
  1.747200000286e+01, -7.969499230385e-01,  2.751809131376e+01, -5.198196768761e-01
  1.748250000179e+01, -8.073983788490e-01,  2.752853976957e+01, -5.226153731346e-01
  1.749250000715e+01, -8.174234032631e-01,  2.753856479399e+01, -5.243765711784e-01
  1.750250001252e+01, -8.275018334389e-01,  2.754864322416e+01, -5.255968570709e-01
  1.751250000298e+01, -8.375192284584e-01,  2.755866061918e+01, -5.258821249008e-01
  1.752300000191e+01, -8.478551506996e-01,  2.756899654142e+01, -5.259172916412e-01
  1.753350000083e+01, -8.579812645912e-01,  2.757912265531e+01, -5.276653170586e-01
  1.754399999976e+01, -8.680234551430e-01,  2.758916484586e+01, -5.317694544792e-01
  1.755449999869e+01, -8.784146904945e-01,  2.759955608122e+01, -5.346402525902e-01
  1.756450000405e+01, -8.886190056801e-01,  2.760976039640e+01, -5.341009497643e-01
  1.757450000942e+01, -8.988500237465e-01,  2.761999141447e+01, -5.343754291534e-01
  1.758449999988e+01, -9.089170098305e-01,  2.763005840055e+01, -5.339601635933e-01
  1.759499999881e+01, -9.191995263100e-01,  2.764034091703e+01, -5.357965230942e-01
  1.760550001264e+01, -9.293313026428e-01,  2.765047269336e+01, -5.384491682053e-01
  1.761600001156e+01, -9.397416114807e-01,  2.766088300220e+01, -5.398567914963e-01
  1.762600000203e+01, -9.499077796936e-01,  2.767104917042e+01, -5.384354591370e-01
  1.763600000739e+01, -9.600014686584e-01,  2.768114285938e+01, -5.357475280762e-01
  1.764650000632e+01, -9.700760841370e-01,  2.769121747486e+01, -5.309343338013e-01
  1.765850000083e+01, -9.800858497620e-01,  2.770122724048e+01, -5.251722335815e-01
  1.767500001192e+01, -9.902043342590e-01,  2.771134572498e+01, -5.216190814972e-01
  1.769600000978e+01, -9.976310729980e-01,  2.771877246372e+01, -5.170699357986e-01
  1.769700001180e+01, -9.978609085083e-01,  2.771900229923e+01, -5.168086290359e-01
  1.770499999821e+01, -9.993934631348e-01,  2.772053485386e+01, -5.145694017410e-01
  1.770800000429e+01, -9.998397827148e-01,  2.772098117344e+01, -5.136224031448e-01
  1.793400000036e+01, -1.002300858498e+00,  2.772344224922e+01, -1.338370516896e-02
  1.793500000238e+01, -1.002291679382e+00,  2.772343307010e+01, -1.319726184011e-02
