           Test time,     Standard travel,     Tool separation,      Standard force
                 0.0,                 0.0,  2.620176828404e+01, -7.663715630770e-02
                 0.0,                 0.0,  2.620177026589e+01, -7.676494866610e-02
                 0.0,                 0.0,  2.620176562791e+01, -7.847297936678e-02
                 0.0,                 0.0,  2.620177678050e+01, -7.907748967409e-02
                 0.0,                 0.0,  2.620177545802e+01, -7.920766621828e-02
                 0.0,                 0.0,  2.620176759064e+01, -7.768885791302e-02
  0.000000000000e+00,  0.000000000000e+00,  2.620176675152e+01, -7.753901183605e-02
  8.000001311302e-03,  1.231767237186e-05,  2.620175443384e+01, -7.762822508812e-02
  1.100000739098e-02,  1.690723001957e-05,  2.620174984429e+01, -7.794412970543e-02
  1.299999654293e-02,  1.931004226208e-05,  2.620174744147e+01, -7.814583182335e-02
  1.399999856949e-02,  1.866184175014e-05,  2.620174808967e+01, -7.825002074242e-02
  1.140000075102e-01,  2.434679845464e-05,  2.620174240472e+01, -7.758367806673e-02
  2.144999951124e-01,  1.149990112026e-05,  2.620175525161e+01, -7.764606922865e-02
  3.145000040531e-01,  1.850986336649e-05,  2.620174824165e+01, -7.737766951323e-02
  4.150000065565e-01,  1.412838930264e-03,  2.620035391258e+01, -7.628703862429e-02
  4.340000003576e-01,  1.196429133415e-02,  2.618980246018e+01, -5.769215058535e-03
  4.395000040531e-01,  2.206942439079e-02,  2.617969732712e+01,  3.665021806955e-02
  4.434999972582e-01,  3.324648737907e-02,  2.616852026414e+01,  4.201368242502e-02
  4.465000033379e-01,  4.376742243767e-02,  2.615799932908e+01,  4.746679216623e-02
  4.490000009537e-01,  5.393740534782e-02,  2.614782934617e+01,  6.655553728342e-02
  4.514999985695e-01,  6.561037898064e-02,  2.613615637253e+01,  9.331945329905e-02
  4.535000026226e-01,  7.618471980095e-02,  2.612558203171e+01,  1.099210157990e-01
  4.555000066757e-01,  8.791872859001e-02,  2.611384802293e+01,  1.190152540803e-01
  4.574999958277e-01,  1.008276641369e-01,  2.610093908738e+01,  1.203203573823e-01
  4.590000063181e-01,  1.112494170666e-01,  2.609051733445e+01,  1.155786886811e-01
  4.605000019073e-01,  1.222967803478e-01,  2.607946997117e+01,  1.057062521577e-01
  4.619999974966e-01,  1.338629424572e-01,  2.606790380906e+01,  9.453681856394e-02
  4.635000079870e-01,  1.459173858166e-01,  2.605584936570e+01,  8.573249727488e-02
  4.650000035763e-01,  1.584295928478e-01,  2.604333715867e+01,  8.053687959909e-02
  4.664999991655e-01,  1.713690459728e-01,  2.603039770554e+01,  7.954696565866e-02
  4.679999947548e-01,  1.847357451916e-01,  2.601703100632e+01,  8.179000765085e-02
  4.695000052452e-01,  1.985602080822e-01,  2.600320654343e+01,  8.555129915476e-02
  4.710000008345e-01,  2.128119170666e-01,  2.598895483445e+01,  9.044174104929e-02
  4.724999964237e-01,  2.274908721447e-01,  2.597427587937e+01,  9.562972933054e-02
  4.734999984503e-01,  2.375311553478e-01,  2.596423559617e+01,  9.834579378366e-02
  4.745000004768e-01,  2.477545440197e-01,  2.595401220750e+01,  9.984115511179e-02
  4.755000025034e-01,  2.581610381603e-01,  2.594360571335e+01,  9.968665987253e-02
  4.765000045300e-01,  2.687506377697e-01,  2.593301611375e+01,  9.776023775339e-02
  4.775000065565e-01,  2.795233428478e-01,  2.592224340867e+01,  9.439567476511e-02
  4.785000085831e-01,  2.904486358166e-01,  2.591131811570e+01,  9.006217867136e-02
  4.794999957085e-01,  3.015265166759e-01,  2.590024023484e+01,  8.485893160105e-02
  4.804999977350e-01,  3.127875030041e-01,  2.588897924851e+01,  7.855705171824e-02
  4.814999997616e-01,  3.241400420666e-01,  2.587762670945e+01,  7.111076265574e-02
  4.825000017881e-01,  3.356146514416e-01,  2.586615210007e+01,  6.277946382761e-02
  4.835000038147e-01,  3.472113311291e-01,  2.585455542039e+01,  5.371574312449e-02
  4.845000058413e-01,  3.588690459728e-01,  2.584289770554e+01,  4.413322359324e-02
  4.855000078678e-01,  3.705877959728e-01,  2.583117895554e+01,  3.461173921824e-02
  4.864999949932e-01,  3.823675811291e-01,  2.581939917039e+01,  2.621940523386e-02
  4.874999970198e-01,  3.941778838634e-01,  2.580758886765e+01,  1.985649019480e-02
  4.884999990463e-01,  4.060187041759e-01,  2.579574804734e+01,  1.569847017527e-02
  4.895000010729e-01,  4.178595244884e-01,  2.578390722703e+01,  1.339820865542e-02
  4.905000030994e-01,  4.297308623791e-01,  2.577203588914e+01,  1.264480594546e-02
  4.915000051260e-01,  4.416022002697e-01,  2.576016455125e+01,  1.323989871889e-02
  4.925000071526e-01,  4.534735381603e-01,  2.574829321335e+01,  1.473144534975e-02
  4.935000091791e-01,  4.653753936291e-01,  2.573639135789e+01,  1.633743196726e-02
  4.944999963045e-01,  4.772772490978e-01,  2.572448950242e+01,  1.736358553171e-02
  4.954999983311e-01,  4.892096221447e-01,  2.571255712937e+01,  1.738170534372e-02
  4.965000003576e-01,  5.011115074158e-01,  2.570065524410e+01,  1.577190309763e-02
  4.975000023842e-01,  5.130438804626e-01,  2.568872287105e+01,  1.156047824770e-02
  4.985000044107e-01,  5.249762535095e-01,  2.567679049801e+01,  4.297294188291e-03
  4.995000064373e-01,  5.368781089783e-01,  2.566488864254e+01, -5.041084717959e-03
  5.005000084639e-01,  5.487494468689e-01,  2.565301730465e+01, -1.474567409605e-02
  5.014999955893e-01,  5.605597496033e-01,  2.564120700191e+01, -2.338214963675e-02
  5.024999976158e-01,  5.722479820251e-01,  2.562951876949e+01, -3.058429807425e-02
  5.034999996424e-01,  5.838751792908e-01,  2.561789157222e+01, -3.606220334768e-02
  5.045000016689e-01,  5.954108238220e-01,  2.560635592769e+01, -3.936573117971e-02
  5.055000036955e-01,  6.068243980408e-01,  2.559494235347e+01, -4.016347974539e-02
  5.065000057220e-01,  6.181464195251e-01,  2.558362033199e+01, -3.866239637136e-02
  5.075000077486e-01,  6.293768882751e-01,  2.557238986324e+01, -3.506895154715e-02
  5.084999948740e-01,  6.405158042908e-01,  2.556125094722e+01, -2.911802381277e-02
  5.094999969006e-01,  6.515631675720e-01,  2.555020358394e+01, -2.060361951590e-02
  5.104999989271e-01,  6.625494956970e-01,  2.553921725582e+01, -1.016660686582e-02
  5.115000009537e-01,  6.734442710876e-01,  2.552832248043e+01,  6.060977466404e-04
  5.125000029802e-01,  6.843390464783e-01,  2.551742770504e+01,  1.046327594668e-02
  5.135000050068e-01,  6.951727867126e-01,  2.550659396480e+01,  1.888612657785e-02
  5.145000070333e-01,  7.060065269470e-01,  2.549576022457e+01,  2.572206407785e-02
  5.155000090599e-01,  7.168402671814e-01,  2.548492648433e+01,  3.068117052317e-02
  5.164999961853e-01,  7.276434898376e-01,  2.547412326168e+01,  3.367189317942e-02
  5.174999982119e-01,  7.384161949158e-01,  2.546335055660e+01,  3.512529283762e-02
  5.185000002384e-01,  7.491888999939e-01,  2.545257785152e+01,  3.575090318918e-02
  5.195000022650e-01,  7.599616050720e-01,  2.544180514644e+01,  3.587926179171e-02
  5.205000042915e-01,  7.706732749939e-01,  2.543109347652e+01,  3.549111634493e-02
  5.215000063181e-01,  7.813544273376e-01,  2.542041232418e+01,  3.471864014864e-02
  5.225000083447e-01,  7.920355796814e-01,  2.540973117183e+01,  3.400719910860e-02
  5.234999954700e-01,  8.026556968689e-01,  2.539911105465e+01,  3.370917588472e-02
  5.244999974966e-01,  8.132758140564e-01,  2.538849093746e+01,  3.386033326387e-02
  5.254999995232e-01,  8.238043785095e-01,  2.537796237301e+01,  3.443539887667e-02
  5.265000015497e-01,  8.343329429626e-01,  2.536743380855e+01,  3.556645661592e-02
  5.275000035763e-01,  8.448309898376e-01,  2.535693576168e+01,  3.737080842257e-02
  5.285000056028e-01,  8.552680015564e-01,  2.534649874996e+01,  3.974355012178e-02
  5.295000076294e-01,  8.656744956970e-01,  2.533609225582e+01,  4.242146760225e-02
  5.304999947548e-01,  8.760199546814e-01,  2.532574679683e+01,  4.527486115694e-02
  5.314999967813e-01,  8.863654136658e-01,  2.531540133785e+01,  4.827321320772e-02
  5.324999988079e-01,  8.966498374939e-01,  2.530511691402e+01,  5.131734162569e-02
  5.335000008345e-01,  9.069037437439e-01,  2.529486300777e+01,  5.426228791475e-02
  5.345000028610e-01,  9.171271324158e-01,  2.528463961910e+01,  5.701649934053e-02
  5.355000048876e-01,  9.272894859314e-01,  2.527447726558e+01,  5.957234650850e-02
  5.365000069141e-01,  9.374518394470e-01,  2.526431491207e+01,  6.187642365694e-02
  5.375000089407e-01,  9.475531578064e-01,  2.525421359371e+01,  6.388295441866e-02
  5.384999960661e-01,  9.576544761658e-01,  2.524411227535e+01,  6.568349152803e-02
  5.394999980927e-01,  9.677252769470e-01,  2.523404147457e+01,  6.748784333467e-02
  5.405000001192e-01,  9.777350425720e-01,  2.522403170894e+01,  6.942189484835e-02
  5.415000021458e-01,  9.877448081970e-01,  2.521402194332e+01,  7.144368439913e-02
  5.429999977350e-01,  1.002698421478e+00,  2.519906833004e+01,  7.457936555147e-02
  5.445000082254e-01,  1.017621517181e+00,  2.518414523433e+01,  7.817281037569e-02
  5.460000038147e-01,  1.032483577728e+00,  2.516928317379e+01,  8.239186555147e-02
  5.474999994040e-01,  1.047284603119e+00,  2.515448214840e+01,  8.728993684053e-02
  5.489999949932e-01,  1.062085628510e+00,  2.513968112301e+01,  9.282887727022e-02
  5.505000054836e-01,  1.076825618744e+00,  2.512494113277e+01,  9.827626496553e-02
  5.520000010729e-01,  1.091535091400e+00,  2.511023166011e+01,  1.031590774655e-01
  5.534999966621e-01,  1.106244564056e+00,  2.509552218746e+01,  1.075383499265e-01
  5.550000071526e-01,  1.120954036713e+00,  2.508081271480e+01,  1.110097244382e-01
  5.565000027418e-01,  1.135663509369e+00,  2.506610324215e+01,  1.134244278073e-01
  5.579999983311e-01,  1.150342464447e+00,  2.505142428707e+01,  1.154347732663e-01
  5.595000088215e-01,  1.165021419525e+00,  2.503674533199e+01,  1.176434829831e-01
  5.610000044107e-01,  1.179669857025e+00,  2.502209689449e+01,  1.204472854733e-01
  5.625000000000e-01,  1.194349169731e+00,  2.500741758178e+01,  1.238533928990e-01
  5.639999955893e-01,  1.208997607231e+00,  2.499276914428e+01,  1.273476630449e-01
  5.655000060797e-01,  1.223676562309e+00,  2.497809018921e+01,  1.306817084551e-01
  5.670000016689e-01,  1.238324999809e+00,  2.496344175171e+01,  1.339623481035e-01
  5.684999972582e-01,  1.253003954887e+00,  2.494876279663e+01,  1.371285468340e-01
  5.700000077486e-01,  1.267652392387e+00,  2.493411435913e+01,  1.400658637285e-01
  5.715000033379e-01,  1.282331347466e+00,  2.491943540405e+01,  1.426484137774e-01
  5.729999989271e-01,  1.296979784966e+00,  2.490478696655e+01,  1.448723822832e-01
  5.745000094175e-01,  1.311628222466e+00,  2.489013852905e+01,  1.471192389727e-01
  5.760000050068e-01,  1.326276659966e+00,  2.487549009155e+01,  1.494500190020e-01
  5.775000005960e-01,  1.340925097466e+00,  2.486084165405e+01,  1.514946967363e-01
  5.789999961853e-01,  1.355543017387e+00,  2.484622373413e+01,  1.533944159746e-01
  5.805000066757e-01,  1.370191454887e+00,  2.483157529663e+01,  1.557251960039e-01
  5.820000022650e-01,  1.384809374809e+00,  2.481695737671e+01,  1.587922126055e-01
  5.834999978542e-01,  1.399427294731e+00,  2.480233945678e+01,  1.625535041094e-01
  5.850000083447e-01,  1.414045214653e+00,  2.478772153686e+01,  1.666581183672e-01
  5.865000039339e-01,  1.428632616997e+00,  2.477313413452e+01,  1.708466559649e-01
  5.879999995232e-01,  1.443250536919e+00,  2.475851621460e+01,  1.750885993242e-01
  5.894999951124e-01,  1.457898974419e+00,  2.474386777710e+01,  1.790329962969e-01
  5.910000056028e-01,  1.472547411919e+00,  2.472921933960e+01,  1.823975592852e-01
  5.925000011921e-01,  1.487195849419e+00,  2.471457090210e+01,  1.854264289141e-01
  5.939999967813e-01,  1.501844286919e+00,  2.469992246460e+01,  1.884781867266e-01
  5.955000072718e-01,  1.516553759575e+00,  2.468521299194e+01,  1.916062384844e-01
  5.970000028610e-01,  1.531232714653e+00,  2.467053403686e+01,  1.944558173418e-01
  5.984999984503e-01,  1.545942187309e+00,  2.465582456421e+01,  1.968247443438e-01
  6.000000089407e-01,  1.560651659966e+00,  2.464111509155e+01,  1.990334540606e-01
  6.015000045300e-01,  1.575391650200e+00,  2.462637510132e+01,  2.011963874102e-01
  6.030000001192e-01,  1.590101122856e+00,  2.461166562866e+01,  2.033135443926e-01
  6.044999957085e-01,  1.604841113091e+00,  2.459692563842e+01,  2.058045417070e-01
  6.060000061989e-01,  1.619581103325e+00,  2.458218564819e+01,  2.088448554277e-01
  6.075000017881e-01,  1.634321093559e+00,  2.456744565796e+01,  2.120797187090e-01
  6.089999973774e-01,  1.649061083794e+00,  2.455270566772e+01,  2.151162177324e-01
  6.105000078678e-01,  1.663770556450e+00,  2.453799619507e+01,  2.178475409746e-01
  6.120000034571e-01,  1.678510546684e+00,  2.452325620483e+01,  2.205864936113e-01
  6.134999990463e-01,  1.693281054497e+00,  2.450848569702e+01,  2.234398871660e-01
  6.149999946356e-01,  1.708021044731e+00,  2.449374570678e+01,  2.263505011797e-01
  6.165000051260e-01,  1.722791552544e+00,  2.447897519897e+01,  2.296082526445e-01
  6.180000007153e-01,  1.737592577934e+00,  2.446417417358e+01,  2.331406623125e-01
  6.194999963045e-01,  1.752393603325e+00,  2.444937314819e+01,  2.365510016680e-01
  6.210000067949e-01,  1.767194628716e+00,  2.443457212280e+01,  2.400757819414e-01
  6.225000023842e-01,  1.782026171684e+00,  2.441974057983e+01,  2.437912970781e-01
  6.239999979734e-01,  1.796857714653e+00,  2.440490903686e+01,  2.472321540117e-01
  6.255000084639e-01,  1.811719775200e+00,  2.439004697632e+01,  2.505280375481e-01
  6.270000040531e-01,  1.826612353325e+00,  2.437515439819e+01,  2.539765238762e-01
  6.284999996424e-01,  1.841535449028e+00,  2.436023130249e+01,  2.572495341301e-01
  6.299999952316e-01,  1.856458544731e+00,  2.434530820678e+01,  2.599846720695e-01
  6.315000057220e-01,  1.871412158012e+00,  2.433035459350e+01,  2.620789408684e-01
  6.325000077486e-01,  1.881421923637e+00,  2.432034482788e+01,  2.631508708000e-01
  6.340000033379e-01,  1.896406054497e+00,  2.430536069702e+01,  2.645813822746e-01
  6.350000053644e-01,  1.906446337700e+00,  2.429532041382e+01,  2.656113505363e-01
  6.360000073910e-01,  1.916456103325e+00,  2.428531064819e+01,  2.667290568352e-01
  6.370000094175e-01,  1.926496386528e+00,  2.427527036499e+01,  2.678429484367e-01
  6.379999965429e-01,  1.936536669731e+00,  2.426523008178e+01,  2.689072489738e-01
  6.389999985695e-01,  1.946546435356e+00,  2.425522031616e+01,  2.699906229973e-01
  6.400000005960e-01,  1.956586718559e+00,  2.424518003296e+01,  2.712075114250e-01
  6.410000026226e-01,  1.966627001762e+00,  2.423513974975e+01,  2.726227641106e-01
  6.420000046492e-01,  1.976667284966e+00,  2.422509946655e+01,  2.742630839348e-01
  6.430000066757e-01,  1.986707568169e+00,  2.421505918335e+01,  2.761246562004e-01
  6.440000087023e-01,  1.996747851372e+00,  2.420501890014e+01,  2.781693339348e-01
  6.449999958277e-01,  2.006788015366e+00,  2.419497873615e+01,  2.803131937981e-01
  6.459999978542e-01,  2.016828298569e+00,  2.418493845295e+01,  2.824112772942e-01
  6.469999998808e-01,  2.026868581772e+00,  2.417489816974e+01,  2.843949198723e-01
  6.480000019073e-01,  2.036939382553e+00,  2.416482736896e+01,  2.862831950188e-01
  6.490000039339e-01,  2.046979665756e+00,  2.415478708576e+01,  2.881485819817e-01
  6.500000059605e-01,  2.057050466537e+00,  2.414471628498e+01,  2.900597453117e-01
  6.510000079870e-01,  2.067090749741e+00,  2.413467600177e+01,  2.920586466789e-01
  6.519999951124e-01,  2.077161550522e+00,  2.412460520099e+01,  2.941643595695e-01
  6.529999971390e-01,  2.087232351303e+00,  2.411453440021e+01,  2.963463664055e-01
  6.539999991655e-01,  2.097303152084e+00,  2.410446359943e+01,  2.985512614250e-01
  6.550000011921e-01,  2.107373952866e+00,  2.409439279865e+01,  3.007180094719e-01
  6.560000032187e-01,  2.117475271225e+00,  2.408429148029e+01,  3.027855753899e-01
  6.570000052452e-01,  2.127576589584e+00,  2.407419016193e+01,  3.047921061516e-01
  6.580000072718e-01,  2.137677907944e+00,  2.406408884357e+01,  3.067910075188e-01
  6.590000092983e-01,  2.147779226303e+00,  2.405398752521e+01,  3.088051676750e-01
  6.599999964237e-01,  2.157880544662e+00,  2.404388620685e+01,  3.107506632805e-01
  6.609999984503e-01,  2.168012380600e+00,  2.403375437092e+01,  3.125206828117e-01
  6.620000004768e-01,  2.178144216537e+00,  2.402362253498e+01,  3.141190409660e-01
  6.630000025034e-01,  2.188276052475e+00,  2.401349069904e+01,  3.156563639641e-01
  6.640000045300e-01,  2.198407888412e+00,  2.400335886310e+01,  3.172394633293e-01
  6.650000065565e-01,  2.208539724350e+00,  2.399322702717e+01,  3.189064860344e-01
  6.660000085831e-01,  2.218702077866e+00,  2.398306467365e+01,  3.206383585930e-01
  6.669999957085e-01,  2.228833913803e+00,  2.397293283771e+01,  3.224617838860e-01
  6.679999977350e-01,  2.238965749741e+00,  2.396280100177e+01,  3.244416117668e-01
  6.689999997616e-01,  2.249128103256e+00,  2.395263864826e+01,  3.265702128410e-01
  6.700000017881e-01,  2.259259939194e+00,  2.394250681232e+01,  3.287140727043e-01
  6.710000038147e-01,  2.269391775131e+00,  2.393237497638e+01,  3.307663798332e-01
  6.720000058413e-01,  2.279554128647e+00,  2.392221262287e+01,  3.327729105949e-01
  6.730000078678e-01,  2.289716482162e+00,  2.391205026935e+01,  3.348633646965e-01
  6.739999949932e-01,  2.299848318100e+00,  2.390191843342e+01,  3.370606303215e-01
  6.749999970198e-01,  2.309980154037e+00,  2.389178659748e+01,  3.392197489738e-01
  6.759999990463e-01,  2.320142507553e+00,  2.388162424396e+01,  3.412567973137e-01
  6.770000010729e-01,  2.330304861069e+00,  2.387146189045e+01,  3.432404398918e-01
  6.780000030994e-01,  2.340467214584e+00,  2.386129953693e+01,  3.453156352043e-01
  6.790000051260e-01,  2.350599050522e+00,  2.385116770099e+01,  3.475052714348e-01
  6.800000071526e-01,  2.360761404037e+00,  2.384100534748e+01,  3.497940897942e-01
  6.810000091791e-01,  2.370923757553e+00,  2.383084299396e+01,  3.521744608879e-01
  6.819999963045e-01,  2.381086111069e+00,  2.382068064045e+01,  3.546692728996e-01
  6.829999983311e-01,  2.391248464584e+00,  2.381051828693e+01,  3.572480082512e-01
  6.840000003576e-01,  2.401410818100e+00,  2.380035593342e+01,  3.598343729973e-01
  6.850000023842e-01,  2.411603689194e+00,  2.379016306232e+01,  3.623673319817e-01
  6.860000044107e-01,  2.421766042709e+00,  2.378000070881e+01,  3.649079203606e-01
  6.870000064373e-01,  2.431958913803e+00,  2.376980783771e+01,  3.674713969231e-01
  6.880000084639e-01,  2.442151784897e+00,  2.375961496662e+01,  3.700272440910e-01
  6.889999955893e-01,  2.452314138412e+00,  2.374945261310e+01,  3.724839091301e-01
  6.899999976158e-01,  2.462537527084e+00,  2.373922922443e+01,  3.747956156731e-01
  6.909999996424e-01,  2.472730398178e+00,  2.372903635334e+01,  3.769547343254e-01
  6.920000016689e-01,  2.482923269272e+00,  2.371884348224e+01,  3.789536356926e-01
  6.930000036955e-01,  2.493146657944e+00,  2.370862009357e+01,  3.807198405266e-01
  6.940000057220e-01,  2.503370046616e+00,  2.369839670490e+01,  3.822419047356e-01
  6.950000077486e-01,  2.513593435287e+00,  2.368817331623e+01,  3.836228251457e-01
  6.959999948740e-01,  2.523816823959e+00,  2.367794992756e+01,  3.850113749504e-01
  6.969999969006e-01,  2.534040212631e+00,  2.366772653888e+01,  3.864838480949e-01
  6.979999989271e-01,  2.544263601303e+00,  2.365750315021e+01,  3.880288004875e-01
  6.990000009537e-01,  2.554486989975e+00,  2.364727976154e+01,  3.896347880363e-01
  7.000000029802e-01,  2.564740896225e+00,  2.363702585529e+01,  3.913361430168e-01
  7.010000050068e-01,  2.574964284897e+00,  2.362680246662e+01,  3.931176066399e-01
  7.020000070333e-01,  2.585187673569e+00,  2.361657907795e+01,  3.948838114738e-01
  7.030000090599e-01,  2.595411062241e+00,  2.360635568927e+01,  3.965584635735e-01
  7.039999961853e-01,  2.605634450912e+00,  2.359613230060e+01,  3.981873393059e-01
  7.049999982119e-01,  2.615857839584e+00,  2.358590891193e+01,  3.998658061028e-01
  7.060000002384e-01,  2.626081228256e+00,  2.357568552326e+01,  4.016205668449e-01
  7.070000022650e-01,  2.636304616928e+00,  2.356546213459e+01,  4.033676981926e-01
  7.080000042915e-01,  2.646497488022e+00,  2.355526926349e+01,  4.051072001457e-01
  7.090000063181e-01,  2.656690359116e+00,  2.354507639240e+01,  4.069153666496e-01
  7.100000083447e-01,  2.666883230209e+00,  2.353488352131e+01,  4.088532328606e-01
  7.109999954700e-01,  2.677076101303e+00,  2.352469065021e+01,  4.108826518059e-01
  7.119999974966e-01,  2.687238454819e+00,  2.351452829670e+01,  4.129578471184e-01
  7.129999995232e-01,  2.697400808334e+00,  2.350436594318e+01,  4.151245951653e-01
  7.140000015497e-01,  2.707563161850e+00,  2.349420358967e+01,  4.174591898918e-01
  7.150000035763e-01,  2.717725515366e+00,  2.348404123615e+01,  4.199540019035e-01
  7.160000056028e-01,  2.727887868881e+00,  2.347387888263e+01,  4.224717020988e-01
  7.170000076294e-01,  2.738019704819e+00,  2.346374704670e+01,  4.248902201653e-01
  7.179999947548e-01,  2.748151540756e+00,  2.345361521076e+01,  4.271637797356e-01
  7.189999967813e-01,  2.758283376694e+00,  2.344348337482e+01,  4.293763041496e-01
  7.199999988079e-01,  2.768415212631e+00,  2.343335153888e+01,  4.316269755363e-01
  7.210000008345e-01,  2.778516530991e+00,  2.342325022052e+01,  4.339691996574e-01
  7.220000028610e-01,  2.788648366928e+00,  2.341311838459e+01,  4.362961649895e-01
  7.230000048876e-01,  2.798749685287e+00,  2.340301706623e+01,  4.384247660637e-01
  7.240000069141e-01,  2.808851003647e+00,  2.339291574787e+01,  4.402863383293e-01
  7.250000089407e-01,  2.818952322006e+00,  2.338281442951e+01,  4.419533610344e-01
  7.259999960661e-01,  2.829053640366e+00,  2.337271311115e+01,  4.435974955559e-01
  7.269999980927e-01,  2.839154958725e+00,  2.336261179279e+01,  4.452912211418e-01
  7.280000001192e-01,  2.849225759506e+00,  2.335254099201e+01,  4.470192790031e-01
  7.290000021458e-01,  2.859296560287e+00,  2.334247019123e+01,  4.487664103508e-01
  7.300000041723e-01,  2.869367361069e+00,  2.333239939045e+01,  4.505860209465e-01
  7.310000061989e-01,  2.879407644272e+00,  2.332235910724e+01,  4.525277018547e-01
  7.320000082254e-01,  2.889447927475e+00,  2.331231882404e+01,  4.545418620110e-01
  7.329999953508e-01,  2.899457693100e+00,  2.330230905842e+01,  4.564988017082e-01
  7.339999973774e-01,  2.909467458725e+00,  2.329229929279e+01,  4.583527445793e-01
  7.349999994040e-01,  2.919477224350e+00,  2.328228952717e+01,  4.601647257805e-01
  7.360000014305e-01,  2.929486989975e+00,  2.327227976154e+01,  4.620034098625e-01
  7.374999970198e-01,  2.944440603256e+00,  2.325732614826e+01,  4.647995829582e-01
  7.390000075102e-01,  2.959394216537e+00,  2.324237253498e+01,  4.675766825676e-01
  7.405000030994e-01,  2.974286794662e+00,  2.322747995685e+01,  4.704415202141e-01
  7.419999986887e-01,  2.989179372787e+00,  2.321258737873e+01,  4.734932780266e-01
  7.435000091791e-01,  3.004010915756e+00,  2.319775583576e+01,  4.766976237297e-01
  7.450000047684e-01,  3.018842458725e+00,  2.318292429279e+01,  4.801842570305e-01
  7.465000003576e-01,  3.033612966537e+00,  2.316815378498e+01,  4.840447306633e-01
  7.479999959469e-01,  3.048413991928e+00,  2.315335275959e+01,  4.880654215813e-01
  7.495000064373e-01,  3.063153982162e+00,  2.313861276935e+01,  4.920708537102e-01
  7.510000020266e-01,  3.077863454819e+00,  2.312390329670e+01,  4.959923624992e-01
  7.524999976158e-01,  3.092572927475e+00,  2.310919382404e+01,  4.999825358391e-01
  7.540000081062e-01,  3.107251882553e+00,  2.309451486896e+01,  5.042244791985e-01
  7.555000036955e-01,  3.121930837631e+00,  2.307983591388e+01,  5.084816813469e-01
  7.569999992847e-01,  3.136609792709e+00,  2.306515695881e+01,  5.125100016594e-01
  7.584999948740e-01,  3.151288747787e+00,  2.305047800373e+01,  5.163018107414e-01
  7.600000053644e-01,  3.165937185287e+00,  2.303582956623e+01,  5.198571085930e-01
  7.615000009537e-01,  3.180616140366e+00,  2.302115061115e+01,  5.233513712883e-01
  7.629999965429e-01,  3.195264577866e+00,  2.300650217365e+01,  5.267311930656e-01
  7.645000070333e-01,  3.209943532944e+00,  2.299182321857e+01,  5.296532511711e-01
  7.660000026226e-01,  3.224622488022e+00,  2.297714426349e+01,  5.322586894035e-01
  7.674999982119e-01,  3.239301443100e+00,  2.296246530842e+01,  5.350586771965e-01
  7.690000087023e-01,  3.253980398178e+00,  2.294778635334e+01,  5.380875468254e-01
  7.705000042915e-01,  3.268628835678e+00,  2.293313791584e+01,  5.412232279778e-01
  7.719999998808e-01,  3.283307790756e+00,  2.291845896076e+01,  5.444809794426e-01
  7.734999954700e-01,  3.297986745834e+00,  2.290378000568e+01,  5.478073954582e-01
  7.750000059605e-01,  3.312635183334e+00,  2.288913156818e+01,  5.512406229973e-01
  7.765000015497e-01,  3.327283620834e+00,  2.287448313068e+01,  5.548340678215e-01
  7.779999971390e-01,  3.341962575912e+00,  2.285980417560e+01,  5.583512187004e-01
  7.795000076294e-01,  3.356611013412e+00,  2.284515573810e+01,  5.617462992668e-01
  7.810000032187e-01,  3.371289968491e+00,  2.283047678302e+01,  5.651413798332e-01
  7.824999988079e-01,  3.385968923569e+00,  2.281579782795e+01,  5.686585307121e-01
  7.840000092983e-01,  3.400647878647e+00,  2.280111887287e+01,  5.727784037590e-01
  7.855000048876e-01,  3.415326833725e+00,  2.278643991779e+01,  5.775467753410e-01
  7.870000004768e-01,  3.430036306381e+00,  2.277173044513e+01,  5.822769999504e-01
  7.884999960661e-01,  3.444776296616e+00,  2.275699045490e+01,  5.866333842278e-01
  7.900000065565e-01,  3.459516286850e+00,  2.274225046467e+01,  5.907532572746e-01
  7.915000021458e-01,  3.474286794662e+00,  2.272747995685e+01,  5.946747660637e-01
  7.929999977350e-01,  3.489087820053e+00,  2.271267893146e+01,  5.984207987785e-01
  7.945000082254e-01,  3.503919363022e+00,  2.269784738849e+01,  6.018692851067e-01
  7.960000038147e-01,  3.518750905991e+00,  2.268301584552e+01,  6.047303080559e-01
  7.974999994040e-01,  3.533643484116e+00,  2.266812326740e+01,  6.069924235344e-01
  7.989999949932e-01,  3.548505544662e+00,  2.265326120685e+01,  6.091057658195e-01
  8.005000054836e-01,  3.563398122787e+00,  2.263836862873e+01,  6.114403605461e-01
  8.020000010729e-01,  3.578321218491e+00,  2.262344553302e+01,  6.139809489250e-01
  8.034999966621e-01,  3.593213796616e+00,  2.260855295490e+01,  6.165253520012e-01
  8.050000071526e-01,  3.608136892319e+00,  2.259362985920e+01,  6.190049052238e-01
  8.065000027418e-01,  3.623059988022e+00,  2.257870676349e+01,  6.215607523918e-01
  8.079999983311e-01,  3.637952566147e+00,  2.256381418537e+01,  6.244408488274e-01
  8.095000088215e-01,  3.652875661850e+00,  2.254889108967e+01,  6.278130412102e-01
  8.110000044107e-01,  3.667768239975e+00,  2.253399851154e+01,  6.315514445305e-01
  8.125000000000e-01,  3.682675361633e+00,  2.251909138988e+01,  6.354850530624e-01
  8.139999955893e-01,  3.697598457336e+00,  2.250416829418e+01,  6.396430730820e-01
  8.155000060797e-01,  3.712491035461e+00,  2.248927571605e+01,  6.440223455429e-01
  8.170000016689e-01,  3.727414131165e+00,  2.247435262035e+01,  6.483176946640e-01
  8.184999972582e-01,  3.742367744446e+00,  2.245939900707e+01,  6.525672674179e-01
  8.200000077486e-01,  3.757321357727e+00,  2.244444539379e+01,  6.568549871445e-01
  8.215000033379e-01,  3.772274971008e+00,  2.242949178051e+01,  6.607993841171e-01
  8.229999989271e-01,  3.787259101868e+00,  2.241450764965e+01,  6.645225286484e-01
  8.245000094175e-01,  3.802243232727e+00,  2.239952351879e+01,  6.683982610703e-01
  8.254999965429e-01,  3.812252998352e+00,  2.238951375316e+01,  6.709464788437e-01
  8.264999985695e-01,  3.822262763977e+00,  2.237950398754e+01,  6.733726263046e-01
  8.275000005960e-01,  3.832272529602e+00,  2.236949422191e+01,  6.756767034531e-01
  8.285000026226e-01,  3.842312812805e+00,  2.235945393871e+01,  6.778281927109e-01
  8.295000046492e-01,  3.852353096008e+00,  2.234941365551e+01,  6.797355413437e-01
  8.305000066757e-01,  3.862393379211e+00,  2.233937337230e+01,  6.814178228378e-01
  8.315000087023e-01,  3.872433662415e+00,  2.232933308910e+01,  6.830619573593e-01
  8.324999958277e-01,  3.882504463196e+00,  2.231926228832e+01,  6.847900152206e-01
  8.334999978542e-01,  3.892544746399e+00,  2.230922200512e+01,  6.864989995956e-01
  8.344999998808e-01,  3.902615547180e+00,  2.229915120433e+01,  6.880210638046e-01
  8.355000019073e-01,  3.912686347961e+00,  2.228908040355e+01,  6.893790960312e-01
  8.365000039339e-01,  3.922726631165e+00,  2.227904012035e+01,  6.907943487167e-01
  8.375000059605e-01,  3.932766914368e+00,  2.226899983715e+01,  6.924804449081e-01
  8.385000079870e-01,  3.942837715149e+00,  2.225892903637e+01,  6.944717168808e-01
  8.394999951124e-01,  3.952877998352e+00,  2.224888875316e+01,  6.966613531113e-01
  8.404999971390e-01,  3.962918281555e+00,  2.223884846996e+01,  6.989730596542e-01
  8.414999991655e-01,  3.972958564758e+00,  2.222880818676e+01,  7.013534307480e-01
  8.425000011921e-01,  3.982968330383e+00,  2.221879842113e+01,  7.038100957870e-01
  8.435000032187e-01,  3.993008613586e+00,  2.220875813793e+01,  7.063583135605e-01
  8.445000052452e-01,  4.003018379211e+00,  2.219874837230e+01,  7.091048955917e-01
  8.455000072718e-01,  4.013058662415e+00,  2.218870808910e+01,  7.121795415878e-01
  8.465000092983e-01,  4.023068428040e+00,  2.217869832348e+01,  7.156203985214e-01
  8.474999964237e-01,  4.033078193665e+00,  2.216868855785e+01,  7.193130254745e-01
  8.484999984503e-01,  4.043118476868e+00,  2.215864827465e+01,  7.229980230331e-01
  8.495000004768e-01,  4.053128242493e+00,  2.214863850902e+01,  7.264465093613e-01
  8.505000025034e-01,  4.063168525696e+00,  2.213859822582e+01,  7.295516729355e-01
  8.515000045300e-01,  4.073208808899e+00,  2.212855794262e+01,  7.323898077011e-01
  8.525000065565e-01,  4.083249092102e+00,  2.211851765941e+01,  7.350906133652e-01
  8.535000085831e-01,  4.093319892883e+00,  2.210844685863e+01,  7.377380132675e-01
  8.544999957085e-01,  4.103390693665e+00,  2.209837605785e+01,  7.403625249863e-01
  8.554999977350e-01,  4.113461494446e+00,  2.208830525707e+01,  7.429870367050e-01
  8.564999997616e-01,  4.123532295227e+00,  2.207823445629e+01,  7.456191778183e-01
  8.575000017881e-01,  4.133633613586e+00,  2.206813313793e+01,  7.481979131699e-01
  8.585000038147e-01,  4.143734931946e+00,  2.205803181957e+01,  7.506088018417e-01
  8.595000058413e-01,  4.153836250305e+00,  2.204793050121e+01,  7.527602910995e-01
  8.605000078678e-01,  4.163968086243e+00,  2.203779866527e+01,  7.546867132187e-01
  8.614999949932e-01,  4.174069404602e+00,  2.202769734691e+01,  7.565063238144e-01
  8.624999970198e-01,  4.184201240540e+00,  2.201756551098e+01,  7.583259344101e-01
  8.634999990463e-01,  4.194333076477e+00,  2.200743367504e+01,  7.601379156113e-01
  8.645000010729e-01,  4.204464912415e+00,  2.199730183910e+01,  7.619270086288e-01
  8.655000030994e-01,  4.214627265930e+00,  2.198713948558e+01,  7.637580633163e-01
  8.665000051260e-01,  4.224759101868e+00,  2.197700764965e+01,  7.656997442245e-01
  8.675000071526e-01,  4.234890937805e+00,  2.196687581371e+01,  7.677520513535e-01
  8.685000091791e-01,  4.245022773743e+00,  2.195674397777e+01,  7.698196172714e-01
  8.694999963045e-01,  4.255154609680e+00,  2.194661214183e+01,  7.718795537949e-01
  8.704999983311e-01,  4.265286445618e+00,  2.193648030590e+01,  7.740615606308e-01
  8.715000003576e-01,  4.275418281555e+00,  2.192634846996e+01,  7.764648199081e-01
  8.725000023842e-01,  4.285550117493e+00,  2.191621663402e+01,  7.790511846542e-01
  8.735000044107e-01,  4.295681953430e+00,  2.190608479808e+01,  7.817519903183e-01
  8.745000064373e-01,  4.305813789368e+00,  2.189595296215e+01,  7.845672369003e-01
  8.755000084639e-01,  4.315945625305e+00,  2.188582112621e+01,  7.875350713730e-01
  8.764999955893e-01,  4.326077461243e+00,  2.187568929027e+01,  7.906249761581e-01
  8.774999976158e-01,  4.336178779602e+00,  2.186558797191e+01,  7.937682867050e-01
  8.784999996424e-01,  4.346310615540e+00,  2.185545613598e+01,  7.969573736191e-01
  8.795000016689e-01,  4.356411933899e+00,  2.184535481762e+01,  8.002532720566e-01
  8.805000036955e-01,  4.366543769836e+00,  2.183522298168e+01,  8.036788702011e-01
  8.815000057220e-01,  4.376675605774e+00,  2.182509114574e+01,  8.071273565292e-01
  8.825000077486e-01,  4.386807441711e+00,  2.181495930980e+01,  8.104461431503e-01
  8.834999948740e-01,  4.396939277649e+00,  2.180482747387e+01,  8.136428594589e-01
  8.844999969006e-01,  4.407071113586e+00,  2.179469563793e+01,  8.168166875839e-01
  8.854999989271e-01,  4.417202949524e+00,  2.178456380199e+01,  8.200362920761e-01
  8.865000009537e-01,  4.427365303040e+00,  2.177440144848e+01,  8.232406377792e-01
  8.875000029802e-01,  4.437527656555e+00,  2.176423909496e+01,  8.262923955917e-01
  8.885000050068e-01,  4.447690010071e+00,  2.175407674144e+01,  8.290847539902e-01
  8.895000070333e-01,  4.457882881165e+00,  2.174388387035e+01,  8.315490484238e-01
  8.905000090599e-01,  4.468045234680e+00,  2.173372151683e+01,  8.336242437363e-01
  8.914999961853e-01,  4.478238105774e+00,  2.172352864574e+01,  8.353027105331e-01
  8.924999982119e-01,  4.488430976868e+00,  2.171333577465e+01,  8.366302251816e-01
  8.935000002384e-01,  4.498623847961e+00,  2.170314290355e+01,  8.376582860947e-01
  8.945000022650e-01,  4.508786201477e+00,  2.169298055004e+01,  8.383392095566e-01
  8.955000042915e-01,  4.518948554993e+00,  2.168281819652e+01,  8.386038541794e-01
  8.965000063181e-01,  4.529110908508e+00,  2.167265584301e+01,  8.385187387466e-01
  8.975000083447e-01,  4.539242744446e+00,  2.166252400707e+01,  8.382874727249e-01
  8.984999954700e-01,  4.549374580383e+00,  2.165239217113e+01,  8.380714654922e-01
  8.994999974966e-01,  4.559475898743e+00,  2.164229085277e+01,  8.378978967667e-01
  9.004999995232e-01,  4.569516181946e+00,  2.163225056957e+01,  8.377519845963e-01
  9.015000015497e-01,  4.579525947571e+00,  2.162224080394e+01,  8.376673460007e-01
  9.029999971390e-01,  4.594449043274e+00,  2.160731770824e+01,  8.377242684364e-01
  9.045000076294e-01,  4.609280586243e+00,  2.159248616527e+01,  8.378837704659e-01
  9.060000032187e-01,  4.623990058899e+00,  2.157777669262e+01,  8.380807042122e-01
  9.074999988079e-01,  4.638546943665e+00,  2.156321980785e+01,  8.384607434273e-01
  9.090000092983e-01,  4.652951240540e+00,  2.154881551098e+01,  8.389652371407e-01
  9.105000048876e-01,  4.667202949524e+00,  2.153456380199e+01,  8.393705487251e-01
  9.120000004768e-01,  4.681271553040e+00,  2.152049519848e+01,  8.396142125130e-01
  9.134999960661e-01,  4.695157051086e+00,  2.150660970043e+01,  8.397558331490e-01
  9.150000065565e-01,  4.708828926086e+00,  2.149293782543e+01,  8.397818803787e-01
  9.165000021458e-01,  4.722287178040e+00,  2.147947957348e+01,  8.394769430161e-01
  9.179999977350e-01,  4.735501289368e+00,  2.146626546215e+01,  8.387721776962e-01
  9.195000082254e-01,  4.748471260071e+00,  2.145329549144e+01,  8.379691839218e-01
  9.210000038147e-01,  4.761197090149e+00,  2.144056966137e+01,  8.371127843857e-01
  9.224999994040e-01,  4.773617744446e+00,  2.142814900707e+01,  8.359473943710e-01
  9.239999949932e-01,  4.785763740540e+00,  2.141600301098e+01,  8.344119787216e-01
  9.255000054836e-01,  4.797574043274e+00,  2.140419270824e+01,  8.325084447861e-01
  9.270000010729e-01,  4.809079170227e+00,  2.139268758129e+01,  8.304485082626e-01
  9.284999966621e-01,  4.820218086243e+00,  2.138154866527e+01,  8.287585973740e-01
  9.300000071526e-01,  4.831006050110e+00,  2.137076070141e+01,  8.275188207626e-01
  9.315000027418e-01,  4.841412544250e+00,  2.136035420726e+01,  8.263648748398e-01
  9.329999983311e-01,  4.851452827454e+00,  2.135031392406e+01,  8.252891302109e-01
  9.350000023842e-01,  4.864193916321e+00,  2.133757283519e+01,  8.241657018661e-01
  9.370000064373e-01,  4.876217842102e+00,  2.132554890941e+01,  8.235419988632e-01
  9.389999955893e-01,  4.887478828430e+00,  2.131428792308e+01,  8.242222070694e-01
  9.409999996424e-01,  4.898007392883e+00,  2.130375935863e+01,  8.266693353653e-01
  9.434999972582e-01,  4.910107612610e+00,  2.129165913891e+01,  8.317810297012e-01
  9.459999948740e-01,  4.921093940735e+00,  2.128067281078e+01,  8.379608392715e-01
  9.490000009537e-01,  4.932858467102e+00,  2.126890828441e+01,  8.464981317520e-01
  9.520000070333e-01,  4.943158149719e+00,  2.125860860180e+01,  8.560653924942e-01
  9.555000066757e-01,  4.953465461731e+00,  2.124830128978e+01,  8.662658929825e-01
  9.600000083447e-01,  4.964261054993e+00,  2.123750569652e+01,  8.792129755020e-01
  9.660000056028e-01,  4.974926948547e+00,  2.122683980297e+01,  8.977981805801e-01
  9.755000025034e-01,  4.985192298889e+00,  2.121657445263e+01,  9.261947870255e-01
  1.000500008464e+00,  4.995268344879e+00,  2.120649840664e+01,  9.605746269226e-01
  1.013999998569e+00,  4.997789859772e+00,  2.120397689174e+01,  9.598838686943e-01
  1.114000007510e+00,  5.002380847931e+00,  2.119938590358e+01,  9.520178437233e-01
  1.214499995112e+00,  5.002095222473e+00,  2.119967152904e+01,  9.444904327393e-01
  1.314500004053e+00,  5.001538276672e+00,  2.120022847484e+01,  9.441371560097e-01
  1.415000006557e+00,  5.001053333282e+00,  2.120071341823e+01,  9.400491714478e-01
  1.515500009060e+00,  5.000704288483e+00,  2.120106246303e+01,  9.376712441444e-01
  1.615999996662e+00,  5.000457763672e+00,  2.120130898784e+01,  9.344123601913e-01
  1.716000005603e+00,  5.000268459320e+00,  2.120149829219e+01,  9.312675595284e-01
  1.816500008106e+00,  5.000160694122e+00,  2.120160605739e+01,  9.312661290169e-01
  1.916999995708e+00,  5.000090599060e+00,  2.120167615245e+01,  9.280171394348e-01
  2.017000004649e+00,  5.000046730042e+00,  2.120172002147e+01,  9.242175817490e-01
  2.117500007153e+00,  5.000018119812e+00,  2.120174863170e+01,  9.219162464142e-01
  2.217999994755e+00,  4.999984741211e+00,  2.120178201030e+01,  9.227249026299e-01
  2.318000003695e+00,  4.999990940094e+00,  2.120177581142e+01,  9.219911694527e-01
  2.418500006199e+00,  5.000013351440e+00,  2.120175340007e+01,  9.197404980659e-01
  2.519000008702e+00,  4.999960422516e+00,  2.120180632900e+01,  9.185901284218e-01
  2.619499996305e+00,  4.999979019165e+00,  2.120178773235e+01,  9.179419875145e-01
  2.719500005245e+00,  4.999988555908e+00,  2.120177819561e+01,  9.168136119843e-01
  2.820000007749e+00,  5.000009536743e+00,  2.120175721477e+01,  9.179041385651e-01
  2.920499995351e+00,  4.999969959259e+00,  2.120179679226e+01,  9.149559736252e-01
  3.020500004292e+00,  5.000006198883e+00,  2.120176055263e+01,  9.143635034561e-01
  3.121000006795e+00,  5.000017166138e+00,  2.120174958538e+01,  9.125320911407e-01
  3.221500009298e+00,  4.999998092651e+00,  2.120176865886e+01,  9.127294421196e-01
  3.321999996901e+00,  5.000018119812e+00,  2.120174863170e+01,  9.126493930817e-01
  3.422000005841e+00,  5.000017642975e+00,  2.120174910854e+01,  9.126914739609e-01
  3.522500008345e+00,  5.000017166138e+00,  2.120174958538e+01,  9.116264581680e-01
  3.622999995947e+00,  5.000009536743e+00,  2.120175721477e+01,  9.104543924332e-01
  3.723000004888e+00,  5.000030994415e+00,  2.120173575710e+01,  9.086718559265e-01
  3.823500007391e+00,  4.999989986420e+00,  2.120177676510e+01,  9.070819616318e-01
  3.923999994993e+00,  5.000001907349e+00,  2.120176484417e+01,  9.068672060966e-01
  4.024000003934e+00,  4.999993801117e+00,  2.120177295040e+01,  9.058386087418e-01
  4.124500006437e+00,  4.999973773956e+00,  2.120179297756e+01,  9.057923555374e-01
  4.225000008941e+00,  5.000001907349e+00,  2.120176484417e+01,  9.047410488129e-01
  4.325499996543e+00,  5.000036716461e+00,  2.120173003505e+01,  9.063761830330e-01
  4.425500005484e+00,  5.000020980835e+00,  2.120174577068e+01,  9.052014350891e-01
  4.526000007987e+00,  5.000015258789e+00,  2.120175149273e+01,  9.040166139603e-01
  4.626499995589e+00,  5.000035285950e+00,  2.120173146557e+01,  9.031050801277e-01
  4.726500004530e+00,  5.000008106232e+00,  2.120175864528e+01,  9.037246704102e-01
  4.827000007033e+00,  5.000008583069e+00,  2.120175816845e+01,  9.024998545647e-01
  4.927499994636e+00,  5.000020980835e+00,  2.120174577068e+01,  8.995743989944e-01
  5.027500003576e+00,  5.000007629395e+00,  2.120175912212e+01,  9.009736180305e-01
  5.128000006080e+00,  5.000007629395e+00,  2.120175912212e+01,  9.013199210167e-01
  5.228500008583e+00,  4.999987125397e+00,  2.120177962612e+01,  9.036192297935e-01
  5.328999996185e+00,  5.000009059906e+00,  2.120175769161e+01,  8.996585607529e-01
  5.429000005126e+00,  5.000005245209e+00,  2.120176150631e+01,  9.016417860985e-01
  5.529500007629e+00,  4.999998569489e+00,  2.120176818203e+01,  8.999111056328e-01
  5.629999995232e+00,  5.000016212463e+00,  2.120175053905e+01,  8.974167108536e-01
  5.730000004172e+00,  5.000007629395e+00,  2.120175912212e+01,  9.017683267593e-01
  5.830500006676e+00,  4.999991893768e+00,  2.120177485775e+01,  8.995483517647e-01
  5.931000009179e+00,  4.999989032745e+00,  2.120177771877e+01,  8.996017575264e-01
  6.031000003219e+00,  5.000001907349e+00,  2.120176484417e+01,  8.965505957603e-01
  6.130999997258e+00,  5.000019550323e+00,  2.120174720119e+01,  8.984657526016e-01
  6.231000006199e+00,  5.000005245209e+00,  2.120176150631e+01,  8.968954682350e-01
  6.331000000238e+00,  5.000022888184e+00,  2.120174386333e+01,  8.985576033592e-01
  6.431000009179e+00,  5.000030517578e+00,  2.120173623394e+01,  8.975875973701e-01
  6.531000003219e+00,  5.000020503998e+00,  2.120174624752e+01,  8.970142602921e-01
  6.630999997258e+00,  5.000036239624e+00,  2.120173051189e+01,  8.968779444695e-01
  6.731000006199e+00,  5.000004768372e+00,  2.120176198314e+01,  8.969891667366e-01
  6.831000000238e+00,  5.000030040741e+00,  2.120173671077e+01,  8.954111933708e-01
  6.931000009179e+00,  5.000022888184e+00,  2.120174386333e+01,  8.949943780899e-01
  7.031000003219e+00,  5.000003337860e+00,  2.120176341365e+01,  8.948128819466e-01
  7.130999997258e+00,  4.999995708466e+00,  2.120177104305e+01,  8.958198428154e-01
  7.231000006199e+00,  4.999985694885e+00,  2.120178105663e+01,  8.949269652367e-01
  7.331000000238e+00,  4.999991416931e+00,  2.120177533458e+01,  8.977594375610e-01
  7.431000009179e+00,  5.000035762787e+00,  2.120173098873e+01,  8.938036561012e-01
  7.531000003219e+00,  5.000016212463e+00,  2.120175053905e+01,  8.957802653313e-01
  7.630999997258e+00,  4.999969959259e+00,  2.120179679226e+01,  8.935040235519e-01
  7.731000006199e+00,  5.000013351440e+00,  2.120175340007e+01,  8.962249755859e-01
  7.831000000238e+00,  5.000008106232e+00,  2.120175864528e+01,  8.916547298431e-01
  7.931000009179e+00,  5.000017642975e+00,  2.120174910854e+01,  8.937051296234e-01
  8.031000003219e+00,  4.999984264374e+00,  2.120178248714e+01,  8.938193917274e-01
  8.130999997258e+00,  4.999991416931e+00,  2.120177533458e+01,  8.917950987816e-01
  8.231000006199e+00,  5.000005245209e+00,  2.120176150631e+01,  8.914310932159e-01
  8.331000000238e+00,  4.999977588654e+00,  2.120178916286e+01,  8.915855288506e-01
  8.431000009179e+00,  5.000014305115e+00,  2.120175244640e+01,  8.941788673401e-01
  8.531000003219e+00,  5.000020027161e+00,  2.120174672435e+01,  8.908425569534e-01
  8.630999997258e+00,  5.000025749207e+00,  2.120174100231e+01,  8.908156752586e-01
  8.731000006199e+00,  5.000000000000e+00,  2.120176675152e+01,  8.917231559753e-01
  8.831000000238e+00,  4.999987125397e+00,  2.120177962612e+01,  8.887597918510e-01
  8.931000009179e+00,  4.999973297119e+00,  2.120179345440e+01,  8.910380601883e-01
  9.031000003219e+00,  5.000010013580e+00,  2.120175673793e+01,  8.896580338478e-01
  9.130999997258e+00,  4.999997138977e+00,  2.120176961254e+01,  8.876222372055e-01
  9.231000006199e+00,  5.000009059906e+00,  2.120175769161e+01,  8.873254060745e-01
  9.331000000238e+00,  5.000004291534e+00,  2.120176245998e+01,  8.893328309059e-01
  9.431000009179e+00,  4.999972343445e+00,  2.120179440807e+01,  8.890446424484e-01
  9.531000003219e+00,  5.000021457672e+00,  2.120174529384e+01,  8.871312737465e-01
  9.630999997258e+00,  5.000008583069e+00,  2.120175816845e+01,  8.890060782433e-01
  9.731000006199e+00,  5.000014781952e+00,  2.120175196956e+01,  8.863448500633e-01
  9.831000000238e+00,  4.999998569489e+00,  2.120176818203e+01,  8.877661824226e-01
  9.931000009179e+00,  4.999998569489e+00,  2.120176818203e+01,  8.854503035545e-01
  1.003100000322e+01,  4.999997138977e+00,  2.120176961254e+01,  8.862253427505e-01
  1.013099999726e+01,  5.000017642975e+00,  2.120174910854e+01,  8.899409174919e-01
  1.023100000620e+01,  5.000007629395e+00,  2.120175912212e+01,  8.856310248375e-01
  1.033100000024e+01,  5.000020503998e+00,  2.120174624752e+01,  8.875190615654e-01
  1.043100000918e+01,  5.000030517578e+00,  2.120173623394e+01,  8.866497278214e-01
  1.053100000322e+01,  5.000026226044e+00,  2.120174052547e+01,  8.880929946899e-01
  1.063099999726e+01,  4.999982833862e+00,  2.120178391765e+01,  8.872103691101e-01
  1.073100000620e+01,  5.000001907349e+00,  2.120176484417e+01,  8.871858716011e-01
  1.083100000024e+01,  5.000032901764e+00,  2.120173384975e+01,  8.847638964653e-01
  1.093100000918e+01,  5.000005722046e+00,  2.120176102947e+01,  8.863393664360e-01
  1.103100000322e+01,  5.000032424927e+00,  2.120173432659e+01,  8.857911229134e-01
  1.104899999499e+01,  5.000028610229e+00,  2.120173814129e+01,  8.856932520866e-01
  1.104999999702e+01,  5.000030517578e+00,  2.120173623394e+01,  8.856710791588e-01
  1.105300000310e+01,  5.000032901764e+00,  2.120173384975e+01,  8.855903148651e-01
  1.115299999714e+01,  5.000001430511e+00,  2.120176532100e+01,  8.864020109177e-01
  1.125300000608e+01,  4.999888420105e+00,  2.120187833141e+01,  8.828177452087e-01
  1.132549999654e+01,  4.989871025085e+00,  2.121189572643e+01,  8.794504404068e-01
  1.134499999881e+01,  4.979613780975e+00,  2.122215297054e+01,  8.614265322685e-01
  1.135549999774e+01,  4.969085216522e+00,  2.123268153499e+01,  8.513118624687e-01
  1.136300000548e+01,  4.958934307098e+00,  2.124283244442e+01,  8.576080203056e-01
  1.137000000477e+01,  4.948295116425e+00,  2.125347163509e+01,  8.606349825859e-01
  1.137649999559e+01,  4.937800884247e+00,  2.126396586727e+01,  8.621568083763e-01
  1.138250000775e+01,  4.927798748016e+00,  2.127396800350e+01,  8.623607158661e-01
  1.138850000501e+01,  4.917655467987e+00,  2.128411128353e+01,  8.637070655823e-01
  1.139450000226e+01,  4.907618999481e+00,  2.129414775203e+01,  8.662285804749e-01
  1.140100000799e+01,  4.897204875946e+00,  2.130456187557e+01,  8.720707893372e-01
  1.140800000727e+01,  4.886844158173e+00,  2.131492259334e+01,  8.600296974182e-01
  1.141500000656e+01,  4.876597881317e+00,  2.132516887020e+01,  8.487420082092e-01
  1.142200000584e+01,  4.866004467010e+00,  2.133576228450e+01,  8.470181226730e-01
  1.142849999666e+01,  4.855983257294e+00,  2.134578349422e+01,  8.497408628464e-01
  1.143549999595e+01,  4.845408916473e+00,  2.135635783504e+01,  8.523119688034e-01
  1.144300000370e+01,  4.834746837616e+00,  2.136701991390e+01,  8.530504703522e-01
  1.145100000501e+01,  4.824359416962e+00,  2.137740733455e+01,  8.525570034981e-01
  1.146000000834e+01,  4.814136028290e+00,  2.138763072323e+01,  8.521572947502e-01
  1.147100000083e+01,  4.803845882416e+00,  2.139792086910e+01,  8.442332148552e-01
  1.148350000381e+01,  4.793574810028e+00,  2.140819194149e+01,  8.282076716423e-01
  1.149500000477e+01,  4.783235073090e+00,  2.141853167843e+01,  8.222796320915e-01
  1.150499999523e+01,  4.773118495941e+00,  2.142864825557e+01,  8.212072849274e-01
  1.151450000703e+01,  4.762887477875e+00,  2.143887927364e+01,  8.217169046402e-01
  1.152400000393e+01,  4.752538204193e+00,  2.144922854732e+01,  8.212673664093e-01
  1.153350000083e+01,  4.742387294769e+00,  2.145937945675e+01,  8.210250139236e-01
  1.154350000620e+01,  4.732232570648e+00,  2.146953418087e+01,  8.185974955559e-01
  1.155400000513e+01,  4.722142696381e+00,  2.147962405513e+01,  8.146750330925e-01
  1.156499999762e+01,  4.711883068085e+00,  2.148988368343e+01,  8.096320033073e-01
  1.157600000501e+01,  4.701591014862e+00,  2.150017573665e+01,  8.055416941643e-01
  1.158650000393e+01,  4.691465854645e+00,  2.151030089687e+01,  8.021830320358e-01
  1.159700000286e+01,  4.680967807770e+00,  2.152079894375e+01,  8.002926111221e-01
  1.160700000823e+01,  4.670851230621e+00,  2.153091552089e+01,  8.000385165215e-01
  1.161699999869e+01,  4.660707950592e+00,  2.154105880092e+01,  7.986020445824e-01
  1.162700000405e+01,  4.650602817535e+00,  2.155116393398e+01,  7.963107228279e-01
  1.163750000298e+01,  4.640104770660e+00,  2.156166198085e+01,  7.919705510139e-01
  1.164750000834e+01,  4.629965305328e+00,  2.157180144619e+01,  7.872601151466e-01
  1.165749999881e+01,  4.619463443756e+00,  2.158230330776e+01,  7.842074036598e-01
  1.166699999571e+01,  4.609316349030e+00,  2.159245040249e+01,  7.822118401527e-01
  1.167650000751e+01,  4.599241733551e+00,  2.160252501796e+01,  7.811374664307e-01
  1.168649999797e+01,  4.588903903961e+00,  2.161286284755e+01,  7.798198461533e-01
  1.169699999690e+01,  4.578545093536e+00,  2.162322165798e+01,  7.774033546448e-01
  1.170800000429e+01,  4.568186283112e+00,  2.163358046840e+01,  7.716803550720e-01
  1.171899999678e+01,  4.557821750641e+00,  2.164394500087e+01,  7.672238349915e-01
  1.172949999571e+01,  4.547611713409e+00,  2.165415503811e+01,  7.646808624268e-01
  1.173950000107e+01,  4.537586688995e+00,  2.166418006252e+01,  7.626781463623e-01
  1.174950000644e+01,  4.527424335480e+00,  2.167434241604e+01,  7.601113319397e-01
  1.175949999690e+01,  4.517227649689e+00,  2.168453910183e+01,  7.588447928429e-01
  1.176950000226e+01,  4.507194995880e+00,  2.169457175563e+01,  7.566661238670e-01
  1.178000000119e+01,  4.496847629547e+00,  2.170491912197e+01,  7.537326216698e-01
  1.179050000012e+01,  4.486681461334e+00,  2.171508529018e+01,  7.502669692039e-01
  1.180099999905e+01,  4.476538181305e+00,  2.172522857021e+01,  7.472833991051e-01
  1.181149999797e+01,  4.466286182404e+00,  2.173548056911e+01,  7.433065772057e-01
  1.182199999690e+01,  4.455856800079e+00,  2.174590995144e+01,  7.407073378563e-01
  1.183200000226e+01,  4.445759296417e+00,  2.175600745510e+01,  7.370628714561e-01
  1.184200000763e+01,  4.435582160950e+00,  2.176618459057e+01,  7.349882125854e-01
  1.185199999809e+01,  4.425454139709e+00,  2.177631261181e+01,  7.327671051025e-01
  1.186200000346e+01,  4.415432929993e+00,  2.178633382152e+01,  7.294397354126e-01
  1.187250000238e+01,  4.404980659485e+00,  2.179678609203e+01,  7.263484001160e-01
  1.188300000131e+01,  4.394577980042e+00,  2.180718877147e+01,  7.231431007385e-01
  1.189350000024e+01,  4.384099006653e+00,  2.181766774486e+01,  7.204923629761e-01
  1.190350000560e+01,  4.374028205872e+00,  2.182773854564e+01,  7.185518741608e-01
  1.191349999607e+01,  4.363892555237e+00,  2.183787419628e+01,  7.158958911896e-01
  1.192350000143e+01,  4.353787422180e+00,  2.184797932933e+01,  7.132213115692e-01
  1.193350000679e+01,  4.343674659729e+00,  2.185809209179e+01,  7.107724547386e-01
  1.194349999726e+01,  4.333626747131e+00,  2.186814000438e+01,  7.090639472008e-01
  1.195399999619e+01,  4.323197364807e+00,  2.187856938671e+01,  7.066786885262e-01
  1.196449999511e+01,  4.312884330750e+00,  2.188888242077e+01,  7.049327492714e-01
  1.197500000894e+01,  4.302542686462e+00,  2.189922406505e+01,  7.012420296669e-01
  1.198550000787e+01,  4.292056083679e+00,  2.190971066784e+01,  6.988363862038e-01
  1.199549999833e+01,  4.281947135925e+00,  2.191981961559e+01,  6.965177655220e-01
  1.200550000370e+01,  4.271864891052e+00,  2.192990186046e+01,  6.937163472176e-01
  1.201550000906e+01,  4.261843681335e+00,  2.193992307018e+01,  6.909149289131e-01
  1.202600000799e+01,  4.251418113708e+00,  2.195034863781e+01,  6.880472302437e-01
  1.203650000691e+01,  4.241127967834e+00,  2.196063878368e+01,  6.851471066475e-01
  1.204700000584e+01,  4.230786323547e+00,  2.197098042797e+01,  6.822717785835e-01
  1.205750000477e+01,  4.220307350159e+00,  2.198145940136e+01,  6.811669468880e-01
  1.206749999523e+01,  4.210286140442e+00,  2.199148061107e+01,  6.786950230598e-01
  1.207750000060e+01,  4.200257301331e+00,  2.200150945018e+01,  6.759410500526e-01
  1.208750000596e+01,  4.190254688263e+00,  2.201151206325e+01,  6.739844083786e-01
  1.209800000489e+01,  4.179886341095e+00,  2.202188041042e+01,  6.711179018021e-01
  1.210850000381e+01,  4.169592380524e+00,  2.203217437099e+01,  6.666899919510e-01
  1.211900000274e+01,  4.159224033356e+00,  2.204254271816e+01,  6.634317636490e-01
  1.212950000167e+01,  4.148771762848e+00,  2.205299498867e+01,  6.614912748337e-01
  1.214000000060e+01,  4.138357639313e+00,  2.206340911220e+01,  6.582075357437e-01
  1.215049999952e+01,  4.127912998199e+00,  2.207385375332e+01,  6.553260087967e-01
  1.216099999845e+01,  4.117426395416e+00,  2.208434035610e+01,  6.537157297134e-01
  1.217149999738e+01,  4.106989383698e+00,  2.209477736782e+01,  6.518150568008e-01
  1.218199999630e+01,  4.096510410309e+00,  2.210525634121e+01,  6.487971544266e-01
  1.219200000167e+01,  4.086447238922e+00,  2.211531951259e+01,  6.474155783653e-01
  1.220200000703e+01,  4.076323032379e+00,  2.212544371914e+01,  6.463676691055e-01
  1.221199999750e+01,  4.066183567047e+00,  2.213558318447e+01,  6.441212892532e-01
  1.222200000286e+01,  4.056097507477e+00,  2.214566924404e+01,  6.418067216873e-01
  1.223250000179e+01,  4.045599460602e+00,  2.215616729091e+01,  6.372033357620e-01
  1.224250000715e+01,  4.035536289215e+00,  2.216623046230e+01,  6.335607767105e-01
  1.225249999762e+01,  4.025465488434e+00,  2.217630126308e+01,  6.309823989868e-01
  1.226250000298e+01,  4.015448093414e+00,  2.218631865810e+01,  6.286079883575e-01
  1.227250000834e+01,  4.005430698395e+00,  2.219633605312e+01,  6.254713535309e-01
  1.228300000727e+01,  3.994974374771e+00,  2.220679237674e+01,  6.240862011909e-01
  1.229350000620e+01,  3.984537363052e+00,  2.221722938846e+01,  6.208379864693e-01
  1.230349999666e+01,  3.974512338638e+00,  2.222725441288e+01,  6.166194081306e-01
  1.231350000203e+01,  3.964357614517e+00,  2.223740913700e+01,  6.156178712845e-01
  1.232350000739e+01,  3.954214334488e+00,  2.224755241703e+01,  6.144261360168e-01
  1.233349999785e+01,  3.944147348404e+00,  2.225761940311e+01,  6.136595606804e-01
  1.234399999678e+01,  3.933703422546e+00,  2.226806332897e+01,  6.110425591469e-01
  1.235449999571e+01,  3.923365592957e+00,  2.227840115856e+01,  6.084534525871e-01
  1.236499999464e+01,  3.913090705872e+00,  2.228867604564e+01,  6.043788790703e-01
  1.237550000846e+01,  3.902703285217e+00,  2.229906346630e+01,  6.009423136711e-01
  1.238549999893e+01,  3.892666816711e+00,  2.230909993480e+01,  5.991358160973e-01
  1.239550000429e+01,  3.882618904114e+00,  2.231914784740e+01,  5.989261865616e-01
  1.240600000322e+01,  3.872174263000e+00,  2.232959248851e+01,  5.973235368729e-01
  1.241650000215e+01,  3.861771583557e+00,  2.233999516796e+01,  5.953631997108e-01
  1.242700000107e+01,  3.851433753967e+00,  2.235033299755e+01,  5.936031937599e-01
  1.243750000000e+01,  3.841116905212e+00,  2.236064984630e+01,  5.910081863403e-01
  1.244799999893e+01,  3.830691337585e+00,  2.237107541393e+01,  5.895343422890e-01
  1.245800000429e+01,  3.820643424988e+00,  2.238112332653e+01,  5.884620547295e-01
  1.246799999475e+01,  3.810561180115e+00,  2.239120557140e+01,  5.867017507553e-01
  1.247800000012e+01,  3.800448417664e+00,  2.240131833385e+01,  5.843657255173e-01
  1.248800000548e+01,  3.790331840515e+00,  2.241143491100e+01,  5.808552503586e-01
  1.249799999595e+01,  3.780230522156e+00,  2.242153622936e+01,  5.772551298141e-01
  1.250800000131e+01,  3.770129203796e+00,  2.243163754772e+01,  5.744961500168e-01
  1.251800000668e+01,  3.760107994080e+00,  2.244165875744e+01,  5.718544721603e-01
  1.252850000560e+01,  3.749686241150e+00,  2.245208051037e+01,  5.682405233383e-01
  1.253900000453e+01,  3.739283561707e+00,  2.246248318981e+01,  5.668966770172e-01
  1.254950000346e+01,  3.728854179382e+00,  2.247291257213e+01,  5.638592243195e-01
  1.256000000238e+01,  3.718363761902e+00,  2.248340298961e+01,  5.606567859650e-01
  1.257000000775e+01,  3.708292961121e+00,  2.249347379039e+01,  5.595614314079e-01
  1.257999999821e+01,  3.698222160339e+00,  2.250354459118e+01,  5.589155554771e-01
  1.259049999714e+01,  3.687760829926e+00,  2.251400592159e+01,  5.560206174850e-01
  1.260099999607e+01,  3.677423000336e+00,  2.252434375118e+01,  5.531829595566e-01
  1.261149999499e+01,  3.667092800140e+00,  2.253467395137e+01,  5.504697561264e-01
  1.262200000882e+01,  3.656629085541e+00,  2.254513766597e+01,  5.464328527451e-01
  1.263199999928e+01,  3.646520137787e+00,  2.255524661373e+01,  5.435794591904e-01
  1.264200000465e+01,  3.636392116547e+00,  2.256537463497e+01,  5.412658452988e-01
  1.265199999511e+01,  3.626290798187e+00,  2.257547595333e+01,  5.401106476784e-01
  1.266200000048e+01,  3.616284847260e+00,  2.258548190426e+01,  5.386658310890e-01
  1.267249999940e+01,  3.605832576752e+00,  2.259593417476e+01,  5.356861352921e-01
  1.268250000477e+01,  3.595788478851e+00,  2.260597827266e+01,  5.333110094070e-01
  1.269249999523e+01,  3.585626125336e+00,  2.261614062618e+01,  5.327077507973e-01
  1.270250000060e+01,  3.575471401215e+00,  2.262629535030e+01,  5.306488871574e-01
  1.271250000596e+01,  3.565431118011e+00,  2.263633563350e+01,  5.278383493423e-01
  1.272300000489e+01,  3.555055141449e+00,  2.264671161007e+01,  5.257347226143e-01
  1.273350000381e+01,  3.544770717621e+00,  2.265699603389e+01,  5.228422284126e-01
  1.274400000274e+01,  3.534493923187e+00,  2.266727282833e+01,  5.193889737129e-01
  1.275450000167e+01,  3.524075984955e+00,  2.267769076656e+01,  5.162995457649e-01
  1.276450000703e+01,  3.513986110687e+00,  2.268778064083e+01,  5.151517391205e-01
  1.277449999750e+01,  3.503861904144e+00,  2.269790484737e+01,  5.140495896339e-01
  1.278450000286e+01,  3.493844509125e+00,  2.270792224239e+01,  5.117444992065e-01
  1.279500000179e+01,  3.483418941498e+00,  2.271834781002e+01,  5.087733268738e-01
  1.280550000072e+01,  3.473001003265e+00,  2.272876574825e+01,  5.069935917854e-01
  1.281599999964e+01,  3.462672710419e+00,  2.273909404110e+01,  5.060102939606e-01
  1.282649999857e+01,  3.452479839325e+00,  2.274928691219e+01,  5.026967525482e-01
  1.283699999750e+01,  3.442242622375e+00,  2.275952412914e+01,  4.997844994068e-01
  1.284749999642e+01,  3.431847572327e+00,  2.276991917919e+01,  4.977762401104e-01
  1.285750000179e+01,  3.421753883362e+00,  2.278001286815e+01,  4.952990710735e-01
  1.286750000715e+01,  3.411465644836e+00,  2.279030110668e+01,  4.933713376522e-01
  1.287749999762e+01,  3.401062965393e+00,  2.280070378612e+01,  4.938950538635e-01
  1.288750000298e+01,  3.390763282776e+00,  2.281100346874e+01,  4.932635128498e-01
  1.289750000834e+01,  3.380703926086e+00,  2.282106282543e+01,  4.903867542744e-01
  1.290800000727e+01,  3.370379447937e+00,  2.283138730358e+01,  4.860217869282e-01
  1.291850000620e+01,  3.360079765320e+00,  2.284168698620e+01,  4.816158115864e-01
  1.292900000513e+01,  3.349669456482e+00,  2.285209729503e+01,  4.778807461262e-01
  1.293899999559e+01,  3.339579582214e+00,  2.286218716930e+01,  4.758571088314e-01
  1.294900000095e+01,  3.329417228699e+00,  2.287234952282e+01,  4.749253988266e-01
  1.295900000632e+01,  3.319285392761e+00,  2.288248135875e+01,  4.734073877335e-01
  1.296899999678e+01,  3.309237480164e+00,  2.289252927135e+01,  4.708596467972e-01
  1.297949999571e+01,  3.298766136169e+00,  2.290300061535e+01,  4.681235551834e-01
  1.298999999464e+01,  3.288313865662e+00,  2.291345288585e+01,  4.646817445755e-01
  1.300050000846e+01,  3.277827262878e+00,  2.292393948864e+01,  4.619959592819e-01
  1.301100000739e+01,  3.267359733582e+00,  2.293440701793e+01,  4.601696729660e-01
  1.302150000632e+01,  3.256964683533e+00,  2.294480206798e+01,  4.578069448471e-01
  1.303200000525e+01,  3.246573448181e+00,  2.295519330333e+01,  4.545735120773e-01
  1.304250000417e+01,  3.236128807068e+00,  2.296563794445e+01,  4.522911310196e-01
  1.305249999464e+01,  3.226069450378e+00,  2.297569730114e+01,  4.512822329998e-01
  1.306250000000e+01,  3.215975761414e+00,  2.298579099010e+01,  4.501188993454e-01
  1.307250000536e+01,  3.205969810486e+00,  2.299579694103e+01,  4.485848844051e-01
  1.308300000429e+01,  3.195639610291e+00,  2.300612714122e+01,  4.470435082912e-01
  1.309350000322e+01,  3.185487985611e+00,  2.301627876590e+01,  4.439696967602e-01
  1.310400000215e+01,  3.175302743912e+00,  2.302646400760e+01,  4.399499595165e-01
  1.311450000107e+01,  3.164892435074e+00,  2.303687431644e+01,  4.372768104076e-01
  1.312450000644e+01,  3.154684305191e+00,  2.304708244632e+01,  4.355680346489e-01
  1.313449999690e+01,  3.144266366959e+00,  2.305750038456e+01,  4.349675178528e-01
  1.314450000226e+01,  3.133875131607e+00,  2.306789161991e+01,  4.347876310349e-01
  1.315450000763e+01,  3.123731851578e+00,  2.307803489994e+01,  4.337165057659e-01
  1.316500000656e+01,  3.113302469254e+00,  2.308846428226e+01,  4.304300248623e-01
  1.317550000548e+01,  3.102957010269e+00,  2.309880974125e+01,  4.255300462246e-01
  1.318600000441e+01,  3.092455148697e+00,  2.310931160282e+01,  4.224897325039e-01
  1.319599999487e+01,  3.082266092300e+00,  2.311950065921e+01,  4.192615449429e-01
  1.320600000024e+01,  3.071924448013e+00,  2.312984230350e+01,  4.181176126003e-01
  1.321600000560e+01,  3.061685800552e+00,  2.314008095096e+01,  4.169504344463e-01
  1.322599999607e+01,  3.051614999771e+00,  2.315015175174e+01,  4.157765507698e-01
  1.323649999499e+01,  3.041189432144e+00,  2.316057731937e+01,  4.120088219643e-01
  1.324700000882e+01,  3.030721902847e+00,  2.317104484867e+01,  4.106817245483e-01
  1.325699999928e+01,  3.020666360855e+00,  2.318110039066e+01,  4.068727493286e-01
  1.326700000465e+01,  3.010423898697e+00,  2.319134285282e+01,  4.055640697479e-01
  1.327699999511e+01,  3.000120401382e+00,  2.320164635013e+01,  4.052181243896e-01
  1.328700000048e+01,  2.989893198013e+00,  2.321187355350e+01,  4.041495323181e-01
  1.329700000584e+01,  2.979845285416e+00,  2.322192146610e+01,  4.002065658569e-01
  1.330699999630e+01,  2.969805002213e+00,  2.323196174930e+01,  3.983387947083e-01
  1.331700000167e+01,  2.959772348404e+00,  2.324199440311e+01,  3.958353996277e-01
  1.332700000703e+01,  2.949716806412e+00,  2.325204994510e+01,  3.934493064880e-01
  1.333700001240e+01,  2.939701795578e+00,  2.326206495594e+01,  3.910916447639e-01
  1.334749999642e+01,  2.929230451584e+00,  2.327253629993e+01,  3.902308046818e-01
  1.335799999535e+01,  2.918816328049e+00,  2.328295042347e+01,  3.878823816776e-01
  1.336850000918e+01,  2.908341169357e+00,  2.329342558216e+01,  3.868462443352e-01
  1.337900000811e+01,  2.897911787033e+00,  2.330385496448e+01,  3.859526216984e-01
  1.338950000703e+01,  2.887551069260e+00,  2.331421568226e+01,  3.843630850315e-01
  1.340000000596e+01,  2.877300977707e+00,  2.332446577381e+01,  3.804272711277e-01
  1.341050000489e+01,  2.867100477219e+00,  2.333466627430e+01,  3.767594397068e-01
  1.342100000381e+01,  2.856806516647e+00,  2.334496023487e+01,  3.727206289768e-01
  1.343100000918e+01,  2.846697568893e+00,  2.335506918262e+01,  3.710743486881e-01
  1.344099999964e+01,  2.836386442184e+00,  2.336538030933e+01,  3.707197010517e-01
  1.345100000501e+01,  2.826052427292e+00,  2.337571432422e+01,  3.704606592655e-01
  1.346099999547e+01,  2.815874814987e+00,  2.338589193653e+01,  3.697175383568e-01
  1.347150000930e+01,  2.805483579636e+00,  2.339628317188e+01,  3.673881590366e-01
  1.348200000823e+01,  2.795349836349e+00,  2.340641691517e+01,  3.632306158543e-01
  1.349250000715e+01,  2.785206556320e+00,  2.341656019519e+01,  3.591832220554e-01
  1.350300000608e+01,  2.774727582932e+00,  2.342703916858e+01,  3.571060001850e-01
  1.351299999654e+01,  2.764324903488e+00,  2.343744184803e+01,  3.550856411457e-01
  1.352250000834e+01,  2.754235029221e+00,  2.344753172229e+01,  3.543196320534e-01
  1.353200000525e+01,  2.744183301926e+00,  2.345758344959e+01,  3.538815677166e-01
  1.354199999571e+01,  2.733822584152e+00,  2.346794416736e+01,  3.524498045444e-01
  1.355249999464e+01,  2.723398923874e+00,  2.347836782764e+01,  3.517396152020e-01
  1.356350000203e+01,  2.712929487228e+00,  2.348883726429e+01,  3.482615649700e-01
  1.357450000942e+01,  2.702522993088e+00,  2.349924375843e+01,  3.433263003826e-01
  1.358500000834e+01,  2.692156553268e+00,  2.350961019825e+01,  3.411822319031e-01
  1.359499999881e+01,  2.681981801987e+00,  2.351978494953e+01,  3.413171172142e-01
  1.360500000417e+01,  2.671712636948e+00,  2.353005411457e+01,  3.383091092110e-01
  1.361499999464e+01,  2.661496877670e+00,  2.354026987384e+01,  3.372777998447e-01
  1.362500000000e+01,  2.651448965073e+00,  2.355031778644e+01,  3.357900679111e-01
  1.363549999893e+01,  2.641158819199e+00,  2.356060793232e+01,  3.332513868809e-01
  1.364599999785e+01,  2.630927801132e+00,  2.357083895038e+01,  3.301947414875e-01
  1.365649999678e+01,  2.620570898056e+00,  2.358119585346e+01,  3.294530808926e-01
  1.366699999571e+01,  2.610107183456e+00,  2.359165956806e+01,  3.270319402218e-01
  1.367700000107e+01,  2.600078344345e+00,  2.360168840717e+01,  3.268261551857e-01
  1.368700000644e+01,  2.590072393417e+00,  2.361169435810e+01,  3.241882920265e-01
  1.369750000536e+01,  2.579635381699e+00,  2.362213136982e+01,  3.219199776649e-01
  1.370800000429e+01,  2.569244146347e+00,  2.363252260517e+01,  3.186088204384e-01
  1.371850000322e+01,  2.558784246445e+00,  2.364298250507e+01,  3.170916140079e-01
  1.372850000858e+01,  2.548732519150e+00,  2.365303423237e+01,  3.145908415318e-01
  1.373849999905e+01,  2.538673162460e+00,  2.366309358905e+01,  3.131245672703e-01
  1.374850000441e+01,  2.528667211533e+00,  2.367309953998e+01,  3.099183142185e-01
  1.375900000334e+01,  2.518211126328e+00,  2.368355562519e+01,  3.079253733158e-01
  1.376950000226e+01,  2.507827520370e+00,  2.369393923114e+01,  3.057805597782e-01
  1.378000000119e+01,  2.497501134872e+00,  2.370426561664e+01,  3.041034042835e-01
  1.379050000012e+01,  2.487064123154e+00,  2.371470262836e+01,  3.006143867970e-01
  1.380050000548e+01,  2.476936101913e+00,  2.372483064960e+01,  2.987594902515e-01
  1.381049999595e+01,  2.466712713242e+00,  2.373505403827e+01,  2.983767390251e-01
  1.382050000131e+01,  2.456538915634e+00,  2.374522783588e+01,  2.974850535393e-01
  1.383100000024e+01,  2.446082830429e+00,  2.375568392109e+01,  2.955514490604e-01
  1.384149999917e+01,  2.435791969299e+00,  2.376597478222e+01,  2.925543785095e-01
  1.385199999809e+01,  2.425496101379e+00,  2.377627065014e+01,  2.906897068024e-01
  1.386249999702e+01,  2.415032386780e+00,  2.378673436474e+01,  2.893430590630e-01
  1.387250000238e+01,  2.404961585999e+00,  2.379680516552e+01,  2.876107096672e-01
  1.388250000775e+01,  2.394806861877e+00,  2.380695988964e+01,  2.856956124306e-01
  1.389249999821e+01,  2.384617805481e+00,  2.381714894603e+01,  2.847729921341e-01
  1.390250000358e+01,  2.374489784241e+00,  2.382727696727e+01,  2.826910614967e-01
  1.391250000894e+01,  2.364476203918e+00,  2.383729054760e+01,  2.791443467140e-01
  1.392249999940e+01,  2.354470252991e+00,  2.384729649852e+01,  2.776462435722e-01
  1.393299999833e+01,  2.344029426575e+00,  2.385773732494e+01,  2.775852382183e-01
  1.394349999726e+01,  2.333786964417e+00,  2.386797978710e+01,  2.755485475063e-01
  1.395399999619e+01,  2.323597908020e+00,  2.387816884350e+01,  2.718549668789e-01
  1.396449999511e+01,  2.313321113586e+00,  2.388844563793e+01,  2.697456777096e-01
  1.397500000894e+01,  2.302910804749e+00,  2.389885594677e+01,  2.677555978298e-01
  1.398499999940e+01,  2.292832374573e+00,  2.390893437694e+01,  2.665504515171e-01
  1.399500000477e+01,  2.282666206360e+00,  2.391910054516e+01,  2.662159204483e-01
  1.400499999523e+01,  2.272625923157e+00,  2.392914082836e+01,  2.656544446945e-01
  1.401550000906e+01,  2.262309074402e+00,  2.393945767711e+01,  2.627032995224e-01
  1.402600000799e+01,  2.252158164978e+00,  2.394960858654e+01,  2.576926946640e-01
  1.403650000691e+01,  2.241894721985e+00,  2.395987202953e+01,  2.535818815231e-01
  1.404649999738e+01,  2.231881141663e+00,  2.396988560985e+01,  2.507590055466e-01
  1.405650000274e+01,  2.221653938293e+00,  2.398011281322e+01,  2.514884471893e-01
  1.406650000811e+01,  2.211426734924e+00,  2.399034001659e+01,  2.510714530945e-01
  1.407649999857e+01,  2.201352119446e+00,  2.400041463207e+01,  2.500571012497e-01
  1.408699999750e+01,  2.190930366516e+00,  2.401083638500e+01,  2.470735311508e-01
  1.409749999642e+01,  2.180542469025e+00,  2.402122428249e+01,  2.445219904184e-01
  1.410799999535e+01,  2.170059680939e+00,  2.403170707058e+01,  2.421403080225e-01
  1.411800000072e+01,  2.160000324249e+00,  2.404176642727e+01,  2.398116737604e-01
  1.412800000608e+01,  2.149948596954e+00,  2.405181815456e+01,  2.388518303633e-01
  1.413850000501e+01,  2.139507770538e+00,  2.406225898098e+01,  2.381657809019e-01
  1.414900000393e+01,  2.129166126251e+00,  2.407260062526e+01,  2.351364344358e-01
  1.415950000286e+01,  2.118805408478e+00,  2.408296134304e+01,  2.305349558592e-01
  1.416950000823e+01,  2.108788013458e+00,  2.409297873806e+01,  2.293181866407e-01
  1.417949999869e+01,  2.098591327667e+00,  2.410317542385e+01,  2.271929234266e-01
  1.418950000405e+01,  2.088364124298e+00,  2.411340262722e+01,  2.260847836733e-01
  1.419950000942e+01,  2.078274250031e+00,  2.412349250148e+01,  2.248123437166e-01
  1.421000000834e+01,  2.067921161652e+00,  2.413384558986e+01,  2.239242643118e-01
  1.422050000727e+01,  2.057583332062e+00,  2.414418341945e+01,  2.201601117849e-01
  1.423049999774e+01,  2.047520160675e+00,  2.415424659084e+01,  2.187662273645e-01
  1.424050000310e+01,  2.037342548370e+00,  2.416442420314e+01,  2.185637652874e-01
  1.425050000846e+01,  2.027317523956e+00,  2.417444922756e+01,  2.181013673544e-01
  1.426100000739e+01,  2.017002582550e+00,  2.418476416896e+01,  2.155092805624e-01
  1.427150000632e+01,  2.006830692291e+00,  2.419493605922e+01,  2.131739705801e-01
  1.428200000525e+01,  1.996609091759e+00,  2.420515765976e+01,  2.098132222891e-01
  1.429250000417e+01,  1.986107230186e+00,  2.421565952133e+01,  2.082265466452e-01
  1.430249999464e+01,  1.975841879845e+00,  2.422592487167e+01,  2.071822732687e-01
  1.431250000000e+01,  1.965507864952e+00,  2.423625888656e+01,  2.063351124525e-01
  1.432250000536e+01,  1.955356955528e+00,  2.424640979599e+01,  2.059769779444e-01
  1.433300000429e+01,  1.945064902306e+00,  2.425670184921e+01,  2.036225944757e-01
  1.434350000322e+01,  1.934960603714e+00,  2.426680614780e+01,  1.990289092064e-01
  1.435400000215e+01,  1.924630403519e+00,  2.427713634800e+01,  1.962189078331e-01
  1.436400000751e+01,  1.914548158646e+00,  2.428721859287e+01,  1.954516768456e-01
  1.437399999797e+01,  1.904313325882e+00,  2.429745342563e+01,  1.951168179512e-01
  1.438400000334e+01,  1.894070863724e+00,  2.430769588779e+01,  1.934062838554e-01
  1.439400000870e+01,  1.883931398392e+00,  2.431783535312e+01,  1.920346617699e-01
  1.440450000763e+01,  1.873513460159e+00,  2.432825329136e+01,  1.909588575363e-01
  1.441500000656e+01,  1.863242387772e+00,  2.433852436374e+01,  1.884664297104e-01
  1.442550000548e+01,  1.852904558182e+00,  2.434886219333e+01,  1.852153539658e-01
  1.443549999595e+01,  1.842898607254e+00,  2.435886814426e+01,  1.838172525167e-01
  1.444550000131e+01,  1.832869768143e+00,  2.436889698337e+01,  1.818419843912e-01
  1.445600000024e+01,  1.822379350662e+00,  2.437938740085e+01,  1.790801435709e-01
  1.446649999917e+01,  1.811934709549e+00,  2.438983204197e+01,  1.772278100252e-01
  1.447699999809e+01,  1.801635026932e+00,  2.440013172458e+01,  1.754818707705e-01
  1.448749999702e+01,  1.791360139847e+00,  2.441040661167e+01,  1.730352193117e-01
  1.449799999595e+01,  1.780873537064e+00,  2.442089321445e+01,  1.716679632664e-01
  1.450800000131e+01,  1.770711183548e+00,  2.443105556797e+01,  1.720872223377e-01
  1.451800000668e+01,  1.760594606400e+00,  2.444117214512e+01,  1.704533845186e-01
  1.452799999714e+01,  1.750581026077e+00,  2.445118572544e+01,  1.683853417635e-01
  1.453849999607e+01,  1.740237474442e+00,  2.446152927707e+01,  1.655622273684e-01
  1.454899999499e+01,  1.730002641678e+00,  2.447176410984e+01,  1.625386029482e-01
  1.455950000882e+01,  1.719691514969e+00,  2.448207523655e+01,  1.599789410830e-01
  1.457000000775e+01,  1.709243059158e+00,  2.449252369236e+01,  1.583916693926e-01
  1.457999999821e+01,  1.699233293533e+00,  2.450253345798e+01,  1.562704592943e-01
  1.459000000358e+01,  1.689154028893e+00,  2.451261272262e+01,  1.543962061405e-01
  1.460000000894e+01,  1.679022192955e+00,  2.452274455856e+01,  1.521642506123e-01
  1.460999999940e+01,  1.668829321861e+00,  2.453293742965e+01,  1.514234691858e-01
  1.462000000477e+01,  1.658617377281e+00,  2.454314937423e+01,  1.503070741892e-01
  1.462999999523e+01,  1.648451209068e+00,  2.455331554245e+01,  1.509186476469e-01
  1.464000000060e+01,  1.638449072838e+00,  2.456331767868e+01,  1.493471115828e-01
  1.465049999952e+01,  1.628139853477e+00,  2.457362689804e+01,  1.466512531042e-01
  1.466099999845e+01,  1.617855429649e+00,  2.458391132187e+01,  1.416263431311e-01
  1.467100000381e+01,  1.607826590538e+00,  2.459394016098e+01,  1.401378959417e-01
  1.468100000918e+01,  1.597618460655e+00,  2.460414829086e+01,  1.395944803953e-01
  1.469099999964e+01,  1.587383627892e+00,  2.461438312362e+01,  1.387533843517e-01
  1.470100000501e+01,  1.577202200890e+00,  2.462456455063e+01,  1.382170617580e-01
  1.471099999547e+01,  1.567161917686e+00,  2.463460483383e+01,  1.370848715305e-01
  1.472150000930e+01,  1.556766867638e+00,  2.464499988388e+01,  1.335292160511e-01
  1.473200000823e+01,  1.546375632286e+00,  2.465539111923e+01,  1.308403313160e-01
  1.474250000715e+01,  1.535999655724e+00,  2.466576709579e+01,  1.287416517735e-01
  1.475300000608e+01,  1.525623679161e+00,  2.467614307235e+01,  1.265744268894e-01
  1.476350000501e+01,  1.515163779259e+00,  2.468660297226e+01,  1.247366666794e-01
  1.477400000393e+01,  1.504673361778e+00,  2.469709338974e+01,  1.236568987370e-01
  1.478400000930e+01,  1.494625449181e+00,  2.470714130233e+01,  1.212793886662e-01
  1.479399999976e+01,  1.484535574913e+00,  2.471723117660e+01,  1.200386583805e-01
  1.480400000513e+01,  1.474468588829e+00,  2.472729816269e+01,  1.197721362114e-01
  1.481450000405e+01,  1.464073538780e+00,  2.473769321273e+01,  1.186386942863e-01
  1.482500000298e+01,  1.453804373741e+00,  2.474796237777e+01,  1.158227324486e-01
  1.483550000191e+01,  1.443424582481e+00,  2.475834216903e+01,  1.127152442932e-01
  1.484550000727e+01,  1.433299303055e+00,  2.476846744846e+01,  1.124974116683e-01
  1.485549999774e+01,  1.423068284988e+00,  2.477869846653e+01,  1.110854968429e-01
  1.486550000310e+01,  1.412795305252e+00,  2.478897144626e+01,  1.091080531478e-01
  1.487550000846e+01,  1.402499437332e+00,  2.479926731418e+01,  1.070133075118e-01
  1.488549999893e+01,  1.392333269119e+00,  2.480943348240e+01,  1.064799055457e-01
  1.489550000429e+01,  1.382300615311e+00,  2.481946613620e+01,  1.034944280982e-01
  1.490600000322e+01,  1.371817827225e+00,  2.482994892429e+01,  1.017236933112e-01
  1.491650000215e+01,  1.361361742020e+00,  2.484040500950e+01,  9.985544532537e-02
  1.492700000107e+01,  1.350901842117e+00,  2.485086490940e+01,  9.783198684454e-02
  1.493700000644e+01,  1.340838670731e+00,  2.486092808078e+01,  9.600969403982e-02
  1.494699999690e+01,  1.330752611160e+00,  2.487101414035e+01,  9.472204744816e-02
  1.495700000226e+01,  1.320693254471e+00,  2.488107349704e+01,  9.169556200504e-02
  1.496700000763e+01,  1.310672044754e+00,  2.489109470676e+01,  8.939529955387e-02
  1.497750000656e+01,  1.300273180008e+00,  2.490149357151e+01,  8.795240521431e-02
  1.498800000548e+01,  1.290053606033e+00,  2.491171314548e+01,  8.512619137764e-02
  1.499850000441e+01,  1.279793977737e+00,  2.492197277378e+01,  8.233168721199e-02
  1.500849999487e+01,  1.269791841507e+00,  2.493197491001e+01,  8.169709891081e-02
  1.501850000024e+01,  1.259667634964e+00,  2.494209911655e+01,  8.234732598066e-02
  1.502850000560e+01,  1.249535799026e+00,  2.495223095249e+01,  8.160882443190e-02
  1.503849999607e+01,  1.239419221878e+00,  2.496234752964e+01,  8.013867586851e-02
  1.504850000143e+01,  1.229378938675e+00,  2.497238781284e+01,  7.788848131895e-02
  1.505900000036e+01,  1.218968629837e+00,  2.498279812168e+01,  7.416915148497e-02
  1.506949999928e+01,  1.208577394485e+00,  2.499318935703e+01,  7.100867480040e-02
  1.507999999821e+01,  1.198079347610e+00,  2.500368740390e+01,  6.871842592955e-02
  1.509050001204e+01,  1.187611222267e+00,  2.501415552925e+01,  6.711979210377e-02
  1.510099999607e+01,  1.177239060402e+00,  2.502452769111e+01,  6.680388003588e-02
  1.511149999499e+01,  1.166954636574e+00,  2.503481211494e+01,  6.556678563356e-02
  1.512200000882e+01,  1.156651139259e+00,  2.504511561226e+01,  6.311918050051e-02
  1.513250000775e+01,  1.146221756935e+00,  2.505554499458e+01,  6.164764240384e-02
  1.514249999821e+01,  1.136116623878e+00,  2.506565012764e+01,  6.109057739377e-02
  1.515250000358e+01,  1.125946640968e+00,  2.507582011055e+01,  5.926885083318e-02
  1.516250000894e+01,  1.115826249123e+00,  2.508594050239e+01,  5.723001435399e-02
  1.517249999940e+01,  1.105797410011e+00,  2.509596934150e+01,  5.488516762853e-02
  1.518299999833e+01,  1.095356583595e+00,  2.510641016792e+01,  5.244376137853e-02
  1.519349999726e+01,  1.084969162941e+00,  2.511679758857e+01,  5.045630410314e-02
  1.520399999619e+01,  1.074513077736e+00,  2.512725367378e+01,  4.838444665074e-02
  1.521400000155e+01,  1.064411759377e+00,  2.513735499214e+01,  4.595674946904e-02
  1.522400000691e+01,  1.054176926613e+00,  2.514758982490e+01,  4.446067288518e-02
  1.523399999738e+01,  1.043816208839e+00,  2.515795054268e+01,  4.260974004865e-02
  1.524400000274e+01,  1.033394455910e+00,  2.516837229561e+01,  4.150997474790e-02
  1.525400000811e+01,  1.023026108742e+00,  2.517874064277e+01,  4.124109819531e-02
  1.526399999857e+01,  1.012867569923e+00,  2.518889918159e+01,  4.100533202291e-02
  1.527449999750e+01,  1.002476334572e+00,  2.519929041694e+01,  3.939654305577e-02
  1.528499999642e+01,  9.922319054604e-01,  2.520953484605e+01,  3.581263497472e-02
  1.529549999535e+01,  9.819093346596e-01,  2.521985741686e+01,  3.158070519567e-02
  1.530550000072e+01,  9.718576073647e-01,  2.522990914415e+01,  3.029402159154e-02
  1.531550000608e+01,  9.616876244545e-01,  2.524007912706e+01,  2.891524694860e-02
  1.532549999654e+01,  9.515367150307e-01,  2.525023003648e+01,  2.781852148473e-02
  1.533550000191e+01,  9.415002465248e-01,  2.526026650499e+01,  2.738757990301e-02
  1.534600000083e+01,  9.310727119446e-01,  2.527069403957e+01,  2.618432976305e-02
  1.535649999976e+01,  9.206891059875e-01,  2.528107764553e+01,  2.319789864123e-02
  1.536699999869e+01,  9.102101325989e-01,  2.529155661892e+01,  2.230847813189e-02
  1.537700000405e+01,  9.001889228821e-01,  2.530157782863e+01,  2.212823368609e-02
  1.538750000298e+01,  8.897061347961e-01,  2.531206061672e+01,  2.081079222262e-02
  1.539800000191e+01,  8.793072700500e-01,  2.532245948146e+01,  1.874370314181e-02
  1.540850000083e+01,  8.689045906067e-01,  2.533286216091e+01,  1.715154387057e-02
  1.541899999976e+01,  8.584103584290e-01,  2.534335639309e+01,  1.566846854985e-02
  1.542949999869e+01,  8.479199409485e-01,  2.535384681057e+01,  1.349063497037e-02
  1.543999999762e+01,  8.375134468079e-01,  2.536425330471e+01,  1.147432904691e-02
  1.545049999654e+01,  8.272233009338e-01,  2.537454345058e+01,  8.904653601348e-03
  1.546099999547e+01,  8.168835639954e-01,  2.538488318752e+01,  4.234986845404e-03
  1.547100000083e+01,  8.066525459290e-01,  2.539511420559e+01,  2.659799996763e-03
  1.548100000620e+01,  7.961544990540e-01,  2.540561225246e+01,  3.303679171950e-03
  1.549099999666e+01,  7.857441902161e-01,  2.541602256130e+01,  3.739314619452e-03
  1.550100000203e+01,  7.756428718567e-01,  2.542612387966e+01,  2.842026297003e-03
  1.551150000095e+01,  7.654232978821e-01,  2.543634345363e+01,  1.925243646838e-03
  1.552250000834e+01,  7.550110816956e-01,  2.544675566982e+01, -4.377590026706e-03
  1.553300000727e+01,  7.445359230042e-01,  2.545723082851e+01, -4.236543085426e-03
  1.554299999774e+01,  7.341217994690e-01,  2.546764495205e+01, -3.218078520149e-03
  1.555300000310e+01,  7.236428260803e-01,  2.547812392543e+01, -4.353308584541e-03
  1.556300000846e+01,  7.133164405823e-01,  2.548845031093e+01, -5.150453653187e-03
  1.557350000739e+01,  7.028851509094e-01,  2.549888160061e+01, -6.675751414150e-03
  1.558449999988e+01,  6.924595832825e-01,  2.550930716823e+01, -1.680758781731e-02
  1.559499999881e+01,  6.819825768471e-01,  2.551978417467e+01, -1.845135167241e-02
  1.560500000417e+01,  6.715341210365e-01,  2.553023263048e+01, -1.540913153440e-02
  1.561499999464e+01,  6.611505150795e-01,  2.554061623644e+01, -1.468520332128e-02
  1.562500000000e+01,  6.510797142982e-01,  2.555068703722e+01, -1.481497939676e-02
  1.563549999893e+01,  6.409307122231e-01,  2.556083603929e+01, -1.522145327181e-02
  1.564650000632e+01,  6.308141350746e-01,  2.557095261644e+01, -2.547845803201e-02
  1.565700000525e+01,  6.205564141273e-01,  2.558121033739e+01, -2.792403660715e-02
  1.566699999571e+01,  6.102376580238e-01,  2.559152909349e+01, -2.499911747873e-02
  1.567700000107e+01,  5.999189019203e-01,  2.560184784959e+01, -2.386698685586e-02
  1.568700000644e+01,  5.899129509926e-01,  2.561185380052e+01, -2.465864457190e-02
  1.569750000536e+01,  5.798764824867e-01,  2.562189026903e+01, -2.369477786124e-02
  1.570900000632e+01,  5.694451928139e-01,  2.563232155870e+01, -3.665426000953e-02
  1.571950000525e+01,  5.590386986732e-01,  2.564272805284e+01, -3.775110468268e-02
  1.572900000215e+01,  5.490060448647e-01,  2.565276070665e+01, -3.507127985358e-02
  1.573849999905e+01,  5.389390587807e-01,  2.566282769273e+01, -3.251734003425e-02
  1.574850000441e+01,  5.286813378334e-01,  2.567308541368e+01, -3.251592069864e-02
  1.575900000334e+01,  5.185342431068e-01,  2.568323250841e+01, -3.044656477869e-02
  1.577050000429e+01,  5.084329247475e-01,  2.569333382677e+01, -4.311612993479e-02
  1.578149999678e+01,  4.980493187904e-01,  2.570371743272e+01, -5.013645440340e-02
  1.579150000215e+01,  4.875245690346e-01,  2.571424218248e+01, -4.607094079256e-02
  1.580099999905e+01,  4.773049950600e-01,  2.572446175646e+01, -4.379165917635e-02
  1.581049999595e+01,  4.672914147377e-01,  2.573447533678e+01, -4.340637475252e-02
  1.582050000131e+01,  4.571710228920e-01,  2.574459572862e+01, -4.220400750637e-02
  1.583150000870e+01,  4.469400048256e-01,  2.575482674669e+01, -4.748021066189e-02
  1.584250000119e+01,  4.368009865284e-01,  2.576496576499e+01, -6.157664209604e-02
  1.585250000656e+01,  4.264707863331e-01,  2.577529596518e+01, -5.919504910707e-02
  1.586200000346e+01,  4.161901772022e-01,  2.578557657431e+01, -5.577612668276e-02
  1.587150000036e+01,  4.059171974659e-01,  2.579584955405e+01, -5.329752713442e-02
  1.588150000572e+01,  3.954763710499e-01,  2.580629038047e+01, -5.144215375185e-02
  1.589200000465e+01,  3.852415382862e-01,  2.581652521323e+01, -5.047417432070e-02
  1.590299999714e+01,  3.751898109913e-01,  2.582657694052e+01, -6.308937817812e-02
  1.591349999607e+01,  3.648500740528e-01,  2.583691667746e+01, -6.799519807100e-02
  1.592300000787e+01,  3.547830879688e-01,  2.584698366355e+01, -6.740988790989e-02
  1.593250000477e+01,  3.446016609669e-01,  2.585716509055e+01, -6.639561057091e-02
  1.594200000167e+01,  3.345766365528e-01,  2.586719011496e+01, -6.466820836067e-02
  1.595200000703e+01,  3.244905769825e-01,  2.587727617453e+01, -6.222680211067e-02
  1.596299999952e+01,  3.143492043018e-01,  2.588741754721e+01, -6.630024313927e-02
  1.597450000048e+01,  3.040685951710e-01,  2.589769815634e+01, -7.635197043419e-02
  1.598499999940e+01,  2.937288582325e-01,  2.590803789328e+01, -7.808188349009e-02
  1.599500000477e+01,  2.833376228809e-01,  2.591842912863e+01, -7.641331106424e-02
  1.600499999523e+01,  2.729807198048e-01,  2.592878603171e+01, -7.535830885172e-02
  1.601500000060e+01,  2.629099190235e-01,  2.593885683249e+01, -7.433762401342e-02
  1.602549999952e+01,  2.527857124805e-01,  2.594898103903e+01, -7.304336875677e-02
  1.603700000048e+01,  2.423487156630e-01,  2.595941803585e+01, -8.211996406317e-02
  1.604749999940e+01,  2.321806401014e-01,  2.596958611141e+01, -8.601092547178e-02
  1.605750000477e+01,  2.217131108046e-01,  2.598005364071e+01, -8.485149592161e-02
  1.606700000167e+01,  2.117071598768e-01,  2.599005959164e+01, -8.462607115507e-02
  1.607700000703e+01,  2.014418095350e-01,  2.600032494198e+01, -8.542221039534e-02
  1.608750000596e+01,  1.910295933485e-01,  2.601073715817e+01, -8.345603942871e-02
  1.609849999845e+01,  1.809564977884e-01,  2.602081025373e+01, -9.193549305201e-02
  1.610899999738e+01,  1.708208471537e-01,  2.603094590436e+01, -9.947443753481e-02
  1.611850000918e+01,  1.606508642435e-01,  2.604111588727e+01, -9.532881528139e-02
  1.612800000608e+01,  1.503778845072e-01,  2.605138886701e+01, -9.247160702944e-02
  1.613799999654e+01,  1.399332433939e-01,  2.606183350812e+01, -9.276152402163e-02
  1.614849999547e+01,  1.295038610697e-01,  2.607226289045e+01, -9.099566191435e-02
  1.615999999642e+01,  1.193014606833e-01,  2.608246529083e+01, -9.454571455717e-02
  1.617149999738e+01,  1.091925129294e-01,  2.609257423859e+01, -1.138933822513e-01
  1.618100000918e+01,  9.917130321264e-02,  2.610259544830e+01, -1.082771942019e-01
  1.618999999762e+01,  8.912720531225e-02,  2.611263954620e+01, -1.043174192309e-01
  1.619950000942e+01,  7.867112010717e-02,  2.612309563141e+01, -1.027645692229e-01
  1.620949999988e+01,  6.816544383764e-02,  2.613360130768e+01, -1.021450832486e-01
  1.621999999881e+01,  5.800690129399e-02,  2.614375985022e+01, -9.554708749056e-02
  1.623200000823e+01,  4.784073308110e-02,  2.615392601843e+01, -1.164134815335e-01
  1.624250000715e+01,  3.763832524419e-02,  2.616412842627e+01, -1.140162423253e-01
  1.625249999762e+01,  2.728523872793e-02,  2.617448151279e+01, -1.065670922399e-01
  1.626299999654e+01,  1.719727180898e-02,  2.618456947971e+01, -1.033236458898e-01
  1.627600000799e+01,  6.981512065977e-03,  2.619478523945e+01, -9.962696582079e-02
  1.628200000525e+01,  3.527303691953e-03,  2.619823944782e+01, -9.256214648485e-02
  1.628300000727e+01,  3.059049602598e-03,  2.619870770191e+01, -9.182400256395e-02
  1.629100000858e+01,  4.884203663096e-04,  2.620127833115e+01, -9.908837825060e-02
  1.629399999976e+01, -7.138644286897e-05,  2.620183813796e+01, -1.032502129674e-01
  1.652300000191e+01, -2.242962596938e-03,  2.620400971411e+01, -1.100453659892e-01
  1.652400000393e+01, -2.238656161353e-03,  2.620400540768e+01, -1.101238057017e-01
