           Test time,     Standard travel,     Tool separation,      Standard force
                 0.0,                 0.0,  2.114384616870e+01, -1.638737856410e-03
                 0.0,                 0.0,  2.114384327787e+01, -1.635787426494e-03
                 0.0,                 0.0,  2.114383165496e+01, -1.801983802579e-03
                 0.0,                 0.0,  2.114384154934e+01, -1.894136308692e-03
                 0.0,                 0.0,  2.114383991021e+01, -1.925607561134e-03
                 0.0,                 0.0,  2.067370671418e+01, -1.633509054955e-05
  0.000000000000e+00,  0.000000000000e+00,  2.067369438668e+01,  1.397098676534e-04
  8.000000000038e-03,  1.351555874862e-05,  2.067368087112e+01, -6.499760784209e-04
  1.099999999997e-02,  1.644177427806e-05,  2.067367794490e+01, -8.575492538512e-04
  1.300000000015e-02,  1.915378561534e-05,  2.067367523289e+01, -8.715712465346e-04
  1.400000000012e-02,  1.591208456375e-05,  2.067367847459e+01, -9.333216585219e-04
  1.140000000000e-01, -5.107771721669e-05,  2.067374546439e+01,  1.425880473107e-03
  2.139999999999e-01, -4.135167546337e-05,  2.067373573835e+01, -1.069610225386e-04
  3.140000000001e-01, -6.191244028741e-05,  2.067375629912e+01, -1.760511542670e-03
  4.140000000000e-01,  9.290427442465e-06,  2.067368509625e+01, -4.413881106302e-04
  4.920000000000e-01,  1.014771312475e-02,  2.066354667355e+01,  5.859193392098e-03
  5.125000000000e-01,  2.042267099023e-02,  2.065327171569e+01,  2.451488003135e-02
  5.230000000001e-01,  3.087303414941e-02,  2.064282135253e+01,  4.190995916724e-02
  5.305000000001e-01,  4.148170724511e-02,  2.063221267943e+01,  3.430345281959e-02
  5.370000000000e-01,  5.191108956933e-02,  2.062178329711e+01,  3.386476263404e-02
  5.430000000001e-01,  6.224128976464e-02,  2.061145309691e+01,  3.699281439185e-02
  5.490000000000e-01,  7.309410721064e-02,  2.060060027947e+01,  4.756334051490e-02
  5.545000000000e-01,  8.369515091181e-02,  2.058999923576e+01,  5.561950430274e-02
  5.595000000001e-01,  9.386513382196e-02,  2.057982925285e+01,  5.191257223487e-02
  5.645000000000e-01,  1.041342988610e-01,  2.056956008782e+01,  5.048521980643e-02
  5.699999999999e-01,  1.150672212243e-01,  2.055862716545e+01,  3.658827766776e-02
  5.760000000000e-01,  1.257559955120e-01,  2.054793839116e+01,  4.430779442191e-02
  5.825000000000e-01,  1.361243426800e-01,  2.053757004400e+01,  5.777749046683e-02
  5.895000000000e-01,  1.463515460491e-01,  2.052734284063e+01,  6.723985075951e-02
  5.970000000000e-01,  1.563727557659e-01,  2.051732163091e+01,  6.957790255547e-02
  6.060000000000e-01,  1.665007770061e-01,  2.050719360967e+01,  6.945702433586e-02
  6.179999999999e-01,  1.765048205853e-01,  2.049718956609e+01,  9.451958537102e-02
  6.310000000001e-01,  1.867606341839e-01,  2.048693375249e+01,  1.158685386181e-01
  6.420000000001e-01,  1.970183551311e-01,  2.047667603155e+01,  1.209735572338e-01
  6.520000000000e-01,  2.074134051800e-01,  2.046628098150e+01,  1.254920661449e-01
  6.615000000002e-01,  2.176634967327e-01,  2.045603088994e+01,  1.285853087902e-01
  6.710000000000e-01,  2.277610003948e-01,  2.044593338628e+01,  1.331991851330e-01
  6.810000000000e-01,  2.377974689007e-01,  2.043589691778e+01,  1.426195800304e-01
  6.915000000001e-01,  2.478701770306e-01,  2.042582420965e+01,  1.551356017590e-01
  7.020000000000e-01,  2.579123675823e-01,  2.041578201909e+01,  1.670145690441e-01
  7.125000000001e-01,  2.682635486126e-01,  2.040543083806e+01,  1.767668426037e-01
  7.225000000001e-01,  2.783763110638e-01,  2.039531807561e+01,  1.848025023937e-01
  7.325000000001e-01,  2.885844409466e-01,  2.038510994573e+01,  1.924624145031e-01
  7.425000000001e-01,  2.986895740032e-01,  2.037500481267e+01,  2.026285827160e-01
  7.530000000002e-01,  3.091113269329e-01,  2.036458305974e+01,  2.129244506359e-01
  7.635000000000e-01,  3.194245696068e-01,  2.035426981707e+01,  2.253244072199e-01
  7.740000000001e-01,  3.298234343529e-01,  2.034387095232e+01,  2.367456108332e-01
  7.840000000001e-01,  3.398980498314e-01,  2.033379633685e+01,  2.484986931086e-01
  7.940000000001e-01,  3.501290678978e-01,  2.032356531878e+01,  2.580583393574e-01
  8.040000000001e-01,  3.604134917259e-01,  2.031328089495e+01,  2.694642841816e-01
  8.140000000001e-01,  3.707398772240e-01,  2.030295450945e+01,  2.812021076679e-01
  8.240000000001e-01,  3.810243010521e-01,  2.029267008562e+01,  2.936075031757e-01
  8.340000000001e-01,  3.911332488060e-01,  2.028256113787e+01,  3.047998249531e-01
  8.445000000002e-01,  4.014157652855e-01,  2.027227862139e+01,  3.193071186543e-01
  8.550000000000e-01,  4.116029143333e-01,  2.026209147234e+01,  3.339708149433e-01
  8.655000000001e-01,  4.218911528587e-01,  2.025180323382e+01,  3.470857441425e-01
  8.760000000000e-01,  4.323243498802e-01,  2.024137003680e+01,  3.599107563496e-01
  8.860000000000e-01,  4.423760771751e-01,  2.023131830950e+01,  3.728730976582e-01
  8.960000000000e-01,  4.525765776634e-01,  2.022111780901e+01,  3.851793110371e-01
  9.059999999999e-01,  4.627122282982e-01,  2.021098215838e+01,  3.966787159443e-01
  9.165000000000e-01,  4.731416106224e-01,  2.020055277605e+01,  4.111326038837e-01
  9.270000000001e-01,  4.833688139915e-01,  2.019032557269e+01,  4.261586964130e-01
  9.375000000000e-01,  4.936093688011e-01,  2.018008501788e+01,  4.403226673603e-01
  9.480000000001e-01,  5.039128661156e-01,  2.016978152056e+01,  4.561803638935e-01
  9.585000000000e-01,  5.144032835960e-01,  2.015929110308e+01,  4.713323414326e-01
  9.684999999999e-01,  5.245084166527e-01,  2.014918597002e+01,  4.842641651630e-01
  9.784999999999e-01,  5.346898436546e-01,  2.013900454302e+01,  4.967801868916e-01
  9.885000000002e-01,  5.447949767113e-01,  2.012889940997e+01,  5.108373165131e-01
  9.985000000001e-01,  5.548238158226e-01,  2.011887057085e+01,  5.243337154388e-01
  1.009000000000e+00,  5.653223991394e-01,  2.010837198754e+01,  5.381562709808e-01
  1.019500000000e+00,  5.758128166199e-01,  2.009788157006e+01,  5.537698268890e-01
  1.030000000000e+00,  5.862612724304e-01,  2.008743311425e+01,  5.701920986176e-01
  1.040000000000e+00,  5.963854789734e-01,  2.007730890770e+01,  5.851190090179e-01
  1.050000000000e+00,  6.066355705261e-01,  2.006705881615e+01,  5.975511074066e-01
  1.060000000000e+00,  6.167368888855e-01,  2.005695749779e+01,  6.135385036469e-01
  1.070000000000e+00,  6.267390251160e-01,  2.004695536156e+01,  6.273095607758e-01
  1.080500000000e+00,  6.372218132019e-01,  2.003647257347e+01,  6.420533657074e-01
  1.091000000000e+00,  6.475977897644e-01,  2.002609659691e+01,  6.594979763031e-01
  1.101500000000e+00,  6.580462455750e-01,  2.001564814110e+01,  6.781671047211e-01
  1.111500000000e+00,  6.682467460632e-01,  2.000544764061e+01,  6.920106410980e-01
  1.121500000000e+00,  6.784663200378e-01,  1.999522806664e+01,  7.092645168304e-01
  1.131500000000e+00,  6.887392997742e-01,  1.998495508690e+01,  7.259423732758e-01
  1.141500000000e+00,  6.989741325378e-01,  1.997472025414e+01,  7.406175136566e-01
  1.151500000000e+00,  7.089915275574e-01,  1.996470285912e+01,  7.585351467133e-01
  1.162000000000e+00,  7.194819450378e-01,  1.995421244164e+01,  7.770211696625e-01
  1.172000000000e+00,  7.295527458191e-01,  1.994414164086e+01,  7.936570644379e-01
  1.182500000000e+00,  7.400431632996e-01,  1.993365122338e+01,  8.131387233734e-01
  1.192500000000e+00,  7.501330375671e-01,  1.992356134911e+01,  8.308846950531e-01
  1.202500000000e+00,  7.602381706238e-01,  1.991345621605e+01,  8.470208644867e-01
  1.212500000000e+00,  7.702403068542e-01,  1.990345407982e+01,  8.666093349457e-01
  1.222500000000e+00,  7.802653312683e-01,  1.989342905541e+01,  8.834969997406e-01
  1.232500000000e+00,  7.902674674988e-01,  1.988342691918e+01,  9.005219936371e-01
  1.243000000000e+00,  8.006701469421e-01,  1.987302423973e+01,  9.197785854340e-01
  1.253500000000e+00,  8.111186027527e-01,  1.986257578392e+01,  9.376924037933e-01
  1.264000000000e+00,  8.215707540512e-01,  1.985212363263e+01,  9.563990831375e-01
  1.274000000000e+00,  8.316148519516e-01,  1.984207953473e+01,  9.748317003250e-01
  1.284000000000e+00,  8.418229818344e-01,  1.983187140484e+01,  9.913264513016e-01
  1.294000000000e+00,  8.520463705063e-01,  1.982164801617e+01,  1.009980320930e+00
  1.304000000000e+00,  8.621553182602e-01,  1.981153906842e+01,  1.027978062630e+00
  1.314500000000e+00,  8.726266622543e-01,  1.980106772442e+01,  1.046891331673e+00
  1.325000000000e+00,  8.829416036606e-01,  1.979075278302e+01,  1.067662358284e+00
  1.335500000000e+00,  8.932203054428e-01,  1.978047408123e+01,  1.086484074593e+00
  1.346000000000e+00,  9.034742116928e-01,  1.977022017498e+01,  1.104561924934e+00
  1.356500000000e+00,  9.137719869614e-01,  1.975992239972e+01,  1.123608708382e+00
  1.367000000000e+00,  9.241555929184e-01,  1.974953879376e+01,  1.142373204231e+00
  1.377000000000e+00,  9.341653585434e-01,  1.973952902813e+01,  1.159993290901e+00
  1.387000000000e+00,  9.442399740219e-01,  1.972945441265e+01,  1.178162693977e+00
  1.397000000000e+00,  9.543069601059e-01,  1.971938742657e+01,  1.196885228157e+00
  1.407500000000e+00,  9.646810293198e-01,  1.970901335736e+01,  1.214703679085e+00
  1.418500000000e+00,  9.749006032944e-01,  1.969879378338e+01,  1.230584263802e+00
  1.431500000000e+00,  9.851201772690e-01,  1.968857420941e+01,  1.245999455452e+00
  1.450000000000e+00,  9.952548742294e-01,  1.967843951245e+01,  1.263522267342e+00
  1.456000000000e+00,  9.974244832993e-01,  1.967626990338e+01,  1.268605351448e+00
  1.556000000000e+00,  1.003911375999e+00,  1.966978301068e+01,  1.276903390884e+00
  1.656000000000e+00,  1.003149151802e+00,  1.967054523487e+01,  1.264598846436e+00
  1.756000000000e+00,  1.002312421799e+00,  1.967138196488e+01,  1.256916642189e+00
  1.856000000000e+00,  1.001626968384e+00,  1.967206741829e+01,  1.249964833260e+00
  1.956000000000e+00,  1.001100182533e+00,  1.967259420414e+01,  1.243921041489e+00
  2.056000000000e+00,  1.000709056854e+00,  1.967298532982e+01,  1.237023949623e+00
  2.156000000000e+00,  1.000470280647e+00,  1.967322410603e+01,  1.235012531281e+00
  2.256000000000e+00,  1.000251173973e+00,  1.967344321270e+01,  1.230449199677e+00
  2.356000000000e+00,  1.000162482262e+00,  1.967353190442e+01,  1.225121974945e+00
  2.456000000000e+00,  1.000076889992e+00,  1.967361749669e+01,  1.223335742950e+00
  2.556000000000e+00,  1.000047206879e+00,  1.967364717980e+01,  1.218726634979e+00
  2.656000000000e+00,  1.000040888786e+00,  1.967365349789e+01,  1.217120051384e+00
  2.756000000000e+00,  1.000018596649e+00,  1.967367579003e+01,  1.215006589890e+00
  2.856000000000e+00,  9.999949932098e-01,  1.967369939347e+01,  1.214348554611e+00
  2.956000000000e+00,  9.999778866768e-01,  1.967371650000e+01,  1.211703777313e+00
  3.056000000000e+00,  1.000014901161e+00,  1.967367948552e+01,  1.207629919052e+00
  3.156000000000e+00,  9.999948740005e-01,  1.967369951268e+01,  1.207171320915e+00
  3.256000000000e+00,  9.999785423279e-01,  1.967371584435e+01,  1.205081224442e+00
  3.356000000000e+00,  1.000013232231e+00,  1.967368115445e+01,  1.203232049942e+00
  3.456000000000e+00,  1.000037789345e+00,  1.967365659733e+01,  1.204042077065e+00
  3.556000000000e+00,  1.000022053719e+00,  1.967367233296e+01,  1.201772689819e+00
  3.656000000000e+00,  1.000027775764e+00,  1.967366661091e+01,  1.197388410568e+00
  3.756000000000e+00,  1.000013470650e+00,  1.967368091603e+01,  1.198359370232e+00
  3.856000000000e+00,  1.000008583069e+00,  1.967368580361e+01,  1.193997859955e+00
  3.956000000000e+00,  1.000014781952e+00,  1.967367960472e+01,  1.193369150162e+00
  4.056000000000e+00,  1.000028610229e+00,  1.967366577645e+01,  1.192908167839e+00
  4.156000000000e+00,  9.999803304672e-01,  1.967371405621e+01,  1.190268874168e+00
  4.256000000000e+00,  1.000023961067e+00,  1.967367042561e+01,  1.190501689911e+00
  4.356000000000e+00,  1.000027894974e+00,  1.967366649170e+01,  1.188899993896e+00
  4.456000000000e+00,  9.999929666519e-01,  1.967370142002e+01,  1.187369108200e+00
  4.556000000000e+00,  1.000017881393e+00,  1.967367650528e+01,  1.185044527054e+00
  4.656000000000e+00,  1.000028967857e+00,  1.967366541882e+01,  1.184363961220e+00
  4.756000000000e+00,  1.000028133392e+00,  1.967366625328e+01,  1.184527754784e+00
  4.856000000000e+00,  1.000022053719e+00,  1.967367233296e+01,  1.181206464767e+00
  4.956000000000e+00,  1.000007987022e+00,  1.967368639965e+01,  1.182465672493e+00
  5.056000000000e+00,  1.000037550926e+00,  1.967365683575e+01,  1.179072737694e+00
  5.156000000000e+00,  1.000006079674e+00,  1.967368830700e+01,  1.180876255035e+00
  5.256000000000e+00,  1.000032544136e+00,  1.967366184254e+01,  1.178664565086e+00
  5.356000000000e+00,  1.000007033348e+00,  1.967368735333e+01,  1.176644682884e+00
  5.456000000000e+00,  1.000002026558e+00,  1.967369236012e+01,  1.176768064499e+00
  5.556000000000e+00,  1.000015020370e+00,  1.967367936631e+01,  1.174206495285e+00
  5.656000000000e+00,  1.000000715256e+00,  1.967369367142e+01,  1.175071358681e+00
  5.756000000000e+00,  1.000001072884e+00,  1.967369331379e+01,  1.175064921379e+00
  5.856000000000e+00,  1.000027418137e+00,  1.967366696854e+01,  1.171232938766e+00
  5.956000000000e+00,  1.000008344650e+00,  1.967368604203e+01,  1.173577427864e+00
  6.056000000000e+00,  1.000014662743e+00,  1.967367972393e+01,  1.169243812561e+00
  6.156000000000e+00,  9.999824762344e-01,  1.967371191044e+01,  1.168633460999e+00
  6.256000000000e+00,  1.000015616417e+00,  1.967367877026e+01,  1.168355584145e+00
  6.356000000000e+00,  1.000030994415e+00,  1.967366339226e+01,  1.169453978539e+00
  6.456000000000e+00,  1.000003695488e+00,  1.967369069119e+01,  1.169255137444e+00
  6.556000000000e+00,  1.000016570091e+00,  1.967367781659e+01,  1.166269659996e+00
  6.656000000000e+00,  1.000014901161e+00,  1.967367948552e+01,  1.165250062943e+00
  6.756000000000e+00,  1.000013828278e+00,  1.967368055840e+01,  1.163865327835e+00
  6.856000000000e+00,  1.000014901161e+00,  1.967367948552e+01,  1.166783213615e+00
  6.956000000000e+00,  9.999852776527e-01,  1.967370910902e+01,  1.162490844727e+00
  7.056000000000e+00,  1.000031948090e+00,  1.967366243859e+01,  1.164745569229e+00
  7.156000000000e+00,  9.999858140945e-01,  1.967370857258e+01,  1.161643981934e+00
  7.256000000000e+00,  9.999886155128e-01,  1.967370577116e+01,  1.162317037582e+00
  7.356000000000e+00,  1.000023961067e+00,  1.967367042561e+01,  1.161881089211e+00
  7.456000000000e+00,  1.000004768372e+00,  1.967368961831e+01,  1.162248492241e+00
  7.556000000000e+00,  1.000002741814e+00,  1.967369164486e+01,  1.161347985268e+00
  7.656000000000e+00,  1.000001907349e+00,  1.967369247933e+01,  1.156501293182e+00
  7.756000000000e+00,  1.000034093857e+00,  1.967366029282e+01,  1.157424330711e+00
  7.856000000000e+00,  9.999992251396e-01,  1.967369516154e+01,  1.157730817795e+00
  7.956000000000e+00,  9.999901652336e-01,  1.967370422144e+01,  1.155472993851e+00
  8.056000000000e+00,  1.000002741814e+00,  1.967369164486e+01,  1.156935453415e+00
  8.156000000000e+00,  1.000010967255e+00,  1.967368341942e+01,  1.154118061066e+00
  8.256000000000e+00,  1.000008106232e+00,  1.967368628045e+01,  1.155554413795e+00
  8.356000000000e+00,  9.999939799309e-01,  1.967370040675e+01,  1.153856754303e+00
  8.456000000000e+00,  1.000010490417e+00,  1.967368389626e+01,  1.153111577034e+00
  8.556000000000e+00,  1.000004768372e+00,  1.967368961831e+01,  1.153921246529e+00
  8.656000000000e+00,  1.000013232231e+00,  1.967368115445e+01,  1.154539108276e+00
  8.756000000000e+00,  1.000020384789e+00,  1.967367400189e+01,  1.150649070740e+00
  8.856000000000e+00,  1.000015139580e+00,  1.967367924710e+01,  1.152291893959e+00
  8.956000000000e+00,  1.000015735626e+00,  1.967367865105e+01,  1.150031924248e+00
  9.056000000000e+00,  1.000028014183e+00,  1.967366637249e+01,  1.150259971619e+00
  9.156000000000e+00,  9.999751448631e-01,  1.967371924181e+01,  1.150319099426e+00
  9.256000000000e+00,  1.000033855438e+00,  1.967366053124e+01,  1.150203704834e+00
  9.356000000000e+00,  1.000035047531e+00,  1.967365933915e+01,  1.149128556252e+00
  9.456000000000e+00,  1.000010848045e+00,  1.967368353863e+01,  1.146776199341e+00
  9.556000000000e+00,  1.000023245811e+00,  1.967367114087e+01,  1.146451234818e+00
  9.656000000000e+00,  9.999933242798e-01,  1.967370106240e+01,  1.147053003311e+00
  9.756000000000e+00,  1.000009417534e+00,  1.967368496914e+01,  1.142560482025e+00
  9.856000000000e+00,  1.000046133995e+00,  1.967364825268e+01,  1.146194696426e+00
  9.956000000000e+00,  9.999999403954e-01,  1.967369444628e+01,  1.144523739815e+00
  1.005600000000e+01,  1.000015377998e+00,  1.967367900868e+01,  1.144385695457e+00
  1.015600000000e+01,  1.000037312508e+00,  1.967365707417e+01,  1.143542051315e+00
  1.025600000000e+01,  1.000006675720e+00,  1.967368771096e+01,  1.141884446144e+00
  1.035600000000e+01,  1.000005602837e+00,  1.967368878384e+01,  1.143098711967e+00
  1.045600000000e+01,  1.000001072884e+00,  1.967369331379e+01,  1.141684174538e+00
  1.055600000000e+01,  1.000012516975e+00,  1.967368186970e+01,  1.141030550003e+00
  1.065600000000e+01,  1.000002622604e+00,  1.967369176407e+01,  1.139758825302e+00
  1.075600000000e+01,  9.999846816063e-01,  1.967370970507e+01,  1.140572190285e+00
  1.085600000000e+01,  1.000027418137e+00,  1.967366696854e+01,  1.138986706734e+00
  1.095600000000e+01,  1.000018119812e+00,  1.967367626686e+01,  1.138663411140e+00
  1.105600000000e+01,  9.999850988388e-01,  1.967370928784e+01,  1.140622973442e+00
  1.115600000000e+01,  1.000025153160e+00,  1.967366923352e+01,  1.136652946472e+00
  1.125600000000e+01,  1.000015020370e+00,  1.967367936631e+01,  1.136863827705e+00
  1.135600000000e+01,  9.999898672104e-01,  1.967370451947e+01,  1.138041377068e+00
  1.145600000000e+01,  9.999991059303e-01,  1.967369528075e+01,  1.135929107666e+00
  1.155600000000e+01,  9.999825358391e-01,  1.967371185084e+01,  1.134685158730e+00
  1.165600000000e+01,  9.999703168869e-01,  1.967372406979e+01,  1.136451363564e+00
  1.175600000000e+01,  1.000002622604e+00,  1.967369176407e+01,  1.135871052742e+00
  1.185600000000e+01,  1.000002264977e+00,  1.967369212170e+01,  1.133520245552e+00
  1.195600000000e+01,  9.999877810478e-01,  1.967370660563e+01,  1.134543776512e+00
  1.205600000000e+01,  9.999669790268e-01,  1.967372740765e+01,  1.134564518929e+00
  1.215600000000e+01,  9.999927878380e-01,  1.967370159884e+01,  1.130087971687e+00
  1.225600000000e+01,  1.000001311302e+00,  1.967369307537e+01,  1.131969332695e+00
  1.235600000000e+01,  1.000032901764e+00,  1.967366148491e+01,  1.133754014969e+00
  1.245600000000e+01,  9.999725222588e-01,  1.967372186442e+01,  1.132240653038e+00
  1.255600000000e+01,  9.999938011169e-01,  1.967370058556e+01,  1.129653811455e+00
  1.265600000000e+01,  9.999995827675e-01,  1.967369480391e+01,  1.131210803986e+00
  1.275600000000e+01,  1.000011920929e+00,  1.967368246575e+01,  1.128990530968e+00
  1.285600000000e+01,  1.000017642975e+00,  1.967367674370e+01,  1.129931926727e+00
  1.295600000000e+01,  1.000006437302e+00,  1.967368794938e+01,  1.128310561180e+00
  1.305600000000e+01,  1.000003218651e+00,  1.967369116803e+01,  1.129498481750e+00
  1.315600000000e+01,  1.000020980835e+00,  1.967367340584e+01,  1.127385735512e+00
  1.325600000000e+01,  1.000004053116e+00,  1.967369033356e+01,  1.128408908844e+00
  1.335600000000e+01,  9.999551177025e-01,  1.967373926897e+01,  1.128671646118e+00
  1.345600000000e+01,  9.999629855156e-01,  1.967373140116e+01,  1.128904461861e+00
  1.355600000000e+01,  9.999845623970e-01,  1.967370982428e+01,  1.128647685051e+00
  1.365600000000e+01,  1.000004887581e+00,  1.967368949910e+01,  1.128017663956e+00
  1.375600000000e+01,  1.000014185905e+00,  1.967368020077e+01,  1.128878235817e+00
  1.385600000000e+01,  1.000005960464e+00,  1.967368842621e+01,  1.125886201859e+00
  1.395600000000e+01,  1.000003933907e+00,  1.967369045277e+01,  1.125457286835e+00
  1.405600000000e+01,  1.000002503395e+00,  1.967369188328e+01,  1.124848961830e+00
  1.415600000000e+01,  9.999892711639e-01,  1.967370511551e+01,  1.123609542847e+00
  1.425600000000e+01,  1.000025153160e+00,  1.967366923352e+01,  1.126079916954e+00
  1.435600000000e+01,  1.000040769577e+00,  1.967365361710e+01,  1.124944090843e+00
  1.445600000000e+01,  1.000015497208e+00,  1.967367888947e+01,  1.124951362610e+00
  1.455600000000e+01,  9.999871253967e-01,  1.967370726128e+01,  1.123545289040e+00
  1.465600000000e+01,  1.000017881393e+00,  1.967367650528e+01,  1.122640609741e+00
  1.475600000000e+01,  1.000021100044e+00,  1.967367328663e+01,  1.123417377472e+00
  1.485600000000e+01,  1.000004529953e+00,  1.967368985672e+01,  1.122894048691e+00
  1.495600000000e+01,  1.000030040741e+00,  1.967366434594e+01,  1.120561957359e+00
  1.505600000000e+01,  1.000000476837e+00,  1.967369390984e+01,  1.120190382004e+00
  1.515600000000e+01,  9.999907016754e-01,  1.967370368500e+01,  1.120229721069e+00
  1.525600000000e+01,  9.999980926514e-01,  1.967369629403e+01,  1.119391679764e+00
  1.535600000000e+01,  1.000018000603e+00,  1.967367638607e+01,  1.119531393051e+00
  1.545600000000e+01,  9.999997615814e-01,  1.967369462510e+01,  1.118784546852e+00
  1.555600000000e+01,  1.000015854836e+00,  1.967367853184e+01,  1.118715882301e+00
  1.565600000000e+01,  1.000017523766e+00,  1.967367686291e+01,  1.118278145790e+00
  1.575600000000e+01,  1.000003933907e+00,  1.967369045277e+01,  1.120049357414e+00
  1.585600000000e+01,  9.999976754189e-01,  1.967369671126e+01,  1.120094895363e+00
  1.595600000000e+01,  9.999905228615e-01,  1.967370386382e+01,  1.117271542549e+00
  1.605600000000e+01,  9.999902248383e-01,  1.967370416184e+01,  1.116411924362e+00
  1.615600000000e+01,  1.000018835068e+00,  1.967367555161e+01,  1.118093490601e+00
  1.625600000000e+01,  9.999882578850e-01,  1.967370612879e+01,  1.118294000626e+00
  1.635600000000e+01,  9.999966025352e-01,  1.967369778414e+01,  1.118008375168e+00
  1.645600000000e+01,  9.999876618385e-01,  1.967370672484e+01,  1.118885874748e+00
  1.655600000000e+01,  1.000006079674e+00,  1.967368830700e+01,  1.115058898926e+00
  1.665600000000e+01,  1.000010490417e+00,  1.967368389626e+01,  1.117550253868e+00
  1.675600000000e+01,  1.000048279762e+00,  1.967364610691e+01,  1.112579107285e+00
  1.685600000000e+01,  1.000000715256e+00,  1.967369367142e+01,  1.112766861916e+00
  1.695600000000e+01,  9.999961853027e-01,  1.967369820137e+01,  1.112760782242e+00
  1.705600000000e+01,  1.000014901161e+00,  1.967367948552e+01,  1.114775180817e+00
  1.715600000000e+01,  9.999955892563e-01,  1.967369879742e+01,  1.113783240318e+00
  1.725600000000e+01,  9.999905228615e-01,  1.967370386382e+01,  1.112611651421e+00
  1.735600000000e+01,  1.000017046928e+00,  1.967367733975e+01,  1.112498641014e+00
  1.745600000000e+01,  1.000003099442e+00,  1.967369128724e+01,  1.112756013870e+00
  1.755600000000e+01,  1.000053882599e+00,  1.967364050408e+01,  1.108570098877e+00
  1.765600000000e+01,  9.999984502792e-01,  1.967369593640e+01,  1.109004259109e+00
  1.775600000000e+01,  1.000003695488e+00,  1.967369069119e+01,  1.108248949051e+00
  1.785600000000e+01,  1.000002264977e+00,  1.967369212170e+01,  1.109445571899e+00
  1.795600000000e+01,  9.999769926071e-01,  1.967371739407e+01,  1.110905289650e+00
  1.805600000000e+01,  1.000030994415e+00,  1.967366339226e+01,  1.108244180679e+00
  1.815600000000e+01,  1.000023007393e+00,  1.967367137928e+01,  1.110499858856e+00
  1.825600000000e+01,  1.000017166138e+00,  1.967367722054e+01,  1.109459877014e+00
  1.835600000000e+01,  1.000002980232e+00,  1.967369140644e+01,  1.108653426170e+00
  1.845600000000e+01,  1.000013828278e+00,  1.967368055840e+01,  1.107543468475e+00
  1.855600000000e+01,  1.000022888184e+00,  1.967367149849e+01,  1.105793952942e+00
  1.865600000000e+01,  9.999929666519e-01,  1.967370142002e+01,  1.105489492416e+00
  1.875600000000e+01,  9.999860525131e-01,  1.967370833416e+01,  1.108202815056e+00
  1.885600000000e+01,  1.000018596649e+00,  1.967367579003e+01,  1.106501340866e+00
  1.895600000000e+01,  9.999889731407e-01,  1.967370541354e+01,  1.107301115990e+00
  1.905600000000e+01,  1.000028610229e+00,  1.967366577645e+01,  1.107408761978e+00
  1.915600000000e+01,  9.999880790710e-01,  1.967370630761e+01,  1.108119726181e+00
  1.925600000000e+01,  9.999922513962e-01,  1.967370213528e+01,  1.105531692505e+00
  1.935600000000e+01,  9.999840259552e-01,  1.967371036072e+01,  1.105449676514e+00
  1.945600000000e+01,  9.999985694885e-01,  1.967369581719e+01,  1.104849934578e+00
  1.955600000000e+01,  1.000005006790e+00,  1.967368937989e+01,  1.103233695030e+00
  1.965600000000e+01,  1.000009179115e+00,  1.967368520756e+01,  1.102715969086e+00
  1.975600000000e+01,  9.999927282333e-01,  1.967370165844e+01,  1.104229211807e+00
  1.985600000000e+01,  9.999942183495e-01,  1.967370016833e+01,  1.104677677155e+00
  1.995600000000e+01,  9.999929666519e-01,  1.967370142002e+01,  1.103839993477e+00
  2.005600000000e+01,  9.999942183495e-01,  1.967370016833e+01,  1.103200793266e+00
  2.015600000000e+01,  9.999918937683e-01,  1.967370249291e+01,  1.104186892509e+00
  2.025600000000e+01,  1.000041961670e+00,  1.967365242501e+01,  1.101498484612e+00
  2.035600000000e+01,  1.000005006790e+00,  1.967368937989e+01,  1.101675510406e+00
  2.045600000000e+01,  9.999730587006e-01,  1.967372132798e+01,  1.102105140686e+00
  2.055600000000e+01,  1.000027418137e+00,  1.967366696854e+01,  1.101975560188e+00
  2.065600000000e+01,  1.000024318695e+00,  1.967367006798e+01,  1.103708267212e+00
  2.075600000000e+01,  1.000031232834e+00,  1.967366315384e+01,  1.100898504257e+00
  2.085600000000e+01,  1.000013709068e+00,  1.967368067761e+01,  1.100877285004e+00
  2.095600000000e+01,  1.000010251999e+00,  1.967368413468e+01,  1.103222966194e+00
  2.105600000000e+01,  1.000016093254e+00,  1.967367829342e+01,  1.101120948792e+00
  2.115600000000e+01,  1.000000119209e+00,  1.967369426747e+01,  1.101572990417e+00
  2.125600000000e+01,  9.999897480011e-01,  1.967370463868e+01,  1.100218296051e+00
  2.135600000000e+01,  1.000002503395e+00,  1.967369188328e+01,  1.097176432610e+00
  2.145600000000e+01,  9.999777078629e-01,  1.967371667881e+01,  1.099267244339e+00
  2.155600000000e+01,  9.999995231628e-01,  1.967369486351e+01,  1.098870158195e+00
  2.165600000000e+01,  9.999949932098e-01,  1.967369939347e+01,  1.099462270737e+00
  2.175600000000e+01,  9.999874830246e-01,  1.967370690365e+01,  1.098156929016e+00
  2.185600000000e+01,  9.999973773956e-01,  1.967369700928e+01,  1.098105907440e+00
  2.195600000000e+01,  1.000016212463e+00,  1.967367817421e+01,  1.097753047943e+00
  2.205600000000e+01,  1.000043153763e+00,  1.967365123291e+01,  1.099304199219e+00
  2.215600000000e+01,  9.999783039093e-01,  1.967371608277e+01,  1.100879311562e+00
  2.225600000000e+01,  1.000006556511e+00,  1.967368783017e+01,  1.097330331802e+00
  2.235600000000e+01,  9.999917149544e-01,  1.967370267172e+01,  1.097392082214e+00
  2.245600000000e+01,  1.000004172325e+00,  1.967369021435e+01,  1.096981763840e+00
  2.255600000000e+01,  9.999983310699e-01,  1.967369605561e+01,  1.095434188843e+00
  2.265600000000e+01,  9.999927282333e-01,  1.967370165844e+01,  1.096206307411e+00
  2.275600000000e+01,  9.999521970749e-01,  1.967374218960e+01,  1.094792962074e+00
  2.285600000000e+01,  1.000032901764e+00,  1.967366148491e+01,  1.096379160881e+00
  2.295600000000e+01,  1.000004529953e+00,  1.967368985672e+01,  1.094941973686e+00
  2.305600000000e+01,  9.999947547913e-01,  1.967369963189e+01,  1.096417784691e+00
  2.315600000000e+01,  1.000023484230e+00,  1.967367090245e+01,  1.096378803253e+00
  2.325600000000e+01,  9.999809861183e-01,  1.967371340056e+01,  1.093653917313e+00
  2.335600000000e+01,  1.000010728836e+00,  1.967368365784e+01,  1.097157716751e+00
  2.345600000000e+01,  9.999887347221e-01,  1.967370565195e+01,  1.093817949295e+00
  2.355600000000e+01,  1.000010609627e+00,  1.967368377705e+01,  1.092573523521e+00
  2.365600000000e+01,  1.000018596649e+00,  1.967367579003e+01,  1.093053579330e+00
  2.375600000000e+01,  9.999959468842e-01,  1.967369843979e+01,  1.092733621597e+00
  2.385600000000e+01,  1.000003337860e+00,  1.967369104882e+01,  1.093836069107e+00
  2.395600000000e+01,  1.000002980232e+00,  1.967369140644e+01,  1.091990232468e+00
  2.405600000000e+01,  1.000010490417e+00,  1.967368389626e+01,  1.090416312218e+00
  2.415600000000e+01,  9.999984502792e-01,  1.967369593640e+01,  1.090537428856e+00
  2.425600000000e+01,  9.999826550484e-01,  1.967371173163e+01,  1.092370271683e+00
  2.435600000000e+01,  9.999758601189e-01,  1.967371852656e+01,  1.094439744949e+00
  2.445600000000e+01,  9.999965429306e-01,  1.967369784375e+01,  1.092352986336e+00
  2.455600000000e+01,  9.999939203262e-01,  1.967370046635e+01,  1.090837597847e+00
  2.465600000000e+01,  1.000012755394e+00,  1.967368163128e+01,  1.089917063713e+00
  2.475600000000e+01,  9.999938607216e-01,  1.967370052596e+01,  1.090889334679e+00
  2.485600000000e+01,  1.000004529953e+00,  1.967368985672e+01,  1.087947130203e+00
  2.495600000000e+01,  9.999890327454e-01,  1.967370535393e+01,  1.089261531830e+00
  2.505600000000e+01,  1.000006318092e+00,  1.967368806858e+01,  1.088806390762e+00
  2.515600000000e+01,  9.999890327454e-01,  1.967370535393e+01,  1.088907003403e+00
  2.525600000000e+01,  9.999877810478e-01,  1.967370660563e+01,  1.087967276573e+00
  2.535600000000e+01,  9.999775886536e-01,  1.967371679802e+01,  1.088069319725e+00
  2.545600000000e+01,  1.000001430511e+00,  1.967369295617e+01,  1.086830854416e+00
  2.555600000000e+01,  9.999876618385e-01,  1.967370672484e+01,  1.086523652077e+00
  2.565600000000e+01,  9.999940395355e-01,  1.967370034714e+01,  1.086190104485e+00
  2.575600000000e+01,  1.000020623207e+00,  1.967367376347e+01,  1.086921930313e+00
  2.585600000000e+01,  1.000025153160e+00,  1.967366923352e+01,  1.087868452072e+00
  2.595600000000e+01,  9.999963045120e-01,  1.967369808216e+01,  1.085081219673e+00
  2.605600000000e+01,  9.999964833260e-01,  1.967369790335e+01,  1.085839867592e+00
  2.615600000000e+01,  1.000036835670e+00,  1.967365755101e+01,  1.084976434708e+00
  2.625600000000e+01,  9.999907612801e-01,  1.967370362540e+01,  1.085660338402e+00
  2.635600000000e+01,  1.000024914742e+00,  1.967366947194e+01,  1.087171196938e+00
  2.645600000000e+01,  9.999899864197e-01,  1.967370440026e+01,  1.082442760468e+00
  2.655600000000e+01,  1.000011563301e+00,  1.967368282338e+01,  1.083574771881e+00
  2.665600000000e+01,  1.000000953674e+00,  1.967369343300e+01,  1.083712100983e+00
  2.675600000000e+01,  9.999978542328e-01,  1.967369653244e+01,  1.084436058998e+00
  2.685600000000e+01,  9.999837279320e-01,  1.967371065874e+01,  1.085163235664e+00
  2.695600000000e+01,  9.999939203262e-01,  1.967370046635e+01,  1.082546472549e+00
  2.705600000000e+01,  9.999949932098e-01,  1.967369939347e+01,  1.083481669426e+00
  2.715600000000e+01,  1.000022649765e+00,  1.967367173691e+01,  1.084645390511e+00
  2.725600000000e+01,  1.000059127808e+00,  1.967363525887e+01,  1.080058813095e+00
  2.735600000000e+01,  1.000064969063e+00,  1.967362941761e+01,  1.083032011986e+00
  2.745600000000e+01,  1.000052928925e+00,  1.967364145775e+01,  1.084142684937e+00
  2.755600000000e+01,  1.000006556511e+00,  1.967368783017e+01,  1.081183552742e+00
  2.765600000000e+01,  1.000023841858e+00,  1.967367054482e+01,  1.083372235298e+00
  2.775600000000e+01,  1.000032782555e+00,  1.967366160412e+01,  1.083192110062e+00
  2.785600000000e+01,  9.999814629555e-01,  1.967371292372e+01,  1.084147214890e+00
  2.795600000000e+01,  1.000025033951e+00,  1.967366935273e+01,  1.082941651344e+00
  2.805600000000e+01,  1.000008463860e+00,  1.967368592282e+01,  1.082465529442e+00
  2.815600000000e+01,  1.000017881393e+00,  1.967367650528e+01,  1.081361174583e+00
  2.825600000000e+01,  1.000023841858e+00,  1.967367054482e+01,  1.081509709358e+00
  2.835600000000e+01,  9.999976754189e-01,  1.967369671126e+01,  1.077605128288e+00
  2.845600000000e+01,  9.999841451645e-01,  1.967371024151e+01,  1.080844640732e+00
  2.855600000000e+01,  1.000012636185e+00,  1.967368175049e+01,  1.078807592392e+00
  2.865600000000e+01,  1.000016808510e+00,  1.967367757817e+01,  1.080780625343e+00
  2.875600000000e+01,  1.000025510788e+00,  1.967366887589e+01,  1.081509232521e+00
  2.885600000000e+01,  1.000006556511e+00,  1.967368783017e+01,  1.083162546158e+00
  2.895600000000e+01,  1.000022292137e+00,  1.967367209454e+01,  1.079539060593e+00
  2.905600000000e+01,  1.000012636185e+00,  1.967368175049e+01,  1.080180048943e+00
  2.915600000000e+01,  1.000008463860e+00,  1.967368592282e+01,  1.079342961311e+00
  2.925600000000e+01,  9.999962449074e-01,  1.967369814177e+01,  1.077824115753e+00
  2.935600000000e+01,  1.000043511391e+00,  1.967365087529e+01,  1.081098318100e+00
  2.945600000000e+01,  1.000012516975e+00,  1.967368186970e+01,  1.078282713890e+00
  2.955600000000e+01,  9.999970197678e-01,  1.967369736691e+01,  1.079309344292e+00
  2.965600000000e+01,  1.000002980232e+00,  1.967369140644e+01,  1.077001571655e+00
  2.975600000000e+01,  1.000016689301e+00,  1.967367769738e+01,  1.081136345863e+00
  2.985600000000e+01,  1.000017642975e+00,  1.967367674370e+01,  1.078718066216e+00
  2.995600000000e+01,  1.000014662743e+00,  1.967367972393e+01,  1.075645565987e+00
  3.005600000000e+01,  1.000004053116e+00,  1.967369033356e+01,  1.076882243156e+00
  3.015600000000e+01,  1.000019192696e+00,  1.967367519398e+01,  1.076631665230e+00
  3.025600000000e+01,  9.999953508377e-01,  1.967369903584e+01,  1.077749490738e+00
  3.035600000000e+01,  1.000018715858e+00,  1.967367567082e+01,  1.077408432961e+00
  3.045600000000e+01,  1.000024557114e+00,  1.967366982956e+01,  1.075579404831e+00
  3.055600000000e+01,  1.000032901764e+00,  1.967366148491e+01,  1.077242732048e+00
  3.065600000000e+01,  1.000010490417e+00,  1.967368389626e+01,  1.073478817940e+00
  3.075600000000e+01,  9.999885559082e-01,  1.967370583077e+01,  1.074766516685e+00
  3.085600000000e+01,  1.000008106232e+00,  1.967368628045e+01,  1.074801564217e+00
  3.095600000000e+01,  9.999956488609e-01,  1.967369873782e+01,  1.071894764900e+00
  3.105600000000e+01,  9.999910593033e-01,  1.967370332737e+01,  1.072387337685e+00
  3.115600000000e+01,  9.999848604202e-01,  1.967370952626e+01,  1.073484301567e+00
  3.125600000000e+01,  9.999542236328e-01,  1.967374016304e+01,  1.072099804878e+00
  3.135600000000e+01,  1.000028371811e+00,  1.967366601487e+01,  1.073727369308e+00
  3.145600000000e+01,  1.000017642975e+00,  1.967367674370e+01,  1.074664831161e+00
  3.155600000000e+01,  1.000005602837e+00,  1.967368878384e+01,  1.072684049606e+00
  3.165600000000e+01,  1.000000119209e+00,  1.967369426747e+01,  1.070923566818e+00
  3.175600000000e+01,  1.000008344650e+00,  1.967368604203e+01,  1.070986151695e+00
  3.185600000000e+01,  1.000003933907e+00,  1.967369045277e+01,  1.071241140366e+00
  3.195600000000e+01,  1.000006794930e+00,  1.967368759175e+01,  1.071869492531e+00
  3.205600000000e+01,  1.000000119209e+00,  1.967369426747e+01,  1.070564031601e+00
  3.215600000000e+01,  9.999908208847e-01,  1.967370356579e+01,  1.073633193970e+00
  3.225600000000e+01,  9.999973773956e-01,  1.967369700928e+01,  1.072360515594e+00
  3.235600000000e+01,  9.999963641167e-01,  1.967369802256e+01,  1.072720527649e+00
  3.245600000000e+01,  1.000011920929e+00,  1.967368246575e+01,  1.071390986443e+00
  3.255600000000e+01,  1.000018119812e+00,  1.967367626686e+01,  1.071630120277e+00
  3.265600000000e+01,  1.000013232231e+00,  1.967368115445e+01,  1.070211648941e+00
  3.275600000000e+01,  1.000028848648e+00,  1.967366553803e+01,  1.070514082909e+00
  3.285600000000e+01,  9.999830126762e-01,  1.967371137400e+01,  1.070451617241e+00
  3.295600000000e+01,  1.000000238419e+00,  1.967369414826e+01,  1.068186759949e+00
  3.305600000000e+01,  9.999961853027e-01,  1.967369820137e+01,  1.068945884705e+00
  3.315600000000e+01,  9.999901056290e-01,  1.967370428105e+01,  1.067267298698e+00
  3.325600000000e+01,  1.000014424324e+00,  1.967367996235e+01,  1.067867398262e+00
  3.335600000000e+01,  9.999777078629e-01,  1.967371667881e+01,  1.067990183830e+00
  3.345600000000e+01,  9.999907612801e-01,  1.967370362540e+01,  1.069320559502e+00
  3.355600000000e+01,  9.999746084213e-01,  1.967371977826e+01,  1.069297671318e+00
  3.365600000000e+01,  9.999985098839e-01,  1.967369587679e+01,  1.068336009979e+00
  3.375600000000e+01,  9.999845623970e-01,  1.967370982428e+01,  1.069908261299e+00
  3.385600000000e+01,  9.999952912331e-01,  1.967369909544e+01,  1.068836927414e+00
  3.395600000000e+01,  1.000015020370e+00,  1.967367936631e+01,  1.068197727203e+00
  3.405600000000e+01,  9.999904036522e-01,  1.967370398302e+01,  1.069295644760e+00
  3.415600000000e+01,  9.999834299088e-01,  1.967371095677e+01,  1.069326281548e+00
  3.425600000000e+01,  1.000006914139e+00,  1.967368747254e+01,  1.065804958344e+00
  3.435600000000e+01,  9.999936223030e-01,  1.967370076437e+01,  1.067180275917e+00
  3.445600000000e+01,  9.999978542328e-01,  1.967369653244e+01,  1.067797183990e+00
  3.455600000000e+01,  9.999766349792e-01,  1.967371775170e+01,  1.066267132759e+00
  3.465600000000e+01,  9.999989271164e-01,  1.967369545956e+01,  1.064969301224e+00
  3.475600000000e+01,  1.000016093254e+00,  1.967367829342e+01,  1.065145015717e+00
  3.485600000000e+01,  9.999922513962e-01,  1.967370213528e+01,  1.064439535141e+00
  3.495600000000e+01,  1.000010251999e+00,  1.967368413468e+01,  1.063202142715e+00
  3.505600000000e+01,  1.000010251999e+00,  1.967368413468e+01,  1.064498066902e+00
  3.515600000000e+01,  1.000017404556e+00,  1.967367698212e+01,  1.062475204468e+00
  3.525600000000e+01,  1.000004410744e+00,  1.967368997593e+01,  1.063284397125e+00
  3.535600000000e+01,  9.999944567680e-01,  1.967369992991e+01,  1.064467310905e+00
  3.545600000000e+01,  1.000029206276e+00,  1.967366518040e+01,  1.063423991203e+00
  3.555600000000e+01,  1.000008463860e+00,  1.967368592282e+01,  1.065888881683e+00
  3.565600000000e+01,  9.999973177910e-01,  1.967369706889e+01,  1.064521908760e+00
  3.575600000000e+01,  1.000023126602e+00,  1.967367126007e+01,  1.062679529190e+00
  3.585600000000e+01,  1.000023961067e+00,  1.967367042561e+01,  1.062432408333e+00
  3.595600000000e+01,  1.000006079674e+00,  1.967368830700e+01,  1.062810063362e+00
  3.605600000000e+01,  1.000000119209e+00,  1.967369426747e+01,  1.061007499695e+00
  3.615600000000e+01,  9.999750852585e-01,  1.967371930142e+01,  1.062144279480e+00
  3.625600000000e+01,  1.000020980835e+00,  1.967367340584e+01,  1.064954400063e+00
  3.635600000000e+01,  9.999957084656e-01,  1.967369867821e+01,  1.061368346214e+00
  3.645600000000e+01,  1.000000834465e+00,  1.967369355221e+01,  1.059513688087e+00
  3.655600000000e+01,  9.999891519547e-01,  1.967370523472e+01,  1.061054587364e+00
  3.665600000000e+01,  1.000003337860e+00,  1.967369104882e+01,  1.061304211617e+00
  3.675600000000e+01,  1.000041365623e+00,  1.967365302105e+01,  1.059558510780e+00
  3.685600000000e+01,  9.999643564224e-01,  1.967373003025e+01,  1.058411240578e+00
  3.695600000000e+01,  1.000031113625e+00,  1.967366327305e+01,  1.060153484344e+00
  3.705600000000e+01,  9.999895691872e-01,  1.967370481749e+01,  1.060064077377e+00
  3.715600000000e+01,  1.000004768372e+00,  1.967368961831e+01,  1.059117674828e+00
  3.725600000000e+01,  1.000014066696e+00,  1.967368031998e+01,  1.059434771538e+00
  3.735600000000e+01,  1.000012278557e+00,  1.967368210812e+01,  1.055355906487e+00
  3.745600000000e+01,  9.999852776527e-01,  1.967370910902e+01,  1.061395645142e+00
  3.755600000000e+01,  9.999781250954e-01,  1.967371626158e+01,  1.060381889343e+00
  3.765600000000e+01,  1.000034332275e+00,  1.967366005440e+01,  1.059367060661e+00
  3.775600000000e+01,  9.999790191650e-01,  1.967371536751e+01,  1.057929992676e+00
  3.785600000000e+01,  9.999985694885e-01,  1.967369581719e+01,  1.060132265091e+00
  3.795600000000e+01,  1.000007629395e+00,  1.967368675728e+01,  1.059391140938e+00
  3.805600000000e+01,  9.999709129333e-01,  1.967372347374e+01,  1.056374073029e+00
  3.815600000000e+01,  9.999974966049e-01,  1.967369689007e+01,  1.061928153038e+00
  3.825600000000e+01,  1.000018954277e+00,  1.967367543240e+01,  1.057176947594e+00
  3.835600000000e+01,  9.999930858612e-01,  1.967370130082e+01,  1.057883262634e+00
  3.845600000000e+01,  1.000013828278e+00,  1.967368055840e+01,  1.056278347969e+00
  3.855600000000e+01,  9.999964833260e-01,  1.967369790335e+01,  1.055821776390e+00
  3.865600000000e+01,  1.000014662743e+00,  1.967367972393e+01,  1.057590484619e+00
  3.875600000000e+01,  1.000004053116e+00,  1.967369033356e+01,  1.056905865669e+00
  3.885600000000e+01,  1.000001311302e+00,  1.967369307537e+01,  1.059449195862e+00
  3.895600000000e+01,  9.999612569809e-01,  1.967373312970e+01,  1.057008028030e+00
  3.905600000000e+01,  9.999853372574e-01,  1.967370904942e+01,  1.057924151421e+00
  3.915600000000e+01,  9.999721646309e-01,  1.967372222205e+01,  1.056897759438e+00
  3.925600000000e+01,  1.000002861023e+00,  1.967369152565e+01,  1.056498646736e+00
  3.935600000000e+01,  9.999710321426e-01,  1.967372335453e+01,  1.058362007141e+00
  3.945600000000e+01,  1.000021338463e+00,  1.967367304821e+01,  1.055589437485e+00
  3.955600000000e+01,  9.999888539314e-01,  1.967370553275e+01,  1.057517528534e+00
  3.965600000000e+01,  9.999583363533e-01,  1.967373605032e+01,  1.055252432823e+00
  3.975600000000e+01,  1.000033020973e+00,  1.967366136570e+01,  1.057124018669e+00
  3.985600000000e+01,  1.000028014183e+00,  1.967366637249e+01,  1.055769085884e+00
  3.995600000000e+01,  1.000020265579e+00,  1.967367412110e+01,  1.053183317184e+00
  4.005600000000e+01,  9.999932646751e-01,  1.967370112200e+01,  1.054139137268e+00
  4.015600000000e+01,  9.999775290489e-01,  1.967371685763e+01,  1.052231907845e+00
  4.025600000000e+01,  1.000034928322e+00,  1.967365945835e+01,  1.054744601250e+00
  4.035600000000e+01,  1.000008463860e+00,  1.967368592282e+01,  1.055230855942e+00
  4.045600000000e+01,  1.000056505203e+00,  1.967363788147e+01,  1.052426815033e+00
  4.055600000000e+01,  1.000040173531e+00,  1.967365421315e+01,  1.050221920013e+00
  4.065600000000e+01,  1.000001788139e+00,  1.967369259854e+01,  1.051157593727e+00
  4.075600000000e+01,  1.000015854836e+00,  1.967367853184e+01,  1.054169774055e+00
  4.085600000000e+01,  9.999974966049e-01,  1.967369689007e+01,  1.052550554276e+00
  4.095600000000e+01,  1.000019907951e+00,  1.967367447873e+01,  1.052739977837e+00
  4.105600000000e+01,  9.999839663506e-01,  1.967371042033e+01,  1.051241159439e+00
  4.115600000000e+01,  9.999888539314e-01,  1.967370553275e+01,  1.054203033447e+00
  4.125600000000e+01,  9.999934434891e-01,  1.967370094319e+01,  1.051788687706e+00
  4.135600000000e+01,  9.999822974205e-01,  1.967371208926e+01,  1.053181529045e+00
  4.145600000000e+01,  1.000025272369e+00,  1.967366911431e+01,  1.053001165390e+00
  4.155600000000e+01,  1.000007867813e+00,  1.967368651886e+01,  1.051979422569e+00
  4.165600000000e+01,  1.000025868416e+00,  1.967366851826e+01,  1.051581382751e+00
  4.175600000000e+01,  1.000030279160e+00,  1.967366410752e+01,  1.050508856773e+00
  4.185600000000e+01,  9.999818205833e-01,  1.967371256609e+01,  1.049752473831e+00
  4.195600000000e+01,  9.999861717224e-01,  1.967370821495e+01,  1.050063252449e+00
  4.205600000000e+01,  1.000028491020e+00,  1.967366589566e+01,  1.048323392868e+00
  4.215600000000e+01,  1.000006437302e+00,  1.967368794938e+01,  1.052616119385e+00
  4.225600000000e+01,  1.000000596046e+00,  1.967369379063e+01,  1.047935605049e+00
  4.235600000000e+01,  9.999836683273e-01,  1.967371071835e+01,  1.051204681396e+00
  4.245600000000e+01,  1.000022530556e+00,  1.967367185612e+01,  1.049824595451e+00
  4.255600000000e+01,  9.999950528145e-01,  1.967369933386e+01,  1.051219701767e+00
  4.265600000000e+01,  1.000038266182e+00,  1.967365612049e+01,  1.049241065979e+00
  4.275600000000e+01,  9.999956488609e-01,  1.967369873782e+01,  1.049176812172e+00
  4.285600000000e+01,  1.000024199486e+00,  1.967367018719e+01,  1.049555063248e+00
  4.295600000000e+01,  1.000008940697e+00,  1.967368544598e+01,  1.050818920135e+00
  4.305600000000e+01,  9.999806880951e-01,  1.967371369858e+01,  1.048616051674e+00
  4.315600000000e+01,  1.000016212463e+00,  1.967367817421e+01,  1.046712160110e+00
  4.325600000000e+01,  9.999896883965e-01,  1.967370469828e+01,  1.044731020927e+00
  4.335600000000e+01,  1.000026583672e+00,  1.967366780301e+01,  1.046017050743e+00
  4.345600000000e+01,  9.999854564667e-01,  1.967370893021e+01,  1.048700690269e+00
  4.355600000000e+01,  1.000016570091e+00,  1.967367781659e+01,  1.047390818596e+00
  4.365600000000e+01,  9.999920129776e-01,  1.967370237370e+01,  1.043283343315e+00
  4.375600000000e+01,  1.000036478043e+00,  1.967365790863e+01,  1.045430541039e+00
  4.385600000000e+01,  9.999997615814e-01,  1.967369462510e+01,  1.047164440155e+00
  4.395600000000e+01,  1.000002980232e+00,  1.967369140644e+01,  1.046136140823e+00
  4.405600000000e+01,  9.999998807907e-01,  1.967369450589e+01,  1.043108105659e+00
  4.415600000000e+01,  1.000002622604e+00,  1.967369176407e+01,  1.043377161026e+00
  4.425600000000e+01,  9.999891519547e-01,  1.967370523472e+01,  1.043869256973e+00
  4.435600000000e+01,  9.999701976776e-01,  1.967372418900e+01,  1.044920682907e+00
  4.445600000000e+01,  9.999794960022e-01,  1.967371489067e+01,  1.044900178909e+00
  4.455600000000e+01,  1.000006556511e+00,  1.967368783017e+01,  1.044431805611e+00
  4.465600000000e+01,  1.000012874603e+00,  1.967368151207e+01,  1.047136068344e+00
  4.475600000000e+01,  1.000009417534e+00,  1.967368496914e+01,  1.044776082039e+00
  4.485600000000e+01,  1.000030279160e+00,  1.967366410752e+01,  1.045002102852e+00
  4.495600000000e+01,  1.000006794930e+00,  1.967368759175e+01,  1.044780611992e+00
  4.505600000000e+01,  1.000002980232e+00,  1.967369140644e+01,  1.044032931328e+00
  4.515600000000e+01,  9.999904632568e-01,  1.967370392342e+01,  1.045289635658e+00
  4.525600000000e+01,  1.000014185905e+00,  1.967368020077e+01,  1.044436216354e+00
  4.535600000000e+01,  1.000019311905e+00,  1.967367507477e+01,  1.044204473495e+00
  4.545600000000e+01,  9.999760985374e-01,  1.967371828814e+01,  1.041617512703e+00
  4.555600000000e+01,  1.000010132790e+00,  1.967368425389e+01,  1.040862083435e+00
  4.565600000000e+01,  1.000023245811e+00,  1.967367114087e+01,  1.042207479477e+00
  4.575600000000e+01,  9.999838471413e-01,  1.967371053954e+01,  1.042974352837e+00
  4.585600000000e+01,  9.999868273735e-01,  1.967370755930e+01,  1.041818976402e+00
  4.595600000000e+01,  1.000002503395e+00,  1.967369188328e+01,  1.042147397995e+00
  4.605600000000e+01,  1.000024199486e+00,  1.967367018719e+01,  1.042912483215e+00
  4.615600000000e+01,  9.999727010727e-01,  1.967372168560e+01,  1.040518283844e+00
  4.625600000000e+01,  1.000010728836e+00,  1.967368365784e+01,  1.041997551918e+00
  4.635600000000e+01,  9.999915361404e-01,  1.967370285054e+01,  1.041522502899e+00
  4.645600000000e+01,  1.000019788742e+00,  1.967367459793e+01,  1.039605975151e+00
  4.655600000000e+01,  9.999893307686e-01,  1.967370505591e+01,  1.041491627693e+00
  4.665600000000e+01,  1.000013709068e+00,  1.967368067761e+01,  1.041140675545e+00
  4.675600000000e+01,  1.000010371208e+00,  1.967368401547e+01,  1.041360735893e+00
  4.685600000000e+01,  1.000012397766e+00,  1.967368198891e+01,  1.039895534515e+00
  4.695600000000e+01,  1.000019311905e+00,  1.967367507477e+01,  1.038300514221e+00
  4.705600000000e+01,  9.999997615814e-01,  1.967369462510e+01,  1.038107514381e+00
  4.715600000000e+01,  9.999901056290e-01,  1.967370428105e+01,  1.038916468620e+00
  4.725600000000e+01,  9.999679327011e-01,  1.967372645398e+01,  1.040568947792e+00
  4.735600000000e+01,  1.000010013580e+00,  1.967368437310e+01,  1.037737965584e+00
  4.745600000000e+01,  9.999995231628e-01,  1.967369486351e+01,  1.038752079010e+00
  4.755600000000e+01,  1.000020265579e+00,  1.967367412110e+01,  1.037609457970e+00
  4.765600000000e+01,  1.000024437904e+00,  1.967366994877e+01,  1.038106441498e+00
  4.775600000000e+01,  1.000011086464e+00,  1.967368330021e+01,  1.039095759392e+00
  4.785600000000e+01,  1.000015616417e+00,  1.967367877026e+01,  1.036037802696e+00
  4.795600000000e+01,  1.000024318695e+00,  1.967367006798e+01,  1.035973787308e+00
  4.805600000000e+01,  1.000007033348e+00,  1.967368735333e+01,  1.035175800323e+00
  4.815600000000e+01,  9.999724030495e-01,  1.967372198363e+01,  1.037989974022e+00
  4.825600000000e+01,  1.000021219254e+00,  1.967367316742e+01,  1.035777568817e+00
  4.835600000000e+01,  9.999975562096e-01,  1.967369683047e+01,  1.035993695259e+00
  4.845600000000e+01,  9.999883770943e-01,  1.967370600958e+01,  1.033787727356e+00
  4.855600000000e+01,  1.000000834465e+00,  1.967369355221e+01,  1.036594867706e+00
  4.865600000000e+01,  9.999563097954e-01,  1.967373807688e+01,  1.036525607109e+00
  4.875600000000e+01,  9.999647736549e-01,  1.967372961302e+01,  1.037681460381e+00
  4.885600000000e+01,  9.999744892120e-01,  1.967371989746e+01,  1.037145495415e+00
  4.895600000000e+01,  9.999964833260e-01,  1.967369790335e+01,  1.034979581833e+00
  4.905600000000e+01,  9.999900460243e-01,  1.967370434065e+01,  1.034059286118e+00
  4.915600000000e+01,  9.999853372574e-01,  1.967370904942e+01,  1.034513950348e+00
  4.925600000000e+01,  9.999898672104e-01,  1.967370451947e+01,  1.036344647408e+00
  4.935600000000e+01,  1.000014901161e+00,  1.967367948552e+01,  1.035112023354e+00
  4.945600000000e+01,  1.000048279762e+00,  1.967364610691e+01,  1.032778501511e+00
  4.955600000000e+01,  9.999787211418e-01,  1.967371566553e+01,  1.033945322037e+00
  4.965600000000e+01,  1.000035881996e+00,  1.967365850468e+01,  1.033934712410e+00
  4.975600000000e+01,  1.000010609627e+00,  1.967368377705e+01,  1.035608410835e+00
  4.985600000000e+01,  1.000008225441e+00,  1.967368616124e+01,  1.034977555275e+00
  4.995600000000e+01,  1.000013113022e+00,  1.967368127365e+01,  1.036362528801e+00
  5.005600000000e+01,  9.999812841415e-01,  1.967371310254e+01,  1.035831809044e+00
  5.015600000000e+01,  1.000006675720e+00,  1.967368771096e+01,  1.036107897758e+00
  5.025600000000e+01,  1.000044703484e+00,  1.967364968319e+01,  1.033349514008e+00
  5.035600000000e+01,  1.000032663345e+00,  1.967366172333e+01,  1.035567641258e+00
  5.045600000000e+01,  1.000016927719e+00,  1.967367745896e+01,  1.033322691917e+00
  5.055600000000e+01,  1.000011563301e+00,  1.967368282338e+01,  1.033333182335e+00
  5.065600000000e+01,  9.999989867210e-01,  1.967369539996e+01,  1.034987807274e+00
  5.075600000000e+01,  1.000008463860e+00,  1.967368592282e+01,  1.034002304077e+00
  5.085600000000e+01,  1.000017762184e+00,  1.967367662449e+01,  1.033660054207e+00
  5.095600000000e+01,  1.000016689301e+00,  1.967367769738e+01,  1.031923890114e+00
  5.105600000000e+01,  1.000023722649e+00,  1.967367066403e+01,  1.035097241402e+00
  5.115600000000e+01,  1.000003099442e+00,  1.967369128724e+01,  1.034485578537e+00
  5.125600000000e+01,  9.999997019768e-01,  1.967369468470e+01,  1.032988071442e+00
  5.135600000000e+01,  1.000016808510e+00,  1.967367757817e+01,  1.034210562706e+00
  5.145600000000e+01,  9.999970197678e-01,  1.967369736691e+01,  1.032717704773e+00
  5.155600000000e+01,  1.000008225441e+00,  1.967368616124e+01,  1.031286716461e+00
  5.165600000000e+01,  9.999824166298e-01,  1.967371197005e+01,  1.031819224358e+00
  5.175600000000e+01,  1.000003457069e+00,  1.967369092961e+01,  1.031499743462e+00
  5.185600000000e+01,  9.999653697014e-01,  1.967372901698e+01,  1.033991575241e+00
  5.195600000000e+01,  9.999912381172e-01,  1.967370314856e+01,  1.032098889351e+00
  5.205600000000e+01,  9.999697804451e-01,  1.967372460623e+01,  1.033782720566e+00
  5.215600000000e+01,  9.999685287476e-01,  1.967372585793e+01,  1.033438801765e+00
  5.225600000000e+01,  9.999864101410e-01,  1.967370797654e+01,  1.034363269806e+00
  5.235600000000e+01,  9.999876022339e-01,  1.967370678444e+01,  1.033003568649e+00
  5.245600000000e+01,  1.000024199486e+00,  1.967367018719e+01,  1.032666921616e+00
  5.255600000000e+01,  9.999874830246e-01,  1.967370690365e+01,  1.033887982368e+00
  5.265600000000e+01,  9.999749660492e-01,  1.967371942063e+01,  1.030969023705e+00
  5.275600000000e+01,  9.999992847443e-01,  1.967369510193e+01,  1.030514240265e+00
  5.285600000000e+01,  9.999894499779e-01,  1.967370493670e+01,  1.030525326729e+00
  5.295600000000e+01,  1.000004172325e+00,  1.967369021435e+01,  1.031180620193e+00
  5.305600000000e+01,  1.000024437904e+00,  1.967366994877e+01,  1.030910372734e+00
  5.315600000000e+01,  9.999844431877e-01,  1.967370994349e+01,  1.031402349472e+00
  5.325600000000e+01,  9.999956488609e-01,  1.967369873782e+01,  1.030580997467e+00
  5.335600000000e+01,  1.000013828278e+00,  1.967368055840e+01,  1.030543923378e+00
  5.345600000000e+01,  9.999988079071e-01,  1.967369557877e+01,  1.029857993126e+00
  5.355600000000e+01,  9.999954104424e-01,  1.967369897623e+01,  1.028366684914e+00
  5.365600000000e+01,  1.000039339066e+00,  1.967365504761e+01,  1.029122948647e+00
  5.375600000000e+01,  9.999830722809e-01,  1.967371131440e+01,  1.027784705162e+00
  5.385600000000e+01,  9.999926686287e-01,  1.967370171805e+01,  1.025676250458e+00
  5.395600000000e+01,  9.999891519547e-01,  1.967370523472e+01,  1.028493762016e+00
  5.405600000000e+01,  9.999880790710e-01,  1.967370630761e+01,  1.026863336563e+00
  5.415600000000e+01,  1.000000476837e+00,  1.967369390984e+01,  1.028905630112e+00
  5.425600000000e+01,  1.000006318092e+00,  1.967368806858e+01,  1.025538444519e+00
  5.435600000000e+01,  9.999733567238e-01,  1.967372102995e+01,  1.028612852097e+00
  5.445600000000e+01,  1.000003218651e+00,  1.967369116803e+01,  1.026992201805e+00
  5.455600000000e+01,  9.999970793724e-01,  1.967369730730e+01,  1.027563929558e+00
  5.465600000000e+01,  1.000000119209e+00,  1.967369426747e+01,  1.030417561531e+00
  5.475600000000e+01,  1.000006794930e+00,  1.967368759175e+01,  1.027620196342e+00
  5.485600000000e+01,  1.000002741814e+00,  1.967369164486e+01,  1.027347207069e+00
  5.495600000000e+01,  1.000001072884e+00,  1.967369331379e+01,  1.026802778244e+00
  5.505600000000e+01,  9.999966025352e-01,  1.967369778414e+01,  1.027800083160e+00
  5.515600000000e+01,  9.999966621399e-01,  1.967369772454e+01,  1.029537320137e+00
  5.525600000000e+01,  9.999970793724e-01,  1.967369730730e+01,  1.028634786606e+00
  5.535600000000e+01,  1.000001072884e+00,  1.967369331379e+01,  1.027682900429e+00
  5.545600000000e+01,  1.000016689301e+00,  1.967367769738e+01,  1.028970599174e+00
  5.555600000000e+01,  1.000014662743e+00,  1.967367972393e+01,  1.026906847954e+00
  5.565600000000e+01,  1.000009655952e+00,  1.967368473072e+01,  1.027536153793e+00
  5.575600000000e+01,  9.999984502792e-01,  1.967369593640e+01,  1.026251316071e+00
  5.585600000000e+01,  9.999999403954e-01,  1.967369444628e+01,  1.027358055115e+00
  5.595600000000e+01,  1.000002264977e+00,  1.967369212170e+01,  1.025398612022e+00
  5.605600000000e+01,  1.000009298325e+00,  1.967368508835e+01,  1.027396440506e+00
  5.615600000000e+01,  9.999862909317e-01,  1.967370809575e+01,  1.028080821037e+00
  5.625600000000e+01,  1.000008702278e+00,  1.967368568440e+01,  1.027075886726e+00
  5.635600000000e+01,  1.000001430511e+00,  1.967369295617e+01,  1.022655963898e+00
  5.645600000000e+01,  1.000016093254e+00,  1.967367829342e+01,  1.023870587349e+00
  5.655600000000e+01,  1.000005483627e+00,  1.967368890305e+01,  1.024581193924e+00
  5.665600000000e+01,  1.000011444092e+00,  1.967368294258e+01,  1.024633288383e+00
  5.675600000000e+01,  9.999737143517e-01,  1.967372067233e+01,  1.026476025581e+00
  5.685600000000e+01,  1.000006914139e+00,  1.967368747254e+01,  1.025229692459e+00
  5.695600000000e+01,  1.000008463860e+00,  1.967368592282e+01,  1.025296092033e+00
  5.705600000000e+01,  9.999870657921e-01,  1.967370732088e+01,  1.026085019112e+00
  5.715600000000e+01,  9.999968409538e-01,  1.967369754572e+01,  1.025561332703e+00
  5.725600000000e+01,  9.999843835831e-01,  1.967371000309e+01,  1.025033473969e+00
  5.735600000000e+01,  1.000010371208e+00,  1.967368401547e+01,  1.026150941849e+00
  5.745600000000e+01,  9.999967217445e-01,  1.967369766493e+01,  1.021514773369e+00
  5.755600000000e+01,  9.999778270721e-01,  1.967371655960e+01,  1.022669911385e+00
  5.765600000000e+01,  9.999778866768e-01,  1.967371650000e+01,  1.021731019020e+00
  5.775600000000e+01,  9.999759793282e-01,  1.967371840735e+01,  1.023505330086e+00
  5.785600000000e+01,  9.999927878380e-01,  1.967370159884e+01,  1.020961284637e+00
  5.795600000000e+01,  9.999735951424e-01,  1.967372079153e+01,  1.018854260445e+00
  5.805600000000e+01,  9.999882578850e-01,  1.967370612879e+01,  1.021024346352e+00
  5.815600000000e+01,  9.999883174896e-01,  1.967370606919e+01,  1.021503090858e+00
  5.825600000000e+01,  9.999766945839e-01,  1.967371769209e+01,  1.020461201668e+00
  5.835600000000e+01,  1.000015735626e+00,  1.967367865105e+01,  1.023161172867e+00
  5.845600000000e+01,  9.999974370003e-01,  1.967369694968e+01,  1.023339509964e+00
  5.855600000000e+01,  1.000025153160e+00,  1.967366923352e+01,  1.023014664650e+00
  5.865600000000e+01,  9.999945759773e-01,  1.967369981070e+01,  1.017894148827e+00
  5.875600000000e+01,  1.000039577484e+00,  1.967365480919e+01,  1.018657445908e+00
  5.885600000000e+01,  1.000033020973e+00,  1.967366136570e+01,  1.021410226822e+00
  5.895600000000e+01,  1.000003099442e+00,  1.967369128724e+01,  1.021419525146e+00
  5.905600000000e+01,  9.999797344208e-01,  1.967371465226e+01,  1.021379590034e+00
  5.915600000000e+01,  1.000001311302e+00,  1.967369307537e+01,  1.017765879631e+00
  5.925600000000e+01,  1.000009536743e+00,  1.967368484993e+01,  1.019431829453e+00
  5.935600000000e+01,  9.999889731407e-01,  1.967370541354e+01,  1.017414808273e+00
  5.945600000000e+01,  1.000013709068e+00,  1.967368067761e+01,  1.018389701843e+00
  5.955600000000e+01,  9.999670982361e-01,  1.967372728844e+01,  1.020619034767e+00
  5.965600000000e+01,  1.000005722046e+00,  1.967368866463e+01,  1.019125223160e+00
  5.975600000000e+01,  1.000007629395e+00,  1.967368675728e+01,  1.019835114479e+00
  5.985600000000e+01,  1.000025033951e+00,  1.967366935273e+01,  1.017212390900e+00
  5.995600000000e+01,  1.000007271767e+00,  1.967368711491e+01,  1.017760276794e+00
  6.005600000000e+01,  1.000000953674e+00,  1.967369343300e+01,  1.018271446228e+00
  6.015600000000e+01,  1.000045776367e+00,  1.967364861031e+01,  1.018137693405e+00
  6.025600000000e+01,  9.999864101410e-01,  1.967370797654e+01,  1.018422484398e+00
  6.035600000000e+01,  1.000020742416e+00,  1.967367364426e+01,  1.018434882164e+00
  6.045600000000e+01,  1.000015497208e+00,  1.967367888947e+01,  1.016743302345e+00
  6.055600000000e+01,  9.999935030937e-01,  1.967370088358e+01,  1.016627550125e+00
  6.065600000000e+01,  1.000023007393e+00,  1.967367137928e+01,  1.020775675774e+00
  6.075600000000e+01,  9.999728798866e-01,  1.967372150679e+01,  1.016782999039e+00
  6.085600000000e+01,  1.000008940697e+00,  1.967368544598e+01,  1.019116401672e+00
  6.095600000000e+01,  1.000011801720e+00,  1.967368258496e+01,  1.017529726028e+00
  6.105600000000e+01,  9.999791383743e-01,  1.967371524830e+01,  1.017577171326e+00
  6.115600000000e+01,  1.000011086464e+00,  1.967368330021e+01,  1.017586827278e+00
  6.125600000000e+01,  1.000010967255e+00,  1.967368341942e+01,  1.018247604370e+00
  6.135600000000e+01,  9.999884366989e-01,  1.967370594998e+01,  1.017998218536e+00
  6.145600000000e+01,  9.999992251396e-01,  1.967369516154e+01,  1.015958070755e+00
  6.155600000000e+01,  1.000012278557e+00,  1.967368210812e+01,  1.017786383629e+00
  6.156100000000e+01,  1.000010728836e+00,  1.967368365784e+01,  1.018035292625e+00
  6.156200000000e+01,  1.000011920929e+00,  1.967368246575e+01,  1.018058061600e+00
  6.156500000000e+01,  1.000005006790e+00,  1.967368937989e+01,  1.017907857895e+00
  6.166500000000e+01,  9.999727010727e-01,  1.967372168560e+01,  1.017852306366e+00
  6.174850000000e+01,  9.898334741592e-01,  1.968386091252e+01,  1.011709690094e+00
  6.176900000000e+01,  9.794555902481e-01,  1.969423879643e+01,  9.832692146301e-01
  6.177900000000e+01,  9.690853357315e-01,  1.970460905095e+01,  9.599118232727e-01
  6.178650000000e+01,  9.585987329483e-01,  1.971509565373e+01,  9.517292976379e-01
  6.179300000000e+01,  9.484516382217e-01,  1.972524274846e+01,  9.367299079895e-01
  6.179950000000e+01,  9.376446008682e-01,  1.973604978581e+01,  9.207463264465e-01
  6.180550000000e+01,  9.273258447647e-01,  1.974636854191e+01,  9.035725593567e-01
  6.181150000000e+01,  9.168926477432e-01,  1.975680173893e+01,  8.896794319153e-01
  6.181750000000e+01,  9.067836999893e-01,  1.976691068669e+01,  8.752102851868e-01
  6.182400000000e+01,  8.966327905655e-01,  1.977706159611e+01,  8.665127754211e-01
  6.183150000000e+01,  8.864895105362e-01,  1.978720487614e+01,  8.378186225891e-01
  6.184000000000e+01,  8.759533166885e-01,  1.979774106999e+01,  8.062787055969e-01
  6.184850000000e+01,  8.653408288956e-01,  1.980835355778e+01,  7.814526557922e-01
  6.185650000000e+01,  8.550831079483e-01,  1.981861127873e+01,  7.627758979797e-01
  6.186450000000e+01,  8.446117639542e-01,  1.982908262272e+01,  7.444806098938e-01
  6.187250000000e+01,  8.340641260147e-01,  1.983963026066e+01,  7.243542671204e-01
  6.188050000000e+01,  8.234764337540e-01,  1.985021795292e+01,  7.050566673279e-01
  6.188850000000e+01,  8.128868341446e-01,  1.986080755253e+01,  6.870818138123e-01
  6.189650000000e+01,  8.025871515274e-01,  1.987110723515e+01,  6.718955039978e-01
  6.190500000000e+01,  7.924095392227e-01,  1.988128484745e+01,  6.516699790955e-01
  6.191450000000e+01,  7.820602655411e-01,  1.989163412114e+01,  6.296820640564e-01
  6.192500000000e+01,  7.716556787491e-01,  1.990203870793e+01,  6.069235801697e-01
  6.193650000000e+01,  7.613083124161e-01,  1.991238607426e+01,  5.840544700623e-01
  6.194850000000e+01,  7.510963678360e-01,  1.992259801884e+01,  5.610518455505e-01
  6.196000000000e+01,  7.409244775772e-01,  1.993276990910e+01,  5.421385765076e-01
  6.197100000000e+01,  7.304855585098e-01,  1.994320882817e+01,  5.239691734314e-01
  6.198150000000e+01,  7.200638055801e-01,  1.995363058110e+01,  5.070471763611e-01
  6.199150000000e+01,  7.100540399551e-01,  1.996364034672e+01,  4.883704185486e-01
  6.200150000000e+01,  7.000480890274e-01,  1.997364629765e+01,  4.694495201111e-01
  6.201200000000e+01,  6.896072626114e-01,  1.998408712407e+01,  4.502158164978e-01
  6.202250000000e+01,  6.792351007462e-01,  1.999445928593e+01,  4.319243431091e-01
  6.203300000000e+01,  6.688019037247e-01,  2.000489248295e+01,  4.134802818298e-01
  6.204300000000e+01,  6.587349176407e-01,  2.001495946904e+01,  3.957533836365e-01
  6.205300000000e+01,  6.486946344376e-01,  2.002499975224e+01,  3.780074119568e-01
  6.206350000000e+01,  6.382232904434e-01,  2.003547109623e+01,  3.592696189880e-01
  6.207400000000e+01,  6.277633905411e-01,  2.004593099614e+01,  3.395247459412e-01
  6.208400000000e+01,  6.176391839981e-01,  2.005605520268e+01,  3.251433372498e-01
  6.209400000000e+01,  6.075073480606e-01,  2.006618703862e+01,  3.108153343201e-01
  6.210400000000e+01,  5.973449945450e-01,  2.007634939213e+01,  2.941489219666e-01
  6.211400000000e+01,  5.871902704239e-01,  2.008650411625e+01,  2.789473533630e-01
  6.212400000000e+01,  5.771270990372e-01,  2.009656728764e+01,  2.646040916443e-01
  6.213450000000e+01,  5.667092800140e-01,  2.010698510666e+01,  2.469722330570e-01
  6.214450000000e+01,  5.567071437836e-01,  2.011698724289e+01,  2.328998148441e-01
  6.215450000000e+01,  5.465943813324e-01,  2.012710000534e+01,  2.200824320316e-01
  6.216450000000e+01,  5.363290309906e-01,  2.013736535569e+01,  2.061435282230e-01
  6.217450000000e+01,  5.259912014008e-01,  2.014770318528e+01,  1.930362284184e-01
  6.218450000000e+01,  5.158250331879e-01,  2.015786935349e+01,  1.790324747562e-01
  6.219500000000e+01,  5.054376125336e-01,  2.016825677414e+01,  1.631290018559e-01
  6.220550000000e+01,  4.952447116375e-01,  2.017844967504e+01,  1.474010050297e-01
  6.221600000000e+01,  4.851281344891e-01,  2.018856625219e+01,  1.327792704105e-01
  6.222650000000e+01,  4.748532474041e-01,  2.019884113927e+01,  1.189128533006e-01
  6.223650000000e+01,  4.647862613201e-01,  2.020890812536e+01,  1.088191643357e-01
  6.224650000000e+01,  4.545437991619e-01,  2.021915058751e+01,  9.718433767557e-02
  6.225650000000e+01,  4.443204104900e-01,  2.022937397619e+01,  8.562580496073e-02
  6.226650000000e+01,  4.342534244061e-01,  2.023944096227e+01,  7.394901663065e-02
  6.227700000000e+01,  4.239461123943e-01,  2.024974827428e+01,  6.073490530252e-02
  6.228750000000e+01,  4.137170016766e-01,  2.025997738500e+01,  4.717556387186e-02
  6.229800000000e+01,  4.033524692059e-01,  2.027034191747e+01,  3.567806631327e-02
  6.230800000000e+01,  3.933083713055e-01,  2.028038601537e+01,  2.524677664042e-02
  6.231800000000e+01,  3.831155002117e-01,  2.029057888647e+01,  1.462856680155e-02
  6.232800000000e+01,  3.729798495770e-01,  2.030071453710e+01,  4.277385305613e-03
  6.233850000000e+01,  3.626420199871e-01,  2.031105236669e+01, -8.318744599819e-03
  6.234900000000e+01,  3.525540530682e-01,  2.032114033361e+01, -2.058490365744e-02
  6.235950000000e+01,  3.424451053143e-01,  2.033124928136e+01, -3.196033090353e-02
  6.237000000000e+01,  3.320958316326e-01,  2.034159855504e+01, -4.100307077169e-02
  6.238000000000e+01,  3.220250308514e-01,  2.035166935583e+01, -4.999812692404e-02
  6.239000000000e+01,  3.117631077766e-01,  2.036193127890e+01, -5.904486402869e-02
  6.240000000000e+01,  3.014863133430e-01,  2.037220807333e+01, -6.768514961004e-02
  6.241000000000e+01,  2.913926243782e-01,  2.038230176230e+01, -7.634451240301e-02
  6.242050000000e+01,  2.810357213020e-01,  2.039265866537e+01, -8.850195258856e-02
  6.243100000000e+01,  2.706521153450e-01,  2.040304227133e+01, -9.870436042547e-02
  6.244100000000e+01,  2.606270909309e-01,  2.041306729575e+01, -1.054220423102e-01
  6.245100000000e+01,  2.504876255989e-01,  2.042320676108e+01, -1.128225550056e-01
  6.246100000000e+01,  2.402795106173e-01,  2.043341487606e+01, -1.190633997321e-01
  6.247100000000e+01,  2.301247864962e-01,  2.044356960018e+01, -1.252622902393e-01
  6.248100000000e+01,  2.200921326876e-01,  2.045360225399e+01, -1.296711266041e-01
  6.249150000000e+01,  2.097047120333e-01,  2.046398967464e+01, -1.364717781544e-01
  6.250200000000e+01,  1.993554383516e-01,  2.047433894833e+01, -1.418457329273e-01
  6.251250000000e+01,  1.889832764864e-01,  2.048471111019e+01, -1.482801735401e-01
  6.252300000000e+01,  1.785310059786e-01,  2.049516338070e+01, -1.540394127369e-01
  6.253350000000e+01,  1.680711060762e-01,  2.050562328060e+01, -1.613045036793e-01
  6.254400000000e+01,  1.576493531466e-01,  2.051604503353e+01, -1.684055626392e-01
  6.255450000000e+01,  1.472161561251e-01,  2.052647823055e+01, -1.765709221363e-01
  6.256450000000e+01,  1.371911317110e-01,  2.053650325497e+01, -1.829529106617e-01
  6.257450000000e+01,  1.270592957735e-01,  2.054663509090e+01, -1.856196224689e-01
  6.258450000000e+01,  1.169541552663e-01,  2.055674023141e+01, -1.862011253834e-01
  6.259500000000e+01,  1.064828112721e-01,  2.056721157540e+01, -1.864421963692e-01
  6.260550000000e+01,  9.616024047136e-02,  2.057753414621e+01, -1.833918094635e-01
  6.261600000000e+01,  8.594829589128e-02,  2.058774609079e+01, -1.785671710968e-01
  6.262650000000e+01,  7.574016600847e-02,  2.059795422067e+01, -1.754724979401e-01
  6.263700000000e+01,  6.537296622992e-02,  2.060832142045e+01, -1.739106178284e-01
  6.264700000000e+01,  5.533268302679e-02,  2.061836170365e+01, -1.727785468102e-01
  6.265700000000e+01,  4.517414420843e-02,  2.062852024247e+01, -1.710853576660e-01
  6.266750000000e+01,  3.484775871038e-02,  2.063884662797e+01, -1.705891489983e-01
  6.267900000000e+01,  2.451946586370e-02,  2.064917492081e+01, -1.685021668673e-01
  6.269250000000e+01,  1.434757467359e-02,  2.065934681200e+01, -1.633771210909e-01
  6.271300000000e+01,  4.274867009372e-03,  2.066941951967e+01, -1.558812409639e-01
  6.272000000000e+01,  2.229235367849e-03,  2.067146515131e+01, -1.528867036104e-01
  6.272100000000e+01,  1.987955765799e-03,  2.067170643091e+01, -1.525538712740e-01
  6.272900000000e+01,  3.786303859670e-04,  2.067331575629e+01, -1.482919007540e-01
  6.273200000000e+01, -8.771636930760e-05,  2.067378210305e+01, -1.464818269014e-01
  6.298700000000e+01, -2.481234725565e-03,  2.067617562140e+01,  1.354173436994e-04
  6.298800000000e+01, -2.474409993738e-03,  2.067616879667e+01,  4.291093500797e-05
