           Test time,     Standard travel,     Tool separation,      Standard force
                 0.0,                 0.0,  1.350844368163e+01, -9.494022466242e-03
                 0.0,                 0.0,  1.350844283971e+01, -9.642318822443e-03
                 0.0,                 0.0,  1.350844520527e+01, -8.749342523515e-03
                 0.0,                 0.0,  1.350845409381e+01, -7.967568002641e-03
                 0.0,                 0.0,  1.350846045661e+01, -7.936275564134e-03
                 0.0,                 0.0,  1.356069481009e+01, -8.710062131286e-03
  0.000000000000e+00,  0.000000000000e+00,  1.356069565017e+01, -8.623277768493e-03
  8.000001311302e-03, -6.481772288680e-06,  1.356070213194e+01, -8.915567770600e-03
  1.100000739098e-02, -1.312210224569e-05,  1.356070877227e+01, -8.910769596696e-03
  1.299999654293e-02, -7.638474926353e-06,  1.356070328864e+01, -9.015196934342e-03
  1.399999856949e-02, -9.801005944610e-06,  1.356070545117e+01, -9.064191952348e-03
  1.140000075102e-01,  1.964003240573e-05,  1.356067601014e+01, -7.040424272418e-03
  2.144999951124e-01,  1.026363679557e-05,  1.356068538653e+01, -6.136521697044e-03
  3.145000040531e-01,  5.991229045321e-06,  1.356068965894e+01, -7.003990933299e-03
  4.150000065565e-01, -1.334321268587e-06,  1.356069698449e+01, -1.088367961347e-02
  5.154999941587e-01,  1.951819285750e-03,  1.355874383088e+01, -1.011342275888e-02
  5.604999959469e-01,  1.208229083568e-02,  1.354861335933e+01, -2.591420197859e-03
  5.789999961853e-01,  2.217502705753e-02,  1.353852062311e+01,  1.272363588214e-02
  5.894999951124e-01,  3.235073015094e-02,  1.352834492002e+01,  2.627201005816e-02
  5.974999964237e-01,  4.306240007281e-02,  1.351763325010e+01,  2.006931230426e-02
  6.044999957085e-01,  5.377788469195e-02,  1.350691776548e+01,  1.923239603639e-02
  6.110000014305e-01,  6.444759666920e-02,  1.349624805350e+01,  1.751935854554e-02
  6.169999986887e-01,  7.457943260670e-02,  1.348611621756e+01,  1.787209883332e-02
  6.229999959469e-01,  8.477993309498e-02,  1.347591571707e+01,  1.664704456925e-02
  6.295000016689e-01,  9.553737938404e-02,  1.346515827078e+01,  1.666987314820e-02
  6.360000073910e-01,  1.057874709368e-01,  1.345490817923e+01,  1.424229517579e-02
  6.435000002384e-01,  1.164419203997e-01,  1.344425372977e+01,  2.730572596192e-02
  6.510000079870e-01,  1.266576796770e-01,  1.343403797049e+01,  4.191601648927e-02
  6.585000008345e-01,  1.371519118547e-01,  1.342354373831e+01,  5.012333765626e-02
  6.655000001192e-01,  1.473257094622e-01,  1.341336994071e+01,  5.779087916017e-02
  6.724999994040e-01,  1.579610854387e-01,  1.340273456473e+01,  6.401681900024e-02
  6.790000051260e-01,  1.680700331926e-01,  1.339262561698e+01,  6.128979101777e-02
  6.860000044107e-01,  1.786291152239e-01,  1.338206653495e+01,  6.168815866113e-02
  6.934999972582e-01,  1.891920119524e-01,  1.337150363822e+01,  6.141206994653e-02
  7.020000070333e-01,  1.996557265520e-01,  1.336103992362e+01,  6.666991114616e-02
  7.119999974966e-01,  2.099687606096e-01,  1.335072688956e+01,  7.452818751335e-02
  7.245000004768e-01,  2.202665358782e-01,  1.334042911429e+01,  8.766791224480e-02
  7.380000054836e-01,  2.303545027971e-01,  1.333034114737e+01,  1.092705428600e-01
  7.500000000000e-01,  2.406923323870e-01,  1.332000331778e+01,  1.192955672741e-01
  7.604999989271e-01,  2.509385943413e-01,  1.330975705583e+01,  1.253380477428e-01
  7.705000042915e-01,  2.614061236382e-01,  1.329928952653e+01,  1.294912993908e-01
  7.800000011921e-01,  2.714769244194e-01,  1.328921872575e+01,  1.342615783215e-01
  7.900000065565e-01,  2.817727923393e-01,  1.327892285783e+01,  1.412291228771e-01
  8.005000054836e-01,  2.921144068241e-01,  1.326858124334e+01,  1.511404067278e-01
  8.114999979734e-01,  3.025743067265e-01,  1.325812134344e+01,  1.627561599016e-01
  8.225000053644e-01,  3.128778040409e-01,  1.324781784613e+01,  1.761800795794e-01
  8.330000042915e-01,  3.230306208134e-01,  1.323766502936e+01,  1.888448745012e-01
  8.429999947548e-01,  3.332616388798e-01,  1.322743401129e+01,  1.990510970354e-01
  8.525000065565e-01,  3.435041010380e-01,  1.321719154913e+01,  2.082445174456e-01
  8.620000034571e-01,  3.539525568485e-01,  1.320674309332e+01,  2.177183181047e-01
  8.715000003576e-01,  3.643743097782e-01,  1.319632134039e+01,  2.280504256487e-01
  8.809999972582e-01,  3.744336664677e-01,  1.318626198370e+01,  2.405283004045e-01
  8.910000026226e-01,  3.845616877079e-01,  1.317613396246e+01,  2.532770037651e-01
  9.015000015497e-01,  3.947297632694e-01,  1.316596588690e+01,  2.677995562553e-01
  9.124999940395e-01,  4.051839411259e-01,  1.315551170904e+01,  2.828714251518e-01
  9.230000078678e-01,  4.152490198612e-01,  1.314544663031e+01,  2.966768145561e-01
  9.335000067949e-01,  4.256097376347e-01,  1.313508591253e+01,  3.106462359428e-01
  9.434999972582e-01,  4.356500208378e-01,  1.312504562933e+01,  3.266183733940e-01
  9.535000026226e-01,  4.457246363163e-01,  1.311497101385e+01,  3.415796160698e-01
  9.640000015497e-01,  4.561730921268e-01,  1.310452255804e+01,  3.585473895073e-01
  9.745000004768e-01,  4.664937555790e-01,  1.309420189459e+01,  3.747293353081e-01
  9.849999994040e-01,  4.766027033329e-01,  1.308409294684e+01,  3.907243609428e-01
  9.954999983311e-01,  4.866029322147e-01,  1.307409271795e+01,  4.095613360405e-01
  1.005999997258e+00,  4.966813623905e-01,  1.306401428778e+01,  4.279062151909e-01
  1.016499996185e+00,  5.069486498833e-01,  1.305374700029e+01,  4.476129412651e-01
  1.026999995112e+00,  5.173780322075e-01,  1.304331761796e+01,  4.685136675835e-01
  1.037000000477e+00,  5.274640917778e-01,  1.303323155839e+01,  4.886247515678e-01
  1.047000005841e+00,  5.375601649284e-01,  1.302313548524e+01,  5.076692700386e-01
  1.056999996305e+00,  5.475890040398e-01,  1.301310664613e+01,  5.286348462105e-01
  1.067499995232e+00,  5.580145716667e-01,  1.300268107850e+01,  5.510728955269e-01
  1.077999994159e+00,  5.684515833855e-01,  1.299224406678e+01,  5.737703442574e-01
  1.088500007987e+00,  5.789229273796e-01,  1.298177272279e+01,  5.977953076363e-01
  1.099000006914e+00,  5.894209742546e-01,  1.297127467591e+01,  6.222627758980e-01
  1.108999997377e+00,  5.994269251823e-01,  1.296126872499e+01,  6.464250683784e-01
  1.119000002742e+00,  6.094366908073e-01,  1.295125895936e+01,  6.701067090034e-01
  1.129500001669e+00,  6.199118494987e-01,  1.294078380067e+01,  6.964891552925e-01
  1.140000000596e+00,  6.303374171257e-01,  1.293035823304e+01,  7.233827710152e-01
  1.150499999523e+00,  6.407858729362e-01,  1.291990977723e+01,  7.509554028511e-01
  1.160999998450e+00,  6.512381434441e-01,  1.290945750672e+01,  7.802065014839e-01
  1.171000003815e+00,  6.612784266472e-01,  1.289941722352e+01,  8.081606030464e-01
  1.181500002742e+00,  6.717688441277e-01,  1.288892680604e+01,  8.368623852730e-01
  1.192000001669e+00,  6.821791529655e-01,  1.287851649720e+01,  8.665407299995e-01
  1.202500000596e+00,  6.926619410515e-01,  1.286803370912e+01,  8.981645703316e-01
  1.212500005960e+00,  7.027708888054e-01,  1.285792476136e+01,  9.278200268745e-01
  1.222499996424e+00,  7.128722071648e-01,  1.284782344300e+01,  9.588029980659e-01
  1.232500001788e+00,  7.229811549187e-01,  1.283771449525e+01,  9.905870556831e-01
  1.242500007153e+00,  7.330710291862e-01,  1.282762462098e+01,  1.021219134331e+00
  1.253000006080e+00,  7.435385584831e-01,  1.281715709169e+01,  1.052446246147e+00
  1.263500005007e+00,  7.538096308708e-01,  1.280688601930e+01,  1.084550738335e+00
  1.274000003934e+00,  7.640463709831e-01,  1.279664927919e+01,  1.117837786674e+00
  1.284500002861e+00,  7.743498682976e-01,  1.278634578187e+01,  1.149331927299e+00
  1.295000001788e+00,  7.846245169640e-01,  1.277607113320e+01,  1.183391451836e+00
  1.305500000715e+00,  7.949299216270e-01,  1.276576572854e+01,  1.218234896660e+00
  1.315999999642e+00,  8.053173422813e-01,  1.275537830789e+01,  1.252544283867e+00
  1.326499998569e+00,  8.157734274864e-01,  1.274492222268e+01,  1.289234042168e+00
  1.336500003934e+00,  8.258175253868e-01,  1.273487812478e+01,  1.325076937675e+00
  1.346499994397e+00,  8.359760642052e-01,  1.272471958596e+01,  1.359821200371e+00
  1.356499999762e+00,  8.461117148399e-01,  1.271458393533e+01,  1.395137667656e+00
  1.366500005126e+00,  8.561252951622e-01,  1.270457035501e+01,  1.433353304863e+00
  1.377000004053e+00,  8.666080832481e-01,  1.269408756692e+01,  1.470920443535e+00
  1.387500002980e+00,  8.770527243614e-01,  1.268364292581e+01,  1.509555697441e+00
  1.397499993443e+00,  8.870548605919e-01,  1.267364078958e+01,  1.546131014824e+00
  1.407499998808e+00,  8.971332907677e-01,  1.266356235940e+01,  1.583377718925e+00
  1.417500004172e+00,  9.073032736778e-01,  1.265339237649e+01,  1.619846224785e+00
  1.427499994636e+00,  9.174579977989e-01,  1.264323765237e+01,  1.657337069511e+00
  1.437500000000e+00,  9.275173544884e-01,  1.263317829568e+01,  1.695415377617e+00
  1.447999998927e+00,  9.379848837852e-01,  1.262271076638e+01,  1.736232638359e+00
  1.458499997854e+00,  9.484676718712e-01,  1.261222797830e+01,  1.776248812675e+00
  1.468999996781e+00,  9.589046835899e-01,  1.260179096658e+01,  1.816142916679e+00
  1.479499995708e+00,  9.690117239952e-01,  1.259168392617e+01,  1.852725863457e+00
  1.490999996662e+00,  9.791225790977e-01,  1.258157307107e+01,  1.889530062675e+00
  1.505500003695e+00,  9.893421530724e-01,  1.257135349710e+01,  1.928081393242e+00
  1.524000003934e+00,  9.973368048668e-01,  1.256335884530e+01,  1.960990786552e+00
  1.624500006437e+00,  1.003516912460e+00,  1.255717873771e+01,  1.982564806938e+00
  1.724999994040e+00,  1.002787828445e+00,  1.255790782172e+01,  1.975571036339e+00
  1.825000002980e+00,  1.001985669136e+00,  1.255870998103e+01,  1.971298336983e+00
  1.925500005484e+00,  1.001360177994e+00,  1.255933547218e+01,  1.965849757195e+00
  2.026000007987e+00,  1.000910997391e+00,  1.255978465278e+01,  1.960818767548e+00
  2.126499995589e+00,  1.000538468361e+00,  1.256015718181e+01,  1.956284165382e+00
  2.226500004530e+00,  1.000373959541e+00,  1.256032169063e+01,  1.951775670052e+00
  2.327000007033e+00,  1.000246882439e+00,  1.256044876773e+01,  1.950824737549e+00
  2.427499994636e+00,  1.000144243240e+00,  1.256055140693e+01,  1.949936628342e+00
  2.527500003576e+00,  1.000090241432e+00,  1.256060540874e+01,  1.940863251686e+00
  2.628000006080e+00,  1.000037908554e+00,  1.256065774161e+01,  1.936263442039e+00
  2.728499993682e+00,  1.000000238419e+00,  1.256069541175e+01,  1.940104365349e+00
  2.828500002623e+00,  1.000017046928e+00,  1.256067860324e+01,  1.940021157265e+00
  2.929000005126e+00,  1.000013828278e+00,  1.256068182189e+01,  1.933612346649e+00
  3.029500007629e+00,  1.000023365021e+00,  1.256067228515e+01,  1.926485538483e+00
  3.129999995232e+00,  9.999987483025e-01,  1.256069690187e+01,  1.928228616714e+00
  3.230000004172e+00,  1.000004410744e+00,  1.256069123943e+01,  1.927751421928e+00
  3.330500006676e+00,  9.999983906746e-01,  1.256069725949e+01,  1.928219676018e+00
  3.430999994278e+00,  1.000012636185e+00,  1.256068301398e+01,  1.925207018852e+00
  3.531000003219e+00,  1.000004649162e+00,  1.256069100101e+01,  1.920302510262e+00
  3.631500005722e+00,  1.000002026558e+00,  1.256069362361e+01,  1.919136643410e+00
  3.731999993324e+00,  9.999837279320e-01,  1.256071192224e+01,  1.922113180161e+00
  3.832000002265e+00,  1.000013351440e+00,  1.256068229873e+01,  1.917890787125e+00
  3.932500004768e+00,  1.000021100044e+00,  1.256067455012e+01,  1.915021538734e+00
  4.033000007272e+00,  1.000029325485e+00,  1.256066632468e+01,  1.913289785385e+00
  4.133499994874e+00,  9.999990463257e-01,  1.256069660384e+01,  1.910997867584e+00
  4.233500003815e+00,  1.000010609627e+00,  1.256068504054e+01,  1.911474585533e+00
  4.334000006318e+00,  1.000012874603e+00,  1.256068277557e+01,  1.911680340767e+00
  4.434499993920e+00,  1.000007867813e+00,  1.256068778236e+01,  1.907571554184e+00
  4.534500002861e+00,  1.000002264977e+00,  1.256069338519e+01,  1.900652766228e+00
  4.635000005364e+00,  1.000016689301e+00,  1.256067896087e+01,  1.900606632233e+00
  4.735500007868e+00,  1.000009298325e+00,  1.256068635184e+01,  1.910624384880e+00
  4.835999995470e+00,  1.000020265579e+00,  1.256067538459e+01,  1.907728314400e+00
  4.936000004411e+00,  1.000020861626e+00,  1.256067478854e+01,  1.900170087814e+00
  5.036500006914e+00,  1.000004768372e+00,  1.256069088180e+01,  1.894046068192e+00
  5.136999994516e+00,  1.000006556511e+00,  1.256068909366e+01,  1.898000001907e+00
  5.237000003457e+00,  1.000009417534e+00,  1.256068623264e+01,  1.902993083000e+00
  5.337500005960e+00,  9.999779462814e-01,  1.256071770389e+01,  1.899250388145e+00
  5.437999993563e+00,  1.000002741814e+00,  1.256069290836e+01,  1.893804311752e+00
  5.538000002503e+00,  9.999949932098e-01,  1.256070065696e+01,  1.889874100685e+00
  5.638500005007e+00,  9.999866485596e-01,  1.256070900161e+01,  1.893732666969e+00
  5.739000007510e+00,  1.000020861626e+00,  1.256067478854e+01,  1.894793033600e+00
  5.839499995112e+00,  1.000030517578e+00,  1.256066513259e+01,  1.895335316658e+00
  5.939500004053e+00,  1.000017404556e+00,  1.256067824561e+01,  1.886396288872e+00
  6.039499998093e+00,  1.000014781952e+00,  1.256068086822e+01,  1.886553525925e+00
  6.139500007033e+00,  1.000003337860e+00,  1.256069231231e+01,  1.888482928276e+00
  6.239500001073e+00,  9.999803304672e-01,  1.256071531970e+01,  1.888961911201e+00
  6.339499995112e+00,  1.000028967857e+00,  1.256066668231e+01,  1.886730551720e+00
  6.439500004053e+00,  9.999935030937e-01,  1.256070214708e+01,  1.883154273033e+00
  6.539499998093e+00,  9.999850988388e-01,  1.256071055133e+01,  1.884897828102e+00
  6.639500007033e+00,  9.999942183495e-01,  1.256070143182e+01,  1.884288907051e+00
  6.739500001073e+00,  9.999983310699e-01,  1.256069731910e+01,  1.884215712547e+00
  6.839499995112e+00,  1.000002264977e+00,  1.256069338519e+01,  1.880741357803e+00
  6.939500004053e+00,  1.000013947487e+00,  1.256068170268e+01,  1.880434751511e+00
  7.039499998093e+00,  1.000007510185e+00,  1.256068813998e+01,  1.879042387009e+00
  7.139500007033e+00,  1.000031709671e+00,  1.256066394050e+01,  1.878566265106e+00
  7.239500001073e+00,  1.000013947487e+00,  1.256068170268e+01,  1.878166437149e+00
  7.339499995112e+00,  1.000054597855e+00,  1.256064105231e+01,  1.879456996918e+00
  7.439500004053e+00,  1.000016331673e+00,  1.256067931850e+01,  1.875735759735e+00
  7.539499998093e+00,  1.000031709671e+00,  1.256066394050e+01,  1.874909281731e+00
  7.639500007033e+00,  1.000015974045e+00,  1.256067967612e+01,  1.876892447472e+00
  7.739500001073e+00,  1.000026822090e+00,  1.256066882808e+01,  1.872948765755e+00
  7.839499995112e+00,  1.000006794930e+00,  1.256068885524e+01,  1.872733354568e+00
  7.939500004053e+00,  1.000001192093e+00,  1.256069445808e+01,  1.872693657875e+00
  8.039499998093e+00,  9.999997615814e-01,  1.256069588859e+01,  1.870964884758e+00
  8.139500007033e+00,  9.999954104424e-01,  1.256070023973e+01,  1.871222615242e+00
  8.239500001073e+00,  1.000014305115e+00,  1.256068134505e+01,  1.868112206459e+00
  8.339499995112e+00,  1.000014305115e+00,  1.256068134505e+01,  1.868617653847e+00
  8.439500004053e+00,  1.000000357628e+00,  1.256069529254e+01,  1.868881106377e+00
  8.539499998093e+00,  1.000018715858e+00,  1.256067693431e+01,  1.866754412651e+00
  8.639500007033e+00,  1.000010967255e+00,  1.256068468291e+01,  1.866635084152e+00
  8.739500001073e+00,  1.000006556511e+00,  1.256068909366e+01,  1.865364789963e+00
  8.839499995112e+00,  9.999561309814e-01,  1.256073951919e+01,  1.866982340813e+00
  8.939500004053e+00,  1.000008821487e+00,  1.256068682868e+01,  1.866298079491e+00
  9.039499998093e+00,  9.999888539314e-01,  1.256070679624e+01,  1.864584922791e+00
  9.139500007033e+00,  9.999848604202e-01,  1.256071078975e+01,  1.863361716270e+00
  9.239500001073e+00,  1.000007748604e+00,  1.256068790157e+01,  1.863666415215e+00
  9.339499995112e+00,  1.000009894371e+00,  1.256068575580e+01,  1.863802671432e+00
  9.439500004053e+00,  1.000025510788e+00,  1.256067013938e+01,  1.862354755402e+00
  9.539499998093e+00,  1.000001192093e+00,  1.256069445808e+01,  1.863207459450e+00
  9.639500007033e+00,  1.000021696091e+00,  1.256067395408e+01,  1.862053751945e+00
  9.739500001073e+00,  1.000008702278e+00,  1.256068694789e+01,  1.862002015114e+00
  9.839499995112e+00,  1.000012874603e+00,  1.256068277557e+01,  1.859003067017e+00
  9.939500004053e+00,  1.000019788742e+00,  1.256067586143e+01,  1.861053109169e+00
  1.003949999809e+01,  1.000010609627e+00,  1.256068504054e+01,  1.858506083488e+00
  1.013950000703e+01,  9.999974370003e-01,  1.256069821317e+01,  1.859400987625e+00
  1.023950000107e+01,  1.000006437302e+00,  1.256068921287e+01,  1.857208728790e+00
  1.033949999511e+01,  1.000006914139e+00,  1.256068873603e+01,  1.855233192444e+00
  1.043950000405e+01,  1.000025987625e+00,  1.256066966254e+01,  1.854281425476e+00
  1.053949999809e+01,  1.000037193298e+00,  1.256065845687e+01,  1.854721307755e+00
  1.063950000703e+01,  1.000036835670e+00,  1.256065881450e+01,  1.854334115982e+00
  1.073950000107e+01,  9.999970793724e-01,  1.256069857080e+01,  1.852255582809e+00
  1.083949999511e+01,  9.999987483025e-01,  1.256069690187e+01,  1.853324413300e+00
  1.093950000405e+01,  1.000031113625e+00,  1.256066453654e+01,  1.853709340096e+00
  1.103949999809e+01,  1.000012874603e+00,  1.256068277557e+01,  1.851605772972e+00
  1.113950000703e+01,  1.000013470650e+00,  1.256068217952e+01,  1.851113677025e+00
  1.123950000107e+01,  1.000009536743e+00,  1.256068611343e+01,  1.850907683372e+00
  1.133949999511e+01,  1.000002503395e+00,  1.256069314677e+01,  1.852539300919e+00
  1.143950000405e+01,  1.000030279160e+00,  1.256066537101e+01,  1.850261449814e+00
  1.153949999809e+01,  9.999958872795e-01,  1.256069976289e+01,  1.848750710487e+00
  1.163950000703e+01,  9.999829530716e-01,  1.256071269710e+01,  1.846852183342e+00
  1.173950000107e+01,  1.000012874603e+00,  1.256068277557e+01,  1.848308086395e+00
  1.183949999511e+01,  9.999855160713e-01,  1.256071013410e+01,  1.848354339600e+00
  1.193950000405e+01,  9.999902844429e-01,  1.256070536573e+01,  1.845567107201e+00
  1.203949999809e+01,  9.999738931656e-01,  1.256072175700e+01,  1.843783736229e+00
  1.213950000703e+01,  1.000041007996e+00,  1.256065464217e+01,  1.844044923782e+00
  1.223950000107e+01,  9.999964237213e-01,  1.256069922645e+01,  1.844803690910e+00
  1.233949999511e+01,  1.000018596649e+00,  1.256067705352e+01,  1.842458486557e+00
  1.243950000405e+01,  1.000030517578e+00,  1.256066513259e+01,  1.842688441277e+00
  1.253949999809e+01,  1.000039696693e+00,  1.256065595348e+01,  1.843128919601e+00
  1.263950000703e+01,  1.000048160553e+00,  1.256064748962e+01,  1.842603921890e+00
  1.273950000107e+01,  9.999899864197e-01,  1.256070566375e+01,  1.844797253609e+00
  1.283949999511e+01,  1.000026345253e+00,  1.256066930492e+01,  1.840024709702e+00
  1.293950000405e+01,  1.000009417534e+00,  1.256068623264e+01,  1.843336224556e+00
  1.303949999809e+01,  9.999968409538e-01,  1.256069880922e+01,  1.839364171028e+00
  1.313950000703e+01,  1.000028133392e+00,  1.256066751678e+01,  1.841428518295e+00
  1.323950000107e+01,  1.000039458275e+00,  1.256065619189e+01,  1.839898347855e+00
  1.333949999511e+01,  1.000013351440e+00,  1.256068229873e+01,  1.839855074883e+00
  1.343950000405e+01,  1.000029206276e+00,  1.256066644389e+01,  1.839142441750e+00
  1.353949999809e+01,  9.999793171883e-01,  1.256071633298e+01,  1.838340163231e+00
  1.363950000703e+01,  1.000005960464e+00,  1.256068968970e+01,  1.836614131927e+00
  1.373950000107e+01,  9.999811649323e-01,  1.256071448524e+01,  1.837493538857e+00
  1.383949999511e+01,  9.999817609787e-01,  1.256071388919e+01,  1.837298154831e+00
  1.393950000405e+01,  9.999970793724e-01,  1.256069857080e+01,  1.837766766548e+00
  1.403949999809e+01,  9.999911785126e-01,  1.256070447166e+01,  1.834992170334e+00
  1.413950000703e+01,  9.999946951866e-01,  1.256070095498e+01,  1.837381482124e+00
  1.423950000107e+01,  9.999926686287e-01,  1.256070298154e+01,  1.836694359779e+00
  1.433949999511e+01,  1.000016450882e+00,  1.256067919929e+01,  1.835564613342e+00
  1.443950000405e+01,  1.000001430511e+00,  1.256069421966e+01,  1.836054682732e+00
  1.453949999809e+01,  9.999825954437e-01,  1.256071305473e+01,  1.836026072502e+00
  1.463950000703e+01,  1.000039339066e+00,  1.256065631110e+01,  1.832380533218e+00
  1.473950000107e+01,  1.000015735626e+00,  1.256067991454e+01,  1.832808852196e+00
  1.483949999511e+01,  1.000046253204e+00,  1.256064939696e+01,  1.831763625145e+00
  1.493950000405e+01,  9.999977946281e-01,  1.256069785554e+01,  1.832009077072e+00
  1.503949999809e+01,  1.000013470650e+00,  1.256068217952e+01,  1.831195592880e+00
  1.513950000703e+01,  1.000008225441e+00,  1.256068742473e+01,  1.831922173500e+00
  1.523950000107e+01,  1.000003933907e+00,  1.256069171626e+01,  1.829866290092e+00
  1.533949999511e+01,  1.000016927719e+00,  1.256067872245e+01,  1.828129887581e+00
  1.543950000405e+01,  1.000014424324e+00,  1.256068122584e+01,  1.828430056572e+00
  1.553949999809e+01,  9.999875426292e-01,  1.256070810754e+01,  1.829909682274e+00
  1.563950000703e+01,  1.000009775162e+00,  1.256068587501e+01,  1.828148245811e+00
  1.573950000107e+01,  9.999861717224e-01,  1.256070947845e+01,  1.827308654785e+00
  1.583949999511e+01,  9.999929666519e-01,  1.256070268352e+01,  1.828778982162e+00
  1.593950000405e+01,  1.000032305717e+00,  1.256066334445e+01,  1.829181313515e+00
  1.603949999809e+01,  9.999821782112e-01,  1.256071347196e+01,  1.823894977570e+00
  1.613950000703e+01,  9.999825954437e-01,  1.256071305473e+01,  1.825778722763e+00
  1.623950000107e+01,  1.000012159348e+00,  1.256068349082e+01,  1.824939727783e+00
  1.633949999511e+01,  9.999911785126e-01,  1.256070447166e+01,  1.825158357620e+00
  1.643950000405e+01,  9.999957084656e-01,  1.256069994170e+01,  1.823847532272e+00
  1.653949999809e+01,  9.999973177910e-01,  1.256069833238e+01,  1.822189807892e+00
  1.663950000703e+01,  1.000007390976e+00,  1.256068825919e+01,  1.823528051376e+00
  1.673950000107e+01,  1.000013113022e+00,  1.256068253715e+01,  1.822885394096e+00
  1.683949999511e+01,  9.999770522118e-01,  1.256071859796e+01,  1.823128223419e+00
  1.693950000405e+01,  9.999890923500e-01,  1.256070655782e+01,  1.821895241737e+00
  1.703949999809e+01,  9.999959468842e-01,  1.256069970328e+01,  1.821682333946e+00
  1.713950000703e+01,  9.999821782112e-01,  1.256071347196e+01,  1.819356560707e+00
  1.723950000107e+01,  1.000017762184e+00,  1.256067788798e+01,  1.822320103645e+00
  1.733949999511e+01,  1.000001907349e+00,  1.256069374282e+01,  1.820498347282e+00
  1.743950000405e+01,  1.000005245209e+00,  1.256069040496e+01,  1.819403409958e+00
  1.753949999809e+01,  1.000017285347e+00,  1.256067836482e+01,  1.818698644638e+00
  1.763950000703e+01,  9.999858140945e-01,  1.256070983607e+01,  1.819329977036e+00
  1.773950000107e+01,  1.000023245811e+00,  1.256067240436e+01,  1.820364236832e+00
  1.783949999511e+01,  1.000022172928e+00,  1.256067347724e+01,  1.818233728409e+00
  1.793950000405e+01,  1.000023365021e+00,  1.256067228515e+01,  1.819891691208e+00
  1.803949999809e+01,  1.000009179115e+00,  1.256068647105e+01,  1.817595481873e+00
  1.813950000703e+01,  9.999994635582e-01,  1.256069618661e+01,  1.817647933960e+00
  1.823950000107e+01,  9.999933242798e-01,  1.256070232589e+01,  1.815853953362e+00
  1.833949999511e+01,  9.999701976776e-01,  1.256072545249e+01,  1.815502524376e+00
  1.843950000405e+01,  1.000033497810e+00,  1.256066215236e+01,  1.816177248955e+00
  1.853949999809e+01,  1.000037193298e+00,  1.256065845687e+01,  1.814250111580e+00
  1.863950000703e+01,  9.999920129776e-01,  1.256070363719e+01,  1.814531564713e+00
  1.873950000107e+01,  1.000002622604e+00,  1.256069302756e+01,  1.813689708710e+00
  1.883949999511e+01,  9.999886155128e-01,  1.256070703466e+01,  1.813909292221e+00
  1.893950000405e+01,  1.000010609627e+00,  1.256068504054e+01,  1.814789652824e+00
  1.903949999809e+01,  9.999815821648e-01,  1.256071406800e+01,  1.810999751091e+00
  1.913950000703e+01,  1.000005245209e+00,  1.256069040496e+01,  1.812914967537e+00
  1.923950000107e+01,  1.000022768974e+00,  1.256067288119e+01,  1.815083146095e+00
  1.933949999511e+01,  1.000008344650e+00,  1.256068730552e+01,  1.812695384026e+00
  1.943950000405e+01,  9.999785423279e-01,  1.256071710784e+01,  1.810932278633e+00
  1.953949999809e+01,  9.999970793724e-01,  1.256069857080e+01,  1.810248374939e+00
  1.963950000703e+01,  9.999840259552e-01,  1.256071162421e+01,  1.809046030045e+00
  1.973950000107e+01,  1.000015020370e+00,  1.256068062980e+01,  1.809754014015e+00
  1.983949999511e+01,  1.000016808510e+00,  1.256067884166e+01,  1.811292648315e+00
  1.993950000405e+01,  1.000021934509e+00,  1.256067371566e+01,  1.808999061584e+00
  2.003949999809e+01,  1.000000000000e+00,  1.256069565017e+01,  1.810526013374e+00
  2.013950000703e+01,  1.000003099442e+00,  1.256069255073e+01,  1.809379339218e+00
  2.023950000107e+01,  9.999774694443e-01,  1.256071818072e+01,  1.810368776321e+00
  2.033949999511e+01,  9.999958872795e-01,  1.256069976289e+01,  1.809358477592e+00
  2.043950000405e+01,  9.999991059303e-01,  1.256069654424e+01,  1.806974053383e+00
  2.053949999809e+01,  9.999852180481e-01,  1.256071043212e+01,  1.807270765305e+00
  2.063950000703e+01,  9.999997615814e-01,  1.256069588859e+01,  1.808654189110e+00
  2.073950000107e+01,  9.999935030937e-01,  1.256070214708e+01,  1.808101296425e+00
  2.083949999511e+01,  1.000002980232e+00,  1.256069266994e+01,  1.808950662613e+00
  2.093950000405e+01,  1.000013113022e+00,  1.256068253715e+01,  1.808278560638e+00
  2.103949999809e+01,  1.000005364418e+00,  1.256069028575e+01,  1.808149933815e+00
  2.113950000703e+01,  1.000014543533e+00,  1.256068110664e+01,  1.805616617203e+00
  2.123950000107e+01,  9.999999403954e-01,  1.256069570977e+01,  1.804604530334e+00
  2.133949999511e+01,  1.000021815300e+00,  1.256067383487e+01,  1.806008696556e+00
  2.143950000405e+01,  1.000001192093e+00,  1.256069445808e+01,  1.804153919220e+00
  2.153949999809e+01,  9.999958872795e-01,  1.256069976289e+01,  1.805220723152e+00
  2.163950000703e+01,  1.000021457672e+00,  1.256067419250e+01,  1.805016517639e+00
  2.173950000107e+01,  9.999859929085e-01,  1.256070965726e+01,  1.803247332573e+00
  2.183949999511e+01,  1.000014901161e+00,  1.256068074901e+01,  1.804191827774e+00
  2.193950000405e+01,  1.000004649162e+00,  1.256069100101e+01,  1.800667405128e+00
  2.203949999809e+01,  9.999971389771e-01,  1.256069851119e+01,  1.802914738655e+00
  2.213950000703e+01,  9.999991059303e-01,  1.256069654424e+01,  1.801370739937e+00
  2.223950000107e+01,  1.000001430511e+00,  1.256069421966e+01,  1.802081346512e+00
  2.233949999511e+01,  9.999905228615e-01,  1.256070512731e+01,  1.802102327347e+00
  2.243950000405e+01,  9.999907612801e-01,  1.256070488889e+01,  1.801373124123e+00
  2.253949999809e+01,  1.000007390976e+00,  1.256068825919e+01,  1.802633166313e+00
  2.263950000703e+01,  1.000022530556e+00,  1.256067311961e+01,  1.799057722092e+00
  2.273950000107e+01,  9.999873042107e-01,  1.256070834596e+01,  1.801285624504e+00
  2.283949999511e+01,  9.999946951866e-01,  1.256070095498e+01,  1.798854589462e+00
  2.293950000405e+01,  9.999703764915e-01,  1.256072527368e+01,  1.799060106277e+00
  2.303949999809e+01,  1.000012397766e+00,  1.256068325240e+01,  1.798449873924e+00
  2.313950000703e+01,  1.000024676323e+00,  1.256067097385e+01,  1.800455570221e+00
  2.323950000107e+01,  1.000011086464e+00,  1.256068456371e+01,  1.798026919365e+00
  2.333949999511e+01,  9.999921321869e-01,  1.256070351798e+01,  1.797333598137e+00
  2.343950000405e+01,  9.999790787697e-01,  1.256071657140e+01,  1.799532413483e+00
  2.353949999809e+01,  1.000003457069e+00,  1.256069219310e+01,  1.796804547310e+00
  2.363950000703e+01,  1.000019550323e+00,  1.256067609985e+01,  1.798688650131e+00
  2.373950000107e+01,  1.000010967255e+00,  1.256068468291e+01,  1.798725962639e+00
  2.383949999511e+01,  9.999782443047e-01,  1.256071740586e+01,  1.798910140991e+00
  2.393950000405e+01,  9.999739527702e-01,  1.256072169740e+01,  1.795001864433e+00
  2.403949999809e+01,  9.999720454216e-01,  1.256072360475e+01,  1.797617316246e+00
  2.413950000703e+01,  1.000000834465e+00,  1.256069481570e+01,  1.794745802879e+00
  2.423950000107e+01,  9.999846816063e-01,  1.256071096856e+01,  1.794212341309e+00
  2.433950001001e+01,  1.000010371208e+00,  1.256068527896e+01,  1.794281363487e+00
  2.443950000405e+01,  1.000013709068e+00,  1.256068194110e+01,  1.793335795403e+00
  2.453949999809e+01,  1.000025153160e+00,  1.256067049701e+01,  1.792136311531e+00
  2.463950000703e+01,  9.999951124191e-01,  1.256070053775e+01,  1.794340014458e+00
  2.473950000107e+01,  9.999949932098e-01,  1.256070065696e+01,  1.793171048164e+00
  2.483949999511e+01,  9.999930858612e-01,  1.256070256431e+01,  1.791691303253e+00
  2.493950000405e+01,  9.999989867210e-01,  1.256069666345e+01,  1.791367292404e+00
  2.503949999809e+01,  9.999967813492e-01,  1.256069886882e+01,  1.791391730309e+00
  2.513950000703e+01,  9.999963045120e-01,  1.256069934566e+01,  1.790139079094e+00
  2.523950000107e+01,  1.000014305115e+00,  1.256068134505e+01,  1.790341258049e+00
  2.533949999511e+01,  1.000025391579e+00,  1.256067025859e+01,  1.792004466057e+00
  2.543950000405e+01,  9.999493956566e-01,  1.256074625451e+01,  1.789404749870e+00
  2.553949999809e+01,  9.999787807465e-01,  1.256071686942e+01,  1.790918469429e+00
  2.563950000703e+01,  9.999942183495e-01,  1.256070143182e+01,  1.788402438164e+00
  2.573950000107e+01,  9.999963045120e-01,  1.256069934566e+01,  1.789508461952e+00
  2.583949999511e+01,  9.999936819077e-01,  1.256070196826e+01,  1.789204239845e+00
  2.593950000405e+01,  9.999998807907e-01,  1.256069576938e+01,  1.787510871887e+00
  2.603949999809e+01,  9.999939799309e-01,  1.256070167024e+01,  1.788708686829e+00
  2.613950000703e+01,  9.999737143517e-01,  1.256072193582e+01,  1.787923216820e+00
  2.623950000107e+01,  1.000004410744e+00,  1.256069123943e+01,  1.788266181946e+00
  2.633949999511e+01,  1.000013828278e+00,  1.256068182189e+01,  1.785264372826e+00
  2.643950000405e+01,  1.000008463860e+00,  1.256068718631e+01,  1.786607146263e+00
  2.653949999809e+01,  1.000007152557e+00,  1.256068849761e+01,  1.784864783287e+00
  2.663950000703e+01,  1.000011205673e+00,  1.256068444450e+01,  1.785317182541e+00
  2.673950000107e+01,  9.999879598618e-01,  1.256070769031e+01,  1.786049604416e+00
  2.683949999511e+01,  1.000011324883e+00,  1.256068432529e+01,  1.783180952072e+00
  2.693950000405e+01,  1.000000357628e+00,  1.256069529254e+01,  1.785834431648e+00
  2.703949999809e+01,  1.000030279160e+00,  1.256066537101e+01,  1.784372806549e+00
  2.713950000703e+01,  9.999717473984e-01,  1.256072390277e+01,  1.784138679504e+00
  2.723950000107e+01,  9.999863505363e-01,  1.256070929963e+01,  1.782674670219e+00
  2.733949999511e+01,  1.000001907349e+00,  1.256069374282e+01,  1.784213662148e+00
  2.743950000405e+01,  9.999737143517e-01,  1.256072193582e+01,  1.782540678978e+00
  2.753949999809e+01,  9.999815225601e-01,  1.256071412761e+01,  1.783844113350e+00
  2.763950000703e+01,  9.999725222588e-01,  1.256072312791e+01,  1.784484624863e+00
  2.773950000107e+01,  1.000006914139e+00,  1.256068873603e+01,  1.783428788185e+00
  2.783949999511e+01,  1.000016570091e+00,  1.256067908008e+01,  1.782235503197e+00
  2.793950000405e+01,  1.000032663345e+00,  1.256066298682e+01,  1.780946254730e+00
  2.803949999809e+01,  9.999932646751e-01,  1.256070238549e+01,  1.781593561172e+00
  2.813950000703e+01,  9.999684095383e-01,  1.256072724063e+01,  1.780340909958e+00
  2.823950000107e+01,  9.999945163727e-01,  1.256070113380e+01,  1.781435251236e+00
  2.833949999511e+01,  1.000000357628e+00,  1.256069529254e+01,  1.779383301735e+00
  2.843950000405e+01,  9.999937415123e-01,  1.256070190866e+01,  1.780221223831e+00
  2.853949999809e+01,  9.999890327454e-01,  1.256070661742e+01,  1.778380990028e+00
  2.863950000703e+01,  1.000008106232e+00,  1.256068754394e+01,  1.778220534325e+00
  2.873950000107e+01,  1.000029206276e+00,  1.256066644389e+01,  1.778623580933e+00
  2.883949999511e+01,  1.000049471855e+00,  1.256064617831e+01,  1.780248284340e+00
  2.893950000405e+01,  1.000017642975e+00,  1.256067800719e+01,  1.779220104218e+00
  2.903949999809e+01,  1.000024080276e+00,  1.256067156989e+01,  1.776251435280e+00
  2.913950000703e+01,  9.999965429306e-01,  1.256069910724e+01,  1.777131199837e+00
  2.923950000107e+01,  1.000029921532e+00,  1.256066572864e+01,  1.777275085449e+00
  2.933949999511e+01,  9.999887347221e-01,  1.256070691545e+01,  1.775905489922e+00
  2.943950000405e+01,  9.999994039536e-01,  1.256069624622e+01,  1.777815937996e+00
  2.953949999809e+01,  1.000006556511e+00,  1.256068909366e+01,  1.775166749954e+00
  2.963950000703e+01,  9.999883770943e-01,  1.256070727307e+01,  1.776739478111e+00
  2.973950000107e+01,  9.999811649323e-01,  1.256071448524e+01,  1.776103973389e+00
  2.983949999511e+01,  9.999856948853e-01,  1.256070995528e+01,  1.773307561874e+00
  2.993950000405e+01,  9.999710321426e-01,  1.256072461803e+01,  1.774720430374e+00
  3.003949999809e+01,  1.000001549721e+00,  1.256069410045e+01,  1.774695277214e+00
  3.013950000703e+01,  9.999908208847e-01,  1.256070482928e+01,  1.775504469872e+00
  3.023950000107e+01,  9.999895691872e-01,  1.256070608098e+01,  1.774665474892e+00
  3.033949999511e+01,  1.000007510185e+00,  1.256068813998e+01,  1.777013063431e+00
  3.043950000405e+01,  9.999766945839e-01,  1.256071895559e+01,  1.771571993828e+00
  3.053949999809e+01,  9.999824762344e-01,  1.256071317393e+01,  1.774605512619e+00
  3.063950000703e+01,  9.999753832817e-01,  1.256072026689e+01,  1.774335622787e+00
  3.073950000107e+01,  1.000017166138e+00,  1.256067848403e+01,  1.775659561157e+00
  3.083949999511e+01,  9.999794960022e-01,  1.256071615417e+01,  1.773894190788e+00
  3.093950000405e+01,  9.999777674675e-01,  1.256071788270e+01,  1.774787545204e+00
  3.103949999809e+01,  9.999992251396e-01,  1.256069642503e+01,  1.772790908813e+00
  3.113950000703e+01,  1.000028252602e+00,  1.256066739757e+01,  1.771433115005e+00
  3.123950000107e+01,  9.999997019768e-01,  1.256069594819e+01,  1.773696660995e+00
  3.133949999511e+01,  9.999958276749e-01,  1.256069982249e+01,  1.770226597786e+00
  3.143950000405e+01,  1.000024914742e+00,  1.256067073543e+01,  1.769449234009e+00
  3.153949999809e+01,  1.000009298325e+00,  1.256068635184e+01,  1.772379994392e+00
  3.163950000703e+01,  9.999995231628e-01,  1.256069612701e+01,  1.771640896797e+00
  3.173950000107e+01,  1.000019073486e+00,  1.256067657668e+01,  1.770921468735e+00
  3.183949999511e+01,  9.999997615814e-01,  1.256069588859e+01,  1.768613815308e+00
  3.193950000405e+01,  1.000021338463e+00,  1.256067431171e+01,  1.770013332367e+00
  3.203949999809e+01,  1.000024557114e+00,  1.256067109306e+01,  1.768094062805e+00
  3.213950000703e+01,  1.000014185905e+00,  1.256068146426e+01,  1.769116759300e+00
  3.223950000107e+01,  9.999837875366e-01,  1.256071186263e+01,  1.767381191254e+00
  3.233949999511e+01,  9.999777078629e-01,  1.256071794231e+01,  1.769396662712e+00
  3.243950000405e+01,  1.000011801720e+00,  1.256068384845e+01,  1.766893982887e+00
  3.253949999809e+01,  1.000008821487e+00,  1.256068682868e+01,  1.767037153244e+00
  3.263950000703e+01,  1.000017046928e+00,  1.256067860324e+01,  1.770536184311e+00
  3.273950000107e+01,  9.999982118607e-01,  1.256069743831e+01,  1.767882347107e+00
  3.283949999511e+01,  1.000011086464e+00,  1.256068456371e+01,  1.767976522446e+00
  3.293950000405e+01,  1.000015020370e+00,  1.256068062980e+01,  1.766630172729e+00
  3.303949999809e+01,  1.000005006790e+00,  1.256069064338e+01,  1.766697049141e+00
  3.313950000703e+01,  9.999858140945e-01,  1.256070983607e+01,  1.767091155052e+00
  3.323950000107e+01,  9.999788999557e-01,  1.256071675021e+01,  1.766724824905e+00
  3.333949999511e+01,  9.999918341637e-01,  1.256070381601e+01,  1.765868782997e+00
  3.343950000405e+01,  9.999707341194e-01,  1.256072491605e+01,  1.766035914421e+00
  3.353949999809e+01,  1.000012874603e+00,  1.256068277557e+01,  1.764388203621e+00
  3.363950000703e+01,  1.000001668930e+00,  1.256069398124e+01,  1.764191269875e+00
  3.373950000107e+01,  1.000003099442e+00,  1.256069255073e+01,  1.763471841812e+00
  3.383949999511e+01,  9.999783635139e-01,  1.256071728665e+01,  1.762684941292e+00
  3.393950000405e+01,  1.000014424324e+00,  1.256068122584e+01,  1.763415455818e+00
  3.403949999809e+01,  1.000001788139e+00,  1.256069386203e+01,  1.762701392174e+00
  3.413950000703e+01,  1.000014901161e+00,  1.256068074901e+01,  1.762168288231e+00
  3.423950000107e+01,  1.000006914139e+00,  1.256068873603e+01,  1.763409018517e+00
  3.433949999511e+01,  1.000019431114e+00,  1.256067621905e+01,  1.760137319565e+00
  3.443950000405e+01,  9.999943971634e-01,  1.256070125301e+01,  1.760134816170e+00
  3.453949999809e+01,  1.000008225441e+00,  1.256068742473e+01,  1.760838508606e+00
  3.463950000703e+01,  9.999927282333e-01,  1.256070292194e+01,  1.761778235435e+00
  3.473950000107e+01,  1.000018477440e+00,  1.256067717273e+01,  1.762110471725e+00
  3.483949999511e+01,  1.000005245209e+00,  1.256069040496e+01,  1.758975744247e+00
  3.493950000405e+01,  1.000035762787e+00,  1.256065988738e+01,  1.761357784271e+00
  3.503949999809e+01,  9.999791979790e-01,  1.256071645219e+01,  1.759271502495e+00
  3.513950000703e+01,  9.999896287918e-01,  1.256070602138e+01,  1.761286258698e+00
  3.523950000107e+01,  1.000013232231e+00,  1.256068241794e+01,  1.759888887405e+00
  3.533949999511e+01,  9.999986290932e-01,  1.256069702108e+01,  1.759095907211e+00
  3.543950000405e+01,  9.999817013741e-01,  1.256071394879e+01,  1.759313702583e+00
  3.553949999809e+01,  1.000010967255e+00,  1.256068468291e+01,  1.758574485779e+00
  3.563950000703e+01,  1.000017166138e+00,  1.256067848403e+01,  1.758329510689e+00
  3.573950000107e+01,  9.999909996986e-01,  1.256070465047e+01,  1.758920669556e+00
  3.583949999511e+01,  1.000000000000e+00,  1.256069565017e+01,  1.758923768997e+00
  3.593950000405e+01,  1.000002264977e+00,  1.256069338519e+01,  1.757575511932e+00
  3.603949999809e+01,  9.999843835831e-01,  1.256071126659e+01,  1.757131099701e+00
  3.613950000703e+01,  9.999966025352e-01,  1.256069904763e+01,  1.758561372757e+00
  3.623950000107e+01,  9.999980926514e-01,  1.256069755752e+01,  1.759122252464e+00
  3.633949999511e+01,  9.999933838844e-01,  1.256070226628e+01,  1.759762406349e+00
  3.643950000405e+01,  1.000001549721e+00,  1.256069410045e+01,  1.757514357567e+00
  3.653949999809e+01,  9.999895691872e-01,  1.256070608098e+01,  1.758972644806e+00
  3.663950000703e+01,  1.000007987022e+00,  1.256068766315e+01,  1.756142973900e+00
  3.673950000107e+01,  9.999983906746e-01,  1.256069725949e+01,  1.756386876106e+00
  3.683949999511e+01,  9.999939203262e-01,  1.256070172984e+01,  1.757047057152e+00
  3.693950000405e+01,  1.000010728836e+00,  1.256068492133e+01,  1.756710410118e+00
  3.703949999809e+01,  9.999964833260e-01,  1.256069916684e+01,  1.755491495132e+00
  3.713950000703e+01,  9.999949336052e-01,  1.256070071656e+01,  1.755610227585e+00
  3.723950000107e+01,  1.000010132790e+00,  1.256068551738e+01,  1.755977988243e+00
  3.733949999511e+01,  9.999887347221e-01,  1.256070691545e+01,  1.757778525352e+00
  3.743950000405e+01,  9.999862909317e-01,  1.256070935924e+01,  1.758045792580e+00
  3.753949999809e+01,  9.999870657921e-01,  1.256070858438e+01,  1.754643797874e+00
  3.763950000703e+01,  9.999897480011e-01,  1.256070590217e+01,  1.752978682518e+00
  3.773950000107e+01,  1.000008940697e+00,  1.256068670947e+01,  1.754001498222e+00
  3.783949999511e+01,  1.000000476837e+00,  1.256069517333e+01,  1.750925064087e+00
  3.793950000405e+01,  9.999909400940e-01,  1.256070471007e+01,  1.752950429916e+00
  3.803949999809e+01,  1.000016570091e+00,  1.256067908008e+01,  1.753039956093e+00
  3.813950000703e+01,  1.000012159348e+00,  1.256068349082e+01,  1.750881314278e+00
  3.823950000107e+01,  9.999872446060e-01,  1.256070840556e+01,  1.752630352974e+00
  3.833949999511e+01,  9.999905824661e-01,  1.256070506770e+01,  1.751689076424e+00
  3.843950000405e+01,  9.999943375587e-01,  1.256070131261e+01,  1.752537608147e+00
  3.853949999809e+01,  9.999800920486e-01,  1.256071555812e+01,  1.751581072807e+00
  3.863950000703e+01,  1.000021815300e+00,  1.256067383487e+01,  1.751390695572e+00
  3.873950000107e+01,  9.999954700470e-01,  1.256070018012e+01,  1.748585343361e+00
  3.883949999511e+01,  9.999948740005e-01,  1.256070077617e+01,  1.751668453217e+00
  3.893950000405e+01,  9.999743103981e-01,  1.256072133977e+01,  1.750461697578e+00
  3.903949999809e+01,  9.999936819077e-01,  1.256070196826e+01,  1.750499129295e+00
  3.913950000703e+01,  9.999768733978e-01,  1.256071877677e+01,  1.749477863312e+00
  3.923950000107e+01,  9.999978542328e-01,  1.256069779594e+01,  1.751114130020e+00
  3.933949999511e+01,  9.999966621399e-01,  1.256069898803e+01,  1.750583767891e+00
  3.943950000405e+01,  9.999962449074e-01,  1.256069940526e+01,  1.749032020569e+00
  3.953949999809e+01,  1.000008940697e+00,  1.256068670947e+01,  1.749142289162e+00
  3.963950000703e+01,  1.000013709068e+00,  1.256068194110e+01,  1.749875783920e+00
  3.973950000107e+01,  1.000003695488e+00,  1.256069195468e+01,  1.749999284744e+00
  3.983949999511e+01,  1.000006318092e+00,  1.256068933208e+01,  1.749350905418e+00
  3.993950000405e+01,  1.000010848045e+00,  1.256068480212e+01,  1.747782230377e+00
  4.003949999809e+01,  1.000018477440e+00,  1.256067717273e+01,  1.750756621361e+00
  4.013950000703e+01,  9.999785423279e-01,  1.256071710784e+01,  1.747979044914e+00
  4.023950000107e+01,  9.999814033508e-01,  1.256071424682e+01,  1.747879028320e+00
  4.033949999511e+01,  1.000012874603e+00,  1.256068277557e+01,  1.746311187744e+00
  4.043950000405e+01,  1.000020623207e+00,  1.256067502696e+01,  1.748873710632e+00
  4.053949999809e+01,  9.999828338623e-01,  1.256071281631e+01,  1.746709942818e+00
  4.063950000703e+01,  9.999965429306e-01,  1.256069910724e+01,  1.745538949966e+00
  4.073950000107e+01,  1.000015020370e+00,  1.256068062980e+01,  1.746062159538e+00
  4.083949999511e+01,  9.999883770943e-01,  1.256070727307e+01,  1.749169349670e+00
  4.093950000405e+01,  1.000016927719e+00,  1.256067872245e+01,  1.747740507126e+00
  4.103949999809e+01,  9.999917745590e-01,  1.256070387561e+01,  1.746722340584e+00
  4.113950000703e+01,  9.999909400940e-01,  1.256070471007e+01,  1.747588038445e+00
  4.123950000107e+01,  1.000005006790e+00,  1.256069064338e+01,  1.746192932129e+00
  4.133949999511e+01,  9.999999403954e-01,  1.256069570977e+01,  1.746426939964e+00
  4.143950000405e+01,  1.000001192093e+00,  1.256069445808e+01,  1.745418667793e+00
  4.153949999809e+01,  9.999816417694e-01,  1.256071400840e+01,  1.746985554695e+00
  4.163950000703e+01,  9.999902248383e-01,  1.256070542533e+01,  1.745856165886e+00
  4.173950000107e+01,  1.000014781952e+00,  1.256068086822e+01,  1.745109319687e+00
  4.183949999511e+01,  1.000026941299e+00,  1.256066870887e+01,  1.747121691704e+00
  4.193950000405e+01,  9.999982714653e-01,  1.256069737870e+01,  1.744033336639e+00
  4.203949999809e+01,  9.999980330467e-01,  1.256069761712e+01,  1.747559428215e+00
  4.213950000703e+01,  9.999892711639e-01,  1.256070637900e+01,  1.747036457062e+00
  4.223950000107e+01,  1.000038027763e+00,  1.256065762241e+01,  1.744982004166e+00
  4.233949999511e+01,  9.999782443047e-01,  1.256071740586e+01,  1.745213985443e+00
  4.243950000405e+01,  9.999845623970e-01,  1.256071108777e+01,  1.743268013000e+00
  4.253949999809e+01,  9.999942779541e-01,  1.256070137221e+01,  1.747486114502e+00
  4.263950000703e+01,  1.000005245209e+00,  1.256069040496e+01,  1.744710445404e+00
  4.273950000107e+01,  1.000023126602e+00,  1.256067252357e+01,  1.745840787888e+00
  4.283949999511e+01,  1.000018358231e+00,  1.256067729194e+01,  1.743179440498e+00
  4.293950000405e+01,  1.000011563301e+00,  1.256068408687e+01,  1.745514392853e+00
  4.303949999809e+01,  1.000000715256e+00,  1.256069493491e+01,  1.742607355118e+00
  4.313950000703e+01,  9.999950528145e-01,  1.256070059735e+01,  1.743633031845e+00
  4.323950000107e+01,  9.999876618385e-01,  1.256070798833e+01,  1.743912339211e+00
  4.333949999511e+01,  9.999954104424e-01,  1.256070023973e+01,  1.743179440498e+00
  4.343950000405e+01,  9.999744892120e-01,  1.256072116096e+01,  1.742865204811e+00
  4.353949999809e+01,  9.999874234200e-01,  1.256070822675e+01,  1.741846084595e+00
  4.363950000703e+01,  9.999890327454e-01,  1.256070661742e+01,  1.743484139442e+00
  4.373950000107e+01,  9.999957084656e-01,  1.256069994170e+01,  1.739453792572e+00
  4.383949999511e+01,  1.000027418137e+00,  1.256066823203e+01,  1.741056442261e+00
  4.393950000405e+01,  1.000021815300e+00,  1.256067383487e+01,  1.742435336113e+00
  4.403949999809e+01,  1.000005364418e+00,  1.256069028575e+01,  1.740901470184e+00
  4.413950000703e+01,  9.999926686287e-01,  1.256070298154e+01,  1.738355875015e+00
  4.423950000107e+01,  1.000000715256e+00,  1.256069493491e+01,  1.740285515785e+00
  4.433949999511e+01,  1.000007987022e+00,  1.256068766315e+01,  1.739774465561e+00
  4.443950000405e+01,  1.000014543533e+00,  1.256068110664e+01,  1.740613341331e+00
  4.453949999809e+01,  1.000010251999e+00,  1.256068539817e+01,  1.739990115166e+00
  4.463950000703e+01,  9.999863505363e-01,  1.256070929963e+01,  1.740555167198e+00
  4.473950000107e+01,  1.000005125999e+00,  1.256069052417e+01,  1.740154385567e+00
  4.483949999511e+01,  9.999883174896e-01,  1.256070733268e+01,  1.741066575050e+00
  4.493950000405e+01,  1.000002503395e+00,  1.256069314677e+01,  1.736671328545e+00
  4.503949999809e+01,  1.000007748604e+00,  1.256068790157e+01,  1.739439845085e+00
  4.513950000703e+01,  1.000002384186e+00,  1.256069326598e+01,  1.738163471222e+00
  4.523950000107e+01,  9.999896883965e-01,  1.256070596177e+01,  1.737914919853e+00
  4.533949999511e+01,  9.999973773956e-01,  1.256069827277e+01,  1.735438227654e+00
  4.543950000405e+01,  9.999930262566e-01,  1.256070262391e+01,  1.737522482872e+00
  4.553949999809e+01,  9.999915957451e-01,  1.256070405442e+01,  1.736813783646e+00
  4.563950000703e+01,  1.000005483627e+00,  1.256069016654e+01,  1.733824610710e+00
  4.573950000107e+01,  1.000001788139e+00,  1.256069386203e+01,  1.735232114792e+00
  4.583949999511e+01,  9.999892711639e-01,  1.256070637900e+01,  1.735108613968e+00
  4.593950000405e+01,  9.999997615814e-01,  1.256069588859e+01,  1.737600564957e+00
  4.603949999809e+01,  1.000012874603e+00,  1.256068277557e+01,  1.736282467842e+00
  4.613950000703e+01,  1.000014305115e+00,  1.256068134505e+01,  1.737322807312e+00
  4.623950000107e+01,  9.999941587448e-01,  1.256070149142e+01,  1.735478043556e+00
  4.633949999511e+01,  9.999914765358e-01,  1.256070417363e+01,  1.736699342728e+00
  4.643950000405e+01,  9.999956488609e-01,  1.256070000131e+01,  1.735466480255e+00
  4.653949999809e+01,  9.999986886978e-01,  1.256069696147e+01,  1.736448407173e+00
  4.663950000703e+01,  1.000015258789e+00,  1.256068039138e+01,  1.737461090088e+00
  4.673950000107e+01,  1.000033855438e+00,  1.256066179473e+01,  1.736600399017e+00
  4.683949999511e+01,  1.000002980232e+00,  1.256069266994e+01,  1.737485885620e+00
  4.693950000405e+01,  9.999977350235e-01,  1.256069791515e+01,  1.734358906746e+00
  4.703949999809e+01,  9.999980330467e-01,  1.256069761712e+01,  1.736688613892e+00
  4.713950000703e+01,  9.999930262566e-01,  1.256070262391e+01,  1.734148859978e+00
  4.723950000107e+01,  9.999858140945e-01,  1.256070983607e+01,  1.733215928078e+00
  4.733949999511e+01,  9.999845623970e-01,  1.256071108777e+01,  1.733960628510e+00
  4.743950000405e+01,  1.000034332275e+00,  1.256066131789e+01,  1.733149409294e+00
  4.753949999809e+01,  9.999843239784e-01,  1.256071132619e+01,  1.732076406479e+00
  4.763950000703e+01,  9.999945163727e-01,  1.256070113380e+01,  1.732331275940e+00
  4.773950000107e+01,  1.000012755394e+00,  1.256068289477e+01,  1.732127785683e+00
  4.783949999511e+01,  1.000011205673e+00,  1.256068444450e+01,  1.730882406235e+00
  4.793950000405e+01,  1.000010609627e+00,  1.256068504054e+01,  1.730734825134e+00
  4.803949999809e+01,  9.999883770943e-01,  1.256070727307e+01,  1.731177568436e+00
  4.813950000703e+01,  1.000016689301e+00,  1.256067896087e+01,  1.730253577232e+00
  4.823950000107e+01,  1.000006437302e+00,  1.256068921287e+01,  1.730445384979e+00
  4.833949999511e+01,  9.999928474426e-01,  1.256070280273e+01,  1.729123353958e+00
  4.843950000405e+01,  9.999774694443e-01,  1.256071818072e+01,  1.730340719223e+00
  4.853949999809e+01,  9.999794363976e-01,  1.256071621377e+01,  1.729097485542e+00
  4.863950000703e+01,  1.000001668930e+00,  1.256069398124e+01,  1.729241013527e+00
  4.873950000107e+01,  9.999906420708e-01,  1.256070500810e+01,  1.729654550552e+00
  4.883949999511e+01,  9.999827146530e-01,  1.256071293552e+01,  1.729159116745e+00
  4.893950000405e+01,  1.000014901161e+00,  1.256068074901e+01,  1.727529764175e+00
  4.903949999809e+01,  1.000011801720e+00,  1.256068384845e+01,  1.726028919220e+00
  4.913950000703e+01,  9.999811053276e-01,  1.256071454484e+01,  1.728606700897e+00
  4.923950000107e+01,  9.999920725822e-01,  1.256070357759e+01,  1.728691697121e+00
  4.933949999511e+01,  9.999793171883e-01,  1.256071633298e+01,  1.726900696754e+00
  4.943950000405e+01,  9.999997019768e-01,  1.256069594819e+01,  1.728013038635e+00
  4.953949999809e+01,  9.999863505363e-01,  1.256070929963e+01,  1.726085066795e+00
  4.963950000703e+01,  1.000033378601e+00,  1.256066227157e+01,  1.726209044456e+00
  4.973950000107e+01,  9.999820590019e-01,  1.256071359117e+01,  1.724799036980e+00
  4.983949999511e+01,  9.999967217445e-01,  1.256069892842e+01,  1.728368401527e+00
  4.993950000405e+01,  1.000032186508e+00,  1.256066346366e+01,  1.726873874664e+00
  5.003949999809e+01,  1.000007152557e+00,  1.256068849761e+01,  1.728475809097e+00
  5.013950000703e+01,  9.999803304672e-01,  1.256071531970e+01,  1.726850390434e+00
  5.023950000107e+01,  1.000010371208e+00,  1.256068527896e+01,  1.727977991104e+00
  5.033949999511e+01,  9.999848008156e-01,  1.256071084935e+01,  1.728557825089e+00
  5.043950000405e+01,  9.999952912331e-01,  1.256070035894e+01,  1.726015448570e+00
  5.053949999809e+01,  1.000028371811e+00,  1.256066727836e+01,  1.729139447212e+00
  5.063950000703e+01,  9.999877214432e-01,  1.256070792873e+01,  1.726055383682e+00
  5.073950000107e+01,  9.999927878380e-01,  1.256070286233e+01,  1.723093986511e+00
  5.083949999511e+01,  9.999950528145e-01,  1.256070059735e+01,  1.723484992981e+00
  5.093950000405e+01,  9.999778866768e-01,  1.256071776349e+01,  1.723165512085e+00
  5.103949999809e+01,  1.000014066696e+00,  1.256068158347e+01,  1.726056814194e+00
  5.113950000703e+01,  9.999819397926e-01,  1.256071371038e+01,  1.726761221886e+00
  5.123950000107e+01,  1.000007629395e+00,  1.256068802077e+01,  1.726933240891e+00
  5.133949999511e+01,  9.999799728394e-01,  1.256071567733e+01,  1.725422024727e+00
  5.143950000405e+01,  9.999982118607e-01,  1.256069743831e+01,  1.725781798363e+00
  5.153949999809e+01,  1.000010490417e+00,  1.256068515975e+01,  1.723206162453e+00
  5.163950000703e+01,  9.999797344208e-01,  1.256071591575e+01,  1.724725246429e+00
  5.173950000107e+01,  1.000008940697e+00,  1.256068670947e+01,  1.725357413292e+00
  5.183949999511e+01,  9.999803900719e-01,  1.256071526010e+01,  1.725971579552e+00
  5.193950000405e+01,  9.999946355820e-01,  1.256070101459e+01,  1.724771380424e+00
  5.203949999809e+01,  1.000027656555e+00,  1.256066799361e+01,  1.723721861839e+00
  5.213950000703e+01,  9.999961853027e-01,  1.256069946487e+01,  1.726048350334e+00
  5.223950000107e+01,  1.000036597252e+00,  1.256065905292e+01,  1.721557617188e+00
  5.233949999511e+01,  9.999709725380e-01,  1.256072467763e+01,  1.725010871887e+00
  5.243950000405e+01,  1.000029921532e+00,  1.256066572864e+01,  1.723712921143e+00
  5.253949999809e+01,  1.000018119812e+00,  1.256067753036e+01,  1.723603844643e+00
  5.263950000703e+01,  1.000024199486e+00,  1.256067145068e+01,  1.721434235573e+00
  5.273950000107e+01,  9.999778270721e-01,  1.256071782310e+01,  1.721712708473e+00
  5.283949999511e+01,  9.999983310699e-01,  1.256069731910e+01,  1.721564888954e+00
  5.293950000405e+01,  1.000028133392e+00,  1.256066751678e+01,  1.719039559364e+00
  5.303949999809e+01,  1.000004768372e+00,  1.256069088180e+01,  1.721117615700e+00
  5.313950000703e+01,  9.999752640724e-01,  1.256072038610e+01,  1.720729351044e+00
  5.323950000107e+01,  1.000000834465e+00,  1.256069481570e+01,  1.719650030136e+00
  5.333949999511e+01,  9.999934434891e-01,  1.256070220668e+01,  1.718426465988e+00
  5.343950000405e+01,  9.999718666077e-01,  1.256072378356e+01,  1.721151471138e+00
  5.353949999809e+01,  9.999830722809e-01,  1.256071257789e+01,  1.718585014343e+00
  5.363950000703e+01,  9.999929666519e-01,  1.256070268352e+01,  1.719235658646e+00
  5.373950000107e+01,  1.000009536743e+00,  1.256068611343e+01,  1.721704125404e+00
  5.383949999511e+01,  9.999828338623e-01,  1.256071281631e+01,  1.717311978340e+00
  5.393950000405e+01,  1.000011086464e+00,  1.256068456371e+01,  1.718163132668e+00
  5.403949999809e+01,  1.000002861023e+00,  1.256069278915e+01,  1.718056440353e+00
  5.413950000703e+01,  1.000008821487e+00,  1.256068682868e+01,  1.720502734184e+00
  5.423950000107e+01,  1.000008821487e+00,  1.256068682868e+01,  1.719007134438e+00
  5.433949999511e+01,  1.000042796135e+00,  1.256065285403e+01,  1.716719508171e+00
  5.443950000405e+01,  9.999967813492e-01,  1.256069886882e+01,  1.717046380043e+00
  5.453949999809e+01,  9.999880194664e-01,  1.256070763070e+01,  1.716573953629e+00
  5.463950000703e+01,  9.999778270721e-01,  1.256071782310e+01,  1.718130826950e+00
  5.473950000107e+01,  9.999864697456e-01,  1.256070918042e+01,  1.714931368828e+00
  5.483949999511e+01,  9.999997615814e-01,  1.256069588859e+01,  1.713708639145e+00
  5.493950000405e+01,  9.999916553497e-01,  1.256070399482e+01,  1.714976787567e+00
  5.503949999809e+01,  1.000003457069e+00,  1.256069219310e+01,  1.715053081512e+00
  5.513950000703e+01,  9.999966621399e-01,  1.256069898803e+01,  1.713998436928e+00
  5.523950000107e+01,  1.000028848648e+00,  1.256066680152e+01,  1.714913129807e+00
  5.533949999511e+01,  9.999939203262e-01,  1.256070172984e+01,  1.717889785767e+00
  5.543950000405e+01,  1.000005364418e+00,  1.256069028575e+01,  1.713719725609e+00
  5.553949999809e+01,  9.999977946281e-01,  1.256069785554e+01,  1.715567588806e+00
  5.563950000703e+01,  1.000016689301e+00,  1.256067896087e+01,  1.714970588684e+00
  5.573950000107e+01,  9.999659061432e-01,  1.256072974403e+01,  1.713971734047e+00
  5.583949999511e+01,  9.999855160713e-01,  1.256071013410e+01,  1.713915109634e+00
  5.593950000405e+01,  9.999988675117e-01,  1.256069678266e+01,  1.713334560394e+00
  5.603949999809e+01,  9.999874234200e-01,  1.256070822675e+01,  1.713584303856e+00
  5.613950000703e+01,  1.000038385391e+00,  1.256065726478e+01,  1.713140487671e+00
  5.623950000107e+01,  1.000033140182e+00,  1.256066250999e+01,  1.713432192802e+00
  5.633949999511e+01,  9.999935030937e-01,  1.256070214708e+01,  1.713242769241e+00
  5.643950000405e+01,  1.000019907951e+00,  1.256067574222e+01,  1.713851571083e+00
  5.653949999809e+01,  1.000013232231e+00,  1.256068241794e+01,  1.711866736412e+00
  5.663950000703e+01,  1.000003337860e+00,  1.256069231231e+01,  1.713278532028e+00
  5.673950000107e+01,  9.999935626984e-01,  1.256070208747e+01,  1.712657094002e+00
  5.683949999511e+01,  9.999991059303e-01,  1.256069654424e+01,  1.711621284485e+00
  5.693950000405e+01,  9.999844431877e-01,  1.256071120698e+01,  1.711782574654e+00
  5.703949999809e+01,  9.999744296074e-01,  1.256072122056e+01,  1.711102724075e+00
  5.713950000703e+01,  9.999836087227e-01,  1.256071204145e+01,  1.713832497597e+00
  5.723950000107e+01,  1.000021696091e+00,  1.256067395408e+01,  1.713240504265e+00
  5.733949999511e+01,  1.000021696091e+00,  1.256067395408e+01,  1.710608839989e+00
  5.743950000405e+01,  9.999933242798e-01,  1.256070232589e+01,  1.712868094444e+00
  5.753949999809e+01,  1.000004410744e+00,  1.256069123943e+01,  1.713705897331e+00
  5.763950000703e+01,  1.000002264977e+00,  1.256069338519e+01,  1.711783409119e+00
  5.773950000107e+01,  1.000005960464e+00,  1.256068968970e+01,  1.711370944977e+00
  5.783949999511e+01,  9.999927878380e-01,  1.256070286233e+01,  1.710705757141e+00
  5.793950000405e+01,  1.000021815300e+00,  1.256067383487e+01,  1.711176276207e+00
  5.803949999809e+01,  9.999756217003e-01,  1.256072002847e+01,  1.710394620895e+00
  5.813950000703e+01,  9.999711513519e-01,  1.256072449882e+01,  1.712661504745e+00
  5.823950000107e+01,  1.000002026558e+00,  1.256069362361e+01,  1.711703181267e+00
  5.833949999511e+01,  9.999958872795e-01,  1.256069976289e+01,  1.712767601013e+00
  5.843950000405e+01,  9.999868273735e-01,  1.256070882280e+01,  1.711926817894e+00
  5.853949999809e+01,  9.999889135361e-01,  1.256070673663e+01,  1.711823344231e+00
  5.863950000703e+01,  9.999951720238e-01,  1.256070047815e+01,  1.711330533028e+00
  5.873950000107e+01,  9.999945759773e-01,  1.256070107419e+01,  1.710146069527e+00
  5.883949999511e+01,  9.999425411224e-01,  1.256075310905e+01,  1.709957599640e+00
  5.893950000405e+01,  1.000006198883e+00,  1.256068945129e+01,  1.711665272713e+00
  5.903949999809e+01,  1.000011205673e+00,  1.256068444450e+01,  1.712103486061e+00
  5.913950000703e+01,  1.000001668930e+00,  1.256069398124e+01,  1.710708498955e+00
  5.923950000107e+01,  9.999814033508e-01,  1.256071424682e+01,  1.708446383476e+00
  5.933949999511e+01,  1.000008821487e+00,  1.256068682868e+01,  1.706564903259e+00
  5.943950000405e+01,  1.000021576881e+00,  1.256067407329e+01,  1.707950949669e+00
  5.953949999809e+01,  1.000001668930e+00,  1.256069398124e+01,  1.709258437157e+00
  5.963950000703e+01,  9.999842047691e-01,  1.256071144540e+01,  1.708490014076e+00
  5.973950000107e+01,  9.999900460243e-01,  1.256070560414e+01,  1.708036899567e+00
  5.983949999511e+01,  9.999676346779e-01,  1.256072801549e+01,  1.707417488098e+00
  5.993950000405e+01,  9.999994039536e-01,  1.256069624622e+01,  1.708455562592e+00
  6.003949999809e+01,  1.000005125999e+00,  1.256069052417e+01,  1.707013010979e+00
  6.013950000703e+01,  1.000001430511e+00,  1.256069421966e+01,  1.707488417625e+00
  6.023950000107e+01,  1.000014662743e+00,  1.256068098743e+01,  1.708216428757e+00
  6.033949999511e+01,  1.000025153160e+00,  1.256067049701e+01,  1.705917716026e+00
  6.043950000405e+01,  1.000010848045e+00,  1.256068480212e+01,  1.705789327621e+00
  6.053949999809e+01,  1.000008940697e+00,  1.256068670947e+01,  1.706693172455e+00
  6.063950000703e+01,  1.000039935112e+00,  1.256065571506e+01,  1.707004547119e+00
  6.073950000107e+01,  9.999825358391e-01,  1.256071311433e+01,  1.705961346626e+00
  6.083949999511e+01,  1.000002384186e+00,  1.256069326598e+01,  1.706149220467e+00
  6.093950000405e+01,  1.000000119209e+00,  1.256069553096e+01,  1.706630110741e+00
  6.103949999809e+01,  1.000027298927e+00,  1.256066835124e+01,  1.705019116402e+00
  6.113950000703e+01,  9.999861121178e-01,  1.256070953805e+01,  1.705442547798e+00
  6.123950000107e+01,  1.000022411346e+00,  1.256067323882e+01,  1.703226447105e+00
  6.133949999511e+01,  1.000030636787e+00,  1.256066501338e+01,  1.705634593964e+00
  6.143950000405e+01,  1.000010371208e+00,  1.256068527896e+01,  1.703376412392e+00
  6.153949999809e+01,  1.000010967255e+00,  1.256068468291e+01,  1.706929326057e+00
  6.163950000703e+01,  1.000006794930e+00,  1.256068885524e+01,  1.705389857292e+00
  6.164000000060e+01,  1.000007748604e+00,  1.256068790157e+01,  1.705423474312e+00
  6.164100000262e+01,  1.000006318092e+00,  1.256068933208e+01,  1.705527424812e+00
  6.164399999380e+01,  1.000000000000e+00,  1.256069565017e+01,  1.705942749977e+00
  6.174400000274e+01,  9.999446272850e-01,  1.256075102288e+01,  1.705622792244e+00
  6.182400000095e+01,  9.898086190224e-01,  1.257088703115e+01,  1.700580358505e+00
  6.184499999881e+01,  9.796281456947e-01,  1.258106750447e+01,  1.664127111435e+00
  6.185549999774e+01,  9.693971276283e-01,  1.259129852254e+01,  1.624637365341e+00
  6.186300000548e+01,  9.592500329018e-01,  1.260144561727e+01,  1.602290868759e+00
  6.187000000477e+01,  9.485688805580e-01,  1.261212676961e+01,  1.569926977158e+00
  6.187649999559e+01,  9.379525780678e-01,  1.262274307210e+01,  1.537502050400e+00
  6.188250000775e+01,  9.278321862221e-01,  1.263286346395e+01,  1.504604101181e+00
  6.188850000501e+01,  9.176240563393e-01,  1.264307159383e+01,  1.472987890244e+00
  6.189499999583e+01,  9.069009423256e-01,  1.265379470784e+01,  1.441188573837e+00
  6.190199999511e+01,  8.962464928627e-01,  1.266444915731e+01,  1.413608312607e+00
  6.190999999642e+01,  8.858361840248e-01,  1.267485946614e+01,  1.366458654404e+00
  6.191850000620e+01,  8.757230043411e-01,  1.268497264583e+01,  1.322264432907e+00
  6.192749999464e+01,  8.651753664017e-01,  1.269552028377e+01,  1.281111478806e+00
  6.193600000441e+01,  8.549634218216e-01,  1.270573222835e+01,  1.243223905563e+00
  6.194400000572e+01,  8.448735475540e-01,  1.271582210261e+01,  1.204527616501e+00
  6.195149999857e+01,  8.347226381302e-01,  1.272597301204e+01,  1.166105985641e+00
  6.195849999785e+01,  8.245717287064e-01,  1.273612392146e+01,  1.138075590134e+00
  6.196549999714e+01,  8.143788576126e-01,  1.274631679256e+01,  1.108458280563e+00
  6.197300000489e+01,  8.039075136185e-01,  1.275678813655e+01,  1.074095487595e+00
  6.198100000620e+01,  7.935887575150e-01,  1.276710689265e+01,  1.041037321091e+00
  6.198999999464e+01,  7.832127809525e-01,  1.277748286922e+01,  1.006575345993e+00
  6.200049999356e+01,  7.729531526566e-01,  1.278774249751e+01,  9.745013713837e-01
  6.201350000501e+01,  7.626725435257e-01,  1.279802310664e+01,  9.265811443329e-01
  6.202600000799e+01,  7.523461580276e-01,  1.280834949214e+01,  8.903644084930e-01
  6.203700000048e+01,  7.419282197952e-01,  1.281876743037e+01,  8.619220256805e-01
  6.204700000584e+01,  7.316056489944e-01,  1.282909000117e+01,  8.332965373993e-01
  6.205650000274e+01,  7.215577363968e-01,  1.283913791377e+01,  8.055179119110e-01
  6.206650000811e+01,  7.111207246780e-01,  1.284957492549e+01,  7.765796184540e-01
  6.207649999857e+01,  7.010689973831e-01,  1.285962665279e+01,  7.478168010712e-01
  6.208699999750e+01,  6.909714937210e-01,  1.286972415645e+01,  7.165744304657e-01
  6.209800000489e+01,  6.807500123978e-01,  1.287994563777e+01,  6.881778240204e-01
  6.210899999738e+01,  6.705476045609e-01,  1.289014804561e+01,  6.598422527313e-01
  6.212000000477e+01,  6.601926088333e-01,  1.290050304134e+01,  6.322772502899e-01
  6.213050000370e+01,  6.500779390335e-01,  1.291061771114e+01,  6.070010662079e-01
  6.214100000262e+01,  6.396485567093e-01,  1.292104709346e+01,  5.781619548798e-01
  6.215100000799e+01,  6.291505098343e-01,  1.293154514033e+01,  5.542361736298e-01
  6.216050000489e+01,  6.188050508499e-01,  1.294189059932e+01,  5.320880413055e-01
  6.217000000179e+01,  6.083135008812e-01,  1.295238214929e+01,  5.080559253693e-01
  6.217949999869e+01,  5.977963805199e-01,  1.296289926965e+01,  4.850228130817e-01
  6.218899999559e+01,  5.874394774437e-01,  1.297325617273e+01,  4.648125469685e-01
  6.219900000095e+01,  5.771512389183e-01,  1.298354441125e+01,  4.420998394489e-01
  6.220949999988e+01,  5.669679045677e-01,  1.299372774560e+01,  4.172661602497e-01
  6.221999999881e+01,  5.568990111351e-01,  1.300379663903e+01,  3.961594402790e-01
  6.223049999774e+01,  5.467404723167e-01,  1.301395517785e+01,  3.760788738728e-01
  6.224099999666e+01,  5.363606810570e-01,  1.302433496911e+01,  3.566658794880e-01
  6.225100000203e+01,  5.262975096703e-01,  1.303439814050e+01,  3.399269878864e-01
  6.226100000739e+01,  5.162114500999e-01,  1.304448420007e+01,  3.238594830036e-01
  6.227150000632e+01,  5.057134032249e-01,  1.305498224694e+01,  3.060105144978e-01
  6.228200000525e+01,  4.952458441257e-01,  1.306544980604e+01,  2.896645367146e-01
  6.229250000417e+01,  4.847592413425e-01,  1.307593640883e+01,  2.743027508259e-01
  6.230249999464e+01,  4.745968878269e-01,  1.308609876234e+01,  2.597801983356e-01
  6.231250000000e+01,  4.643391668797e-01,  1.309635648329e+01,  2.459099590778e-01
  6.232250000536e+01,  4.541195929050e-01,  1.310657605726e+01,  2.331650555134e-01
  6.233249999583e+01,  4.440564215183e-01,  1.311663922865e+01,  2.185356914997e-01
  6.234250000119e+01,  4.340466558933e-01,  1.312664899428e+01,  2.046196758747e-01
  6.235300000012e+01,  4.235714972019e-01,  1.313712415297e+01,  1.924641430378e-01
  6.236349999905e+01,  4.130734503269e-01,  1.314762219984e+01,  1.803715527058e-01
  6.237350000441e+01,  4.030331671238e-01,  1.315766248305e+01,  1.683399975300e-01
  6.238349999487e+01,  3.929432928562e-01,  1.316775235731e+01,  1.579068005085e-01
  6.239350000024e+01,  3.828305304050e-01,  1.317786511976e+01,  1.479771435261e-01
  6.240350000560e+01,  3.727521002293e-01,  1.318794354994e+01,  1.377899944782e-01
  6.241349999607e+01,  3.627118170261e-01,  1.319798383314e+01,  1.284821331501e-01
  6.242350000143e+01,  3.526824116707e-01,  1.320801323850e+01,  1.202803626657e-01
  6.243350000679e+01,  3.426268696785e-01,  1.321806878049e+01,  1.120520606637e-01
  6.244349999726e+01,  3.325980305672e-01,  1.322809761960e+01,  1.033907905221e-01
  6.245350000262e+01,  3.225730061531e-01,  1.323812264402e+01,  9.404668956995e-02
  6.246350000799e+01,  3.124793171883e-01,  1.324821633298e+01,  8.551130443811e-02
  6.247349999845e+01,  3.023512959480e-01,  1.325834435422e+01,  7.762823253870e-02
  6.248350000381e+01,  2.922232747078e-01,  1.326847237546e+01,  7.146177440882e-02
  6.249349999428e+01,  2.821829915047e-01,  1.327851265866e+01,  6.520757824183e-02
  6.250400000811e+01,  2.717612385750e-01,  1.328893441159e+01,  5.908689275384e-02
  6.251450000703e+01,  2.614005208015e-01,  1.329929512937e+01,  5.345639958978e-02
  6.252500000596e+01,  2.511065602303e-01,  1.330958908994e+01,  4.642591252923e-02
  6.253550000489e+01,  2.408717423677e-01,  1.331982390780e+01,  3.915128484368e-02
  6.254600000381e+01,  2.305415421724e-01,  1.333015410800e+01,  3.328046575189e-02
  6.255650000274e+01,  2.200892716646e-01,  1.334060637850e+01,  2.796945348382e-02
  6.256700000167e+01,  2.096484452486e-01,  1.335104720492e+01,  2.390775457025e-02
  6.257750000060e+01,  1.992800980806e-01,  1.336141555209e+01,  2.003965154290e-02
  6.258799999952e+01,  1.889308243990e-01,  1.337176482577e+01,  1.525363698602e-02
  6.259849999845e+01,  1.784899979830e-01,  1.338220565219e+01,  8.976552635431e-03
  6.260850000381e+01,  1.683619767427e-01,  1.339233367343e+01,  4.576299339533e-03
  6.261849999428e+01,  1.580508500338e-01,  1.340264480014e+01,  1.300428179093e-03
  6.262849999964e+01,  1.476977616549e-01,  1.341299788851e+01, -9.430906502530e-04
  6.263850000501e+01,  1.375125199556e-01,  1.342318313021e+01, -4.174139350653e-03
  6.264900000393e+01,  1.271250993013e-01,  1.343357055087e+01, -6.595041602850e-03
  6.265950000286e+01,  1.169398501515e-01,  1.344375580002e+01, -1.004972681403e-02
  6.267000000179e+01,  1.067529320717e-01,  1.345394271810e+01, -1.491725631058e-02
  6.268050000072e+01,  9.639221429825e-02,  1.346430343587e+01, -1.744133420289e-02
  6.269050000608e+01,  8.630234003067e-02,  1.347439331014e+01, -1.798453368247e-02
  6.270049999654e+01,  7.607513666153e-02,  1.348462051351e+01, -1.649668253958e-02
  6.271050000191e+01,  6.595093011856e-02,  1.349474472005e+01, -1.558832265437e-02
  6.272100000083e+01,  5.550628527999e-02,  1.350518936489e+01, -1.423946954310e-02
  6.273149999976e+01,  4.513793811202e-02,  1.351555771206e+01, -1.339397765696e-02
  6.274199999869e+01,  3.494125232100e-02,  1.352575439785e+01, -1.084242202342e-02
  6.275300000608e+01,  2.488761954010e-02,  1.353580803063e+01, -8.693793788552e-03
  6.276600000262e+01,  1.466041617095e-02,  1.354603523400e+01, -5.397894885391e-03
  6.278450000286e+01,  4.582939669490e-03,  1.355611271050e+01, -3.388234879822e-03
  6.279000000656e+01,  2.676544478163e-03,  1.355801910569e+01, -4.569122102112e-03
  6.279099999368e+01,  2.377090742812e-03,  1.355831855943e+01, -4.760333802551e-03
  6.279899999499e+01,  4.487613041420e-04,  1.356024688886e+01, -7.210799958557e-03
  6.280200000107e+01, -1.024624580168e-04,  1.356079811263e+01, -8.004257455468e-03
  6.307000000775e+01, -2.283707261086e-03,  1.356297935743e+01, -1.555015239865e-02
  6.307099999487e+01, -2.274826169014e-03,  1.356297047634e+01, -1.554368529469e-02
