           Test time,     Standard travel,     Tool separation,      Standard force
                 0.0,                 0.0,  2.082567599139e+01, -1.461655274034e-02
                 0.0,                 0.0,  2.082567222140e+01, -1.441103592515e-02
                 0.0,                 0.0,  2.082569750680e+01, -1.396960392594e-02
                 0.0,                 0.0,  2.082569961532e+01, -1.430004835129e-02
                 0.0,                 0.0,  2.082569770052e+01, -1.438802480698e-02
                 0.0,                 0.0,  2.083209038425e+01, -1.399799063802e-02
  0.000000000000e+00,  0.000000000000e+00,  2.083209303679e+01, -1.375313475728e-02
  7.999999999811e-03,  1.012347638607e-06,  2.083209202445e+01, -1.351575646549e-02
  1.099999999997e-02,  5.441717803478e-06,  2.083208759508e+01, -1.359677407891e-02
  1.299999999992e-02,  5.288980901241e-06,  2.083208774781e+01, -1.365822646767e-02
  1.399999999990e-02,  6.394999218173e-06,  2.083208664180e+01, -1.364591810852e-02
  1.139999999998e-01, -8.862247341312e-06,  2.083210189904e+01, -1.577200368047e-02
  2.139999999999e-01, -4.520103175309e-06,  2.083209755690e+01, -1.495815068483e-02
  3.139999999999e-01, -2.611252602946e-05,  2.083211914932e+01, -1.393024343997e-02
  4.140000000000e-01,  2.482800628059e-04,  2.083184475673e+01, -1.479878276587e-02
  4.814999999999e-01,  1.032688934356e-02,  2.082176614745e+01, -6.808288395405e-03
  5.010000000000e-01,  2.064278349280e-02,  2.081145025330e+01,  8.650772273540e-03
  5.110000000000e-01,  3.074219450355e-02,  2.080135084229e+01,  1.509278267622e-02
  5.190000000000e-01,  4.144623503089e-02,  2.079064680176e+01,  5.634240806103e-03
  5.259999999998e-01,  5.186798796058e-02,  2.078022504883e+01,  2.810888225213e-03
  5.324999999998e-01,  6.208756193519e-02,  2.077000547486e+01,  2.505295211449e-03
  5.390000000000e-01,  7.260087132454e-02,  2.075949216547e+01,  2.309270435944e-03
  5.454999999999e-01,  8.313706517220e-02,  2.074895597162e+01, -1.192612253362e-04
  5.519999999999e-01,  9.329178929329e-02,  2.073880124750e+01, -1.273028319702e-03
  5.590000000000e-01,  1.034007370472e-01,  2.072869229975e+01,  1.196778565645e-02
  5.659999999998e-01,  1.136012375355e-01,  2.071849179926e+01,  3.455842286348e-02
  5.725000000000e-01,  1.239161789417e-01,  2.070817685785e+01,  3.411436825991e-02
  5.790000000000e-01,  1.345324814320e-01,  2.069756055536e+01,  3.157282620668e-02
  5.854999999999e-01,  1.448855698109e-01,  2.068720746698e+01,  3.390265256166e-02
  5.925000000000e-01,  1.554675400257e-01,  2.067662549677e+01,  3.919554501772e-02
  5.999999999999e-01,  1.660495102406e-01,  2.066604352655e+01,  4.600096493959e-02
  6.079999999999e-01,  1.764293015003e-01,  2.065566373529e+01,  4.236388951540e-02
  6.179999999999e-01,  1.865725815296e-01,  2.064552045526e+01,  4.729867726564e-02
  6.315000000000e-01,  1.968838423491e-01,  2.063520919445e+01,  8.049330115318e-02
  6.434999999999e-01,  2.072178572416e-01,  2.062487517955e+01,  9.135183691978e-02
  6.540000000000e-01,  2.176090925932e-01,  2.061448394420e+01,  9.613069891930e-02
  6.634999999999e-01,  2.276493757963e-01,  2.060444366100e+01,  1.008542478085e-01
  6.730000000000e-01,  2.378193587065e-01,  2.059427367809e+01,  1.056979596615e-01
  6.830000000000e-01,  2.481991499662e-01,  2.058389388683e+01,  1.119006574154e-01
  6.934999999999e-01,  2.585331499577e-01,  2.057355988684e+01,  1.225112378597e-01
  7.040000000000e-01,  2.687050402164e-01,  2.056338799658e+01,  1.326297223568e-01
  7.144999999998e-01,  2.790161669254e-01,  2.055307686987e+01,  1.420329511166e-01
  7.244999999998e-01,  2.890984117985e-01,  2.054299462500e+01,  1.491397321224e-01
  7.344999999998e-01,  2.993065416813e-01,  2.053278649511e+01,  1.568740308285e-01
  7.444999999998e-01,  3.094917833805e-01,  2.052260125341e+01,  1.649707257748e-01
  7.545000000000e-01,  3.196045458317e-01,  2.051248849096e+01,  1.740477979183e-01
  7.645000000000e-01,  3.296333849430e-01,  2.050245965185e+01,  1.826594769955e-01
  7.749999999999e-01,  3.400398790836e-01,  2.049205315771e+01,  1.935847699642e-01
  7.855000000000e-01,  3.503662645817e-01,  2.048172677221e+01,  2.064937055111e-01
  7.959999999998e-01,  3.606926500797e-01,  2.047140038671e+01,  2.184089124203e-01
  8.064999999999e-01,  3.709847033024e-01,  2.046110833349e+01,  2.311404645443e-01
  8.170000000000e-01,  3.813644945621e-01,  2.045072854223e+01,  2.439731061459e-01
  8.270000000000e-01,  3.913742601871e-01,  2.044071877661e+01,  2.554591596127e-01
  8.370000000000e-01,  4.014603197575e-01,  2.043063271704e+01,  2.649157941341e-01
  8.470000000000e-01,  4.115768969059e-01,  2.042051613989e+01,  2.762244641781e-01
  8.570000000000e-01,  4.216782152653e-01,  2.041041482153e+01,  2.872146070004e-01
  8.670000000000e-01,  4.317337572575e-01,  2.040035927954e+01,  2.985557019711e-01
  8.774999999998e-01,  4.422165453434e-01,  2.038987649145e+01,  3.103564679623e-01
  8.879999999999e-01,  4.526126086712e-01,  2.037948042812e+01,  3.229638338089e-01
  8.985000000000e-01,  4.629695117474e-01,  2.036912352505e+01,  3.360425233841e-01
  9.089999999999e-01,  4.733760058880e-01,  2.035871703091e+01,  3.483735322952e-01
  9.195000000000e-01,  4.838664233685e-01,  2.034822661343e+01,  3.605653047562e-01
  9.295000000000e-01,  4.939105212688e-01,  2.033818251553e+01,  3.721963167191e-01
  9.395000000000e-01,  5.041109919548e-01,  2.032798204484e+01,  3.849755525589e-01
  9.494999999999e-01,  5.143877863884e-01,  2.031770525041e+01,  3.965016603470e-01
  9.594999999999e-01,  5.245730280876e-01,  2.030752000871e+01,  4.083234071732e-01
  9.694999999999e-01,  5.345980525017e-01,  2.029749498429e+01,  4.229527711868e-01
  9.794999999999e-01,  5.446535944939e-01,  2.028743944230e+01,  4.374181032181e-01
  9.894999999999e-01,  5.547015070915e-01,  2.027739152970e+01,  4.505788087845e-01
  9.994999999999e-01,  5.647265315056e-01,  2.026736650529e+01,  4.641171693802e-01
  1.010000000000e+00,  5.752245783806e-01,  2.025686845841e+01,  4.794751405716e-01
  1.020500000000e+00,  5.857149958611e-01,  2.024637804093e+01,  4.920560121536e-01
  1.031000000000e+00,  5.960661768913e-01,  2.023602685990e+01,  5.054875612259e-01
  1.041500000000e+00,  6.063963770866e-01,  2.022569665971e+01,  5.210438966751e-01
  1.052000000000e+00,  6.168829798698e-01,  2.021521005692e+01,  5.347348451614e-01
  1.062000000000e+00,  6.269766688347e-01,  2.020511636796e+01,  5.476056337357e-01
  1.072000000000e+00,  6.370894312859e-01,  2.019500360551e+01,  5.636159181595e-01
  1.082000000000e+00,  6.471716761589e-01,  2.018492136064e+01,  5.788098573685e-01
  1.092500000000e+00,  6.576201319695e-01,  2.017447290482e+01,  5.941754579544e-01
  1.103000000000e+00,  6.679236292839e-01,  2.016416940751e+01,  6.111279726028e-01
  1.113500000000e+00,  6.782442927361e-01,  2.015384874406e+01,  6.272183656693e-01
  1.124000000000e+00,  6.887194514275e-01,  2.014337358537e+01,  6.422597169876e-01
  1.134000000000e+00,  6.988592743874e-01,  2.013323376241e+01,  6.581852436066e-01
  1.144000000000e+00,  7.091093659401e-01,  2.012298367085e+01,  6.734821796417e-01
  1.154000000000e+00,  7.193022370338e-01,  2.011279079976e+01,  6.888210773468e-01
  1.164000000000e+00,  7.293272614479e-01,  2.010276577535e+01,  7.044613361359e-01
  1.174500000000e+00,  7.396841645241e-01,  2.009240887227e+01,  7.221424579620e-01
  1.185000000000e+00,  7.499666810036e-01,  2.008212635579e+01,  7.384197711945e-01
  1.195500000000e+00,  7.603216767311e-01,  2.007177136006e+01,  7.558224201202e-01
  1.205500000000e+00,  7.703276276588e-01,  2.006176540914e+01,  7.719089984894e-01
  1.215500000000e+00,  7.804365754128e-01,  2.005165646138e+01,  7.880833148956e-01
  1.225500000000e+00,  7.905760407448e-01,  2.004151699605e+01,  8.037502765656e-01
  1.235500000000e+00,  8.006811738014e-01,  2.003141186299e+01,  8.199322223663e-01
  1.245500000000e+00,  8.106909394264e-01,  2.002140209737e+01,  8.357861042023e-01
  1.256000000000e+00,  8.211699128151e-01,  2.001092312398e+01,  8.523304462433e-01
  1.266500000000e+00,  8.316679596901e-01,  2.000042507710e+01,  8.701183795929e-01
  1.276500000000e+00,  8.417120575905e-01,  1.999038097920e+01,  8.870289325714e-01
  1.286500000000e+00,  8.518171906471e-01,  1.998027584615e+01,  9.045383930206e-01
  1.296500000000e+00,  8.620138764381e-01,  1.997007916036e+01,  9.219295978546e-01
  1.306500000000e+00,  8.722677826881e-01,  1.995982525411e+01,  9.387600421906e-01
  1.316500000000e+00,  8.824644684792e-01,  1.994962856832e+01,  9.554798603058e-01
  1.326500000000e+00,  8.926001191139e-01,  1.993949291768e+01,  9.730846881866e-01
  1.336500000000e+00,  9.026747345924e-01,  1.992941830220e+01,  9.897053241730e-01
  1.347000000000e+00,  9.131575226784e-01,  1.991893551412e+01,  1.008065462112e+00
  1.357500000000e+00,  9.235296845436e-01,  1.990856335225e+01,  1.026578187943e+00
  1.368000000000e+00,  9.339132905006e-01,  1.989817974629e+01,  1.044095277786e+00
  1.378500000000e+00,  9.443274140358e-01,  1.988776562276e+01,  1.061646699905e+00
  1.389000000000e+00,  9.547966718674e-01,  1.987729636493e+01,  1.077510952950e+00
  1.399500000000e+00,  9.651249647141e-01,  1.986696807208e+01,  1.092510342598e+00
  1.410500000000e+00,  9.752339124680e-01,  1.985685912433e+01,  1.105785489082e+00
  1.423500000000e+00,  9.854687452316e-01,  1.984662429156e+01,  1.120409131050e+00
  1.442500000000e+00,  9.955290555954e-01,  1.983656398120e+01,  1.136078000069e+00
  1.447000000000e+00,  9.970329999924e-01,  1.983506003680e+01,  1.139080166817e+00
  1.547000000000e+00,  1.003520011902e+00,  1.982857302489e+01,  1.144877433777e+00
  1.647000000000e+00,  1.002855896950e+00,  1.982923713984e+01,  1.132705092430e+00
  1.747000000000e+00,  1.002056598663e+00,  1.983003643813e+01,  1.124094128609e+00
  1.847000000000e+00,  1.001383900642e+00,  1.983070913615e+01,  1.119394898415e+00
  1.947000000000e+00,  1.000899195671e+00,  1.983119384112e+01,  1.110610485077e+00
  2.047000000000e+00,  1.000598430634e+00,  1.983149460616e+01,  1.107783079147e+00
  2.147000000000e+00,  1.000401735306e+00,  1.983169130149e+01,  1.100948452950e+00
  2.247000000000e+00,  1.000242710114e+00,  1.983185032668e+01,  1.099505543709e+00
  2.347000000000e+00,  1.000142574310e+00,  1.983195046248e+01,  1.093323469162e+00
  2.447000000000e+00,  1.000089526176e+00,  1.983200351062e+01,  1.091263175011e+00
  2.547000000000e+00,  1.000037193298e+00,  1.983205584350e+01,  1.088388323784e+00
  2.647000000000e+00,  1.000013113022e+00,  1.983207992377e+01,  1.085883736610e+00
  2.747000000000e+00,  1.000021338463e+00,  1.983207169833e+01,  1.082919478416e+00
  2.847000000000e+00,  9.999977350235e-01,  1.983209530177e+01,  1.081327676773e+00
  2.947000000000e+00,  9.999828934669e-01,  1.983211014333e+01,  1.076593518257e+00
  3.047000000000e+00,  9.999635219574e-01,  1.983212951484e+01,  1.075721263885e+00
  3.147000000000e+00,  1.000008344650e+00,  1.983208469214e+01,  1.074141144753e+00
  3.247000000000e+00,  9.999986886978e-01,  1.983209434810e+01,  1.073466181755e+00
  3.347000000000e+00,  1.000004053116e+00,  1.983208898368e+01,  1.073057651520e+00
  3.447000000000e+00,  1.000009655952e+00,  1.983208338084e+01,  1.072877883911e+00
  3.547000000000e+00,  1.000009775162e+00,  1.983208326163e+01,  1.072199821472e+00
  3.647000000000e+00,  1.000015377998e+00,  1.983207765880e+01,  1.067334413528e+00
  3.747000000000e+00,  1.000038623810e+00,  1.983205441298e+01,  1.068543434143e+00
  3.847000000000e+00,  1.000019431114e+00,  1.983207360568e+01,  1.066423058510e+00
  3.947000000000e+00,  1.000012755394e+00,  1.983208028140e+01,  1.065048456192e+00
  4.047000000000e+00,  1.000031113625e+00,  1.983206192317e+01,  1.061680912971e+00
  4.147000000000e+00,  1.000028729439e+00,  1.983206430736e+01,  1.060419440269e+00
  4.247000000000e+00,  1.000022530556e+00,  1.983207050624e+01,  1.059255599976e+00
  4.347000000000e+00,  1.000009059906e+00,  1.983208397689e+01,  1.057697296143e+00
  4.447000000000e+00,  1.000009059906e+00,  1.983208397689e+01,  1.058139085770e+00
  4.547000000000e+00,  1.000002503395e+00,  1.983209053340e+01,  1.055300235748e+00
  4.647000000000e+00,  1.000027537346e+00,  1.983206549945e+01,  1.055395841599e+00
  4.747000000000e+00,  1.000017523766e+00,  1.983207551303e+01,  1.051762938499e+00
  4.847000000000e+00,  1.000005602837e+00,  1.983208743396e+01,  1.052411913872e+00
  4.947000000000e+00,  1.000020980835e+00,  1.983207205596e+01,  1.053393840790e+00
  5.047000000000e+00,  1.000005245209e+00,  1.983208779159e+01,  1.051603198051e+00
  5.147000000000e+00,  1.000006914139e+00,  1.983208612266e+01,  1.050970196724e+00
  5.247000000000e+00,  9.999924898148e-01,  1.983210054698e+01,  1.048660874367e+00
  5.347000000000e+00,  1.000010609627e+00,  1.983208242717e+01,  1.047716140747e+00
  5.447000000000e+00,  1.000010490417e+00,  1.983208254638e+01,  1.046360254288e+00
  5.547000000000e+00,  9.999631047249e-01,  1.983212993207e+01,  1.044840335846e+00
  5.647000000000e+00,  9.999883770943e-01,  1.983210465970e+01,  1.044489026070e+00
  5.747000000000e+00,  1.000016927719e+00,  1.983207610908e+01,  1.042008042336e+00
  5.847000000000e+00,  1.000038981438e+00,  1.983205405536e+01,  1.041457533836e+00
  5.947000000000e+00,  1.000028610229e+00,  1.983206442656e+01,  1.040322899818e+00
  6.047000000000e+00,  9.999891519547e-01,  1.983210388484e+01,  1.042158246040e+00
  6.147000000000e+00,  9.999914169312e-01,  1.983210161986e+01,  1.039416551590e+00
  6.247000000000e+00,  9.999957084656e-01,  1.983209732833e+01,  1.038472890854e+00
  6.347000000000e+00,  9.999979138374e-01,  1.983209512296e+01,  1.038218021393e+00
  6.447000000000e+00,  1.000018835068e+00,  1.983207420173e+01,  1.036241054535e+00
  6.547000000000e+00,  1.000033140182e+00,  1.983205989661e+01,  1.037426233292e+00
  6.647000000000e+00,  1.000005602837e+00,  1.983208743396e+01,  1.034512996674e+00
  6.747000000000e+00,  1.000012159348e+00,  1.983208087745e+01,  1.035118103027e+00
  6.847000000000e+00,  1.000011801720e+00,  1.983208123507e+01,  1.036474585533e+00
  6.947000000000e+00,  9.999946951866e-01,  1.983209834161e+01,  1.034655332565e+00
  7.047000000000e+00,  9.999930262566e-01,  1.983210001054e+01,  1.035030961037e+00
  7.147000000000e+00,  1.000016331673e+00,  1.983207670512e+01,  1.033227443695e+00
  7.247000000000e+00,  1.000027775764e+00,  1.983206526103e+01,  1.034242153168e+00
  7.347000000000e+00,  1.000015974045e+00,  1.983207706275e+01,  1.030933380127e+00
  7.447000000000e+00,  1.000015258789e+00,  1.983207777801e+01,  1.030301451683e+00
  7.547000000000e+00,  1.000027060509e+00,  1.983206597629e+01,  1.027497649193e+00
  7.647000000000e+00,  1.000025153160e+00,  1.983206788363e+01,  1.027836561203e+00
  7.747000000000e+00,  1.000007629395e+00,  1.983208540740e+01,  1.028317332268e+00
  7.847000000000e+00,  9.999960660934e-01,  1.983209697070e+01,  1.027294278145e+00
  7.947000000000e+00,  9.999991059303e-01,  1.983209393086e+01,  1.028621315956e+00
  8.047000000000e+00,  1.000025629997e+00,  1.983206740680e+01,  1.027496337891e+00
  8.147000000000e+00,  9.999742507935e-01,  1.983211878600e+01,  1.025835752487e+00
  8.247000000000e+00,  1.000030398369e+00,  1.983206263843e+01,  1.028826713562e+00
  8.347000000000e+00,  9.999912977219e-01,  1.983210173907e+01,  1.027035474777e+00
  8.447000000000e+00,  1.000010371208e+00,  1.983208266559e+01,  1.025389075279e+00
  8.547000000000e+00,  1.000019311905e+00,  1.983207372489e+01,  1.024655103683e+00
  8.647000000000e+00,  1.000028729439e+00,  1.983206430736e+01,  1.025010585785e+00
  8.747000000000e+00,  1.000047445297e+00,  1.983204559150e+01,  1.022433042526e+00
  8.847000000000e+00,  1.000015258789e+00,  1.983207777801e+01,  1.021059155464e+00
  8.947000000000e+00,  1.000034809113e+00,  1.983205822768e+01,  1.023273348808e+00
  9.047000000000e+00,  9.999982714653e-01,  1.983209476533e+01,  1.021803498268e+00
  9.147000000000e+00,  1.000041842461e+00,  1.983205119433e+01,  1.019556283951e+00
  9.247000000000e+00,  1.000000357628e+00,  1.983209267917e+01,  1.022418379784e+00
  9.347000000000e+00,  1.000015258789e+00,  1.983207777801e+01,  1.021954059601e+00
  9.447000000000e+00,  1.000014305115e+00,  1.983207873168e+01,  1.019097208977e+00
  9.547000000000e+00,  1.000007033348e+00,  1.983208600345e+01,  1.019110083580e+00
  9.647000000000e+00,  1.000031352043e+00,  1.983206168475e+01,  1.016228914261e+00
  9.747000000000e+00,  9.999928474426e-01,  1.983210018935e+01,  1.017969608307e+00
  9.847000000000e+00,  1.000005602837e+00,  1.983208743396e+01,  1.020773053169e+00
  9.947000000000e+00,  1.000017642975e+00,  1.983207539382e+01,  1.017301082611e+00
  1.004700000000e+01,  1.000024676323e+00,  1.983206836047e+01,  1.015610337257e+00
  1.014700000000e+01,  1.000025272369e+00,  1.983206776443e+01,  1.015496015549e+00
  1.024700000000e+01,  1.000009179115e+00,  1.983208385768e+01,  1.016582489014e+00
  1.034700000000e+01,  9.999845027924e-01,  1.983210853400e+01,  1.014109373093e+00
  1.044700000000e+01,  1.000041961670e+00,  1.983205107512e+01,  1.015199899673e+00
  1.054700000000e+01,  9.999832510948e-01,  1.983210978570e+01,  1.012872099876e+00
  1.064700000000e+01,  1.000037312508e+00,  1.983205572429e+01,  1.016111493111e+00
  1.074700000000e+01,  1.000004410744e+00,  1.983208862605e+01,  1.015654683113e+00
  1.084700000000e+01,  1.000015139580e+00,  1.983207789721e+01,  1.014072775841e+00
  1.094700000000e+01,  1.000029802322e+00,  1.983206323447e+01,  1.013206243515e+00
  1.104700000000e+01,  1.000018000603e+00,  1.983207503619e+01,  1.012938022614e+00
  1.114700000000e+01,  1.000000357628e+00,  1.983209267917e+01,  1.013099789619e+00
  1.124700000000e+01,  1.000000715256e+00,  1.983209232154e+01,  1.014051198959e+00
  1.134700000000e+01,  1.000018835068e+00,  1.983207420173e+01,  1.014240622520e+00
  1.144700000000e+01,  1.000012516975e+00,  1.983208051982e+01,  1.012021899223e+00
  1.154700000000e+01,  9.999708533287e-01,  1.983212218347e+01,  1.011177301407e+00
  1.164700000000e+01,  1.000000357628e+00,  1.983209267917e+01,  1.013038396835e+00
  1.174700000000e+01,  1.000009536743e+00,  1.983208350005e+01,  1.010420084000e+00
  1.184700000000e+01,  1.000014781952e+00,  1.983207825484e+01,  1.009530067444e+00
  1.194700000000e+01,  9.999919533730e-01,  1.983210108342e+01,  1.009065985680e+00
  1.204700000000e+01,  1.000024557114e+00,  1.983206847968e+01,  1.010604739189e+00
  1.214700000000e+01,  1.000020861626e+00,  1.983207217517e+01,  1.007577180862e+00
  1.224700000000e+01,  1.000011086464e+00,  1.983208195033e+01,  1.008418560028e+00
  1.234700000000e+01,  1.000006198883e+00,  1.983208683791e+01,  1.007060527802e+00
  1.244700000000e+01,  1.000022649765e+00,  1.983207038703e+01,  1.009102702141e+00
  1.254700000000e+01,  1.000023245811e+00,  1.983206979098e+01,  1.006511330605e+00
  1.264700000000e+01,  1.000007748604e+00,  1.983208528819e+01,  1.005704760551e+00
  1.274700000000e+01,  1.000009894371e+00,  1.983208314242e+01,  1.006885170937e+00
  1.284700000000e+01,  9.999978542328e-01,  1.983209518256e+01,  1.005613088608e+00
  1.294700000000e+01,  1.000015497208e+00,  1.983207753959e+01,  1.006707429886e+00
  1.304700000000e+01,  1.000025868416e+00,  1.983206716838e+01,  1.004776954651e+00
  1.314700000000e+01,  1.000032544136e+00,  1.983206049266e+01,  1.004069924355e+00
  1.324700000000e+01,  9.999940991402e-01,  1.983209893765e+01,  1.006376147270e+00
  1.334700000000e+01,  9.999945759773e-01,  1.983209846082e+01,  1.002999544144e+00
  1.344700000000e+01,  1.000002980232e+00,  1.983209005656e+01,  1.002370119095e+00
  1.354700000000e+01,  1.000027060509e+00,  1.983206597629e+01,  1.002822995186e+00
  1.364700000000e+01,  1.000004649162e+00,  1.983208838763e+01,  1.002735972404e+00
  1.374700000000e+01,  1.000004529953e+00,  1.983208850684e+01,  1.000727057457e+00
  1.384700000000e+01,  1.000008344650e+00,  1.983208469214e+01,  1.002591013908e+00
  1.394700000000e+01,  9.999995827675e-01,  1.983209345403e+01,  1.004446625710e+00
  1.404700000000e+01,  1.000040650368e+00,  1.983205238643e+01,  1.000670194626e+00
  1.414700000000e+01,  1.000014066696e+00,  1.983207897010e+01,  1.002654671669e+00
  1.424700000000e+01,  1.000010609627e+00,  1.983208242717e+01,  9.989297986031e-01
  1.434700000000e+01,  9.999909996986e-01,  1.983210203710e+01,  9.994035959244e-01
  1.444700000000e+01,  1.000017404556e+00,  1.983207563224e+01,  9.998315572739e-01
  1.454700000000e+01,  1.000012993813e+00,  1.983208004298e+01,  1.001340031624e+00
  1.464700000000e+01,  1.000006318092e+00,  1.983208671870e+01,  9.988309741020e-01
  1.474700000000e+01,  1.000024199486e+00,  1.983206883731e+01,  1.001155495644e+00
  1.484700000000e+01,  1.000034451485e+00,  1.983205858531e+01,  1.001469612122e+00
  1.494700000000e+01,  1.000004172325e+00,  1.983208886447e+01,  1.000690102577e+00
  1.504700000000e+01,  1.000012636185e+00,  1.983208040061e+01,  9.988732337952e-01
  1.514700000000e+01,  9.999863505363e-01,  1.983210668626e+01,  9.971057176590e-01
  1.524700000000e+01,  9.999881386757e-01,  1.983210489812e+01,  9.963088035583e-01
  1.534700000000e+01,  9.999835491180e-01,  1.983210948768e+01,  9.973446726799e-01
  1.544700000000e+01,  9.999549984932e-01,  1.983213803830e+01,  9.955275654793e-01
  1.554700000000e+01,  9.999675750732e-01,  1.983212546172e+01,  9.967299699783e-01
  1.564700000000e+01,  9.999909400940e-01,  1.983210209670e+01,  9.940648078918e-01
  1.574700000000e+01,  9.999875426292e-01,  1.983210549417e+01,  9.959221482277e-01
  1.584700000000e+01,  1.000022530556e+00,  1.983207050624e+01,  9.954850077629e-01
  1.594700000000e+01,  1.000017762184e+00,  1.983207527461e+01,  9.943782091141e-01
  1.604700000000e+01,  1.000021338463e+00,  1.983207169833e+01,  9.947670698166e-01
  1.614700000000e+01,  9.999961256981e-01,  1.983209691110e+01,  9.921144247055e-01
  1.624700000000e+01,  9.999798536301e-01,  1.983211318316e+01,  9.962016344070e-01
  1.634700000000e+01,  9.999908208847e-01,  1.983210221591e+01,  9.946869015694e-01
  1.644700000000e+01,  1.000002145767e+00,  1.983209089103e+01,  9.941840171814e-01
  1.654700000000e+01,  1.000014662743e+00,  1.983207837405e+01,  9.943432211876e-01
  1.664700000000e+01,  1.000024437904e+00,  1.983206859889e+01,  9.922942519188e-01
  1.674700000000e+01,  1.000001430511e+00,  1.983209160628e+01,  9.932221770287e-01
  1.684700000000e+01,  9.999927282333e-01,  1.983210030856e+01,  9.934787154198e-01
  1.694700000000e+01,  1.000013113022e+00,  1.983207992377e+01,  9.929148554802e-01
  1.704700000000e+01,  1.000009298325e+00,  1.983208373847e+01,  9.923022985458e-01
  1.714700000000e+01,  9.999829530716e-01,  1.983211008372e+01,  9.887602925301e-01
  1.724700000000e+01,  9.999934434891e-01,  1.983209959331e+01,  9.891701340675e-01
  1.734700000000e+01,  9.999893903732e-01,  1.983210364642e+01,  9.895582199097e-01
  1.744700000000e+01,  9.999570846558e-01,  1.983213595214e+01,  9.901537895203e-01
  1.754700000000e+01,  9.999883174896e-01,  1.983210471930e+01,  9.881176352501e-01
  1.764700000000e+01,  1.000008940697e+00,  1.983208409610e+01,  9.887592792511e-01
  1.774700000000e+01,  9.999893903732e-01,  1.983210364642e+01,  9.891304373741e-01
  1.784700000000e+01,  1.000010490417e+00,  1.983208254638e+01,  9.862025380135e-01
  1.794700000000e+01,  9.999992847443e-01,  1.983209375205e+01,  9.886125326157e-01
  1.804700000000e+01,  1.000012040138e+00,  1.983208099666e+01,  9.874909520149e-01
  1.814700000000e+01,  9.999967217445e-01,  1.983209631505e+01,  9.888571500778e-01
  1.824700000000e+01,  9.999812245369e-01,  1.983211181226e+01,  9.871469140053e-01
  1.834700000000e+01,  9.999904036522e-01,  1.983210263314e+01,  9.875284433365e-01
  1.844700000000e+01,  9.999914765358e-01,  1.983210156026e+01,  9.846788048744e-01
  1.854700000000e+01,  1.000031828880e+00,  1.983206120791e+01,  9.864323735237e-01
  1.864700000000e+01,  1.000012755394e+00,  1.983208028140e+01,  9.864057302475e-01
  1.874700000000e+01,  1.000003337860e+00,  1.983208969893e+01,  9.894155859947e-01
  1.884700000000e+01,  9.999937415123e-01,  1.983209929528e+01,  9.868296384811e-01
  1.894700000000e+01,  9.999989271164e-01,  1.983209410968e+01,  9.859322309494e-01
  1.904700000000e+01,  9.999962449074e-01,  1.983209679189e+01,  9.847050905228e-01
  1.914700000000e+01,  1.000002264977e+00,  1.983209077182e+01,  9.882936477661e-01
  1.924700000000e+01,  1.000024914742e+00,  1.983206812205e+01,  9.859315752983e-01
  1.934700000000e+01,  9.999889135361e-01,  1.983210412326e+01,  9.864215254784e-01
  1.944700000000e+01,  9.999997019768e-01,  1.983209333482e+01,  9.847875833511e-01
  1.954700000000e+01,  9.999766945839e-01,  1.983211634221e+01,  9.859009981155e-01
  1.964700000000e+01,  1.000018477440e+00,  1.983207455935e+01,  9.825507402420e-01
  1.974700000000e+01,  1.000003695488e+00,  1.983208934131e+01,  9.837579727173e-01
  1.984700000000e+01,  9.999958872795e-01,  1.983209714951e+01,  9.846693277359e-01
  1.994700000000e+01,  9.999869465828e-01,  1.983210609021e+01,  9.823399782181e-01
  2.004700000000e+01,  9.999882578850e-01,  1.983210477891e+01,  9.824557304382e-01
  2.014700000000e+01,  1.000002622604e+00,  1.983209041419e+01,  9.832157492638e-01
  2.024700000000e+01,  1.000010251999e+00,  1.983208278480e+01,  9.808678030968e-01
  2.034700000000e+01,  1.000008940697e+00,  1.983208409610e+01,  9.837787151337e-01
  2.044700000000e+01,  1.000013232231e+00,  1.983207980456e+01,  9.825285673141e-01
  2.054700000000e+01,  1.000009179115e+00,  1.983208385768e+01,  9.803758263588e-01
  2.064700000000e+01,  1.000018239021e+00,  1.983207479777e+01,  9.815552234650e-01
  2.074700000000e+01,  9.999988079071e-01,  1.983209422889e+01,  9.789810180664e-01
  2.084700000000e+01,  1.000025987625e+00,  1.983206704917e+01,  9.823080301285e-01
  2.094700000000e+01,  1.000013232231e+00,  1.983207980456e+01,  9.809671044350e-01
  2.104700000000e+01,  1.000003814697e+00,  1.983208922210e+01,  9.785230159760e-01
  2.114700000000e+01,  1.000006794930e+00,  1.983208624186e+01,  9.794768095016e-01
  2.124700000000e+01,  1.000019907951e+00,  1.983207312884e+01,  9.790096879005e-01
  2.134700000000e+01,  1.000005841255e+00,  1.983208719554e+01,  9.802870750427e-01
  2.144700000000e+01,  9.999931454659e-01,  1.983209989133e+01,  9.779914021492e-01
  2.154700000000e+01,  9.999946355820e-01,  1.983209840121e+01,  9.772684574127e-01
  2.164700000000e+01,  9.999871850014e-01,  1.983210585179e+01,  9.782053828239e-01
  2.174700000000e+01,  9.999887943268e-01,  1.983210424247e+01,  9.800926446915e-01
  2.184700000000e+01,  1.000001788139e+00,  1.983209124866e+01,  9.784827232361e-01
  2.194700000000e+01,  1.000017046928e+00,  1.983207598987e+01,  9.797929525375e-01
  2.204700000000e+01,  1.000026464462e+00,  1.983206657233e+01,  9.799029231071e-01
  2.214700000000e+01,  9.999960660934e-01,  1.983209697070e+01,  9.788424968719e-01
  2.224700000000e+01,  1.000029206276e+00,  1.983206383052e+01,  9.776729941368e-01
  2.234700000000e+01,  9.999889731407e-01,  1.983210406365e+01,  9.748938679695e-01
  2.244700000000e+01,  9.999872446060e-01,  1.983210579219e+01,  9.740309715271e-01
  2.254700000000e+01,  1.000009417534e+00,  1.983208361926e+01,  9.739897847176e-01
  2.264700000000e+01,  9.999778866768e-01,  1.983211515012e+01,  9.747404456139e-01
  2.274700000000e+01,  1.000009298325e+00,  1.983208373847e+01,  9.758145809174e-01
  2.284700000000e+01,  1.000020861626e+00,  1.983207217517e+01,  9.743314981461e-01
  2.294700000000e+01,  1.000020384789e+00,  1.983207265201e+01,  9.756542444229e-01
  2.304700000000e+01,  9.999865889549e-01,  1.983210644784e+01,  9.729377031326e-01
  2.314700000000e+01,  1.000008702278e+00,  1.983208433452e+01,  9.743950366974e-01
  2.324700000000e+01,  9.999688863754e-01,  1.983212415042e+01,  9.728013873100e-01
  2.334700000000e+01,  1.000014066696e+00,  1.983207897010e+01,  9.740724563599e-01
  2.344700000000e+01,  9.999865293503e-01,  1.983210650744e+01,  9.752894639969e-01
  2.354700000000e+01,  9.999622702599e-01,  1.983213076653e+01,  9.763529896736e-01
  2.364700000000e+01,  9.999808669090e-01,  1.983211216989e+01,  9.744991064072e-01
  2.374700000000e+01,  9.999952912331e-01,  1.983209774556e+01,  9.721497297287e-01
  2.384700000000e+01,  9.999997019768e-01,  1.983209333482e+01,  9.733813405037e-01
  2.394700000000e+01,  1.000014185905e+00,  1.983207885089e+01,  9.723038077354e-01
  2.404700000000e+01,  9.999969601631e-01,  1.983209607663e+01,  9.715491533279e-01
  2.414700000000e+01,  1.000008106232e+00,  1.983208493056e+01,  9.716500639915e-01
  2.424700000000e+01,  1.000007152557e+00,  1.983208588424e+01,  9.713336229324e-01
  2.434700000000e+01,  1.000011563301e+00,  1.983208147349e+01,  9.734882712364e-01
  2.444700000000e+01,  1.000024676323e+00,  1.983206836047e+01,  9.721010923386e-01
  2.454700000000e+01,  1.000034570694e+00,  1.983205846610e+01,  9.722608923912e-01
  2.464700000000e+01,  9.999963641167e-01,  1.983209667268e+01,  9.680445194244e-01
  2.474700000000e+01,  1.000023365021e+00,  1.983206967177e+01,  9.726248979568e-01
  2.484700000000e+01,  1.000018835068e+00,  1.983207420173e+01,  9.727922081947e-01
  2.494700000000e+01,  9.999989867210e-01,  1.983209405007e+01,  9.716760516167e-01
  2.504700000000e+01,  1.000013709068e+00,  1.983207932773e+01,  9.699866175652e-01
  2.514700000000e+01,  9.999806284904e-01,  1.983211240830e+01,  9.698294401169e-01
  2.524700000000e+01,  1.000036835670e+00,  1.983205620112e+01,  9.694223999977e-01
  2.534700000000e+01,  1.000003933907e+00,  1.983208910289e+01,  9.683993458748e-01
  2.544700000000e+01,  1.000002980232e+00,  1.983209005656e+01,  9.694587588310e-01
  2.554700000000e+01,  1.000031828880e+00,  1.983206120791e+01,  9.686468839645e-01
  2.564700000000e+01,  1.000001072884e+00,  1.983209196391e+01,  9.679536223412e-01
  2.574700000000e+01,  1.000020503998e+00,  1.983207253280e+01,  9.678649902344e-01
  2.584700000000e+01,  1.000002980232e+00,  1.983209005656e+01,  9.670974016190e-01
  2.594700000000e+01,  1.000015974045e+00,  1.983207706275e+01,  9.684318304062e-01
  2.604700000000e+01,  1.000014424324e+00,  1.983207861247e+01,  9.651695489883e-01
  2.614700000000e+01,  1.000025272369e+00,  1.983206776443e+01,  9.688647985458e-01
  2.624700000000e+01,  1.000010967255e+00,  1.983208206954e+01,  9.670829772949e-01
  2.634700000000e+01,  1.000024199486e+00,  1.983206883731e+01,  9.696432352066e-01
  2.644700000000e+01,  9.999994635582e-01,  1.983209357324e+01,  9.674874544144e-01
  2.654700000000e+01,  1.000006318092e+00,  1.983208671870e+01,  9.667031168938e-01
  2.664700000000e+01,  1.000001907349e+00,  1.983209112945e+01,  9.686310887337e-01
  2.674700000000e+01,  9.999742507935e-01,  1.983211878600e+01,  9.655021429062e-01
  2.684700000000e+01,  9.999969601631e-01,  1.983209607663e+01,  9.662170410156e-01
  2.694700000000e+01,  1.000003337860e+00,  1.983208969893e+01,  9.656752347946e-01
  2.704700000000e+01,  1.000015735626e+00,  1.983207730117e+01,  9.677367210388e-01
  2.714700000000e+01,  1.000011920929e+00,  1.983208111587e+01,  9.706621766090e-01
  2.724700000000e+01,  9.999824762344e-01,  1.983211056056e+01,  9.672707319260e-01
  2.734700000000e+01,  1.000003099442e+00,  1.983208993735e+01,  9.688573479652e-01
  2.744700000000e+01,  1.000003933907e+00,  1.983208910289e+01,  9.682156443596e-01
  2.754700000000e+01,  1.000020146370e+00,  1.983207289042e+01,  9.682059288025e-01
  2.764700000000e+01,  1.000000357628e+00,  1.983209267917e+01,  9.666205644608e-01
  2.774700000000e+01,  9.999929666519e-01,  1.983210007014e+01,  9.651685357094e-01
  2.784700000000e+01,  9.999879598618e-01,  1.983210507693e+01,  9.669021368027e-01
  2.794700000000e+01,  1.000036597252e+00,  1.983205643954e+01,  9.656049609184e-01
  2.804700000000e+01,  1.000011324883e+00,  1.983208171191e+01,  9.637718200684e-01
  2.814700000000e+01,  1.000003457069e+00,  1.983208957973e+01,  9.623234868050e-01
  2.824700000000e+01,  9.999927282333e-01,  1.983210030856e+01,  9.626777768135e-01
  2.834700000000e+01,  9.999849796295e-01,  1.983210805716e+01,  9.649115800858e-01
  2.844700000000e+01,  9.999979138374e-01,  1.983209512296e+01,  9.647964835167e-01
  2.854700000000e+01,  9.999895095825e-01,  1.983210352721e+01,  9.642393589020e-01
  2.864700000000e+01,  9.999910593033e-01,  1.983210197749e+01,  9.652231335640e-01
  2.874700000000e+01,  1.000006675720e+00,  1.983208636107e+01,  9.618443250656e-01
  2.884700000000e+01,  1.000019669533e+00,  1.983207336726e+01,  9.643632769585e-01
  2.894700000000e+01,  1.000008940697e+00,  1.983208409610e+01,  9.619358778000e-01
  2.904700000000e+01,  9.999935626984e-01,  1.983209947410e+01,  9.633683562279e-01
  2.914700000000e+01,  1.000025391579e+00,  1.983206764522e+01,  9.613965153694e-01
  2.924700000000e+01,  1.000004291534e+00,  1.983208874526e+01,  9.618502259254e-01
  2.934700000000e+01,  1.000014424324e+00,  1.983207861247e+01,  9.586167931557e-01
  2.944700000000e+01,  1.000005245209e+00,  1.983208779159e+01,  9.638188481331e-01
  2.954700000000e+01,  1.000021100044e+00,  1.983207193675e+01,  9.620989561081e-01
  2.964700000000e+01,  1.000003814697e+00,  1.983208922210e+01,  9.602248668671e-01
  2.974700000000e+01,  9.999851584435e-01,  1.983210787835e+01,  9.591150283813e-01
  2.984700000000e+01,  1.000027656555e+00,  1.983206538024e+01,  9.598240256310e-01
  2.994700000000e+01,  1.000043988228e+00,  1.983204904857e+01,  9.600236415863e-01
  3.004700000000e+01,  1.000001192093e+00,  1.983209184470e+01,  9.622913002968e-01
  3.014700000000e+01,  1.000023722649e+00,  1.983206931415e+01,  9.606928825378e-01
  3.024700000000e+01,  1.000002503395e+00,  1.983209053340e+01,  9.577750563622e-01
  3.034700000000e+01,  9.999871253967e-01,  1.983210591140e+01,  9.586226940155e-01
  3.044700000000e+01,  1.000020503998e+00,  1.983207253280e+01,  9.614560008049e-01
  3.054700000000e+01,  9.999955892563e-01,  1.983209744754e+01,  9.601840376854e-01
  3.064700000000e+01,  9.999942183495e-01,  1.983209881844e+01,  9.596109390259e-01
  3.074700000000e+01,  9.999812841415e-01,  1.983211175265e+01,  9.622211456299e-01
  3.084700000000e+01,  9.999944567680e-01,  1.983209858003e+01,  9.589564204216e-01
  3.094700000000e+01,  9.999986290932e-01,  1.983209440770e+01,  9.594419598579e-01
  3.104700000000e+01,  9.999784827232e-01,  1.983211455407e+01,  9.625017642975e-01
  3.114700000000e+01,  1.000002861023e+00,  1.983209017577e+01,  9.583201408386e-01
  3.124700000000e+01,  9.999922513962e-01,  1.983210078540e+01,  9.589151740074e-01
  3.134700000000e+01,  9.999993443489e-01,  1.983209369245e+01,  9.601663351059e-01
  3.144700000000e+01,  9.999935030937e-01,  1.983209953370e+01,  9.606302380562e-01
  3.154700000000e+01,  1.000036835670e+00,  1.983205620112e+01,  9.580367803574e-01
  3.164700000000e+01,  1.000007867813e+00,  1.983208516898e+01,  9.563559889793e-01
  3.174700000000e+01,  1.000010251999e+00,  1.983208278480e+01,  9.596207737923e-01
  3.184700000000e+01,  1.000002384186e+00,  1.983209065261e+01,  9.565210938454e-01
  3.194700000000e+01,  9.999820590019e-01,  1.983211097779e+01,  9.591677188873e-01
  3.204700000000e+01,  1.000017285347e+00,  1.983207575145e+01,  9.568538665771e-01
  3.214700000000e+01,  9.999938607216e-01,  1.983209917607e+01,  9.575549960136e-01
  3.224700000000e+01,  9.999986886978e-01,  1.983209434810e+01,  9.596817493439e-01
  3.234700000000e+01,  1.000021338463e+00,  1.983207169833e+01,  9.566870927811e-01
  3.244700000000e+01,  1.000032305717e+00,  1.983206073108e+01,  9.584656953812e-01
  3.254700000000e+01,  9.999949336052e-01,  1.983209810319e+01,  9.569616317749e-01
  3.264700000000e+01,  1.000022053719e+00,  1.983207098308e+01,  9.582188725471e-01
  3.274700000000e+01,  1.000017166138e+00,  1.983207587066e+01,  9.550220966339e-01
  3.284700000000e+01,  9.999963045120e-01,  1.983209673228e+01,  9.574373960495e-01
  3.294700000000e+01,  1.000000715256e+00,  1.983209232154e+01,  9.535480737686e-01
  3.304700000000e+01,  1.000006556511e+00,  1.983208648028e+01,  9.561877846718e-01
  3.314700000000e+01,  9.999781847000e-01,  1.983211485209e+01,  9.648410677910e-01
  3.324700000000e+01,  9.999867677689e-01,  1.983210626903e+01,  9.532171487808e-01
  3.334700000000e+01,  1.000026822090e+00,  1.983206621470e+01,  9.550198912621e-01
  3.344700000000e+01,  9.999750852585e-01,  1.983211795154e+01,  9.556732177734e-01
  3.354700000000e+01,  1.000022053719e+00,  1.983207098308e+01,  9.533188343048e-01
  3.364700000000e+01,  1.000018835068e+00,  1.983207420173e+01,  9.547163248062e-01
  3.374700000000e+01,  9.999949336052e-01,  1.983209810319e+01,  9.546313285828e-01
  3.384700000000e+01,  1.000005483627e+00,  1.983208755317e+01,  9.534401297569e-01
  3.394700000000e+01,  9.999893903732e-01,  1.983210364642e+01,  9.546291232109e-01
  3.404700000000e+01,  9.999954700470e-01,  1.983209756675e+01,  9.544827342033e-01
  3.414700000000e+01,  9.999943375587e-01,  1.983209869924e+01,  9.553412795067e-01
  3.424700000000e+01,  1.000005602837e+00,  1.983208743396e+01,  9.549958705902e-01
  3.434700000000e+01,  9.999861717224e-01,  1.983210686507e+01,  9.522436857224e-01
  3.444700000000e+01,  9.999954104424e-01,  1.983209762635e+01,  9.503234028816e-01
  3.454700000000e+01,  1.000005125999e+00,  1.983208791079e+01,  9.553038477898e-01
  3.464700000000e+01,  1.000004053116e+00,  1.983208898368e+01,  9.518700242043e-01
  3.474700000000e+01,  9.999803900719e-01,  1.983211264672e+01,  9.562729001045e-01
  3.484700000000e+01,  9.999667406082e-01,  1.983212629619e+01,  9.523971676826e-01
  3.494700000000e+01,  1.000032067299e+00,  1.983206096950e+01,  9.533214569092e-01
  3.504700000000e+01,  9.999942183495e-01,  1.983209881844e+01,  9.534284472466e-01
  3.514700000000e+01,  1.000033140182e+00,  1.983205989661e+01,  9.528028964996e-01
  3.524700000000e+01,  9.999955296516e-01,  1.983209750714e+01,  9.518575072289e-01
  3.534700000000e+01,  9.999912381172e-01,  1.983210179868e+01,  9.505835771561e-01
  3.544700000000e+01,  1.000004053116e+00,  1.983208898368e+01,  9.542023539543e-01
  3.554700000000e+01,  9.999975562096e-01,  1.983209548058e+01,  9.533032178879e-01
  3.564700000000e+01,  1.000011920929e+00,  1.983208111587e+01,  9.521674513817e-01
  3.574700000000e+01,  9.999983310699e-01,  1.983209470572e+01,  9.489767551422e-01
  3.584700000000e+01,  1.000007510185e+00,  1.983208552661e+01,  9.508745074272e-01
  3.594700000000e+01,  1.000021696091e+00,  1.983207134070e+01,  9.499125480652e-01
  3.604700000000e+01,  9.999972581863e-01,  1.983209577861e+01,  9.485221505165e-01
  3.614700000000e+01,  1.000025629997e+00,  1.983206740680e+01,  9.487851262093e-01
  3.624700000000e+01,  9.999842643738e-01,  1.983210877242e+01,  9.476176500320e-01
  3.634700000000e+01,  1.000022172928e+00,  1.983207086387e+01,  9.501239061356e-01
  3.644700000000e+01,  9.999897480011e-01,  1.983210328879e+01,  9.503946304321e-01
  3.654700000000e+01,  1.000008225441e+00,  1.983208481135e+01,  9.513795971870e-01
  3.664700000000e+01,  1.000007867813e+00,  1.983208516898e+01,  9.507046341896e-01
  3.674700000000e+01,  9.999713301659e-01,  1.983212170663e+01,  9.494636654854e-01
  3.684700000000e+01,  9.999931454659e-01,  1.983209989133e+01,  9.505339264870e-01
  3.694700000000e+01,  1.000001907349e+00,  1.983209112945e+01,  9.508216381073e-01
  3.704700000000e+01,  1.000015020370e+00,  1.983207801642e+01,  9.487141370773e-01
  3.714700000000e+01,  1.000013828278e+00,  1.983207920852e+01,  9.479693174362e-01
  3.724700000000e+01,  1.000012993813e+00,  1.983208004298e+01,  9.468091130257e-01
  3.734700000000e+01,  1.000002145767e+00,  1.983209089103e+01,  9.497663378716e-01
  3.744700000000e+01,  9.999912381172e-01,  1.983210179868e+01,  9.495140314102e-01
  3.754700000000e+01,  1.000006556511e+00,  1.983208648028e+01,  9.508448839188e-01
  3.764700000000e+01,  1.000021100044e+00,  1.983207193675e+01,  9.467198252678e-01
  3.774700000000e+01,  1.000014901161e+00,  1.983207813563e+01,  9.496870040894e-01
  3.784700000000e+01,  9.999992847443e-01,  1.983209375205e+01,  9.488469362259e-01
  3.794700000000e+01,  9.999804496765e-01,  1.983211258712e+01,  9.508628249168e-01
  3.804700000000e+01,  9.999870657921e-01,  1.983210597100e+01,  9.494473338127e-01
  3.814700000000e+01,  1.000003933907e+00,  1.983208910289e+01,  9.479123950005e-01
  3.824700000000e+01,  9.999855756760e-01,  1.983210746112e+01,  9.486687779427e-01
  3.834700000000e+01,  1.000010848045e+00,  1.983208218875e+01,  9.504684805870e-01
  3.844700000000e+01,  9.999766945839e-01,  1.983211634221e+01,  9.505149722099e-01
  3.854700000000e+01,  1.000037550926e+00,  1.983205548587e+01,  9.469317197800e-01
  3.864700000000e+01,  9.999944567680e-01,  1.983209858003e+01,  9.475606083870e-01
  3.874700000000e+01,  1.000021576881e+00,  1.983207145991e+01,  9.472749233246e-01
  3.884700000000e+01,  9.999924898148e-01,  1.983210054698e+01,  9.472967982292e-01
  3.894700000000e+01,  1.000021934509e+00,  1.983207110229e+01,  9.480315446854e-01
  3.904700000000e+01,  1.000007271767e+00,  1.983208576503e+01,  9.453584551811e-01
  3.914700000000e+01,  9.999886155128e-01,  1.983210442128e+01,  9.463367462158e-01
  3.924700000000e+01,  1.000018239021e+00,  1.983207479777e+01,  9.446713328362e-01
  3.934700000000e+01,  9.999803900719e-01,  1.983211264672e+01,  9.454557895660e-01
  3.944700000000e+01,  1.000006914139e+00,  1.983208612266e+01,  9.459583759308e-01
  3.954700000000e+01,  1.000002503395e+00,  1.983209053340e+01,  9.451809525490e-01
  3.964700000000e+01,  9.999738335609e-01,  1.983211920323e+01,  9.448026418686e-01
  3.974700000000e+01,  1.000033259392e+00,  1.983205977740e+01,  9.447941780090e-01
  3.984700000000e+01,  1.000017523766e+00,  1.983207551303e+01,  9.457109570503e-01
  3.994700000000e+01,  1.000042557716e+00,  1.983205047908e+01,  9.447451829910e-01
  4.004700000000e+01,  1.000007748604e+00,  1.983208528819e+01,  9.471394419670e-01
  4.014700000000e+01,  9.999938607216e-01,  1.983209917607e+01,  9.456935524940e-01
  4.024700000000e+01,  9.999948143959e-01,  1.983209822240e+01,  9.472497105598e-01
  4.034700000000e+01,  1.000016212463e+00,  1.983207682433e+01,  9.466701149940e-01
  4.044700000000e+01,  9.999951720238e-01,  1.983209786477e+01,  9.442884922028e-01
  4.054700000000e+01,  9.999889731407e-01,  1.983210406365e+01,  9.440177083015e-01
  4.064700000000e+01,  1.000020146370e+00,  1.983207289042e+01,  9.452562928200e-01
  4.074700000000e+01,  1.000007987022e+00,  1.983208504977e+01,  9.462502598763e-01
  4.084700000000e+01,  1.000032544136e+00,  1.983206049266e+01,  9.462981820107e-01
  4.094700000000e+01,  1.000012516975e+00,  1.983208051982e+01,  9.454479813576e-01
  4.104700000000e+01,  9.999576210976e-01,  1.983213541570e+01,  9.441376328468e-01
  4.114700000000e+01,  9.999913573265e-01,  1.983210167947e+01,  9.468905925751e-01
  4.124700000000e+01,  1.000001430511e+00,  1.983209160628e+01,  9.432368278503e-01
  4.134700000000e+01,  1.000010609627e+00,  1.983208242717e+01,  9.438543319702e-01
  4.144700000000e+01,  9.999936819077e-01,  1.983209935489e+01,  9.459311962128e-01
  4.154700000000e+01,  1.000009655952e+00,  1.983208338084e+01,  9.430777430534e-01
  4.164700000000e+01,  1.000012993813e+00,  1.983208004298e+01,  9.455813765526e-01
  4.174700000000e+01,  1.000030159950e+00,  1.983206287684e+01,  9.435498118401e-01
  4.184700000000e+01,  1.000011205673e+00,  1.983208183112e+01,  9.445605278015e-01
  4.194700000000e+01,  1.000044226646e+00,  1.983204881015e+01,  9.435423016548e-01
  4.204700000000e+01,  1.000030279160e+00,  1.983206275763e+01,  9.412371516228e-01
  4.214700000000e+01,  1.000022768974e+00,  1.983207026782e+01,  9.415077567101e-01
  4.224700000000e+01,  9.999912381172e-01,  1.983210179868e+01,  9.408879876137e-01
  4.234700000000e+01,  1.000001907349e+00,  1.983209112945e+01,  9.405015707016e-01
  4.244700000000e+01,  1.000003814697e+00,  1.983208922210e+01,  9.407356977463e-01
  4.254700000000e+01,  9.999830722809e-01,  1.983210996451e+01,  9.418869614601e-01
  4.264700000000e+01,  9.999816417694e-01,  1.983211139503e+01,  9.434866905212e-01
  4.274700000000e+01,  9.999911189079e-01,  1.983210191789e+01,  9.431158900261e-01
  4.284700000000e+01,  9.999840259552e-01,  1.983210901084e+01,  9.431891441345e-01
  4.294700000000e+01,  9.999874234200e-01,  1.983210561337e+01,  9.443405866623e-01
  4.304700000000e+01,  9.999847412109e-01,  1.983210829558e+01,  9.446942806244e-01
  4.314700000000e+01,  9.999747872353e-01,  1.983211824956e+01,  9.422190189362e-01
  4.324700000000e+01,  9.999771714211e-01,  1.983211586537e+01,  9.420273900032e-01
  4.334700000000e+01,  9.999965429306e-01,  1.983209649386e+01,  9.427574276924e-01
  4.344700000000e+01,  1.000014305115e+00,  1.983207873168e+01,  9.408308267593e-01
  4.354700000000e+01,  1.000008106232e+00,  1.983208493056e+01,  9.436046481133e-01
  4.364700000000e+01,  9.999885559082e-01,  1.983210448089e+01,  9.428623914719e-01
  4.374700000000e+01,  1.000034213066e+00,  1.983205882373e+01,  9.415552020073e-01
  4.384700000000e+01,  1.000012278557e+00,  1.983208075824e+01,  9.408060312271e-01
  4.394700000000e+01,  1.000016927719e+00,  1.983207610908e+01,  9.404385089874e-01
  4.404700000000e+01,  9.999846220016e-01,  1.983210841479e+01,  9.398021101952e-01
  4.414700000000e+01,  1.000013470650e+00,  1.983207956614e+01,  9.412313103676e-01
  4.424700000000e+01,  1.000011444092e+00,  1.983208159270e+01,  9.419365525246e-01
  4.434700000000e+01,  9.999921321869e-01,  1.983210090461e+01,  9.391762614250e-01
  4.444700000000e+01,  9.999633431435e-01,  1.983212969365e+01,  9.384828805923e-01
  4.454700000000e+01,  1.000007867813e+00,  1.983208516898e+01,  9.407941699028e-01
  4.464700000000e+01,  9.999974966049e-01,  1.983209554019e+01,  9.408302903175e-01
  4.474700000000e+01,  9.999882578850e-01,  1.983210477891e+01,  9.395040273666e-01
  4.484700000000e+01,  1.000000834465e+00,  1.983209220233e+01,  9.368035197258e-01
  4.494700000000e+01,  1.000015497208e+00,  1.983207753959e+01,  9.389955997467e-01
  4.504700000000e+01,  9.999881386757e-01,  1.983210489812e+01,  9.385784268379e-01
  4.514700000000e+01,  1.000002264977e+00,  1.983209077182e+01,  9.371085762978e-01
  4.524700000000e+01,  9.999919533730e-01,  1.983210108342e+01,  9.367555379868e-01
  4.534700000000e+01,  1.000002503395e+00,  1.983209053340e+01,  9.389364123344e-01
  4.544700000000e+01,  1.000025868416e+00,  1.983206716838e+01,  9.366047978401e-01
  4.554700000000e+01,  1.000002622604e+00,  1.983209041419e+01,  9.368716478348e-01
  4.564700000000e+01,  9.999947547913e-01,  1.983209828200e+01,  9.368182420731e-01
  4.574700000000e+01,  1.000014066696e+00,  1.983207897010e+01,  9.369137287140e-01
  4.584700000000e+01,  9.999591112137e-01,  1.983213392558e+01,  9.389932751656e-01
  4.594700000000e+01,  1.000006794930e+00,  1.983208624186e+01,  9.389116168022e-01
  4.604700000000e+01,  1.000020861626e+00,  1.983207217517e+01,  9.371170997620e-01
  4.614700000000e+01,  9.999835491180e-01,  1.983210948768e+01,  9.369289278984e-01
  4.624700000000e+01,  1.000012040138e+00,  1.983208099666e+01,  9.359541535378e-01
  4.634700000000e+01,  9.999886155128e-01,  1.983210442128e+01,  9.360530376434e-01
  4.644700000000e+01,  9.999997615814e-01,  1.983209327521e+01,  9.387190341949e-01
  4.654700000000e+01,  1.000010371208e+00,  1.983208266559e+01,  9.367762804031e-01
  4.664700000000e+01,  1.000039100647e+00,  1.983205393615e+01,  9.364345669746e-01
  4.674700000000e+01,  1.000027298927e+00,  1.983206573787e+01,  9.347572922707e-01
  4.684700000000e+01,  1.000013232231e+00,  1.983207980456e+01,  9.355835318565e-01
  4.694700000000e+01,  9.999989867210e-01,  1.983209405007e+01,  9.360858798027e-01
  4.704700000000e+01,  1.000002622604e+00,  1.983209041419e+01,  9.376820325851e-01
  4.714700000000e+01,  1.000002145767e+00,  1.983209089103e+01,  9.356844425201e-01
  4.724700000000e+01,  1.000020146370e+00,  1.983207289042e+01,  9.364660978317e-01
  4.734700000000e+01,  1.000025272369e+00,  1.983206776443e+01,  9.351546764374e-01
  4.744700000000e+01,  9.999713301659e-01,  1.983212170663e+01,  9.357871413231e-01
  4.754700000000e+01,  1.000002503395e+00,  1.983209053340e+01,  9.345650076866e-01
  4.764700000000e+01,  1.000007390976e+00,  1.983208564582e+01,  9.337280392647e-01
  4.774700000000e+01,  9.999972581863e-01,  1.983209577861e+01,  9.332793354988e-01
  4.784700000000e+01,  1.000016450882e+00,  1.983207658591e+01,  9.314034581184e-01
  4.794700000000e+01,  1.000000953674e+00,  1.983209208312e+01,  9.340926408768e-01
  4.804700000000e+01,  9.999918937683e-01,  1.983210114303e+01,  9.328572750092e-01
  4.814700000000e+01,  1.000014662743e+00,  1.983207837405e+01,  9.337898492813e-01
  4.824700000000e+01,  1.000005602837e+00,  1.983208743396e+01,  9.345359802246e-01
  4.834700000000e+01,  1.000017642975e+00,  1.983207539382e+01,  9.348928928375e-01
  4.844700000000e+01,  9.999873042107e-01,  1.983210573258e+01,  9.338803291321e-01
  4.854700000000e+01,  9.999914169312e-01,  1.983210161986e+01,  9.343150258064e-01
  4.864700000000e+01,  1.000006675720e+00,  1.983208636107e+01,  9.328113794327e-01
  4.874700000000e+01,  9.999756217003e-01,  1.983211741509e+01,  9.329485893250e-01
  4.884700000000e+01,  9.999828934669e-01,  1.983211014333e+01,  9.350792169571e-01
  4.894700000000e+01,  9.999877810478e-01,  1.983210525575e+01,  9.325582385063e-01
  4.904700000000e+01,  9.999937415123e-01,  1.983209929528e+01,  9.347177743912e-01
  4.914700000000e+01,  9.999955296516e-01,  1.983209750714e+01,  9.346177577972e-01
  4.924700000000e+01,  9.999754428864e-01,  1.983211759391e+01,  9.344412684441e-01
  4.934700000000e+01,  9.999530315399e-01,  1.983214000525e+01,  9.328340888023e-01
  4.944700000000e+01,  9.999886155128e-01,  1.983210442128e+01,  9.321527481079e-01
  4.954700000000e+01,  9.999788403511e-01,  1.983211419644e+01,  9.335382580757e-01
  4.964700000000e+01,  9.999865293503e-01,  1.983210650744e+01,  9.338794946671e-01
  4.974700000000e+01,  1.000001192093e+00,  1.983209184470e+01,  9.352681636810e-01
  4.984700000000e+01,  1.000002861023e+00,  1.983209017577e+01,  9.337842464447e-01
  4.994700000000e+01,  1.000009655952e+00,  1.983208338084e+01,  9.337227940559e-01
  5.004700000000e+01,  1.000002622604e+00,  1.983209041419e+01,  9.336572289467e-01
  5.014700000000e+01,  1.000024199486e+00,  1.983206883731e+01,  9.335187077522e-01
  5.024700000000e+01,  1.000017881393e+00,  1.983207515540e+01,  9.334055185318e-01
  5.034700000000e+01,  9.999921917915e-01,  1.983210084500e+01,  9.338672161102e-01
  5.044700000000e+01,  9.999822378159e-01,  1.983211079898e+01,  9.343302249908e-01
  5.054700000000e+01,  1.000019550323e+00,  1.983207348647e+01,  9.323807358742e-01
  5.064700000000e+01,  9.999895095825e-01,  1.983210352721e+01,  9.315937757492e-01
  5.074700000000e+01,  1.000027298927e+00,  1.983206573787e+01,  9.309537410736e-01
  5.084700000000e+01,  9.999945163727e-01,  1.983209852042e+01,  9.322506785393e-01
  5.094700000000e+01,  9.999980926514e-01,  1.983209494414e+01,  9.310914278030e-01
  5.104700000000e+01,  9.999886751175e-01,  1.983210436168e+01,  9.299566149712e-01
  5.114700000000e+01,  9.999980330467e-01,  1.983209500375e+01,  9.285031557083e-01
  5.124700000000e+01,  1.000011324883e+00,  1.983208171191e+01,  9.312111139297e-01
  5.134700000000e+01,  9.999901652336e-01,  1.983210287156e+01,  9.317875504494e-01
  5.144700000000e+01,  1.000021457672e+00,  1.983207157912e+01,  9.317678809166e-01
  5.154700000000e+01,  1.000023961067e+00,  1.983206907573e+01,  9.291966557503e-01
  5.164700000000e+01,  1.000000238419e+00,  1.983209279838e+01,  9.322585463524e-01
  5.174700000000e+01,  1.000008583069e+00,  1.983208445373e+01,  9.313171505928e-01
  5.184700000000e+01,  9.999876618385e-01,  1.983210537496e+01,  9.315140247345e-01
  5.194700000000e+01,  1.000003695488e+00,  1.983208934131e+01,  9.307264685631e-01
  5.204700000000e+01,  1.000035405159e+00,  1.983205763164e+01,  9.311517477036e-01
  5.214700000000e+01,  1.000020384789e+00,  1.983207265201e+01,  9.317357540131e-01
  5.224700000000e+01,  1.000006914139e+00,  1.983208612266e+01,  9.284653067589e-01
  5.234700000000e+01,  9.999785423279e-01,  1.983211449447e+01,  9.294424057007e-01
  5.244700000000e+01,  9.999952316284e-01,  1.983209780517e+01,  9.307587146759e-01
  5.254700000000e+01,  9.999916553497e-01,  1.983210138144e+01,  9.310713410378e-01
  5.264700000000e+01,  9.999829530716e-01,  1.983211008372e+01,  9.300968647003e-01
  5.274700000000e+01,  9.999865293503e-01,  1.983210650744e+01,  9.289526343346e-01
  5.284700000000e+01,  1.000007390976e+00,  1.983208564582e+01,  9.284273982048e-01
  5.294700000000e+01,  9.999932646751e-01,  1.983209977212e+01,  9.297382831573e-01
  5.304700000000e+01,  1.000034809113e+00,  1.983205822768e+01,  9.274648427963e-01
  5.314700000000e+01,  9.999718666077e-01,  1.983212117019e+01,  9.272238612175e-01
  5.324700000000e+01,  1.000006556511e+00,  1.983208648028e+01,  9.278327226639e-01
  5.334700000000e+01,  1.000005364418e+00,  1.983208767238e+01,  9.276628494263e-01
  5.344700000000e+01,  1.000003933907e+00,  1.983208910289e+01,  9.291158318520e-01
  5.354700000000e+01,  1.000016331673e+00,  1.983207670512e+01,  9.250432252884e-01
  5.364700000000e+01,  1.000024080276e+00,  1.983206895652e+01,  9.273027777672e-01
  5.374700000000e+01,  9.999815225601e-01,  1.983211151423e+01,  9.268798828125e-01
  5.384700000000e+01,  9.999964833260e-01,  1.983209655347e+01,  9.283648133278e-01
  5.394700000000e+01,  9.999926090240e-01,  1.983210042777e+01,  9.295553565025e-01
  5.404700000000e+01,  1.000011801720e+00,  1.983208123507e+01,  9.284016489983e-01
  5.414700000000e+01,  1.000004529953e+00,  1.983208850684e+01,  9.279756546021e-01
  5.424700000000e+01,  1.000001192093e+00,  1.983209184470e+01,  9.262239933014e-01
  5.434700000000e+01,  1.000012636185e+00,  1.983208040061e+01,  9.280875921249e-01
  5.444700000000e+01,  9.999922513962e-01,  1.983210078540e+01,  9.262144565582e-01
  5.454700000000e+01,  1.000038743019e+00,  1.983205429378e+01,  9.270078539848e-01
  5.464700000000e+01,  1.000007987022e+00,  1.983208504977e+01,  9.271321296692e-01
  5.474700000000e+01,  9.999974966049e-01,  1.983209554019e+01,  9.258366823196e-01
  5.484700000000e+01,  9.999793767929e-01,  1.983211366000e+01,  9.259647727013e-01
  5.494700000000e+01,  9.999986290932e-01,  1.983209440770e+01,  9.271434545517e-01
  5.504700000000e+01,  9.999927878380e-01,  1.983210024896e+01,  9.267545938492e-01
  5.514700000000e+01,  9.999992251396e-01,  1.983209381165e+01,  9.289388656616e-01
  5.524700000000e+01,  1.000021815300e+00,  1.983207122149e+01,  9.278391599655e-01
  5.534700000000e+01,  9.999918937683e-01,  1.983210114303e+01,  9.273291826248e-01
  5.544700000000e+01,  1.000002622604e+00,  1.983209041419e+01,  9.268686175346e-01
  5.554700000000e+01,  9.999912977219e-01,  1.983210173907e+01,  9.285864233971e-01
  5.564700000000e+01,  9.999938011169e-01,  1.983209923568e+01,  9.275696873665e-01
  5.574700000000e+01,  1.000019907951e+00,  1.983207312884e+01,  9.257141947746e-01
  5.584700000000e+01,  1.000018477440e+00,  1.983207455935e+01,  9.250668287277e-01
  5.594700000000e+01,  1.000032424927e+00,  1.983206061187e+01,  9.250185489655e-01
  5.604700000000e+01,  9.999874830246e-01,  1.983210555377e+01,  9.261590242386e-01
  5.614700000000e+01,  1.000019073486e+00,  1.983207396331e+01,  9.263114333153e-01
  5.624700000000e+01,  9.999962449074e-01,  1.983209679189e+01,  9.277670979500e-01
  5.634700000000e+01,  9.999905824661e-01,  1.983210245433e+01,  9.280257821083e-01
  5.644700000000e+01,  9.999914169312e-01,  1.983210161986e+01,  9.235425591469e-01
  5.654700000000e+01,  9.999857544899e-01,  1.983210728230e+01,  9.255679249763e-01
  5.664700000000e+01,  1.000000119209e+00,  1.983209291759e+01,  9.254894256592e-01
  5.674700000000e+01,  9.999905824661e-01,  1.983210245433e+01,  9.254738092422e-01
  5.684700000000e+01,  1.000005483627e+00,  1.983208755317e+01,  9.254758358002e-01
  5.694700000000e+01,  9.999845027924e-01,  1.983210853400e+01,  9.258090257645e-01
  5.704700000000e+01,  1.000018596649e+00,  1.983207444015e+01,  9.247907996178e-01
  5.714700000000e+01,  1.000013947487e+00,  1.983207908931e+01,  9.276764988899e-01
  5.724700000000e+01,  9.999681115150e-01,  1.983212492528e+01,  9.245505928993e-01
  5.734700000000e+01,  1.000007867813e+00,  1.983208516898e+01,  9.253109097481e-01
  5.744700000000e+01,  1.000016570091e+00,  1.983207646670e+01,  9.234696030617e-01
  5.754700000000e+01,  1.000021934509e+00,  1.983207110229e+01,  9.237293601036e-01
  5.764700000000e+01,  1.000003814697e+00,  1.983208922210e+01,  9.250700473785e-01
  5.774700000000e+01,  9.999877810478e-01,  1.983210525575e+01,  9.232686758041e-01
  5.784700000000e+01,  9.999953508377e-01,  1.983209768596e+01,  9.244468808174e-01
  5.794700000000e+01,  9.999957680702e-01,  1.983209726872e+01,  9.223080873489e-01
  5.804700000000e+01,  1.000005602837e+00,  1.983208743396e+01,  9.231354594231e-01
  5.814700000000e+01,  1.000009775162e+00,  1.983208326163e+01,  9.235432147980e-01
  5.824700000000e+01,  1.000013828278e+00,  1.983207920852e+01,  9.213858842850e-01
  5.834700000000e+01,  1.000000834465e+00,  1.983209220233e+01,  9.227126836777e-01
  5.844700000000e+01,  9.999967813492e-01,  1.983209625545e+01,  9.212696552277e-01
  5.854700000000e+01,  9.999883770943e-01,  1.983210465970e+01,  9.226362705231e-01
  5.864700000000e+01,  9.999778270721e-01,  1.983211520972e+01,  9.221147894859e-01
  5.874700000000e+01,  9.999747276306e-01,  1.983211830916e+01,  9.231120347977e-01
  5.884700000000e+01,  9.999972581863e-01,  1.983209577861e+01,  9.223432540894e-01
  5.894700000000e+01,  9.999638795853e-01,  1.983212915721e+01,  9.212905764580e-01
  5.904700000000e+01,  9.999855160713e-01,  1.983210752072e+01,  9.226493239403e-01
  5.914700000000e+01,  9.999836087227e-01,  1.983210942807e+01,  9.189350008965e-01
  5.924700000000e+01,  9.999961256981e-01,  1.983209691110e+01,  9.217981696129e-01
  5.934700000000e+01,  9.999786019325e-01,  1.983211443486e+01,  9.209544062614e-01
  5.944700000000e+01,  9.999738931656e-01,  1.983211914363e+01,  9.222893118858e-01
  5.954700000000e+01,  9.999899864197e-01,  1.983210305037e+01,  9.224529266357e-01
  5.964700000000e+01,  1.000001788139e+00,  1.983209124866e+01,  9.226505756378e-01
  5.974700000000e+01,  9.999601244926e-01,  1.983213291230e+01,  9.186464548111e-01
  5.984700000000e+01,  9.999807476997e-01,  1.983211228909e+01,  9.200527071953e-01
  5.994700000000e+01,  1.000022053719e+00,  1.983207098308e+01,  9.209016561508e-01
  6.004700000000e+01,  9.999839067459e-01,  1.983210913005e+01,  9.172326922417e-01
  6.014700000000e+01,  9.999971389771e-01,  1.983209589782e+01,  9.201288819313e-01
  6.024700000000e+01,  9.999920129776e-01,  1.983210102382e+01,  9.200520515442e-01
  6.034700000000e+01,  1.000022172928e+00,  1.983207086387e+01,  9.174500703812e-01
  6.044700000000e+01,  9.999908804893e-01,  1.983210215631e+01,  9.191695451736e-01
  6.054700000000e+01,  1.000030279160e+00,  1.983206275763e+01,  9.185853004456e-01
  6.064700000000e+01,  9.999850392342e-01,  1.983210799756e+01,  9.168700575829e-01
  6.074700000000e+01,  1.000007033348e+00,  1.983208600345e+01,  9.184135794640e-01
  6.084700000000e+01,  9.999986290932e-01,  1.983209440770e+01,  9.176254868507e-01
  6.094700000000e+01,  1.000007390976e+00,  1.983208564582e+01,  9.179286956787e-01
  6.104700000000e+01,  1.000011324883e+00,  1.983208171191e+01,  9.177325963974e-01
  6.114700000000e+01,  1.000012278557e+00,  1.983208075824e+01,  9.170876741409e-01
  6.124700000000e+01,  1.000002264977e+00,  1.983209077182e+01,  9.181001186371e-01
  6.134700000000e+01,  9.999960064888e-01,  1.983209703031e+01,  9.176823496819e-01
  6.144700000000e+01,  1.000037312508e+00,  1.983205572429e+01,  9.170699715614e-01
  6.154700000000e+01,  1.000004172325e+00,  1.983208886447e+01,  9.183413982391e-01
  6.155700000000e+01,  9.999909996986e-01,  1.983210203710e+01,  9.183937907219e-01
  6.155800000000e+01,  9.999970793724e-01,  1.983209595742e+01,  9.183327555656e-01
  6.156100000000e+01,  9.999957084656e-01,  1.983209732833e+01,  9.179982542992e-01
  6.166100000000e+01,  9.998394250870e-01,  1.983225361171e+01,  9.170092344284e-01
  6.173500000000e+01,  9.897610545158e-01,  1.984233198228e+01,  9.102957248688e-01
  6.175500000000e+01,  9.795112609863e-01,  1.985258177581e+01,  8.834685683250e-01
  6.176500000000e+01,  9.689216613770e-01,  1.986317137542e+01,  8.641967177391e-01
  6.177250000000e+01,  9.583091735840e-01,  1.987378386321e+01,  8.573302626610e-01
  6.177900000000e+01,  9.481048583984e-01,  1.988398817840e+01,  8.437957167625e-01
  6.178550000000e+01,  9.372634887695e-01,  1.989482954802e+01,  8.289489150047e-01
  6.179150000000e+01,  9.269409179688e-01,  1.990515211883e+01,  8.133925795555e-01
  6.179750000000e+01,  9.165229797363e-01,  1.991557005706e+01,  7.999495863914e-01
  6.180350000000e+01,  9.064064025879e-01,  1.992568663421e+01,  7.884749770164e-01
  6.181000000000e+01,  8.963470458984e-01,  1.993574599090e+01,  7.827543616295e-01
  6.181800000000e+01,  8.858261108398e-01,  1.994626692595e+01,  7.518476843834e-01
  6.182650000000e+01,  8.756752014160e-01,  1.995641783538e+01,  7.233137488365e-01
  6.183500000000e+01,  8.656044006348e-01,  1.996648863616e+01,  7.022489905357e-01
  6.184350000000e+01,  8.554039001465e-01,  1.997668913665e+01,  6.812757849693e-01
  6.185200000000e+01,  8.449592590332e-01,  1.998713377776e+01,  6.600584387779e-01
  6.186000000000e+01,  8.347091674805e-01,  1.999738386931e+01,  6.346144080162e-01
  6.186750000000e+01,  8.242950439453e-01,  2.000779799285e+01,  6.177305579185e-01
  6.187450000000e+01,  8.140525817871e-01,  2.001804045501e+01,  6.083082556725e-01
  6.188150000000e+01,  8.039588928223e-01,  2.002813414397e+01,  5.975126624107e-01
  6.188900000000e+01,  7.938117980957e-01,  2.003828123870e+01,  5.806898474693e-01
  6.189750000000e+01,  7.833251953125e-01,  2.004876784148e+01,  5.643820166588e-01
  6.190700000000e+01,  7.730674743652e-01,  2.005902556243e+01,  5.473684668541e-01
  6.191900000000e+01,  7.627334594727e-01,  2.006935957732e+01,  5.267576575279e-01
  6.193300000000e+01,  7.525978088379e-01,  2.007949522796e+01,  4.928602278233e-01
  6.194550000000e+01,  7.421913146973e-01,  2.008990172210e+01,  4.730619490147e-01
  6.195600000000e+01,  7.320098876953e-01,  2.010008314910e+01,  4.589590132236e-01
  6.196550000000e+01,  7.219963073730e-01,  2.011009672942e+01,  4.458593428135e-01
  6.197500000000e+01,  7.117233276367e-01,  2.012036970916e+01,  4.324277937412e-01
  6.198450000000e+01,  7.016830444336e-01,  2.013040999236e+01,  4.172300398350e-01
  6.199450000000e+01,  6.916236877441e-01,  2.014046934905e+01,  3.998273909092e-01
  6.200550000000e+01,  6.811683773994e-01,  2.015092465939e+01,  3.821616470814e-01
  6.201650000000e+01,  6.711109280586e-01,  2.016098210874e+01,  3.642211258411e-01
  6.202750000000e+01,  6.610706448555e-01,  2.017102239194e+01,  3.481040298939e-01
  6.203850000000e+01,  6.507270932198e-01,  2.018136594357e+01,  3.320250809193e-01
  6.204900000000e+01,  6.404903531075e-01,  2.019160268369e+01,  3.141341507435e-01
  6.205900000000e+01,  6.301181912422e-01,  2.020197484555e+01,  2.984099686146e-01
  6.206850000000e+01,  6.197689175606e-01,  2.021232411923e+01,  2.847495377064e-01
  6.207750000000e+01,  6.097400784492e-01,  2.022235295835e+01,  2.722564041615e-01
  6.208650000000e+01,  5.997112393379e-01,  2.023238179746e+01,  2.613234817982e-01
  6.209600000000e+01,  5.893695950508e-01,  2.024272344174e+01,  2.511248886585e-01
  6.210600000000e+01,  5.791118741035e-01,  2.025298116269e+01,  2.391334027052e-01
  6.211650000000e+01,  5.690620541573e-01,  2.026303098264e+01,  2.219481915236e-01
  6.212750000000e+01,  5.587280392647e-01,  2.027336499753e+01,  2.056403607130e-01
  6.213800000000e+01,  5.486019253731e-01,  2.028349111142e+01,  1.887679547071e-01
  6.214800000000e+01,  5.384739041328e-01,  2.029361913266e+01,  1.780848950148e-01
  6.215800000000e+01,  5.281589627266e-01,  2.030393407407e+01,  1.683421581984e-01
  6.216800000000e+01,  5.179546475410e-01,  2.031413838925e+01,  1.589484661818e-01
  6.217850000000e+01,  5.075557827950e-01,  2.032453725400e+01,  1.473975628614e-01
  6.218900000000e+01,  4.973857998848e-01,  2.033470723691e+01,  1.365771740675e-01
  6.219950000000e+01,  4.872577786446e-01,  2.034483525815e+01,  1.231799572706e-01
  6.221000000000e+01,  4.768703579903e-01,  2.035522267880e+01,  1.110797375441e-01
  6.222000000000e+01,  4.666889309883e-01,  2.036540410581e+01,  1.036963909864e-01
  6.223000000000e+01,  4.564884305000e-01,  2.037560460629e+01,  9.640078246593e-02
  6.224050000000e+01,  4.460170865059e-01,  2.038607595029e+01,  8.738474547863e-02
  6.225100000000e+01,  4.357402920723e-01,  2.039635274472e+01,  7.814364135265e-02
  6.226150000000e+01,  4.254482984543e-01,  2.040664473834e+01,  6.891691684723e-02
  6.227200000000e+01,  4.150742292404e-01,  2.041701880755e+01,  5.728971958160e-02
  6.228200000000e+01,  4.050263166428e-01,  2.042706672015e+01,  4.740965366364e-02
  6.229200000000e+01,  3.948487043381e-01,  2.043724433246e+01,  3.990042209625e-02
  6.230200000000e+01,  3.846901655197e-01,  2.044740287127e+01,  3.340017795563e-02
  6.231200000000e+01,  3.746880292892e-01,  2.045740500751e+01,  2.656614780426e-02
  6.232250000000e+01,  3.642815351486e-01,  2.046781150165e+01,  1.977217197418e-02
  6.233300000000e+01,  3.538712263107e-01,  2.047822181048e+01,  1.279127690941e-02
  6.234300000000e+01,  3.438614606857e-01,  2.048823157611e+01,  5.556703079492e-03
  6.235300000000e+01,  3.338288068771e-01,  2.049826422992e+01, -1.143812551163e-03
  6.236300000000e+01,  3.238190412521e-01,  2.050827399554e+01, -6.267904769629e-03
  6.237350000000e+01,  3.133744001389e-01,  2.051871863666e+01, -1.081693079323e-02
  6.238400000000e+01,  3.029946088791e-01,  2.052909842792e+01, -1.566731929779e-02
  6.239450000000e+01,  2.926605939865e-01,  2.053943244281e+01, -2.073037624359e-02
  6.240450000000e+01,  2.826508283615e-01,  2.054944220843e+01, -2.411973476410e-02
  6.241450000000e+01,  2.725342512131e-01,  2.055955878558e+01, -2.551226317883e-02
  6.242450000000e+01,  2.623642683029e-01,  2.056972876849e+01, -2.113585174084e-02
  6.243450000000e+01,  2.522362470627e-01,  2.057985678973e+01, -1.750664412975e-02
  6.244500000000e+01,  2.417763322592e-01,  2.059031670454e+01, -1.274971570820e-02
  6.245550000000e+01,  2.315128892660e-01,  2.060058014753e+01, -1.095323171467e-02
  6.246600000000e+01,  2.211998552084e-01,  2.061089318159e+01, -1.143728103489e-02
  6.247600000000e+01,  2.111939042807e-01,  2.062089913251e+01, -1.299641933292e-02
  6.248600000000e+01,  2.011421769857e-01,  2.063095085981e+01, -1.203022804111e-02
  6.249650000000e+01,  1.906517595053e-01,  2.064144127729e+01, -1.201251428574e-02
  6.250700000000e+01,  1.802678853273e-01,  2.065182515147e+01, -1.068494468927e-02
  6.251750000000e+01,  1.700101643801e-01,  2.066208287241e+01, -1.089111715555e-02
  6.252800000000e+01,  1.597448140383e-01,  2.067234822276e+01, -1.235619932413e-02
  6.253850000000e+01,  1.492658406496e-01,  2.068282719614e+01, -1.423124223948e-02
  6.254850000000e+01,  1.391073018312e-01,  2.069298573496e+01, -1.525833457708e-02
  6.255850000000e+01,  1.289182454348e-01,  2.070317479136e+01, -1.444341987371e-02
  6.256850000000e+01,  1.188588961959e-01,  2.071323414060e+01, -1.510994881392e-02
  6.257900000000e+01,  1.084142550826e-01,  2.072367878171e+01, -1.434443145990e-02
  6.258950000000e+01,  9.803446382284e-02,  2.073405857297e+01, -1.359515637159e-02
  6.260000000000e+01,  8.758219331503e-02,  2.074451084348e+01, -1.336791366339e-02
  6.261000000000e+01,  7.744272798300e-02,  2.075465030881e+01, -1.334164291620e-02
  6.262000000000e+01,  6.716211885214e-02,  2.076493091794e+01, -1.331613212824e-02
  6.263000000000e+01,  5.688913911581e-02,  2.077520389768e+01, -1.220688968897e-02
  6.264000000000e+01,  4.671915620565e-02,  2.078537388059e+01, -1.117832213640e-02
  6.265050000000e+01,  3.636606782675e-02,  2.079572696897e+01, -8.846737444401e-03
  6.266150000000e+01,  2.627810090780e-02,  2.080581493589e+01, -5.720592569560e-03
  6.267450000000e+01,  1.615007966757e-02,  2.081594295713e+01, -4.175215493888e-03
  6.269300000000e+01,  6.146035622805e-03,  2.082594700117e+01, -6.378754507750e-03
  6.270600000000e+01,  2.114854520187e-03,  2.082997818227e+01, -9.735211730003e-03
  6.270700000000e+01,  1.888833707199e-03,  2.083020420309e+01, -1.013384759426e-02
  6.271500000000e+01,  4.130226734560e-04,  2.083168001412e+01, -1.185093820095e-02
  6.271800000000e+01, -1.183923359349e-05,  2.083210487603e+01, -1.195873320103e-02
  6.297600000000e+01, -2.247176365927e-03,  2.083434021316e+01, -1.412001531571e-02
  6.297700000000e+01, -2.246718155220e-03,  2.083433975495e+01, -1.408437173814e-02
