           Test time,     Standard travel,     Tool separation,      Standard force
                 0.0,                 0.0,  2.620174602925e+01, -5.955896526575e-02
                 0.0,                 0.0,  2.620174435194e+01, -5.967245250940e-02
                 0.0,                 0.0,  2.620174163853e+01, -6.069745868444e-02
                 0.0,                 0.0,  2.620174488326e+01, -6.022229045630e-02
                 0.0,                 0.0,  2.620174460759e+01, -6.011571735144e-02
                 0.0,                 0.0,  2.620174953550e+01, -5.979831516743e-02
  0.000000000000e+00,  0.000000000000e+00,  2.620174915552e+01, -5.981613695621e-02
  8.000001311302e-03,  4.537403583527e-06,  2.620174461811e+01, -5.927284061909e-02
  1.100000739098e-02,  1.227855682373e-05,  2.620173687696e+01, -5.916215479374e-02
  1.299999654293e-02,  7.091090083122e-06,  2.620174206443e+01, -5.915308743715e-02
  1.399999856949e-02,  1.079030334949e-05,  2.620173836521e+01, -5.917156487703e-02
  1.140000075102e-01,  1.428791711078e-05,  2.620173486760e+01, -6.109395995736e-02
  2.144999951124e-01,  8.194891961466e-06,  2.620174096062e+01, -5.837754160166e-02
  3.145000040531e-01,  6.779389423173e-06,  2.620174237613e+01, -6.055127829313e-02
  4.050000011921e-01,  1.020968332887e-02,  2.619153947219e+01, -3.336989320815e-03
  4.115000069141e-01,  2.092898264527e-02,  2.618082017287e+01,  5.669108778238e-02
  4.155000001192e-01,  3.183138743043e-02,  2.616991776809e+01,  6.647578626871e-02
  4.185000061989e-01,  4.226076975465e-02,  2.615948838576e+01,  7.052794843912e-02
  4.210000038147e-01,  5.240786448121e-02,  2.614934129104e+01,  8.492461591959e-02
  4.235000014305e-01,  6.400454044342e-02,  2.613774461507e+01,  1.102847233415e-01
  4.255000054836e-01,  7.453310489655e-02,  2.612721605062e+01,  1.282290518284e-01
  4.274999946356e-01,  8.622133731842e-02,  2.611552781820e+01,  1.400698721409e-01
  4.294999986887e-01,  9.909975528717e-02,  2.610264940023e+01,  1.433514654636e-01
  4.309999942780e-01,  1.095367670059e-01,  2.609221238851e+01,  1.401242315769e-01
  4.325000047684e-01,  1.205993890762e-01,  2.608114976644e+01,  1.330288946629e-01
  4.340000003576e-01,  1.322265863419e-01,  2.606952256917e+01,  1.247738972306e-01
  4.354999959469e-01,  1.443725824356e-01,  2.605737657308e+01,  1.181515827775e-01
  4.370000064373e-01,  1.570678949356e-01,  2.604468126058e+01,  1.136120930314e-01
  4.385000020266e-01,  1.701904535294e-01,  2.603155870199e+01,  1.109494343400e-01
  4.399999976158e-01,  1.838318109512e-01,  2.601791734457e+01,  1.103448048234e-01
  4.414999932051e-01,  1.979004144669e-01,  2.600384874105e+01,  1.112612858415e-01
  4.430000036955e-01,  2.124572992325e-01,  2.598929185628e+01,  1.131304875016e-01
  4.444999992847e-01,  2.274414300919e-01,  2.597430772542e+01,  1.155795231462e-01
  4.455000013113e-01,  2.376953363419e-01,  2.596405381917e+01,  1.171473637223e-01
  4.465000033379e-01,  2.481018304825e-01,  2.595364732503e+01,  1.183299198747e-01
  4.475000053644e-01,  2.587219476700e-01,  2.594302720785e+01,  1.187290325761e-01
  4.485000073910e-01,  2.695251703262e-01,  2.593222398519e+01,  1.177734509110e-01
  4.494999945164e-01,  2.804809808731e-01,  2.592126817464e+01,  1.150650158525e-01
  4.504999965429e-01,  2.916198968887e-01,  2.591012925863e+01,  1.107467785478e-01
  4.514999985695e-01,  3.029114007950e-01,  2.589883775472e+01,  1.052688732743e-01
  4.525000005960e-01,  3.143554925919e-01,  2.588739366292e+01,  9.884492307901e-02
  4.535000026226e-01,  3.259521722794e-01,  2.587579698324e+01,  9.133759886026e-02
  4.545000046492e-01,  3.376404047012e-01,  2.586410875082e+01,  8.282319456339e-02
  4.555000066757e-01,  3.494507074356e-01,  2.585229844808e+01,  7.372895628214e-02
  4.564999938011e-01,  3.613220453262e-01,  2.584042711019e+01,  6.439057737589e-02
  4.574999958277e-01,  3.732544183731e-01,  2.582849473714e+01,  5.493012815714e-02
  4.584999978542e-01,  3.852783441544e-01,  2.581647081136e+01,  4.562226682901e-02
  4.594999998808e-01,  3.973022699356e-01,  2.580444688558e+01,  3.735200315714e-02
  4.605000019073e-01,  4.093567132950e-01,  2.579239244222e+01,  3.094331175089e-02
  4.615000039339e-01,  4.214111566544e-01,  2.578033799886e+01,  2.667085081339e-02
  4.625000059605e-01,  4.334961175919e-01,  2.576825303792e+01,  2.422944456339e-02
  4.634999930859e-01,  4.455505609512e-01,  2.575619859457e+01,  2.330056577921e-02
  4.644999951124e-01,  4.576050043106e-01,  2.574414415121e+01,  2.369252592325e-02
  4.654999971390e-01,  4.696594476700e-01,  2.573208970785e+01,  2.495519071817e-02
  4.664999991655e-01,  4.817138910294e-01,  2.572003526449e+01,  2.624837309122e-02
  4.675000011921e-01,  4.937378168106e-01,  2.570801133871e+01,  2.672521024942e-02
  4.685000032187e-01,  5.057922601700e-01,  2.569595689535e+01,  2.582875639200e-02
  4.695000052452e-01,  5.178161859512e-01,  2.568393296957e+01,  2.313558012247e-02
  4.705000072718e-01,  5.298401117325e-01,  2.567190904378e+01,  1.820699125528e-02
  4.714999943972e-01,  5.418640375137e-01,  2.565988511800e+01,  1.097432430834e-02
  4.724999964237e-01,  5.538269281387e-01,  2.564792222738e+01,  2.337849698961e-03
  4.734999984503e-01,  5.657428503036e-01,  2.563600630521e+01, -6.316221319139e-03
  4.745000004768e-01,  5.775531530380e-01,  2.562419600248e+01, -1.388458069414e-02
  4.755000025034e-01,  5.892719030380e-01,  2.561247725248e+01, -1.992706023157e-02
  4.765000045300e-01,  6.008991003036e-01,  2.560085005521e+01, -2.417663298547e-02
  4.775000065565e-01,  6.124347448349e-01,  2.558931441068e+01, -2.622131071985e-02
  4.784999936819e-01,  6.238483190536e-01,  2.557790083646e+01, -2.575210295618e-02
  4.794999957085e-01,  6.351703405380e-01,  2.556657881498e+01, -2.276900969446e-02
  4.804999977350e-01,  6.463702917099e-01,  2.555537886381e+01, -1.750472746789e-02
  4.814999997616e-01,  6.574786901474e-01,  2.554427046537e+01, -1.025680359453e-02
  4.825000017881e-01,  6.684955358505e-01,  2.553325361967e+01, -1.589811407030e-03
  4.835000038147e-01,  6.794818639755e-01,  2.552226729154e+01,  7.473909296095e-03
  4.845000058413e-01,  6.903766393661e-01,  2.551137251615e+01,  1.592727936804e-02
  4.854999929667e-01,  7.012408971786e-01,  2.550050825834e+01,  2.332779206336e-02
  4.864999949932e-01,  7.120441198349e-01,  2.548970503568e+01,  2.967544831336e-02
  4.874999970198e-01,  7.228168249130e-01,  2.547893233060e+01,  3.509231656790e-02
  4.884999990463e-01,  7.335590124130e-01,  2.546819014310e+01,  3.959365934134e-02
  4.895000010729e-01,  7.442706823349e-01,  2.545747847318e+01,  4.323288053274e-02
  4.905000030994e-01,  7.549518346786e-01,  2.544679732084e+01,  4.619308561087e-02
  4.915000051260e-01,  7.655719518661e-01,  2.543617720365e+01,  4.864212125540e-02
  4.925000071526e-01,  7.761920690536e-01,  2.542555708646e+01,  5.059906095266e-02
  4.934999942780e-01,  7.867816686630e-01,  2.541496748685e+01,  5.210968106985e-02
  4.944999963045e-01,  7.973407506943e-01,  2.540440840482e+01,  5.342575162649e-02
  4.954999983311e-01,  8.078387975693e-01,  2.539391035795e+01,  5.484481900930e-02
  4.965000003576e-01,  8.183368444443e-01,  2.538341231107e+01,  5.647750943899e-02
  4.975000023842e-01,  8.287738561630e-01,  2.537297529935e+01,  5.825897306204e-02
  4.985000044107e-01,  8.392108678818e-01,  2.536253828763e+01,  6.013580411673e-02
  4.995000064373e-01,  8.496173620224e-01,  2.535213179349e+01,  6.215759366751e-02
  5.004999935627e-01,  8.599628210068e-01,  2.534178633451e+01,  6.431671231985e-02
  5.014999955893e-01,  8.703082799911e-01,  2.533144087553e+01,  6.655212491751e-02
  5.024999976158e-01,  8.805927038193e-01,  2.532115645170e+01,  6.888671964407e-02
  5.034999996424e-01,  8.908771276474e-01,  2.531087202787e+01,  7.146545499563e-02
  5.045000016689e-01,  9.011005163193e-01,  2.530064863920e+01,  7.440277189016e-02
  5.055000036955e-01,  9.113239049911e-01,  2.529042525053e+01,  7.754608243704e-02
  5.065000057220e-01,  9.214862585068e-01,  2.528026289701e+01,  8.057495206594e-02
  5.074999928474e-01,  9.316180944443e-01,  2.527013106107e+01,  8.326049894094e-02
  5.084999948740e-01,  9.417194128036e-01,  2.526002974271e+01,  8.556457608938e-02
  5.094999969006e-01,  9.518207311630e-01,  2.524992842435e+01,  8.754821866751e-02
  5.104999989271e-01,  9.618915319443e-01,  2.523985762357e+01,  8.928009122610e-02
  5.115000009537e-01,  9.719012975693e-01,  2.522984785795e+01,  9.090133756399e-02
  5.125000029802e-01,  9.819110631943e-01,  2.521983809232e+01,  9.261413663626e-02
  5.139999985695e-01,  9.968951940536e-01,  2.520485396146e+01,  9.566207975149e-02
  5.154999941587e-01,  1.011787772179e+00,  2.518996138334e+01,  9.916397184134e-02
  5.170000046492e-01,  1.026680350304e+00,  2.517506880521e+01,  1.030168160796e-01
  5.185000002384e-01,  1.041511893272e+00,  2.516023726224e+01,  1.075715646148e-01
  5.199999958277e-01,  1.056282401085e+00,  2.514546675443e+01,  1.127900704741e-01
  5.215000063181e-01,  1.071052908897e+00,  2.513069624662e+01,  1.180619820952e-01
  5.230000019073e-01,  1.085823416710e+00,  2.511592573881e+01,  1.229219064116e-01
  5.244999974966e-01,  1.100563406944e+00,  2.510118574857e+01,  1.272782981396e-01
  5.259999930859e-01,  1.115272879601e+00,  2.508647627592e+01,  1.310243308544e-01
  5.275000035763e-01,  1.130012869835e+00,  2.507173628568e+01,  1.340188682079e-01
  5.289999991655e-01,  1.144722342491e+00,  2.505702681303e+01,  1.363076865673e-01
  5.304999947548e-01,  1.159431815147e+00,  2.504231734037e+01,  1.382989585400e-01
  5.320000052452e-01,  1.174141287804e+00,  2.502760786771e+01,  1.404161155224e-01
  5.335000008345e-01,  1.188850760460e+00,  2.501289839506e+01,  1.428498923779e-01
  5.349999964237e-01,  1.203560233116e+00,  2.499818892240e+01,  1.455125510693e-01
  5.365000069141e-01,  1.218239188194e+00,  2.498350996732e+01,  1.483735740185e-01
  5.380000025034e-01,  1.232948660851e+00,  2.496880049467e+01,  1.515245139599e-01
  5.394999980927e-01,  1.247658133507e+00,  2.495409102201e+01,  1.545571982861e-01
  5.409999936819e-01,  1.262367606163e+00,  2.493938154935e+01,  1.570176780224e-01
  5.425000041723e-01,  1.277046561241e+00,  2.492470259428e+01,  1.592569053173e-01
  5.439999997616e-01,  1.291756033897e+00,  2.490999312162e+01,  1.617288291454e-01
  5.454999953508e-01,  1.306434988976e+00,  2.489531416654e+01,  1.643380820751e-01
  5.470000058413e-01,  1.321113944054e+00,  2.488063521146e+01,  1.668252646923e-01
  5.485000014305e-01,  1.335792899132e+00,  2.486595625638e+01,  1.690339744091e-01
  5.499999970198e-01,  1.350441336632e+00,  2.485130781888e+01,  1.711167991161e-01
  5.515000075102e-01,  1.365089774132e+00,  2.483665938138e+01,  1.736650168896e-01
  5.530000030994e-01,  1.379738211632e+00,  2.482201094388e+01,  1.769380271435e-01
  5.544999986887e-01,  1.394386649132e+00,  2.480736250638e+01,  1.805467307568e-01
  5.559999942780e-01,  1.409035086632e+00,  2.479271406888e+01,  1.842088401318e-01
  5.575000047684e-01,  1.423683524132e+00,  2.477806563138e+01,  1.880006492138e-01
  5.590000003576e-01,  1.438331961632e+00,  2.476341719388e+01,  1.919221580029e-01
  5.604999959469e-01,  1.452980399132e+00,  2.474876875638e+01,  1.959581077099e-01
  5.620000064373e-01,  1.467628836632e+00,  2.473412031888e+01,  1.999406516552e-01
  5.635000020266e-01,  1.482307791710e+00,  2.471944136381e+01,  2.034349143505e-01
  5.649999976158e-01,  1.496986746788e+00,  2.470476240873e+01,  2.064790427685e-01
  5.664999932051e-01,  1.511696219444e+00,  2.469005293607e+01,  2.095613181591e-01
  5.680000036955e-01,  1.526375174522e+00,  2.467537398099e+01,  2.125062644482e-01
  5.694999992847e-01,  1.541115164757e+00,  2.466063399076e+01,  2.150239646435e-01
  5.709999948740e-01,  1.555824637413e+00,  2.464592451810e+01,  2.173776328564e-01
  5.725000053644e-01,  1.570564627647e+00,  2.463118452787e+01,  2.197961509228e-01
  5.740000009537e-01,  1.585304617882e+00,  2.461644453763e+01,  2.223405539989e-01
  5.754999965429e-01,  1.600044608116e+00,  2.460170454740e+01,  2.250451743603e-01
  5.770000070333e-01,  1.614784598351e+00,  2.458696455717e+01,  2.278299033642e-01
  5.785000026226e-01,  1.629524588585e+00,  2.457222456693e+01,  2.305612266064e-01
  5.799999982119e-01,  1.644295096397e+00,  2.455745405912e+01,  2.331361472607e-01
  5.814999938011e-01,  1.659035086632e+00,  2.454271406888e+01,  2.356347739697e-01
  5.830000042915e-01,  1.673805594444e+00,  2.452794356107e+01,  2.382745444775e-01
  5.844999998808e-01,  1.688576102257e+00,  2.451317305326e+01,  2.411851584911e-01
  5.859999954700e-01,  1.703346610069e+00,  2.449840254545e+01,  2.442750632763e-01
  5.875000059605e-01,  1.718147635460e+00,  2.448360152006e+01,  2.473649680614e-01
  5.890000015497e-01,  1.732918143272e+00,  2.446883101224e+01,  2.504853904247e-01
  5.904999971390e-01,  1.747719168663e+00,  2.445402998685e+01,  2.539720237255e-01
  5.919999927282e-01,  1.762550711632e+00,  2.443919844388e+01,  2.578935325146e-01
  5.935000032187e-01,  1.777382254601e+00,  2.442436690092e+01,  2.618837058544e-01
  5.949999988079e-01,  1.792213797569e+00,  2.440953535795e+01,  2.656602561474e-01
  5.964999943972e-01,  1.807075858116e+00,  2.439467329740e+01,  2.692994773388e-01
  5.980000048876e-01,  1.821968436241e+00,  2.437978071928e+01,  2.730683982372e-01
  5.995000004768e-01,  1.836891531944e+00,  2.436485762357e+01,  2.768983542919e-01
  6.009999960661e-01,  1.851814627647e+00,  2.434993452787e+01,  2.803010642529e-01
  6.025000065565e-01,  1.866768240929e+00,  2.433498091459e+01,  2.828607261181e-01
  6.034999936819e-01,  1.876778006554e+00,  2.432497114896e+01,  2.841500937939e-01
  6.050000041723e-01,  1.891762137413e+00,  2.430998701810e+01,  2.857713401318e-01
  6.060000061989e-01,  1.901771903038e+00,  2.429997725248e+01,  2.868585288525e-01
  6.069999933243e-01,  1.911781668663e+00,  2.428996748685e+01,  2.880754172802e-01
  6.079999953508e-01,  1.921821951866e+00,  2.427992720365e+01,  2.894143760204e-01
  6.089999973774e-01,  1.931831717491e+00,  2.426991743803e+01,  2.907495200634e-01
  6.099999994040e-01,  1.941872000694e+00,  2.425987715482e+01,  2.919664084911e-01
  6.110000014305e-01,  1.951912283897e+00,  2.424983687162e+01,  2.931070029736e-01
  6.120000034571e-01,  1.961952567101e+00,  2.423979658842e+01,  2.943467795849e-01
  6.130000054836e-01,  1.971992850304e+00,  2.422975630521e+01,  2.958306968212e-01
  6.140000075102e-01,  1.982033133507e+00,  2.421971602201e+01,  2.975663840771e-01
  6.149999946356e-01,  1.992073416710e+00,  2.420967573881e+01,  2.994584739208e-01
  6.159999966621e-01,  2.002113580704e+00,  2.419963557481e+01,  3.014497458935e-01
  6.169999986887e-01,  2.012153863907e+00,  2.418959529161e+01,  3.035478293896e-01
  6.180000007153e-01,  2.022194147110e+00,  2.417955500841e+01,  3.057145774364e-01
  6.190000027418e-01,  2.032264947891e+00,  2.416948420763e+01,  3.078508079052e-01
  6.200000047684e-01,  2.042305231094e+00,  2.415944392442e+01,  3.098878562450e-01
  6.210000067949e-01,  2.052376031876e+00,  2.414937312364e+01,  3.118714988232e-01
  6.219999939203e-01,  2.062446832657e+00,  2.413930232286e+01,  3.139238059521e-01
  6.229999959469e-01,  2.072517633438e+00,  2.412923152208e+01,  3.160600364208e-01
  6.239999979734e-01,  2.082588434219e+00,  2.411916072130e+01,  3.182038962841e-01
  6.250000000000e-01,  2.092689752579e+00,  2.410905940294e+01,  3.202714622021e-01
  6.260000020266e-01,  2.102760553360e+00,  2.409898860216e+01,  3.222474753857e-01
  6.270000040531e-01,  2.112861871719e+00,  2.408888728380e+01,  3.241777122021e-01
  6.280000060797e-01,  2.122963190079e+00,  2.407878596544e+01,  3.261460959911e-01
  6.289999932051e-01,  2.133064508438e+00,  2.406868464708e+01,  3.282136619091e-01
  6.299999952316e-01,  2.143165826797e+00,  2.405858332872e+01,  3.303575217724e-01
  6.309999972582e-01,  2.153267145157e+00,  2.404848201036e+01,  3.325013816357e-01
  6.319999992847e-01,  2.163368463516e+00,  2.403838069200e+01,  3.345460593700e-01
  6.330000013113e-01,  2.173500299454e+00,  2.402824885606e+01,  3.364534080029e-01
  6.340000033379e-01,  2.183632135391e+00,  2.401811702013e+01,  3.382386863232e-01
  6.350000053644e-01,  2.193763971329e+00,  2.400798518419e+01,  3.399896323681e-01
  6.360000073910e-01,  2.203895807266e+00,  2.399785334825e+01,  3.417901694775e-01
  6.369999945164e-01,  2.214027643204e+00,  2.398772151231e+01,  3.436784446239e-01
  6.379999965429e-01,  2.224159479141e+00,  2.397758967638e+01,  3.456430137157e-01
  6.389999985695e-01,  2.234291315079e+00,  2.396745784044e+01,  3.476800620556e-01
  6.400000005960e-01,  2.244423151016e+00,  2.395732600450e+01,  3.497247397900e-01
  6.410000026226e-01,  2.254554986954e+00,  2.394719416856e+01,  3.517160117626e-01
  6.420000046492e-01,  2.264717340469e+00,  2.393703181505e+01,  3.536271750927e-01
  6.430000066757e-01,  2.274849176407e+00,  2.392689997911e+01,  3.554963767529e-01
  6.439999938011e-01,  2.284981012344e+00,  2.391676814317e+01,  3.574037253857e-01
  6.449999958277e-01,  2.295143365860e+00,  2.390660578966e+01,  3.593949973583e-01
  6.459999978542e-01,  2.305275201797e+00,  2.389647395372e+01,  3.614167869091e-01
  6.469999998808e-01,  2.315437555313e+00,  2.388631160020e+01,  3.633584678173e-01
  6.480000019073e-01,  2.325569391251e+00,  2.387617976427e+01,  3.651437461376e-01
  6.490000039339e-01,  2.335731744766e+00,  2.386601741075e+01,  3.668336570263e-01
  6.500000059605e-01,  2.345863580704e+00,  2.385588557481e+01,  3.686151206493e-01
  6.509999930859e-01,  2.356025934219e+00,  2.384572322130e+01,  3.706521689892e-01
  6.519999951124e-01,  2.366188287735e+00,  2.383556086778e+01,  3.729943931103e-01
  6.529999971390e-01,  2.376350641251e+00,  2.382539851427e+01,  3.755578696728e-01
  6.539999991655e-01,  2.386512994766e+00,  2.381523616075e+01,  3.781900107861e-01
  6.550000011921e-01,  2.396675348282e+00,  2.380507380723e+01,  3.807840049267e-01
  6.560000032187e-01,  2.406837701797e+00,  2.379491145372e+01,  3.832711875439e-01
  6.570000052452e-01,  2.417030572891e+00,  2.378471858263e+01,  3.856286704540e-01
  6.580000072718e-01,  2.427192926407e+00,  2.377455622911e+01,  3.878946006298e-01
  6.589999943972e-01,  2.437385797501e+00,  2.376436335802e+01,  3.901605308056e-01
  6.599999964237e-01,  2.447578668594e+00,  2.375417048692e+01,  3.924493491650e-01
  6.609999984503e-01,  2.457771539688e+00,  2.374397761583e+01,  3.946771323681e-01
  6.620000004768e-01,  2.467964410782e+00,  2.373378474473e+01,  3.967599570751e-01
  6.630000025034e-01,  2.478157281876e+00,  2.372359187364e+01,  3.987092673779e-01
  6.640000045300e-01,  2.488380670547e+00,  2.371336848497e+01,  4.005899131298e-01
  6.650000065565e-01,  2.498573541641e+00,  2.370317561388e+01,  4.024133384228e-01
  6.659999936819e-01,  2.508796930313e+00,  2.369295222520e+01,  4.041680991650e-01
  6.669999957085e-01,  2.519020318985e+00,  2.368272883653e+01,  4.058847129345e-01
  6.679999977350e-01,  2.529243707657e+00,  2.367250544786e+01,  4.076585471630e-01
  6.689999997616e-01,  2.539467096329e+00,  2.366228205919e+01,  4.095239341259e-01
  6.700000017881e-01,  2.549690485001e+00,  2.365205867052e+01,  4.113740622997e-01
  6.710000038147e-01,  2.559913873672e+00,  2.364183528184e+01,  4.130220115185e-01
  6.720000058413e-01,  2.570137262344e+00,  2.363161189317e+01,  4.144067466259e-01
  6.729999929667e-01,  2.580391168594e+00,  2.362135798692e+01,  4.156236350536e-01
  6.739999949932e-01,  2.590584039688e+00,  2.361116511583e+01,  4.168481528759e-01
  6.749999970198e-01,  2.600807428360e+00,  2.360094172716e+01,  4.182176291943e-01
  6.759999990463e-01,  2.611030817032e+00,  2.359071833848e+01,  4.197969138622e-01
  6.770000010729e-01,  2.621254205704e+00,  2.358049494981e+01,  4.215783774853e-01
  6.780000030994e-01,  2.631447076797e+00,  2.357030207872e+01,  4.234971702099e-01
  6.790000051260e-01,  2.641639947891e+00,  2.356010920763e+01,  4.254502952099e-01
  6.800000071526e-01,  2.651832818985e+00,  2.354991633653e+01,  4.273614585400e-01
  6.809999942780e-01,  2.662025690079e+00,  2.353972346544e+01,  4.291734397411e-01
  6.819999963045e-01,  2.672218561172e+00,  2.352953059434e+01,  4.309320151806e-01
  6.829999983311e-01,  2.682380914688e+00,  2.351936824083e+01,  4.327325522900e-01
  6.840000003576e-01,  2.692543268204e+00,  2.350920588731e+01,  4.346742331982e-01
  6.850000023842e-01,  2.702705621719e+00,  2.349904353380e+01,  4.367646872997e-01
  6.860000044107e-01,  2.712837457657e+00,  2.348891169786e+01,  4.389466941357e-01
  6.870000064373e-01,  2.722999811172e+00,  2.347874934434e+01,  4.411897361279e-01
  6.879999935627e-01,  2.733131647110e+00,  2.346861750841e+01,  4.435090720654e-01
  6.889999955893e-01,  2.743263483047e+00,  2.345848567247e+01,  4.459275901318e-01
  6.899999976158e-01,  2.753395318985e+00,  2.344835383653e+01,  4.483842551708e-01
  6.909999996424e-01,  2.763496637344e+00,  2.343825251817e+01,  4.508409202099e-01
  6.920000016689e-01,  2.773597955704e+00,  2.342815119981e+01,  4.532823264599e-01
  6.930000036955e-01,  2.783699274063e+00,  2.341804988145e+01,  4.556932151318e-01
  6.940000057220e-01,  2.793800592422e+00,  2.340794856309e+01,  4.580201804638e-01
  6.949999928474e-01,  2.803901910782e+00,  2.339784724473e+01,  4.601792991161e-01
  6.959999948740e-01,  2.814003229141e+00,  2.338774592638e+01,  4.621629416943e-01
  6.969999969006e-01,  2.824074029922e+00,  2.337767512559e+01,  4.640397727489e-01
  6.979999989271e-01,  2.834144830704e+00,  2.336760432481e+01,  4.659127891064e-01
  6.990000009537e-01,  2.844215631485e+00,  2.335753352403e+01,  4.678125083447e-01
  7.000000029802e-01,  2.854255914688e+00,  2.334749324083e+01,  4.696931540966e-01
  7.010000050068e-01,  2.864326715469e+00,  2.333742244005e+01,  4.715165793896e-01
  7.020000070333e-01,  2.874366998672e+00,  2.332738215684e+01,  4.733285605907e-01
  7.029999941587e-01,  2.884376764297e+00,  2.331737239122e+01,  4.751901328564e-01
  7.039999961853e-01,  2.894386529922e+00,  2.330736262559e+01,  4.771241843700e-01
  7.049999982119e-01,  2.904396295547e+00,  2.329735285997e+01,  4.791230857372e-01
  7.064999938011e-01,  2.919380426407e+00,  2.328236872911e+01,  4.822816550732e-01
  7.080000042915e-01,  2.934334039688e+00,  2.326741511583e+01,  4.856233298779e-01
  7.094999998808e-01,  2.949287652969e+00,  2.325246150255e+01,  4.890565574169e-01
  7.109999954700e-01,  2.964180231094e+00,  2.323756892442e+01,  4.925813376904e-01
  7.125000059605e-01,  2.979072809219e+00,  2.322267634630e+01,  4.959001243114e-01
  7.140000015497e-01,  2.993934869766e+00,  2.320781428575e+01,  4.987916648388e-01
  7.154999971390e-01,  3.008766412735e+00,  2.319298274278e+01,  5.017747282982e-01
  7.169999927282e-01,  3.023567438126e+00,  2.317818171739e+01,  5.051316618919e-01
  7.185000032187e-01,  3.038337945938e+00,  2.316341120958e+01,  5.086182951927e-01
  7.199999988079e-01,  3.053108453751e+00,  2.314864070177e+01,  5.124635100365e-01
  7.214999943972e-01,  3.067848443985e+00,  2.313390071153e+01,  5.169953703880e-01
  7.230000048876e-01,  3.082557916641e+00,  2.311919123888e+01,  5.219315886497e-01
  7.245000004768e-01,  3.097257852554e+00,  2.310449130296e+01,  5.268092751503e-01
  7.259999960661e-01,  3.111967325211e+00,  2.308978183031e+01,  5.312343239784e-01
  7.275000065565e-01,  3.126676797867e+00,  2.307507235765e+01,  5.350261330605e-01
  7.290000021458e-01,  3.141355752945e+00,  2.306039340257e+01,  5.383372902870e-01
  7.304999977350e-01,  3.156034708023e+00,  2.304571444749e+01,  5.416484475136e-01
  7.319999933243e-01,  3.170744180679e+00,  2.303100497484e+01,  5.453410744667e-01
  7.335000038147e-01,  3.185423135757e+00,  2.301632601976e+01,  5.491862893105e-01
  7.349999994040e-01,  3.200132608414e+00,  2.300161654710e+01,  5.526729226112e-01
  7.364999949932e-01,  3.214811563492e+00,  2.298693759202e+01,  5.556140542030e-01
  7.380000054836e-01,  3.229521036148e+00,  2.297222811937e+01,  5.581546425819e-01
  7.395000010729e-01,  3.244230508804e+00,  2.295751864671e+01,  5.606151223183e-01
  7.409999966621e-01,  3.258939981461e+00,  2.294280917406e+01,  5.631938576698e-01
  7.425000071526e-01,  3.273649454117e+00,  2.292809970140e+01,  5.659251809120e-01
  7.440000027418e-01,  3.288358926773e+00,  2.291339022874e+01,  5.688243508339e-01
  7.454999983311e-01,  3.303037881851e+00,  2.289871127367e+01,  5.719829201698e-01
  7.469999939203e-01,  3.317716836929e+00,  2.288403231859e+01,  5.755305886269e-01
  7.485000044107e-01,  3.332426309586e+00,  2.286932284593e+01,  5.793834328651e-01
  7.500000000000e-01,  3.347105264664e+00,  2.285464389085e+01,  5.831370949745e-01
  7.514999955893e-01,  3.361814737320e+00,  2.283993441820e+01,  5.864787697792e-01
  7.530000060797e-01,  3.376493692398e+00,  2.282525546312e+01,  5.896144509315e-01
  7.545000016689e-01,  3.391203165054e+00,  2.281054599046e+01,  5.930781960487e-01
  7.559999972582e-01,  3.405912637711e+00,  2.279583651781e+01,  5.970759987831e-01
  7.574999928474e-01,  3.420652627945e+00,  2.278109652757e+01,  6.013103127480e-01
  7.590000033379e-01,  3.435362100601e+00,  2.276638705492e+01,  6.053538918495e-01
  7.604999989271e-01,  3.450132608414e+00,  2.275161654710e+01,  6.090694069862e-01
  7.619999945164e-01,  3.464903116226e+00,  2.273684603929e+01,  6.127238869667e-01
  7.635000050068e-01,  3.479704141617e+00,  2.272204501390e+01,  6.166301369667e-01
  7.650000005960e-01,  3.494505167007e+00,  2.270724398851e+01,  6.205592751503e-01
  7.664999961853e-01,  3.509336709976e+00,  2.269241244554e+01,  6.241298317909e-01
  7.680000066757e-01,  3.524198770523e+00,  2.267755038499e+01,  6.272006630898e-01
  7.695000022650e-01,  3.539060831070e+00,  2.266268832445e+01,  6.298862099648e-01
  7.709999978542e-01,  3.553922891617e+00,  2.264782626390e+01,  6.324916481972e-01
  7.724999934435e-01,  3.568815469742e+00,  2.263293368577e+01,  6.350741982460e-01
  7.740000039339e-01,  3.583677530289e+00,  2.261807162523e+01,  6.375842690468e-01
  7.754999995232e-01,  3.598570108414e+00,  2.260317904710e+01,  6.402850747108e-01
  7.769999951124e-01,  3.613462686539e+00,  2.258828646898e+01,  6.433520913124e-01
  7.785000056028e-01,  3.628355264664e+00,  2.257339389085e+01,  6.467624306679e-01
  7.800000011921e-01,  3.643247842789e+00,  2.255850131273e+01,  6.504703164101e-01
  7.814999967813e-01,  3.658170938492e+00,  2.254357821702e+01,  6.542850136757e-01
  7.830000072718e-01,  3.673063516617e+00,  2.252868563890e+01,  6.580539345741e-01
  7.845000028610e-01,  3.687956094742e+00,  2.251379306077e+01,  6.619449257851e-01
  7.859999984503e-01,  3.702848672867e+00,  2.249890048265e+01,  6.660800576210e-01
  7.874999940395e-01,  3.717771768570e+00,  2.248397738695e+01,  6.703448891640e-01
  7.890000045300e-01,  3.732694864273e+00,  2.246905429124e+01,  6.745944619179e-01
  7.905000001192e-01,  3.747617959976e+00,  2.245413119554e+01,  6.789432168007e-01
  7.919999957085e-01,  3.762541055679e+00,  2.243920809984e+01,  6.835437417030e-01
  7.935000061989e-01,  3.777494668961e+00,  2.242425448656e+01,  6.881290078163e-01
  7.950000017881e-01,  3.792478799820e+00,  2.240927035570e+01,  6.923556923866e-01
  7.964999973774e-01,  3.807462930679e+00,  2.239428622484e+01,  6.961093544960e-01
  7.974999994040e-01,  3.817472696304e+00,  2.238427645921e+01,  6.983371376991e-01
  7.985000014305e-01,  3.827482461929e+00,  2.237426669359e+01,  7.003894448280e-01
  7.995000034571e-01,  3.837492227554e+00,  2.236425692796e+01,  7.023959755898e-01
  8.005000054836e-01,  3.847501993179e+00,  2.235424716234e+01,  7.044788002968e-01
  8.015000075102e-01,  3.857542276382e+00,  2.234420687913e+01,  7.066760659218e-01
  8.024999946356e-01,  3.867582559586e+00,  2.233416659593e+01,  7.088733315468e-01
  8.034999966621e-01,  3.877622842789e+00,  2.232412631273e+01,  7.109408974648e-01
  8.044999986887e-01,  3.887663125992e+00,  2.231408602952e+01,  7.128100991249e-01
  8.055000007153e-01,  3.897703409195e+00,  2.230404574632e+01,  7.145686745644e-01
  8.065000027418e-01,  3.907743692398e+00,  2.229400546312e+01,  7.163043618202e-01
  8.075000047684e-01,  3.917814493179e+00,  2.228393466234e+01,  7.180400490761e-01
  8.085000067949e-01,  3.927854776382e+00,  2.227389437913e+01,  7.198024392128e-01
  8.094999939203e-01,  3.937895059586e+00,  2.226385409593e+01,  7.216830849648e-01
  8.104999959469e-01,  3.947935342789e+00,  2.225381381273e+01,  7.237811684608e-01
  8.114999979734e-01,  3.957975625992e+00,  2.224377352952e+01,  7.261462807655e-01
  8.125000000000e-01,  3.967985391617e+00,  2.223376376390e+01,  7.287250161171e-01
  8.135000020266e-01,  3.978025674820e+00,  2.222372348070e+01,  7.314334511757e-01
  8.145000040531e-01,  3.988035440445e+00,  2.221371371507e+01,  7.341800332069e-01
  8.155000060797e-01,  3.998075723648e+00,  2.220367343187e+01,  7.369037270546e-01
  8.164999932051e-01,  4.008085727692e+00,  2.219366342783e+01,  7.396045327187e-01
  8.174999952316e-01,  4.018126010895e+00,  2.218362314462e+01,  7.423587441444e-01
  8.184999972582e-01,  4.028135776520e+00,  2.217361337900e+01,  7.452579140663e-01
  8.194999992847e-01,  4.038176059723e+00,  2.216357309579e+01,  7.482944130898e-01
  8.205000013113e-01,  4.048185825348e+00,  2.215356333017e+01,  7.513614296913e-01
  8.215000033379e-01,  4.058226108551e+00,  2.214352304697e+01,  7.543826699257e-01
  8.225000053644e-01,  4.068266391754e+00,  2.213348276376e+01,  7.573505043983e-01
  8.235000073910e-01,  4.078306674957e+00,  2.212344248056e+01,  7.602801918983e-01
  8.244999945164e-01,  4.088346958160e+00,  2.211340219736e+01,  7.631335854530e-01
  8.254999965429e-01,  4.098417758942e+00,  2.210333139658e+01,  7.659030556679e-01
  8.264999985695e-01,  4.108488559723e+00,  2.209326059579e+01,  7.685962319374e-01
  8.275000005960e-01,  4.118559360504e+00,  2.208318979501e+01,  7.711825966835e-01
  8.285000026226e-01,  4.128630161285e+00,  2.207311899423e+01,  7.736316323280e-01
  8.295000046492e-01,  4.138731479645e+00,  2.206301767587e+01,  7.759357094765e-01
  8.305000066757e-01,  4.148802280426e+00,  2.205294687509e+01,  7.781329751015e-01
  8.314999938011e-01,  4.158903598785e+00,  2.204284555673e+01,  7.802997231483e-01
  8.324999958277e-01,  4.169004917145e+00,  2.203274423837e+01,  7.824741005898e-01
  8.334999978542e-01,  4.179106235504e+00,  2.202264292001e+01,  7.846789956093e-01
  8.344999998808e-01,  4.189207553864e+00,  2.201254160165e+01,  7.869220376015e-01
  8.355000019073e-01,  4.199339389801e+00,  2.200240976572e+01,  7.892184853554e-01
  8.365000039339e-01,  4.209440708160e+00,  2.199230844736e+01,  7.915454506874e-01
  8.375000059605e-01,  4.219542026520e+00,  2.198220712900e+01,  7.939410805702e-01
  8.384999930859e-01,  4.229673862457e+00,  2.197207529306e+01,  7.964587807655e-01
  8.394999951124e-01,  4.239775180817e+00,  2.196197397470e+01,  7.990985512733e-01
  8.404999971390e-01,  4.249907016754e+00,  2.195184213876e+01,  8.017001748085e-01
  8.414999991655e-01,  4.260038852692e+00,  2.194171030283e+01,  8.040881752968e-01
  8.425000011921e-01,  4.270170688629e+00,  2.193157846689e+01,  8.062625527382e-01
  8.435000032187e-01,  4.280302524567e+00,  2.192144663095e+01,  8.084216713905e-01
  8.445000052452e-01,  4.290434360504e+00,  2.191131479501e+01,  8.107257485390e-01
  8.455000072718e-01,  4.300566196442e+00,  2.190118295908e+01,  8.132053017616e-01
  8.464999943972e-01,  4.310698032379e+00,  2.189105112314e+01,  8.158221840858e-01
  8.474999964237e-01,  4.320829868317e+00,  2.188091928720e+01,  8.185840249062e-01
  8.484999984503e-01,  4.330961704254e+00,  2.187078745126e+01,  8.215060830116e-01
  8.495000004768e-01,  4.341063022614e+00,  2.186068613290e+01,  8.244815468788e-01
  8.505000025034e-01,  4.351194858551e+00,  2.185055429697e+01,  8.274112343788e-01
  8.515000045300e-01,  4.361357212067e+00,  2.184039194345e+01,  8.303104043007e-01
  8.525000065565e-01,  4.371489048004e+00,  2.183026010751e+01,  8.333240151405e-01
  8.534999936819e-01,  4.381620883942e+00,  2.182012827158e+01,  8.365131020546e-01
  8.544999957085e-01,  4.391752719879e+00,  2.180999643564e+01,  8.398013710976e-01
  8.554999977350e-01,  4.401915073395e+00,  2.179983408212e+01,  8.430514931679e-01
  8.564999997616e-01,  4.412077426910e+00,  2.178967172861e+01,  8.462329506874e-01
  8.575000017881e-01,  4.422239780426e+00,  2.177950937509e+01,  8.493610024452e-01
  8.585000038147e-01,  4.432402133942e+00,  2.176934702158e+01,  8.524127602577e-01
  8.595000058413e-01,  4.442564487457e+00,  2.175918466806e+01,  8.552432656288e-01
  8.604999929667e-01,  4.452757358551e+00,  2.174899179697e+01,  8.576770424843e-01
  8.614999949932e-01,  4.462950229645e+00,  2.173879892587e+01,  8.596377968788e-01
  8.624999970198e-01,  4.473143100739e+00,  2.172860605478e+01,  8.611636757851e-01
  8.634999990463e-01,  4.483366489410e+00,  2.171838266611e+01,  8.623805642128e-01
  8.645000010729e-01,  4.493559360504e+00,  2.170818979501e+01,  8.633666634560e-01
  8.655000030994e-01,  4.503752231598e+00,  2.169799692392e+01,  8.641505837440e-01
  8.665000051260e-01,  4.513914585114e+00,  2.168783457040e+01,  8.647456765175e-01
  8.675000071526e-01,  4.524107456207e+00,  2.167764169931e+01,  8.651872277260e-01
  8.684999942780e-01,  4.534239292145e+00,  2.166750986337e+01,  8.654914498329e-01
  8.694999963045e-01,  4.544401645660e+00,  2.165734750986e+01,  8.656292557716e-01
  8.704999983311e-01,  4.554502964020e+00,  2.164724619150e+01,  8.655610084534e-01
  8.715000003576e-01,  4.564573764801e+00,  2.163717539072e+01,  8.653283119202e-01
  8.725000023842e-01,  4.574614048004e+00,  2.162713510751e+01,  8.650631904602e-01
  8.735000044107e-01,  4.584623813629e+00,  2.161712534189e+01,  8.648672103882e-01
  8.750000000000e-01,  4.599546909332e+00,  2.160220224618e+01,  8.646368980408e-01
  8.764999955893e-01,  4.614347934723e+00,  2.158740122079e+01,  8.644437789917e-01
  8.780000060797e-01,  4.629026889801e+00,  2.157272226572e+01,  8.648028373718e-01
  8.795000016689e-01,  4.643583774567e+00,  2.155816538095e+01,  8.657050132751e-01
  8.809999972582e-01,  4.657957553864e+00,  2.154379160165e+01,  8.662614822388e-01
  8.824999928474e-01,  4.672178745270e+00,  2.152957041025e+01,  8.661413192749e-01
  8.840000033379e-01,  4.686247348785e+00,  2.151550180673e+01,  8.655405044556e-01
  8.854999989271e-01,  4.700071811676e+00,  2.150167734384e+01,  8.646059036255e-01
  8.869999945164e-01,  4.713713169098e+00,  2.148803598642e+01,  8.636522293091e-01
  8.885000050068e-01,  4.727140903473e+00,  2.147460825204e+01,  8.626203536987e-01
  8.900000005960e-01,  4.740324497223e+00,  2.146142465829e+01,  8.613214492798e-01
  8.914999961853e-01,  4.753233432770e+00,  2.144851572275e+01,  8.602228164673e-01
  8.930000066757e-01,  4.765837192535e+00,  2.143591196298e+01,  8.595237731934e-01
  8.945000022650e-01,  4.778196811676e+00,  2.142355234384e+01,  8.587112426758e-01
  8.959999978542e-01,  4.790220737457e+00,  2.141152841806e+01,  8.576869964600e-01
  8.974999934435e-01,  4.801924228668e+00,  2.139982492685e+01,  8.566627502441e-01
  8.990000039339e-01,  4.813292026520e+00,  2.138845712900e+01,  8.555812835693e-01
  9.004999995232e-01,  4.824308872223e+00,  2.137744028329e+01,  8.546161651611e-01
  9.019999951124e-01,  4.834959506989e+00,  2.136678964853e+01,  8.538961410522e-01
  9.035000056028e-01,  4.845228672028e+00,  2.135652048349e+01,  8.531675338745e-01
  9.054999947548e-01,  4.858320713043e+00,  2.134342844247e+01,  8.523149490356e-01
  9.074999988079e-01,  4.870680332184e+00,  2.133106882333e+01,  8.519256114960e-01
  9.095000028610e-01,  4.882307529449e+00,  2.131944162607e+01,  8.524245619774e-01
  9.115000069141e-01,  4.893202304840e+00,  2.130854685068e+01,  8.545951247215e-01
  9.134999960661e-01,  4.903334140778e+00,  2.129841501474e+01,  8.581313490868e-01
  9.159999936819e-01,  4.914991855621e+00,  2.128675729990e+01,  8.638381361961e-01
  9.185000061989e-01,  4.925550937653e+00,  2.127619821786e+01,  8.707274794579e-01
  9.214999973774e-01,  4.936827182770e+00,  2.126492197275e+01,  8.791274428368e-01
  9.249999970198e-01,  4.948179721832e+00,  2.125356943368e+01,  8.894957900047e-01
  9.290000051260e-01,  4.958982944489e+00,  2.124276621103e+01,  9.010009169579e-01
  9.340000003576e-01,  4.969576358795e+00,  2.123217279672e+01,  9.168242812157e-01
  9.409999996424e-01,  4.979895114899e+00,  2.122185404062e+01,  9.396438002586e-01
  9.545000046492e-01,  4.990102291107e+00,  2.121164686441e+01,  9.742545485497e-01
  9.819999933243e-01,  4.997613906860e+00,  2.120413524866e+01,  9.877179861069e-01
  1.082000002265e+00,  5.002504348755e+00,  2.119924480676e+01,  9.820579886436e-01
  1.182500004768e+00,  5.002163887024e+00,  2.119958526849e+01,  9.751669168472e-01
  1.283000007272e+00,  5.001574039459e+00,  2.120017511606e+01,  9.710766673088e-01
  1.383499994874e+00,  5.001004219055e+00,  2.120074493646e+01,  9.667272567749e-01
  1.483500003815e+00,  5.000687122345e+00,  2.120106203317e+01,  9.666485190392e-01
  1.584000006318e+00,  5.000432014465e+00,  2.120131714105e+01,  9.618179798126e-01
  1.684499993920e+00,  5.000269412994e+00,  2.120147974252e+01,  9.593161344528e-01
  1.784500002861e+00,  5.000158786774e+00,  2.120159036874e+01,  9.591517448425e-01
  1.885000005364e+00,  5.000118732452e+00,  2.120163042306e+01,  9.564611911774e-01
  1.985499992967e+00,  5.000052452087e+00,  2.120169670343e+01,  9.554075598717e-01
  2.085500001907e+00,  5.000036716461e+00,  2.120171243906e+01,  9.543272852898e-01
  2.186000004411e+00,  5.000001430511e+00,  2.120174772501e+01,  9.534385800362e-01
  2.286500006914e+00,  5.000000953674e+00,  2.120174820184e+01,  9.508022069931e-01
  2.386999994516e+00,  4.999994754791e+00,  2.120175440073e+01,  9.495254755020e-01
  2.487000003457e+00,  4.999979496002e+00,  2.120176965951e+01,  9.488909840584e-01
  2.587500005960e+00,  5.000009059906e+00,  2.120174009561e+01,  9.463495016098e-01
  2.687999993563e+00,  4.999985694885e+00,  2.120176346063e+01,  9.448959827423e-01
  2.788000002503e+00,  5.000002861023e+00,  2.120174629449e+01,  9.450382590294e-01
  2.888500005007e+00,  5.000001430511e+00,  2.120174772501e+01,  9.446530938148e-01
  2.989000007510e+00,  4.999989986420e+00,  2.120175916910e+01,  9.425058960915e-01
  3.089499995112e+00,  5.000010013580e+00,  2.120173914194e+01,  9.407879114151e-01
  3.189500004053e+00,  5.000030517578e+00,  2.120171863794e+01,  9.392757415771e-01
  3.290000006557e+00,  5.000007629395e+00,  2.120174152612e+01,  9.404302835464e-01
  3.390499994159e+00,  5.000026702881e+00,  2.120172245264e+01,  9.390009045601e-01
  3.490500003099e+00,  4.999995231628e+00,  2.120175392389e+01,  9.374096393585e-01
  3.591000005603e+00,  5.000031948090e+00,  2.120171720743e+01,  9.342595934868e-01
  3.691499993205e+00,  4.999997615814e+00,  2.120175153970e+01,  9.365654587746e-01
  3.791500002146e+00,  5.000015258789e+00,  2.120173389673e+01,  9.372137784958e-01
  3.892000004649e+00,  4.999986648560e+00,  2.120176250696e+01,  9.365684986115e-01
  3.992500007153e+00,  4.999998569489e+00,  2.120175058603e+01,  9.346596598625e-01
  4.092999994755e+00,  5.000035762787e+00,  2.120171339273e+01,  9.308090806007e-01
  4.193000003695e+00,  5.000014305115e+00,  2.120173485040e+01,  9.320365786552e-01
  4.293500006199e+00,  5.000004768372e+00,  2.120174438715e+01,  9.306000471115e-01
  4.393999993801e+00,  5.000016689301e+00,  2.120173246622e+01,  9.295095205307e-01
  4.494000002742e+00,  5.000020027161e+00,  2.120172912836e+01,  9.301658272743e-01
  4.594500005245e+00,  4.999988555908e+00,  2.120176059961e+01,  9.303530454636e-01
  4.694999992847e+00,  5.000019073486e+00,  2.120173008203e+01,  9.283987879753e-01
  4.795000001788e+00,  5.000022411346e+00,  2.120172674417e+01,  9.285597205162e-01
  4.895500004292e+00,  5.000028610229e+00,  2.120172054529e+01,  9.287279844284e-01
  4.996000006795e+00,  5.000008106232e+00,  2.120174104928e+01,  9.298778176308e-01
  5.096499994397e+00,  5.000018119812e+00,  2.120173103570e+01,  9.259062409401e-01
  5.196500003338e+00,  5.000007152557e+00,  2.120174200296e+01,  9.283130764961e-01
  5.297000005841e+00,  5.000002861023e+00,  2.120174629449e+01,  9.276503920555e-01
  5.397499993443e+00,  4.999986171722e+00,  2.120176298379e+01,  9.277555346489e-01
  5.497500002384e+00,  4.999996185303e+00,  2.120175297021e+01,  9.237523078918e-01
  5.598000004888e+00,  4.999984264374e+00,  2.120176489114e+01,  9.257515072823e-01
  5.698500007391e+00,  5.000000953674e+00,  2.120174820184e+01,  9.229733943939e-01
  5.798999994993e+00,  5.000011920929e+00,  2.120173723459e+01,  9.238392114639e-01
  5.899000003934e+00,  4.999986171722e+00,  2.120176298379e+01,  9.220533370972e-01
  5.998999997973e+00,  5.000004291534e+00,  2.120174486398e+01,  9.207282066345e-01
  6.099000006914e+00,  5.000011444092e+00,  2.120173771142e+01,  9.226103425026e-01
  6.199000000954e+00,  4.999992370605e+00,  2.120175678491e+01,  9.232167601585e-01
  6.298999994993e+00,  5.000020027161e+00,  2.120172912836e+01,  9.228593707085e-01
  6.399000003934e+00,  4.999965667725e+00,  2.120178348779e+01,  9.200659394264e-01
  6.498999997973e+00,  5.000018119812e+00,  2.120173103570e+01,  9.204748868942e-01
  6.599000006914e+00,  5.000020027161e+00,  2.120172912836e+01,  9.185895919800e-01
  6.699000000954e+00,  5.000024795532e+00,  2.120172435998e+01,  9.196299910545e-01
  6.798999994993e+00,  5.000035762787e+00,  2.120171339273e+01,  9.189491868019e-01
  6.899000003934e+00,  4.999985218048e+00,  2.120176393747e+01,  9.205785393715e-01
  6.998999997973e+00,  5.000003337860e+00,  2.120174581766e+01,  9.185545444489e-01
  7.099000006914e+00,  5.000019073486e+00,  2.120173008203e+01,  9.182531237602e-01
  7.199000000954e+00,  5.000013828278e+00,  2.120173532724e+01,  9.176567196846e-01
  7.298999994993e+00,  5.000006675720e+00,  2.120174247980e+01,  9.198085665703e-01
  7.399000003934e+00,  4.999987125397e+00,  2.120176203012e+01,  9.177767634392e-01
  7.498999997973e+00,  5.000009059906e+00,  2.120174009561e+01,  9.155135154724e-01
  7.599000006914e+00,  5.000009536743e+00,  2.120173961877e+01,  9.166529178619e-01
  7.699000000954e+00,  5.000002861023e+00,  2.120174629449e+01,  9.174519777298e-01
  7.798999994993e+00,  4.999993801117e+00,  2.120175535440e+01,  9.157012701035e-01
  7.899000003934e+00,  5.000020503998e+00,  2.120172865152e+01,  9.162293672562e-01
  7.998999997973e+00,  5.000000000000e+00,  2.120174915552e+01,  9.140207767487e-01
  8.099000006914e+00,  5.000020027161e+00,  2.120172912836e+01,  9.153562188148e-01
  8.199000000954e+00,  4.999984741211e+00,  2.120176441431e+01,  9.170295596123e-01
  8.298999994993e+00,  5.000010490417e+00,  2.120173866510e+01,  9.135773181915e-01
  8.399000003934e+00,  5.000014305115e+00,  2.120173485040e+01,  9.148418903351e-01
  8.498999997973e+00,  5.000015735626e+00,  2.120173341989e+01,  9.148262739182e-01
  8.599000006914e+00,  5.000012874603e+00,  2.120173628091e+01,  9.152390956879e-01
  8.699000000954e+00,  5.000030994415e+00,  2.120171816110e+01,  9.114217162132e-01
  8.798999994993e+00,  4.999979019165e+00,  2.120177013635e+01,  9.124545454979e-01
  8.899000003934e+00,  4.999980449677e+00,  2.120176870584e+01,  9.119840264320e-01
  8.998999997973e+00,  5.000007629395e+00,  2.120174152612e+01,  9.118366241455e-01
  9.099000006914e+00,  5.000007629395e+00,  2.120174152612e+01,  9.139406681061e-01
  9.199000000954e+00,  5.000033855438e+00,  2.120171530008e+01,  9.104558229446e-01
  9.298999994993e+00,  4.999996185303e+00,  2.120175297021e+01,  9.129104018211e-01
  9.399000003934e+00,  5.000028610229e+00,  2.120172054529e+01,  9.121971130371e-01
  9.498999997973e+00,  4.999989509583e+00,  2.120175964593e+01,  9.105841517448e-01
  9.599000006914e+00,  4.999987602234e+00,  2.120176155328e+01,  9.094905853271e-01
  9.699000000954e+00,  4.999983310699e+00,  2.120176584482e+01,  9.107559919357e-01
  9.798999994993e+00,  5.000028133392e+00,  2.120172102212e+01,  9.133105278015e-01
  9.899000003934e+00,  5.000018596649e+00,  2.120173055887e+01,  9.112645387650e-01
  9.998999997973e+00,  5.000014781952e+00,  2.120173437356e+01,  9.107090830803e-01
  1.009900000691e+01,  4.999993324280e+00,  2.120175583124e+01,  9.094092249870e-01
  1.019900000095e+01,  5.000007629395e+00,  2.120174152612e+01,  9.092099666595e-01
  1.029899999499e+01,  5.000041961670e+00,  2.120170719385e+01,  9.100770354271e-01
  1.039900000393e+01,  4.999996185303e+00,  2.120175297021e+01,  9.071462750435e-01
  1.049899999797e+01,  5.000026226044e+00,  2.120172292947e+01,  9.109550714493e-01
  1.059900000691e+01,  5.000012874603e+00,  2.120173628091e+01,  9.075658321381e-01
  1.069900000095e+01,  4.999975204468e+00,  2.120177395105e+01,  9.038789868355e-01
  1.079899999499e+01,  5.000010967255e+00,  2.120173818826e+01,  9.054448604584e-01
  1.089900000393e+01,  4.999995231628e+00,  2.120175392389e+01,  9.066396951675e-01
  1.099899999797e+01,  4.999997138977e+00,  2.120175201654e+01,  9.070534706116e-01
  1.106800000370e+01,  5.000009536743e+00,  2.120173961877e+01,  9.069549441338e-01
  1.106900000572e+01,  5.000007629395e+00,  2.120174152612e+01,  9.069141745567e-01
  1.107199999690e+01,  5.000011444092e+00,  2.120173771142e+01,  9.068242907524e-01
  1.117200000584e+01,  4.999960899353e+00,  2.120178825616e+01,  9.069108366966e-01
  1.125699999928e+01,  4.989858150482e+00,  2.121189100503e+01,  9.012899398804e-01
  1.127599999309e+01,  4.979822635651e+00,  2.122192651987e+01,  8.845133781433e-01
  1.128650000691e+01,  4.969303607941e+00,  2.123244554758e+01,  8.750257492065e-01
  1.129399999976e+01,  4.959194660187e+00,  2.124255449533e+01,  8.823881149292e-01
  1.130099999905e+01,  4.948639392853e+00,  2.125310976266e+01,  8.838791847229e-01
  1.130750000477e+01,  4.938248157501e+00,  2.126350099802e+01,  8.849183320999e-01
  1.131399999559e+01,  4.927479267120e+00,  2.127426988840e+01,  8.847542405128e-01
  1.131999999285e+01,  4.917374134064e+00,  2.128437502145e+01,  8.869896531105e-01
  1.132649999857e+01,  4.906559467316e+00,  2.129518968820e+01,  8.887072801590e-01
  1.133300000429e+01,  4.896336078644e+00,  2.130541307687e+01,  8.940061330795e-01
  1.134000000358e+01,  4.886211872101e+00,  2.131553728342e+01,  8.790601491928e-01
  1.134700000286e+01,  4.876076221466e+00,  2.132567293405e+01,  8.694347143173e-01
  1.135400000215e+01,  4.865517139435e+00,  2.133623201608e+01,  8.693718910217e-01
  1.136049999297e+01,  4.855507373810e+00,  2.134624178171e+01,  8.728055953979e-01
  1.136750000715e+01,  4.844986438751e+00,  2.135676271677e+01,  8.755397796631e-01
  1.137500000000e+01,  4.834381580353e+00,  2.136736757516e+01,  8.761085867882e-01
  1.138300000131e+01,  4.824062824249e+00,  2.137768633127e+01,  8.741268515587e-01
  1.139200000465e+01,  4.813824176788e+00,  2.138792497873e+01,  8.759371638298e-01
  1.140299999714e+01,  4.803537845612e+00,  2.139821130991e+01,  8.650004267693e-01
  1.141550000012e+01,  4.793152332306e+00,  2.140859682321e+01,  8.491351008415e-01
  1.142700000107e+01,  4.782797336578e+00,  2.141895181894e+01,  8.435336947441e-01
  1.143700000644e+01,  4.772718906403e+00,  2.142903024911e+01,  8.434273004532e-01
  1.144650000334e+01,  4.762548923492e+00,  2.143920023202e+01,  8.447670340538e-01
  1.145600000024e+01,  4.752298831940e+00,  2.144945032358e+01,  8.444639444351e-01
  1.146600000560e+01,  4.741816043854e+00,  2.145993311166e+01,  8.426472544670e-01
  1.147599999607e+01,  4.731783390045e+00,  2.146996576547e+01,  8.391725420952e-01
  1.148649999499e+01,  4.721674442291e+00,  2.148007471323e+01,  8.333665728569e-01
  1.149699999392e+01,  4.711585521698e+00,  2.149016363382e+01,  8.283003568649e-01
  1.150749999285e+01,  4.701222896576e+00,  2.150052625894e+01,  8.266614079475e-01
  1.151749999821e+01,  4.691182613373e+00,  2.151056654214e+01,  8.258324861526e-01
  1.152750000358e+01,  4.681157588959e+00,  2.152059156656e+01,  8.234890699387e-01
  1.153800000250e+01,  4.670732021332e+00,  2.153101713418e+01,  8.201686143875e-01
  1.154850000143e+01,  4.660502910614e+00,  2.154124624490e+01,  8.177675008774e-01
  1.155900000036e+01,  4.650414943695e+00,  2.155133421182e+01,  8.131598234177e-01
  1.156949999928e+01,  4.640119075775e+00,  2.156163007974e+01,  8.054121732712e-01
  1.157950000465e+01,  4.629685878754e+00,  2.157206327676e+01,  8.032162189484e-01
  1.158900000155e+01,  4.619332790375e+00,  2.158241636514e+01,  8.060548305511e-01
  1.159849999845e+01,  4.609006404877e+00,  2.159274275064e+01,  8.051286339760e-01
  1.160799999535e+01,  4.598966121674e+00,  2.160278303384e+01,  8.030789494514e-01
  1.161800000072e+01,  4.588849544525e+00,  2.161289961099e+01,  8.017282485962e-01
  1.162899999321e+01,  4.578389644623e+00,  2.162335951089e+01,  7.969661355019e-01
  1.164000000060e+01,  4.568198680878e+00,  2.163355047464e+01,  7.884536385536e-01
  1.165049999952e+01,  4.558042049408e+00,  2.164370710611e+01,  7.853785157204e-01
  1.166050000489e+01,  4.547910213470e+00,  2.165383894205e+01,  7.856742739677e-01
  1.167049999535e+01,  4.537595272064e+00,  2.166415388345e+01,  7.837088704109e-01
  1.168050000072e+01,  4.527341365814e+00,  2.167440778970e+01,  7.830529808998e-01
  1.169099999964e+01,  4.516896724701e+00,  2.168485243082e+01,  7.802122235298e-01
  1.170149999857e+01,  4.506869792938e+00,  2.169487936258e+01,  7.750137448311e-01
  1.171250000596e+01,  4.496398448944e+00,  2.170535070657e+01,  7.694752812386e-01
  1.172300000489e+01,  4.486207485199e+00,  2.171554167032e+01,  7.687231302261e-01
  1.173350000381e+01,  4.475842952728e+00,  2.172590620279e+01,  7.670792341232e-01
  1.174400000274e+01,  4.465375423431e+00,  2.173637373209e+01,  7.650107145309e-01
  1.175399999321e+01,  4.455344200134e+00,  2.174640495538e+01,  7.639269828796e-01
  1.176399999857e+01,  4.445303916931e+00,  2.175644523859e+01,  7.600073814392e-01
  1.177400000393e+01,  4.435225486755e+00,  2.176652366876e+01,  7.553162574768e-01
  1.178399999440e+01,  4.425093650818e+00,  2.177665550470e+01,  7.520260810852e-01
  1.179399999976e+01,  4.414938926697e+00,  2.178681022882e+01,  7.493858337402e-01
  1.180400000513e+01,  4.404803276062e+00,  2.179694587945e+01,  7.476732134819e-01
  1.181399999559e+01,  4.394793510437e+00,  2.180695564508e+01,  7.457143664360e-01
  1.182449999452e+01,  4.384402275085e+00,  2.181734688043e+01,  7.441938519478e-01
  1.183499999344e+01,  4.374026298523e+00,  2.182772285699e+01,  7.401846051216e-01
  1.184550000727e+01,  4.363600730896e+00,  2.183814842462e+01,  7.372155785561e-01
  1.185600000620e+01,  4.353102684021e+00,  2.184864647150e+01,  7.335672974586e-01
  1.186599999666e+01,  4.343039512634e+00,  2.185870964288e+01,  7.319627404213e-01
  1.187600000203e+01,  4.332983970642e+00,  2.186876518487e+01,  7.296021580696e-01
  1.188650000095e+01,  4.322497367859e+00,  2.187925178766e+01,  7.264638543129e-01
  1.189699999988e+01,  4.312010765076e+00,  2.188973839044e+01,  7.245178222656e-01
  1.190749999881e+01,  4.301539421082e+00,  2.190020973444e+01,  7.223213911057e-01
  1.191799999774e+01,  4.291106224060e+00,  2.191064293146e+01,  7.194308042526e-01
  1.192800000310e+01,  4.281088829041e+00,  2.192066032648e+01,  7.155851125717e-01
  1.193799999356e+01,  4.270964622498e+00,  2.193078453302e+01,  7.140585184097e-01
  1.194799999893e+01,  4.260844230652e+00,  2.194090492486e+01,  7.117639780045e-01
  1.195800000429e+01,  4.250761985779e+00,  2.195098716974e+01,  7.089782953262e-01
  1.196799999475e+01,  4.240744590759e+00,  2.196100456476e+01,  7.063189744949e-01
  1.197849999368e+01,  4.230383872986e+00,  2.197136528253e+01,  7.028185129166e-01
  1.198900000751e+01,  4.220070838928e+00,  2.198167831659e+01,  6.991130113602e-01
  1.199950000644e+01,  4.209669589996e+00,  2.199207956552e+01,  6.970743536949e-01
  1.201000000536e+01,  4.199182987213e+00,  2.200256616830e+01,  6.964765191078e-01
  1.202050000429e+01,  4.188715457916e+00,  2.201303369760e+01,  6.944347023964e-01
  1.203100000322e+01,  4.178339481354e+00,  2.202340967416e+01,  6.932725906372e-01
  1.204150000215e+01,  4.168093204498e+00,  2.203365595102e+01,  6.901688575745e-01
  1.205200000107e+01,  4.157896518707e+00,  2.204385263681e+01,  6.847558021545e-01
  1.206250000000e+01,  4.147583484650e+00,  2.205416567087e+01,  6.808147430420e-01
  1.207299999893e+01,  4.137085437775e+00,  2.206466371774e+01,  6.788734197617e-01
  1.208300000429e+01,  4.126968860626e+00,  2.207478029489e+01,  6.783657670021e-01
  1.209299999475e+01,  4.116856098175e+00,  2.208489305734e+01,  6.764214634895e-01
  1.210300000012e+01,  4.106838703156e+00,  2.209491045236e+01,  6.752024292946e-01
  1.211349999905e+01,  4.096405506134e+00,  2.210534364938e+01,  6.724320054054e-01
  1.212399999797e+01,  4.085945606232e+00,  2.211580354928e+01,  6.688061356544e-01
  1.213400000334e+01,  4.075901508331e+00,  2.212584764719e+01,  6.655541062355e-01
  1.214399999380e+01,  4.065754413605e+00,  2.213599474191e+01,  6.631570458412e-01
  1.215399999917e+01,  4.055576801300e+00,  2.214617235422e+01,  6.613135933876e-01
  1.216400000453e+01,  4.045471668243e+00,  2.215627748727e+01,  6.583352684975e-01
  1.217399999499e+01,  4.035408496857e+00,  2.216634065866e+01,  6.555913090706e-01
  1.218449999392e+01,  4.024914264679e+00,  2.217683489084e+01,  6.519644856453e-01
  1.219499999285e+01,  4.014454364777e+00,  2.218729479074e+01,  6.493533253670e-01
  1.220499999821e+01,  4.004452228546e+00,  2.219729692697e+01,  6.457293629646e-01
  1.221500000358e+01,  3.994388818741e+00,  2.220736033678e+01,  6.446992754936e-01
  1.222499999404e+01,  3.984318017960e+00,  2.221743113756e+01,  6.432689428329e-01
  1.223499999940e+01,  3.974205255508e+00,  2.222754390001e+01,  6.407865285873e-01
  1.224500000477e+01,  3.964023828506e+00,  2.223772532701e+01,  6.391350030899e-01
  1.225499999523e+01,  3.953847169876e+00,  2.224790198564e+01,  6.381691098213e-01
  1.226549999416e+01,  3.943375825882e+00,  2.225837332963e+01,  6.344416737556e-01
  1.227599999309e+01,  3.933129549026e+00,  2.226861960649e+01,  6.304963231087e-01
  1.228650000691e+01,  3.922930955887e+00,  2.227881819963e+01,  6.280158162117e-01
  1.229700000584e+01,  3.912686586380e+00,  2.228906256914e+01,  6.244590878487e-01
  1.230750000477e+01,  3.902325868607e+00,  2.229942328691e+01,  6.211941838264e-01
  1.231749999523e+01,  3.892258882523e+00,  2.230949027299e+01,  6.188519597054e-01
  1.232750000060e+01,  3.882069826126e+00,  2.231967932939e+01,  6.171086430550e-01
  1.233750000596e+01,  3.871987581253e+00,  2.232976157426e+01,  6.151354908943e-01
  1.234800000489e+01,  3.861607789993e+00,  2.234014136552e+01,  6.120374798775e-01
  1.235850000381e+01,  3.851302385330e+00,  2.235044677019e+01,  6.088088154793e-01
  1.236900000274e+01,  3.840903520584e+00,  2.236084563493e+01,  6.067586541176e-01
  1.237899999321e+01,  3.830882310867e+00,  2.237086684465e+01,  6.051526069641e-01
  1.238899999857e+01,  3.820800065994e+00,  2.238094908952e+01,  6.039786338806e-01
  1.239900000393e+01,  3.810775041580e+00,  2.239097411394e+01,  6.018545627594e-01
  1.240950000286e+01,  3.800383806229e+00,  2.240136534929e+01,  5.990893840790e-01
  1.242000000179e+01,  3.790034532547e+00,  2.241171462297e+01,  5.961825847626e-01
  1.243050000072e+01,  3.779605150223e+00,  2.242214400529e+01,  5.941116809845e-01
  1.244050000608e+01,  3.769538164139e+00,  2.243221099138e+01,  5.913488864899e-01
  1.245049999654e+01,  3.759406328201e+00,  2.244234282732e+01,  5.896499156952e-01
  1.246050000191e+01,  3.749282121658e+00,  2.245246703386e+01,  5.864732265472e-01
  1.247050000727e+01,  3.739203691483e+00,  2.246254546403e+01,  5.834033489227e-01
  1.248049999774e+01,  3.729197740555e+00,  2.247255141496e+01,  5.806062221527e-01
  1.249099999666e+01,  3.718760728836e+00,  2.248298842668e+01,  5.780818462372e-01
  1.250149999559e+01,  3.708323955536e+00,  2.249342519998e+01,  5.767993927002e-01
  1.251199999452e+01,  3.697825908661e+00,  2.250392324686e+01,  5.751162767410e-01
  1.252199999988e+01,  3.687808513641e+00,  2.251394064188e+01,  5.740085840225e-01
  1.253249999881e+01,  3.677352428436e+00,  2.252439672708e+01,  5.728296637535e-01
  1.254299999774e+01,  3.666903972626e+00,  2.253484518289e+01,  5.707895159721e-01
  1.255300000310e+01,  3.656894207001e+00,  2.254485494852e+01,  5.681912302971e-01
  1.256299999356e+01,  3.646869182587e+00,  2.255487997293e+01,  5.664578676224e-01
  1.257299999893e+01,  3.636863231659e+00,  2.256488592386e+01,  5.640286207199e-01
  1.258300000429e+01,  3.626834392548e+00,  2.257491476297e+01,  5.601023435593e-01
  1.259299999475e+01,  3.616763591766e+00,  2.258498556375e+01,  5.559052228928e-01
  1.260300000012e+01,  3.606635570526e+00,  2.259511358499e+01,  5.541884899139e-01
  1.261300000548e+01,  3.596549510956e+00,  2.260519964456e+01,  5.518355369568e-01
  1.262350000441e+01,  3.586074352264e+00,  2.261567480325e+01,  5.487132072449e-01
  1.263400000334e+01,  3.575644969940e+00,  2.262610418558e+01,  5.466678142548e-01
  1.264450000226e+01,  3.565196514130e+00,  2.263655264139e+01,  5.453048944473e-01
  1.265500000119e+01,  3.554801464081e+00,  2.264694769144e+01,  5.427519083023e-01
  1.266550000012e+01,  3.544463634491e+00,  2.265728552103e+01,  5.402806997299e-01
  1.267599999905e+01,  3.534060955048e+00,  2.266768820047e+01,  5.381757020950e-01
  1.268649999797e+01,  3.523665904999e+00,  2.267808325052e+01,  5.345069169998e-01
  1.269699999690e+01,  3.513270854950e+00,  2.268847830057e+01,  5.318347215652e-01
  1.270700000226e+01,  3.503264904022e+00,  2.269848425149e+01,  5.294038057327e-01
  1.271699999273e+01,  3.493167400360e+00,  2.270858175516e+01,  5.280021429062e-01
  1.272699999809e+01,  3.483077526093e+00,  2.271867162942e+01,  5.260261297226e-01
  1.273700000346e+01,  3.473010540009e+00,  2.272873861551e+01,  5.247392654419e-01
  1.274750000238e+01,  3.462558269501e+00,  2.273919088602e+01,  5.232729911804e-01
  1.275800000131e+01,  3.452200412750e+00,  2.274954874277e+01,  5.202029943466e-01
  1.276850000024e+01,  3.441883563995e+00,  2.275986559152e+01,  5.178965330124e-01
  1.277899999917e+01,  3.431469440460e+00,  2.277027971506e+01,  5.147799253464e-01
  1.278900000453e+01,  3.421421527863e+00,  2.278032762765e+01,  5.133160352707e-01
  1.279899999499e+01,  3.411312580109e+00,  2.279043657541e+01,  5.111076831818e-01
  1.280900000036e+01,  3.401173114777e+00,  2.280057604074e+01,  5.091325044632e-01
  1.281900000572e+01,  3.390999317169e+00,  2.281074983835e+01,  5.071513652802e-01
  1.282899999619e+01,  3.380955219269e+00,  2.282079393625e+01,  5.052442550659e-01
  1.283949999511e+01,  3.370518207550e+00,  2.283123094797e+01,  5.021634101868e-01
  1.284999999404e+01,  3.360134601593e+00,  2.284161455392e+01,  4.984307289124e-01
  1.286049999297e+01,  3.349712848663e+00,  2.285203630685e+01,  4.950261116028e-01
  1.287100000679e+01,  3.339214801788e+00,  2.286253435373e+01,  4.915578365326e-01
  1.288099999726e+01,  3.329075336456e+00,  2.287267381906e+01,  4.902310967445e-01
  1.289100000262e+01,  3.318897724152e+00,  2.288285143137e+01,  4.890211224556e-01
  1.290099999309e+01,  3.308800220490e+00,  2.289294893503e+01,  4.885290861130e-01
  1.291099999845e+01,  3.298790454865e+00,  2.290295870065e+01,  4.874917268753e-01
  1.292149999738e+01,  3.288315296173e+00,  2.291343385934e+01,  4.856382608414e-01
  1.293199999630e+01,  3.277889728546e+00,  2.292385942697e+01,  4.828468561172e-01
  1.294249999523e+01,  3.267475605011e+00,  2.293427355051e+01,  4.791418313980e-01
  1.295299999416e+01,  3.257008075714e+00,  2.294474107980e+01,  4.771672487259e-01
  1.296349999309e+01,  3.246559619904e+00,  2.295518953561e+01,  4.737519025803e-01
  1.297400000691e+01,  3.236187458038e+00,  2.296556169748e+01,  4.716390669346e-01
  1.298450000584e+01,  3.225822925568e+00,  2.297592622995e+01,  4.690064489841e-01
  1.299500000477e+01,  3.215424060822e+00,  2.298632509470e+01,  4.676353633404e-01
  1.300550000370e+01,  3.204986333847e+00,  2.299676282167e+01,  4.644719064236e-01
  1.301600000262e+01,  3.194503545761e+00,  2.300724560976e+01,  4.621387422085e-01
  1.302599999309e+01,  3.184444189072e+00,  2.301730496645e+01,  4.608939588070e-01
  1.303599999845e+01,  3.174247503281e+00,  2.302750165224e+01,  4.596707224846e-01
  1.304600000381e+01,  3.164031744003e+00,  2.303771741151e+01,  4.587057828903e-01
  1.305599999428e+01,  3.153930425644e+00,  2.304781872987e+01,  4.566712975502e-01
  1.306599999964e+01,  3.143913030624e+00,  2.305783612489e+01,  4.542112946510e-01
  1.307649999857e+01,  3.133479833603e+00,  2.306826932191e+01,  4.510560631752e-01
  1.308699999750e+01,  3.123159170151e+00,  2.307858998537e+01,  4.470000863075e-01
  1.309749999642e+01,  3.112668752670e+00,  2.308908040285e+01,  4.438367486000e-01
  1.310750000179e+01,  3.102475881577e+00,  2.309927327394e+01,  4.428853988647e-01
  1.311750000715e+01,  3.092214345932e+00,  2.310953480958e+01,  4.418488442898e-01
  1.312749999762e+01,  3.082032918930e+00,  2.311971623659e+01,  4.402216374874e-01
  1.313750000298e+01,  3.071912527084e+00,  2.312983662843e+01,  4.385863244534e-01
  1.314749999344e+01,  3.061841726303e+00,  2.313990742921e+01,  4.360152184963e-01
  1.315749999881e+01,  3.051748037338e+00,  2.315000111818e+01,  4.338279664516e-01
  1.316750000417e+01,  3.041589498520e+00,  2.316015965700e+01,  4.309721887112e-01
  1.317749999464e+01,  3.031392812729e+00,  2.317035634279e+01,  4.288881123066e-01
  1.318750000000e+01,  3.021192312241e+00,  2.318055684328e+01,  4.269305169582e-01
  1.319750000536e+01,  3.011113882065e+00,  2.319063527345e+01,  4.252057969570e-01
  1.320749999583e+01,  3.001107931137e+00,  2.320064122438e+01,  4.226718842983e-01
  1.321799999475e+01,  2.990609884262e+00,  2.321113927125e+01,  4.206705987453e-01
  1.322800000012e+01,  2.980584859848e+00,  2.322116429567e+01,  4.193352162838e-01
  1.323800000548e+01,  2.970544576645e+00,  2.323120457887e+01,  4.167359769344e-01
  1.324799999595e+01,  2.960469961166e+00,  2.324127919435e+01,  4.139507710934e-01
  1.325800000131e+01,  2.950399637222e+00,  2.325134951829e+01,  4.122083187103e-01
  1.326850000024e+01,  2.939920663834e+00,  2.326182849168e+01,  4.100306034088e-01
  1.327899999917e+01,  2.929460763931e+00,  2.327228839159e+01,  4.074432849884e-01
  1.328900000453e+01,  2.919435739517e+00,  2.328231341600e+01,  4.059858322144e-01
  1.329899999499e+01,  2.909368753433e+00,  2.329238040208e+01,  4.043715596199e-01
  1.330900000036e+01,  2.899313211441e+00,  2.330243594408e+01,  4.022930264473e-01
  1.331900000572e+01,  2.889292001724e+00,  2.331245715379e+01,  4.010036587715e-01
  1.332950000465e+01,  2.878896951675e+00,  2.332285220384e+01,  3.988825678825e-01
  1.334000000358e+01,  2.868612527847e+00,  2.333313662767e+01,  3.954874873161e-01
  1.335050000250e+01,  2.858278512955e+00,  2.334347064256e+01,  3.938892781734e-01
  1.336100000143e+01,  2.847879648209e+00,  2.335386950731e+01,  3.914597928524e-01
  1.337150000036e+01,  2.837415933609e+00,  2.336433322191e+01,  3.890767991543e-01
  1.338150000572e+01,  2.827360391617e+00,  2.337438876390e+01,  3.878131210804e-01
  1.339149999619e+01,  2.817358255386e+00,  2.338439090013e+01,  3.868392407894e-01
  1.340199999511e+01,  2.806974649429e+00,  2.339477450609e+01,  3.845573365688e-01
  1.341249999404e+01,  2.796507120132e+00,  2.340524203538e+01,  3.824262619019e-01
  1.342249999940e+01,  2.786401987076e+00,  2.341534716844e+01,  3.802342414856e-01
  1.343250000477e+01,  2.776170969009e+00,  2.342557818651e+01,  3.783997297287e-01
  1.344249999523e+01,  2.765936136246e+00,  2.343581301927e+01,  3.760710954666e-01
  1.345250000060e+01,  2.755701303482e+00,  2.344604785203e+01,  3.733850121498e-01
  1.346250000596e+01,  2.745516061783e+00,  2.345623309373e+01,  3.717393577099e-01
  1.347249999642e+01,  2.735407114029e+00,  2.346634204149e+01,  3.697760999203e-01
  1.348299999535e+01,  2.724958658218e+00,  2.347679049730e+01,  3.676371872425e-01
  1.349349999428e+01,  2.714540719986e+00,  2.348720843553e+01,  3.662774264812e-01
  1.350399999321e+01,  2.704118967056e+00,  2.349763018846e+01,  3.649797439575e-01
  1.351450000703e+01,  2.693693399429e+00,  2.350805575609e+01,  3.620915412903e-01
  1.352500000596e+01,  2.683225870132e+00,  2.351852328538e+01,  3.605070114136e-01
  1.353499999642e+01,  2.673189401627e+00,  2.352855975389e+01,  3.589708209038e-01
  1.354500000179e+01,  2.663137674332e+00,  2.353861148119e+01,  3.565976023674e-01
  1.355550000072e+01,  2.652689218521e+00,  2.354905993700e+01,  3.541657328606e-01
  1.356599999964e+01,  2.642336130142e+00,  2.355941302537e+01,  3.520179390907e-01
  1.357649999857e+01,  2.631914377213e+00,  2.356983477830e+01,  3.488555550575e-01
  1.358699999750e+01,  2.621435403824e+00,  2.358031375169e+01,  3.467925190926e-01
  1.359700000286e+01,  2.611433267593e+00,  2.359031588792e+01,  3.443256020546e-01
  1.360750000179e+01,  2.600973367691e+00,  2.360077578783e+01,  3.427142202854e-01
  1.361800000072e+01,  2.590597391129e+00,  2.361115176439e+01,  3.419586122036e-01
  1.362849999964e+01,  2.580341577530e+00,  2.362140757799e+01,  3.399132192135e-01
  1.363899999857e+01,  2.570089578629e+00,  2.363165957689e+01,  3.366306722164e-01
  1.364949999750e+01,  2.559648752213e+00,  2.364210040330e+01,  3.338024914265e-01
  1.365950000286e+01,  2.549474954605e+00,  2.365227420091e+01,  3.321119248867e-01
  1.366949999332e+01,  2.539156198502e+00,  2.366259295702e+01,  3.310587108135e-01
  1.367949999869e+01,  2.528940439224e+00,  2.367280871629e+01,  3.299697339535e-01
  1.368950000405e+01,  2.518911600113e+00,  2.368283755540e+01,  3.287256658077e-01
  1.370000000298e+01,  2.508550882339e+00,  2.369319827318e+01,  3.255215585232e-01
  1.371050000191e+01,  2.498197793961e+00,  2.370355136156e+01,  3.225694596767e-01
  1.372100000083e+01,  2.487772226334e+00,  2.371397692918e+01,  3.200123608112e-01
  1.373100000620e+01,  2.477762460709e+00,  2.372398669481e+01,  3.178513348103e-01
  1.374099999666e+01,  2.467748880386e+00,  2.373400027513e+01,  3.160192072392e-01
  1.375149999559e+01,  2.457338571548e+00,  2.374441058397e+01,  3.155266344547e-01
  1.376199999452e+01,  2.446975946426e+00,  2.375477320909e+01,  3.127209246159e-01
  1.377249999344e+01,  2.436512231827e+00,  2.376523692369e+01,  3.101676404476e-01
  1.378249999881e+01,  2.426388025284e+00,  2.377536113023e+01,  3.086646497250e-01
  1.379250000417e+01,  2.416218042374e+00,  2.378553111314e+01,  3.077739179134e-01
  1.380249999464e+01,  2.406078577042e+00,  2.379567057848e+01,  3.060165345669e-01
  1.381299999356e+01,  2.395668268204e+00,  2.380608088731e+01,  3.032432496548e-01
  1.382350000739e+01,  2.385406732559e+00,  2.381634242296e+01,  2.984138429165e-01
  1.383400000632e+01,  2.375049829483e+00,  2.382669932603e+01,  2.952261865139e-01
  1.384399999678e+01,  2.364910364151e+00,  2.383683879137e+01,  2.928880155087e-01
  1.385400000215e+01,  2.354595422745e+00,  2.384715373277e+01,  2.934103906155e-01
  1.386400000751e+01,  2.344330072403e+00,  2.385741908311e+01,  2.935166954994e-01
  1.387450000644e+01,  2.333866357803e+00,  2.386788279771e+01,  2.933344244957e-01
  1.388500000536e+01,  2.323711633682e+00,  2.387803752183e+01,  2.901632189751e-01
  1.389550000429e+01,  2.313699960709e+00,  2.388804919481e+01,  2.876355051994e-01
  1.390600000322e+01,  2.303560495377e+00,  2.389818866014e+01,  2.842641472816e-01
  1.391650000215e+01,  2.293134927750e+00,  2.390861422777e+01,  2.828682065010e-01
  1.392650000751e+01,  2.282976388931e+00,  2.391877276659e+01,  2.811757326126e-01
  1.393649999797e+01,  2.272737741470e+00,  2.392901141405e+01,  2.808355987072e-01
  1.394650000334e+01,  2.262579202652e+00,  2.393916995286e+01,  2.788130939007e-01
  1.395700000226e+01,  2.252100229263e+00,  2.394964892625e+01,  2.762746512890e-01
  1.396750000119e+01,  2.241762399673e+00,  2.395998675584e+01,  2.733111083508e-01
  1.397800000012e+01,  2.231413125992e+00,  2.397033602952e+01,  2.714287936687e-01
  1.398849999905e+01,  2.221021890640e+00,  2.398072726488e+01,  2.691604793072e-01
  1.399850000441e+01,  2.211015939713e+00,  2.399073321580e+01,  2.664911448956e-01
  1.400849999487e+01,  2.200894594193e+00,  2.400085456132e+01,  2.659949660301e-01
  1.401850000024e+01,  2.190781831741e+00,  2.401096732378e+01,  2.649535536766e-01
  1.402899999917e+01,  2.180295228958e+00,  2.402145392656e+01,  2.631727457047e-01
  1.403949999809e+01,  2.169953584671e+00,  2.403179557085e+01,  2.611287832260e-01
  1.404999999702e+01,  2.159638643265e+00,  2.404211051225e+01,  2.596879601479e-01
  1.406049999595e+01,  2.149319887161e+00,  2.405242926836e+01,  2.558646798134e-01
  1.407099999487e+01,  2.138898134232e+00,  2.406285102129e+01,  2.530942559242e-01
  1.408100000024e+01,  2.128815889359e+00,  2.407293326616e+01,  2.511454224586e-01
  1.409100000560e+01,  2.118668794632e+00,  2.408308036088e+01,  2.492211461067e-01
  1.410099999607e+01,  2.108590364456e+00,  2.409315879106e+01,  2.465170025826e-01
  1.411149999499e+01,  2.098099946976e+00,  2.410364920854e+01,  2.435634732246e-01
  1.412199999392e+01,  2.087651491165e+00,  2.411409766435e+01,  2.412188649178e-01
  1.413199999928e+01,  2.077641725540e+00,  2.412410742998e+01,  2.391579747200e-01
  1.414200000465e+01,  2.067521333694e+00,  2.413422782182e+01,  2.387953698635e-01
  1.415199999511e+01,  2.057358980179e+00,  2.414439017534e+01,  2.388875186443e-01
  1.416200000048e+01,  2.047291994095e+00,  2.415445716142e+01,  2.390459030867e-01
  1.417249999940e+01,  2.036877870560e+00,  2.416487128496e+01,  2.372867316008e-01
  1.418299999833e+01,  2.026570558548e+00,  2.417517859697e+01,  2.348034828901e-01
  1.419349999726e+01,  2.016251802444e+00,  2.418549735307e+01,  2.311261147261e-01
  1.420399999619e+01,  2.005826234818e+00,  2.419592292070e+01,  2.287462204695e-01
  1.421400000155e+01,  1.995740175247e+00,  2.420600898027e+01,  2.266571968794e-01
  1.422400000691e+01,  1.985577821732e+00,  2.421617133379e+01,  2.254786938429e-01
  1.423399999738e+01,  1.975503206253e+00,  2.422624594926e+01,  2.235029190779e-01
  1.424449999630e+01,  1.965070009232e+00,  2.423667914629e+01,  2.214942574501e-01
  1.425499999523e+01,  1.954737067223e+00,  2.424701208829e+01,  2.188217341900e-01
  1.426549999416e+01,  1.944464087486e+00,  2.425728506803e+01,  2.161724269390e-01
  1.427599999309e+01,  1.934168219566e+00,  2.426758093595e+01,  2.122938334942e-01
  1.428650000691e+01,  1.923700690269e+00,  2.427804846525e+01,  2.102817445993e-01
  1.429649999738e+01,  1.913610816002e+00,  2.428813833951e+01,  2.090540379286e-01
  1.430650000274e+01,  1.903456091881e+00,  2.429829306364e+01,  2.080641239882e-01
  1.431649999321e+01,  1.893270850182e+00,  2.430847830534e+01,  2.083090841770e-01
  1.432649999857e+01,  1.883154273033e+00,  2.431859488248e+01,  2.077331691980e-01
  1.433699999750e+01,  1.872682929039e+00,  2.432906622648e+01,  2.058042734861e-01
  1.434749999642e+01,  1.862329840660e+00,  2.433941931486e+01,  2.024578303099e-01
  1.435799999535e+01,  1.851938605309e+00,  2.434981055021e+01,  1.992296427488e-01
  1.436800000072e+01,  1.841902136803e+00,  2.435984701871e+01,  1.967216581106e-01
  1.437800000608e+01,  1.831808447838e+00,  2.436994070768e+01,  1.958812326193e-01
  1.438799999654e+01,  1.821741461754e+00,  2.438000769376e+01,  1.947781592607e-01
  1.439800000191e+01,  1.811727881432e+00,  2.439002127409e+01,  1.938471049070e-01
  1.440850000083e+01,  1.801340460777e+00,  2.440040869474e+01,  1.932699680328e-01
  1.441899999976e+01,  1.791057944298e+00,  2.441069121122e+01,  1.902067661285e-01
  1.442949999869e+01,  1.780735373497e+00,  2.442101378202e+01,  1.878497600555e-01
  1.443999999762e+01,  1.770302176476e+00,  2.443144697904e+01,  1.852118968964e-01
  1.445000000298e+01,  1.760273337364e+00,  2.444147581815e+01,  1.840565353632e-01
  1.445999999344e+01,  1.750191092491e+00,  2.445155806303e+01,  1.822461038828e-01
  1.446999999881e+01,  1.740177512169e+00,  2.446157164335e+01,  1.819928735495e-01
  1.448049999774e+01,  1.729755759239e+00,  2.447199339628e+01,  1.802576631308e-01
  1.449099999666e+01,  1.719406485558e+00,  2.448234266996e+01,  1.778343766928e-01
  1.450150001049e+01,  1.709073662758e+00,  2.449267549276e+01,  1.743981093168e-01
  1.451199999452e+01,  1.698682427406e+00,  2.450306672811e+01,  1.717373579741e-01
  1.452249999344e+01,  1.688195824623e+00,  2.451355333089e+01,  1.696619242430e-01
  1.453249999881e+01,  1.678140282631e+00,  2.452360887289e+01,  1.682834476233e-01
  1.454250000417e+01,  1.668088555336e+00,  2.453366060018e+01,  1.675380617380e-01
  1.455300000310e+01,  1.657586693764e+00,  2.454416246175e+01,  1.656114012003e-01
  1.456299999356e+01,  1.647554039955e+00,  2.455419511556e+01,  1.634584814310e-01
  1.457299999893e+01,  1.637426018715e+00,  2.456432313680e+01,  1.615473181009e-01
  1.458300000429e+01,  1.627244591713e+00,  2.457450456380e+01,  1.605263054371e-01
  1.459299999475e+01,  1.617059350014e+00,  2.458468980550e+01,  1.593300402164e-01
  1.460300000012e+01,  1.606938958168e+00,  2.459481019735e+01,  1.573161184788e-01
  1.461300000548e+01,  1.596875786781e+00,  2.460487336874e+01,  1.548828184605e-01
  1.462299999595e+01,  1.586755394936e+00,  2.461499376058e+01,  1.526600420475e-01
  1.463300000131e+01,  1.576619744301e+00,  2.462512941122e+01,  1.511706262827e-01
  1.464300000668e+01,  1.566594719887e+00,  2.463515443563e+01,  1.496904939413e-01
  1.465350000560e+01,  1.556232094765e+00,  2.464551706075e+01,  1.486299633980e-01
  1.466400000453e+01,  1.546006798744e+00,  2.465574235677e+01,  1.467581838369e-01
  1.467450000346e+01,  1.535764336586e+00,  2.466598481893e+01,  1.451761871576e-01
  1.468500000238e+01,  1.525281548500e+00,  2.467646760702e+01,  1.432020813227e-01
  1.469499999285e+01,  1.515054345131e+00,  2.468669481039e+01,  1.425171047449e-01
  1.470499999821e+01,  1.504750847816e+00,  2.469699830770e+01,  1.418753862381e-01
  1.471500000358e+01,  1.494599938393e+00,  2.470714921712e+01,  1.411824673414e-01
  1.472550000250e+01,  1.484248757362e+00,  2.471750039815e+01,  1.376710385084e-01
  1.473600000143e+01,  1.474149346352e+00,  2.472759980917e+01,  1.342182606459e-01
  1.474650000036e+01,  1.463986992836e+00,  2.473776216268e+01,  1.316273659468e-01
  1.475699999928e+01,  1.453619599342e+00,  2.474812955617e+01,  1.289091408253e-01
  1.476700000465e+01,  1.443499207497e+00,  2.475824994802e+01,  1.274100840092e-01
  1.477699999511e+01,  1.433275818825e+00,  2.476847333669e+01,  1.264061778784e-01
  1.478700000048e+01,  1.423021912575e+00,  2.477872724294e+01,  1.249317452312e-01
  1.479700000584e+01,  1.412871003151e+00,  2.478887815237e+01,  1.228956505656e-01
  1.480699999630e+01,  1.402762055397e+00,  2.479898710012e+01,  1.215504929423e-01
  1.481700000167e+01,  1.392698884010e+00,  2.480905027151e+01,  1.205100342631e-01
  1.482700000703e+01,  1.382677674294e+00,  2.481907148122e+01,  1.186608597636e-01
  1.483699999750e+01,  1.372652649879e+00,  2.482909650564e+01,  1.158658787608e-01
  1.484700000286e+01,  1.362475037575e+00,  2.483927411794e+01,  1.130513474345e-01
  1.485699999332e+01,  1.352133393288e+00,  2.484961576223e+01,  1.112932488322e-01
  1.486699999869e+01,  1.341753602028e+00,  2.485999555349e+01,  1.104862615466e-01
  1.487700000405e+01,  1.331572175026e+00,  2.487017698049e+01,  1.098234280944e-01
  1.488750000298e+01,  1.321205735207e+00,  2.488054342031e+01,  1.084768995643e-01
  1.489800000191e+01,  1.311121582985e+00,  2.489062757253e+01,  1.062770113349e-01
  1.490850000083e+01,  1.301106095314e+00,  2.490064306020e+01,  1.021208986640e-01
  1.491899999976e+01,  1.290808320045e+00,  2.491094083547e+01,  9.936627000570e-02
  1.492900000513e+01,  1.280676484108e+00,  2.492107267141e+01,  9.826333075762e-02
  1.493899999559e+01,  1.270430207253e+00,  2.493131894826e+01,  9.777238965034e-02
  1.494900000095e+01,  1.260321259499e+00,  2.494142789602e+01,  9.688225388527e-02
  1.495949999988e+01,  1.249918580055e+00,  2.495183057546e+01,  9.552636742592e-02
  1.496999999881e+01,  1.239708542824e+00,  2.496204061269e+01,  9.134641289711e-02
  1.498049999774e+01,  1.229414582253e+00,  2.497233457326e+01,  8.844336867332e-02
  1.499050000310e+01,  1.219401001930e+00,  2.498234815359e+01,  8.677738904953e-02
  1.500049999356e+01,  1.209234833717e+00,  2.499251432180e+01,  8.627774566412e-02
  1.501049999893e+01,  1.199062228203e+00,  2.500268692731e+01,  8.565989136696e-02
  1.502050000429e+01,  1.189010500908e+00,  2.501273865461e+01,  8.537095785141e-02
  1.503100000322e+01,  1.178653597832e+00,  2.502309555768e+01,  8.362793922424e-02
  1.504150000215e+01,  1.168390154839e+00,  2.503335900068e+01,  8.145999908447e-02
  1.505200000107e+01,  1.158037066460e+00,  2.504371208906e+01,  7.839441299438e-02
  1.506250000000e+01,  1.147554278374e+00,  2.505419487714e+01,  7.592225074768e-02
  1.507250000536e+01,  1.137502551079e+00,  2.506424660444e+01,  7.529711723328e-02
  1.508249999583e+01,  1.127439379692e+00,  2.507430977582e+01,  7.404971122742e-02
  1.509250000119e+01,  1.117353320122e+00,  2.508439583539e+01,  7.237172126770e-02
  1.510250000656e+01,  1.107309222221e+00,  2.509443993330e+01,  7.075214385986e-02
  1.511300000548e+01,  1.096814990044e+00,  2.510493416547e+01,  6.815052032471e-02
  1.512299999595e+01,  1.086786150932e+00,  2.511496300458e+01,  6.546497344971e-02
  1.513300000131e+01,  1.076635241508e+00,  2.512511391401e+01,  6.406760215759e-02
  1.514300000668e+01,  1.066427111626e+00,  2.513532204389e+01,  6.310969591141e-02
  1.515299999714e+01,  1.056249499321e+00,  2.514549965620e+01,  6.242117285728e-02
  1.516300000250e+01,  1.046155810356e+00,  2.515559334516e+01,  6.211401522160e-02
  1.517299999297e+01,  1.036142230034e+00,  2.516560692548e+01,  6.038893759251e-02
  1.518299999833e+01,  1.026113390923e+00,  2.517563576459e+01,  5.728568136692e-02
  1.519300000370e+01,  1.016023516655e+00,  2.518572563886e+01,  5.490960180759e-02
  1.520299999416e+01,  1.005929827690e+00,  2.519581932783e+01,  5.225075781345e-02
  1.521299999952e+01,  9.958323836327e-01,  2.520591677188e+01,  5.019392073154e-02
  1.522300000489e+01,  9.857272505760e-01,  2.521602190494e+01,  4.934431612492e-02
  1.523299999535e+01,  9.757022261620e-01,  2.522604692935e+01,  4.801218211651e-02
  1.524349999428e+01,  9.652728438377e-01,  2.523647631168e+01,  4.560415446758e-02
  1.525399999321e+01,  9.547958970070e-01,  2.524695325851e+01,  4.344189539552e-02
  1.526399999857e+01,  9.447098374367e-01,  2.525703931808e+01,  4.236525669694e-02
  1.527400000393e+01,  9.345665574074e-01,  2.526718259811e+01,  4.012292996049e-02
  1.528399999440e+01,  9.244194626808e-01,  2.527732969284e+01,  4.077802971005e-02
  1.529399999976e+01,  9.143868088722e-01,  2.528736234664e+01,  4.041330888867e-02
  1.530449999869e+01,  9.040394425392e-01,  2.529770971298e+01,  3.954927995801e-02
  1.531499999762e+01,  8.938522934914e-01,  2.530789686203e+01,  3.628199175000e-02
  1.532549999654e+01,  8.836346268654e-01,  2.531811452865e+01,  3.239100053906e-02
  1.533599999547e+01,  8.731785416603e-01,  2.532857061386e+01,  2.996938489377e-02
  1.534600000083e+01,  8.630276322365e-01,  2.533872152328e+01,  2.820472978055e-02
  1.535600000620e+01,  8.527660965919e-01,  2.534898305892e+01,  2.756967209280e-02
  1.536599999666e+01,  8.425121903419e-01,  2.535923696517e+01,  2.710845135152e-02
  1.537600000203e+01,  8.324871659279e-01,  2.536926198959e+01,  2.629687450826e-02
  1.538650000095e+01,  8.222771286964e-01,  2.537947202682e+01,  2.343251369894e-02
  1.539699999988e+01,  8.121300339699e-01,  2.538961912155e+01,  1.989152096212e-02
  1.540749999881e+01,  8.017521500587e-01,  2.539999700546e+01,  1.741125248373e-02
  1.541750000417e+01,  7.915096879005e-01,  2.541023946762e+01,  1.844098232687e-02
  1.542749999464e+01,  7.811642289162e-01,  2.542058492660e+01,  1.899527572095e-02
  1.543750000000e+01,  7.709255814552e-01,  2.543082357406e+01,  1.706575416028e-02
  1.544750000536e+01,  7.608967423439e-01,  2.544085241317e+01,  1.502536702901e-02
  1.545800000429e+01,  7.505989670753e-01,  2.545115018844e+01,  1.063751149923e-02
  1.546850000322e+01,  7.403488755226e-01,  2.546140027999e+01,  5.452384706587e-03
  1.547849999368e+01,  7.301788926125e-01,  2.547157026290e+01,  3.971402999014e-03
  1.548849999905e+01,  7.197685837746e-01,  2.548198057174e+01,  5.684678908437e-03
  1.549850000441e+01,  7.094078660011e-01,  2.549234128952e+01,  6.489441730082e-03
  1.550849999487e+01,  6.992695927620e-01,  2.550247956275e+01,  6.668705958873e-03
  1.551899999380e+01,  6.889603734016e-01,  2.551278878212e+01,  4.526515025645e-03
  1.552949999273e+01,  6.788571476936e-01,  2.552289200782e+01, -4.421282501426e-04
  1.553949999809e+01,  6.687939763069e-01,  2.553295517921e+01, -3.194760065526e-03
  1.554950000346e+01,  6.583989262581e-01,  2.554335022926e+01, -2.290736418217e-03
  1.555949999392e+01,  6.480916142464e-01,  2.555365754127e+01, -2.146522980183e-03
  1.556949999928e+01,  6.380894780159e-01,  2.556365967750e+01, -2.309333067387e-03
  1.557999999821e+01,  6.280491948128e-01,  2.557369996070e+01, -3.797303419560e-03
  1.559100000560e+01,  6.179440617561e-01,  2.558380509376e+01, -1.216198131442e-02
  1.560150000453e+01,  6.077015995979e-01,  2.559404755592e+01, -1.354574784636e-02
  1.561149999499e+01,  5.974743962288e-01,  2.560427475929e+01, -1.174902543426e-02
  1.562150000036e+01,  5.872166752815e-01,  2.561453248024e+01, -1.193895563483e-02
  1.563150000572e+01,  5.771458745003e-01,  2.562460328102e+01, -1.206190511584e-02
  1.564200000465e+01,  5.669358372688e-01,  2.563481331825e+01, -9.784173220396e-03
  1.565299999714e+01,  5.567868351936e-01,  2.564496232032e+01, -1.934380456805e-02
  1.566349999607e+01,  5.465157628059e-01,  2.565523339271e+01, -2.144272252917e-02
  1.567350000143e+01,  5.361588597298e-01,  2.566559029579e+01, -2.067324146628e-02
  1.568350000679e+01,  5.257371068001e-01,  2.567601204872e+01, -2.020021900535e-02
  1.569349999726e+01,  5.155175328255e-01,  2.568623162269e+01, -2.055558934808e-02
  1.570399999619e+01,  5.052598118782e-01,  2.569648934364e+01, -2.015090361238e-02
  1.571500000358e+01,  4.951661229134e-01,  2.570658303260e+01, -2.947307005525e-02
  1.572550000250e+01,  4.850419163704e-01,  2.571670723915e+01, -3.649467602372e-02
  1.573549999297e+01,  4.745438694954e-01,  2.572720528602e+01, -3.381127491593e-02
  1.574500000477e+01,  4.644539952278e-01,  2.573729516029e+01, -3.340959921479e-02
  1.575499999523e+01,  4.540059566498e-01,  2.574774319887e+01, -3.366952016950e-02
  1.576500000060e+01,  4.438855648041e-01,  2.575786359071e+01, -3.315784409642e-02
  1.577549999952e+01,  4.338777065277e-01,  2.576787144899e+01, -3.516359999776e-02
  1.578650000691e+01,  4.235436916351e-01,  2.577820546388e+01, -4.519386962056e-02
  1.579649999738e+01,  4.133355617523e-01,  2.578841359376e+01, -4.317988827825e-02
  1.580599999428e+01,  4.032647609711e-01,  2.579848439455e+01, -4.158698394895e-02
  1.581550000608e+01,  3.932626247406e-01,  2.580848653078e+01, -4.181168973446e-02
  1.582549999654e+01,  3.830583095551e-01,  2.581869084596e+01, -4.223027825356e-02
  1.583599999547e+01,  3.729302883148e-01,  2.582881886720e+01, -4.263219237328e-02
  1.584700000286e+01,  3.627526760101e-01,  2.583899647951e+01, -5.420979857445e-02
  1.585699999332e+01,  3.527390956879e-01,  2.584901005983e+01, -5.477914214134e-02
  1.586650000513e+01,  3.426415920258e-01,  2.585910756349e+01, -5.146107077599e-02
  1.587600000203e+01,  3.324792385101e-01,  2.586926991701e+01, -5.010399222374e-02
  1.588600000739e+01,  3.220994472504e-01,  2.587964970827e+01, -5.056478083134e-02
  1.589650000632e+01,  3.118169307709e-01,  2.588993222475e+01, -4.935397207737e-02
  1.590800000727e+01,  3.016068935394e-01,  2.590014226198e+01, -5.703189969063e-02
  1.591949999332e+01,  2.912023067474e-01,  2.591054684877e+01, -6.715133786201e-02
  1.592949999869e+01,  2.810380458832e-01,  2.592071110963e+01, -6.527902930975e-02
  1.593899999559e+01,  2.708947658539e-01,  2.593085438966e+01, -6.234171614051e-02
  1.594850000739e+01,  2.607934474945e-01,  2.594095570802e+01, -6.144846603274e-02
  1.595849999785e+01,  2.505090236664e-01,  2.595124013185e+01, -6.146798655391e-02
  1.596899999678e+01,  2.404592037201e-01,  2.596128995180e+01, -6.043386086822e-02
  1.598049999774e+01,  2.302987575531e-01,  2.597145039796e+01, -7.245015352964e-02
  1.599099999666e+01,  2.202508449554e-01,  2.598149831056e+01, -7.621162384748e-02
  1.600100000203e+01,  2.097871303558e-01,  2.599196202516e+01, -7.260196655989e-02
  1.601049999893e+01,  1.997442543507e-01,  2.600200490117e+01, -7.158649712801e-02
  1.602050000429e+01,  1.894254982471e-01,  2.601232365727e+01, -7.075438648462e-02
  1.603100000322e+01,  1.790685951710e-01,  2.602268056035e+01, -6.919056922197e-02
  1.604199999571e+01,  1.690073311329e-01,  2.603274182438e+01, -8.051555603743e-02
  1.605249999464e+01,  1.586714088917e-01,  2.604307774663e+01, -8.362608402967e-02
  1.606200000644e+01,  1.485662758350e-01,  2.605318287968e+01, -7.987140864134e-02
  1.607150000334e+01,  1.384115517139e-01,  2.606333760380e+01, -7.914295047522e-02
  1.608149999380e+01,  1.280203163624e-01,  2.607372883915e+01, -7.880515605211e-02
  1.609199999273e+01,  1.177149116993e-01,  2.608403424382e+01, -7.665031403303e-02
  1.610349999368e+01,  1.076956093311e-01,  2.609405354619e+01, -9.180562943220e-02
  1.611450000107e+01,  9.717848896980e-02,  2.610457066655e+01, -9.814357012510e-02
  1.612399999797e+01,  8.682158589363e-02,  2.611492756962e+01, -9.270762652159e-02
  1.613349999487e+01,  7.627394795418e-02,  2.612547520756e+01, -8.938550204039e-02
  1.614300000668e+01,  6.599715352058e-02,  2.613575200200e+01, -8.721565455198e-02
  1.615299999714e+01,  5.586722865701e-02,  2.614588192686e+01, -8.341860026121e-02
  1.616500000656e+01,  4.552939906716e-02,  2.615621975645e+01, -9.056531637907e-02
  1.617749999464e+01,  3.516868129373e-02,  2.616658047422e+01, -1.071245595813e-01
  1.618850000203e+01,  2.470115199685e-02,  2.617704800352e+01, -9.655975550413e-02
  1.620000000298e+01,  1.432708278298e-02,  2.618742207273e+01, -9.225200861692e-02
  1.621299999952e+01,  4.677806049585e-03,  2.619707134947e+01, -8.710359781981e-02
  1.621400000155e+01,  4.063639789820e-03,  2.619768551573e+01, -8.685325831175e-02
  1.622200000286e+01, -5.432591206045e-05,  2.620180348143e+01, -8.139919489622e-02
  1.622499999404e+01, -1.152005046606e-03,  2.620290116056e+01, -8.056425303221e-02
  1.653599999845e+01, -2.193353837356e-03,  2.620394250935e+01, -9.723395109177e-02
  1.653700000048e+01, -2.189866965637e-03,  2.620393902248e+01, -9.725055098534e-02
