           Test time,     Standard travel,     Tool separation,      Standard force
                 0.0,                 0.0,  2.708858783001e+01, -7.947986014187e-03
                 0.0,                 0.0,  2.708859015460e+01, -8.007113821805e-03
                 0.0,                 0.0,  2.708859617466e+01, -8.223851211369e-03
                 0.0,                 0.0,  2.708858937973e+01, -7.924251258373e-03
                 0.0,                 0.0,  2.708858794922e+01, -7.933609187603e-03
                 0.0,                 0.0,  2.620168372468e+01, -1.030252967030e-02
  0.000000000000e+00,  0.000000000000e+00,  2.620168537853e+01, -1.097153220326e-02
  8.000001311302e-03,  8.925795555115e-06,  2.620167645274e+01, -1.104050595313e-02
  1.099999248981e-02,  1.170858740807e-05,  2.620167366995e+01, -1.077812630683e-02
  1.299999654293e-02,  6.411224603653e-06,  2.620167896731e+01, -1.048820931464e-02
  1.399999856949e-02,  2.447515726089e-06,  2.620168293102e+01, -1.034611184150e-02
  1.145000010729e-01,  4.260806235834e-05,  2.620164277047e+01, -7.827172987163e-03
  2.149999886751e-01,  3.589489551814e-06,  2.620168178904e+01, -8.142369799316e-03
  3.149999976158e-01, -9.005185006572e-07,  2.620168627905e+01, -6.949181668460e-03
  4.059999883175e-01,  1.022106409073e-02,  2.619146431444e+01,  2.146618068218e-02
  4.169999957085e-01,  2.046924829483e-02,  2.618121613024e+01,  2.573458850384e-02
  4.244999885559e-01,  3.063923120499e-02,  2.617104614733e+01,  2.450148761272e-02
  4.309999942780e-01,  4.130893945694e-02,  2.616037643908e+01,  9.730979800224e-03
  4.369999915361e-01,  5.183750391006e-02,  2.614984787462e+01, -3.040626877919e-03
  4.429999887943e-01,  6.238895654678e-02,  2.613929642199e+01, -8.316352963448e-03
  4.490000009537e-01,  7.262760400772e-02,  2.612905777453e+01, -1.597245037556e-02
  4.554999917746e-01,  8.271366357803e-02,  2.611897171495e+01, -2.943451702595e-02
  4.634999930859e-01,  9.307056665421e-02,  2.610861481188e+01, -2.605588734150e-02
  4.739999920130e-01,  1.033168435097e-01,  2.609836853502e+01, -2.802594006062e-02
  4.884999990463e-01,  1.134391427040e-01,  2.608824623583e+01,  6.687804590911e-03
  5.000000000000e-01,  1.234813332558e-01,  2.607820404528e+01,  9.437069296837e-03
  5.099999904633e-01,  1.340137124062e-01,  2.606767166613e+01,  2.410396700725e-03
  5.189999938011e-01,  1.440196633339e-01,  2.605766571520e+01, -1.940878719324e-04
  5.284999907017e-01,  1.545596718788e-01,  2.604712570665e+01, -2.665773266926e-03
  5.380000025034e-01,  1.646419167519e-01,  2.603704346178e+01, -6.396845448762e-03
  5.489999949932e-01,  1.749625802040e-01,  2.602672279833e+01,  1.727787166601e-04
  5.604999959469e-01,  1.853805184364e-01,  2.601630486010e+01,  9.937450289726e-03
  5.709999948740e-01,  1.957221627235e-01,  2.600596321581e+01,  1.071761548519e-02
  5.810000002384e-01,  2.061439156532e-01,  2.599554146288e+01,  8.624136447906e-03
  5.904999971390e-01,  2.162757515907e-01,  2.598540962694e+01,  8.993506431580e-03
  5.999999940395e-01,  2.263351082802e-01,  2.597535027025e+01,  6.602525245398e-03
  6.099999994040e-01,  2.364462316036e-01,  2.596523914693e+01,  9.426013566554e-03
  6.204999983311e-01,  2.466867864132e-01,  2.595499859212e+01,  1.518525276333e-02
  6.309999972582e-01,  2.570990025997e-01,  2.594458637593e+01,  1.839198172092e-02
  6.410000026226e-01,  2.672689855099e-01,  2.593441639302e+01,  1.867170631886e-02
  6.509999930859e-01,  2.775648534298e-01,  2.592412052510e+01,  1.899005472660e-02
  6.609999984503e-01,  2.878111302853e-01,  2.591387424825e+01,  1.804067194462e-02
  6.709999889135e-01,  2.979200780392e-01,  2.590376530049e+01,  1.924480497837e-02
  6.815000027418e-01,  3.084143102169e-01,  2.589327106832e+01,  2.140440046787e-02
  6.914999932051e-01,  3.184317052364e-01,  2.588325367330e+01,  2.341283857822e-02
  7.014999985695e-01,  3.284910619259e-01,  2.587319431661e+01,  2.417449653149e-02
  7.114999890327e-01,  3.385504186153e-01,  2.586313495992e+01,  2.705578505993e-02
  7.220000028610e-01,  3.490370213985e-01,  2.585264835713e+01,  2.809502184391e-02
  7.325000017881e-01,  3.594129979610e-01,  2.584227238057e+01,  3.021235764027e-02
  7.430000007153e-01,  3.697584569454e-01,  2.583192692159e+01,  3.361792862415e-02
  7.534999996424e-01,  3.802603185177e-01,  2.582142506002e+01,  3.535397350788e-02
  7.634999901056e-01,  3.903463780880e-01,  2.581133900044e+01,  3.584426641464e-02
  7.734999954700e-01,  4.003752171993e-01,  2.580131016133e+01,  3.761178255081e-02
  7.839999943972e-01,  4.107664525509e-01,  2.579091892598e+01,  4.000526666641e-02
  7.944999933243e-01,  4.210680425167e-01,  2.578061733602e+01,  4.153937101364e-02
  8.049999922514e-01,  4.313181340694e-01,  2.577036724446e+01,  4.486960172653e-02
  8.154999911785e-01,  4.417284429073e-01,  2.575995693563e+01,  4.687637090683e-02
  8.254999965429e-01,  4.517534673214e-01,  2.574993191121e+01,  4.754072427750e-02
  8.355000019073e-01,  4.618128240108e-01,  2.573987255452e+01,  4.800274968147e-02
  8.460000008345e-01,  4.722879827023e-01,  2.572939739583e+01,  5.200280249119e-02
  8.559999912977e-01,  4.822936654091e-01,  2.571939171312e+01,  5.408800393343e-02
  8.659999966621e-01,  4.923720955849e-01,  2.570931328295e+01,  5.592954903841e-02
  8.760000020266e-01,  5.025649666786e-01,  2.569912041185e+01,  5.691707879305e-02
  8.859999924898e-01,  5.127540230751e-01,  2.568893135546e+01,  5.738458782434e-02
  8.959999978542e-01,  5.228477120399e-01,  2.567883766649e+01,  5.727482587099e-02
  9.064999967813e-01,  5.332465767860e-01,  2.566843880175e+01,  6.046629697084e-02
  9.169999957085e-01,  5.436072945595e-01,  2.565807808397e+01,  6.428910046816e-02
  9.270000010729e-01,  5.536208748817e-01,  2.564806450365e+01,  6.638491898775e-02
  9.369999915361e-01,  5.638480782509e-01,  2.563783730028e+01,  6.852019578218e-02
  9.469999969006e-01,  5.742202401161e-01,  2.562746513842e+01,  6.892757862806e-02
  9.570000022650e-01,  5.845428109169e-01,  2.561714256762e+01,  6.866507977247e-02
  9.669999927282e-01,  5.946250557899e-01,  2.560706032274e+01,  6.906934082508e-02
  9.774999916553e-01,  6.050468087196e-01,  2.559663856981e+01,  7.345052063465e-02
  9.879999905825e-01,  6.154876351357e-01,  2.558619774340e+01,  7.455433905125e-02
  9.979999959469e-01,  6.255088448524e-01,  2.557617653368e+01,  7.642234861851e-02
  1.008000001311e+00,  6.355720162392e-01,  2.556611336229e+01,  7.821215689182e-02
  1.017999991775e+00,  6.455855965614e-01,  2.555609978197e+01,  8.118285238743e-02
  1.028499990702e+00,  6.560073494911e-01,  2.554567802904e+01,  8.271111547947e-02
  1.038999989629e+00,  6.663642525673e-01,  2.553532112597e+01,  8.664311468601e-02
  1.049499988556e+00,  6.767745614052e-01,  2.552491081713e+01,  8.868779242039e-02
  1.060000002384e+00,  6.872764229774e-01,  2.551440895556e+01,  8.997616171837e-02
  1.069999992847e+00,  6.973930001259e-01,  2.550429237841e+01,  8.905336260796e-02
  1.079999998212e+00,  7.074828743935e-01,  2.549420250414e+01,  8.956310898066e-02
  1.090499997139e+00,  7.178931832314e-01,  2.548379219530e+01,  9.175465255976e-02
  1.100999996066e+00,  7.281756997108e-01,  2.547350967882e+01,  9.433624893427e-02
  1.111499994993e+00,  7.385038733482e-01,  2.546318150518e+01,  9.727274626493e-02
  1.121999993920e+00,  7.489675879478e-01,  2.545271779058e+01,  9.899165481329e-02
  1.131999999285e+00,  7.590956091881e-01,  2.544258976934e+01,  9.975370019674e-02
  1.141999989748e+00,  7.692427039146e-01,  2.543244267462e+01,  1.011165007949e-01
  1.151999995112e+00,  7.793173193932e-01,  2.542236805914e+01,  1.018952354789e-01
  1.162499994040e+00,  7.896971106529e-01,  2.541198826788e+01,  1.044709905982e-01
  1.172999992967e+00,  7.999624609947e-01,  2.540172291754e+01,  1.085388883948e-01
  1.183499991894e+00,  8.102812170982e-01,  2.539140416143e+01,  1.121628507972e-01
  1.193999990821e+00,  8.207754492760e-01,  2.538090992926e+01,  1.142786070704e-01
  1.203999996185e+00,  8.308653235435e-01,  2.537082005499e+01,  1.159170791507e-01
  1.214000001550e+00,  8.410200476646e-01,  2.536066533087e+01,  1.158333346248e-01
  1.223999992013e+00,  8.510832190514e-01,  2.535060215948e+01,  1.164230629802e-01
  1.234499990940e+00,  8.615011572838e-01,  2.534018422125e+01,  1.194176003337e-01
  1.244999989867e+00,  8.719038367271e-01,  2.532978154181e+01,  1.216307207942e-01
  1.254999995232e+00,  8.819288611412e-01,  2.531975651739e+01,  1.241262480617e-01
  1.265000000596e+00,  8.919920325279e-01,  2.530969334600e+01,  1.251174807549e-01
  1.275499999523e+00,  9.024557471275e-01,  2.529922963141e+01,  1.272704005241e-01
  1.285999998450e+00,  9.128660559654e-01,  2.528881932257e+01,  1.300575137138e-01
  1.296499997377e+00,  9.232801795006e-01,  2.527840519903e+01,  1.324332952499e-01
  1.306999996305e+00,  9.337171912193e-01,  2.526796818731e+01,  1.338762044907e-01
  1.317499995232e+00,  9.441580176353e-01,  2.525752736090e+01,  1.371234655380e-01
  1.327500000596e+00,  9.542211890221e-01,  2.524746418951e+01,  1.382014751434e-01
  1.337499991059e+00,  9.642652869225e-01,  2.523742009161e+01,  1.385167688131e-01
  1.347999989986e+00,  9.747137427330e-01,  2.522697163580e+01,  1.402793973684e-01
  1.358499988914e+00,  9.851088523865e-01,  2.521657652615e+01,  1.438904106617e-01
  1.369000002742e+00,  9.955267906189e-01,  2.520615858791e+01,  1.447933018208e-01
  1.379500001669e+00,  1.005959987640e+00,  2.519572539089e+01,  1.470768749714e-01
  1.390000000596e+00,  1.016431331635e+00,  2.518525404690e+01,  1.493313610554e-01
  1.400499999523e+00,  1.026929378510e+00,  2.517475600002e+01,  1.503757536411e-01
  1.410499989986e+00,  1.036935329437e+00,  2.516475004910e+01,  1.506999731064e-01
  1.420999988914e+00,  1.047418117523e+00,  2.515426726101e+01,  1.531533002853e-01
  1.431500002742e+00,  1.057885646820e+00,  2.514379973171e+01,  1.552747488022e-01
  1.442000001669e+00,  1.068341732025e+00,  2.513334364651e+01,  1.567450612783e-01
  1.452500000596e+00,  1.078778743744e+00,  2.512290663479e+01,  1.577951312065e-01
  1.462999999523e+00,  1.089173793793e+00,  2.511251158474e+01,  1.605996489525e-01
  1.473499998450e+00,  1.099664211273e+00,  2.510202116726e+01,  1.622831523418e-01
  1.483499988914e+00,  1.109757900238e+00,  2.509192747829e+01,  1.633427888155e-01
  1.493499994278e+00,  1.119851589203e+00,  2.508183378933e+01,  1.647003442049e-01
  1.503499999642e+00,  1.129876613617e+00,  2.507180876492e+01,  1.670549660921e-01
  1.513999998569e+00,  1.140347957611e+00,  2.506133742092e+01,  1.708601266146e-01
  1.524499997497e+00,  1.150826931000e+00,  2.505085844753e+01,  1.732948571444e-01
  1.534999996424e+00,  1.161324977875e+00,  2.504036040066e+01,  1.749865561724e-01
  1.545499995351e+00,  1.171803951263e+00,  2.502988142727e+01,  1.763841062784e-01
  1.555999994278e+00,  1.182237148285e+00,  2.501944823025e+01,  1.782147437334e-01
  1.566499993205e+00,  1.192624568939e+00,  2.500906080959e+01,  1.803482919931e-01
  1.576999992132e+00,  1.202992916107e+00,  2.499869246243e+01,  1.830321699381e-01
  1.587499991059e+00,  1.213399410248e+00,  2.498828596828e+01,  1.859809309244e-01
  1.597499996424e+00,  1.223428249359e+00,  2.497825712917e+01,  1.891967207193e-01
  1.607500001788e+00,  1.233619451523e+00,  2.496806592701e+01,  1.900038421154e-01
  1.617499992251e+00,  1.243797063828e+00,  2.495788831471e+01,  1.894055455923e-01
  1.627499997616e+00,  1.253875494003e+00,  2.494780988453e+01,  1.900699883699e-01
  1.637999996543e+00,  1.264266729355e+00,  2.493741864918e+01,  1.927870064974e-01
  1.648499995470e+00,  1.274535894394e+00,  2.492714948414e+01,  1.955583840609e-01
  1.658999994397e+00,  1.284843206406e+00,  2.491684217213e+01,  1.982224732637e-01
  1.669499993324e+00,  1.295276403427e+00,  2.490640897511e+01,  2.000923156738e-01
  1.679999992251e+00,  1.305743932724e+00,  2.489594144581e+01,  2.015650868416e-01
  1.689999997616e+00,  1.315822362900e+00,  2.488586301563e+01,  2.027375102043e-01
  1.700000002980e+00,  1.325984716415e+00,  2.487570066212e+01,  2.042852044106e-01
  1.709999993443e+00,  1.336127996445e+00,  2.486555738209e+01,  2.061991095543e-01
  1.719999998808e+00,  1.346225500107e+00,  2.485545987843e+01,  2.085718512535e-01
  1.729999989271e+00,  1.356326818466e+00,  2.484535856007e+01,  2.112573385239e-01
  1.739999994636e+00,  1.366393804550e+00,  2.483529157398e+01,  2.110298573971e-01
  1.750499993563e+00,  1.376853704453e+00,  2.482483167408e+01,  2.129002511501e-01
  1.760999992490e+00,  1.387218236923e+00,  2.481446714161e+01,  2.145783603191e-01
  1.771499991417e+00,  1.397590398788e+00,  2.480409497974e+01,  2.180802524090e-01
  1.781999990344e+00,  1.408027410507e+00,  2.479365796803e+01,  2.208449542522e-01
  1.792499989271e+00,  1.418510198593e+00,  2.478317517994e+01,  2.237127721310e-01
  1.802499994636e+00,  1.428546667099e+00,  2.477313871143e+01,  2.253442704678e-01
  1.812500000000e+00,  1.438590764999e+00,  2.476309461353e+01,  2.255520224571e-01
  1.822999998927e+00,  1.449027776718e+00,  2.475265760181e+01,  2.259815335274e-01
  1.833499997854e+00,  1.459396123886e+00,  2.474228925465e+01,  2.283954322338e-01
  1.843999996781e+00,  1.469791173935e+00,  2.473189420460e+01,  2.323404252529e-01
  1.854499995708e+00,  1.480224370956e+00,  2.472146100758e+01,  2.354820668697e-01
  1.864999994636e+00,  1.490670204163e+00,  2.471101517437e+01,  2.387886047363e-01
  1.875499993563e+00,  1.501076698303e+00,  2.470060868023e+01,  2.402541786432e-01
  1.885999992490e+00,  1.511385917664e+00,  2.469029946087e+01,  2.415742129087e-01
  1.896499991417e+00,  1.521613121033e+00,  2.468007225750e+01,  2.436501830816e-01
  1.906999990344e+00,  1.531952857971e+00,  2.466973252056e+01,  2.457816898823e-01
  1.916999995708e+00,  1.541981697083e+00,  2.465970368145e+01,  2.469854354858e-01
  1.927000001073e+00,  1.552086830139e+00,  2.464959854839e+01,  2.485640048981e-01
  1.936999991536e+00,  1.562199592590e+00,  2.463948578594e+01,  2.496185898781e-01
  1.946999996901e+00,  1.572236061096e+00,  2.462944931744e+01,  2.501578330994e-01
  1.957499995828e+00,  1.582592964172e+00,  2.461909241436e+01,  2.532629966736e-01
  1.967999994755e+00,  1.592877388000e+00,  2.460880799053e+01,  2.564487457275e-01
  1.978499993682e+00,  1.603306770325e+00,  2.459837860821e+01,  2.601327896118e-01
  1.988499999046e+00,  1.613484382629e+00,  2.458820099590e+01,  2.611398100853e-01
  1.998499989510e+00,  1.623749732971e+00,  2.457793564556e+01,  2.619333267212e-01
  2.008499994874e+00,  1.633988380432e+00,  2.456769699810e+01,  2.623808979988e-01
  2.018500000238e+00,  1.644116401672e+00,  2.455756897686e+01,  2.642555832863e-01
  2.028499990702e+00,  1.654126167297e+00,  2.454755921124e+01,  2.653878331184e-01
  2.038999989629e+00,  1.664540290833e+00,  2.453714508770e+01,  2.704756855965e-01
  2.049499988556e+00,  1.674988746643e+00,  2.452669663189e+01,  2.735431790352e-01
  2.059499993920e+00,  1.685009956360e+00,  2.451667542217e+01,  2.754120230675e-01
  2.069499999285e+00,  1.695057868958e+00,  2.450662750958e+01,  2.772273421288e-01
  2.079499989748e+00,  1.705151557922e+00,  2.449653382061e+01,  2.789284586906e-01
  2.089499995112e+00,  1.715252876282e+00,  2.448643250225e+01,  2.777414321899e-01
  2.099500000477e+00,  1.725255012512e+00,  2.447643036602e+01,  2.785654366016e-01
  2.109999999404e+00,  1.735615968704e+00,  2.446606940983e+01,  2.815792560577e-01
  2.120499998331e+00,  1.745957612991e+00,  2.445572776554e+01,  2.846796512604e-01
  2.130999997258e+00,  1.756325960159e+00,  2.444535941837e+01,  2.871329784393e-01
  2.141499996185e+00,  1.766785860062e+00,  2.443489951847e+01,  2.892503738403e-01
  2.151500001550e+00,  1.776791810989e+00,  2.442489356754e+01,  2.914921343327e-01
  2.161499992013e+00,  1.786813020706e+00,  2.441487235783e+01,  2.918997704983e-01
  2.171499997377e+00,  1.796826601028e+00,  2.440485877750e+01,  2.930788099766e-01
  2.181999996305e+00,  1.807225465775e+00,  2.439445991276e+01,  2.957248985767e-01
  2.192499995232e+00,  1.817544221878e+00,  2.438414115665e+01,  3.004722893238e-01
  2.202999994159e+00,  1.827985048294e+00,  2.437370033024e+01,  3.045249283314e-01
  2.212999999523e+00,  1.838116884232e+00,  2.436356849430e+01,  3.071313202381e-01
  2.222999989986e+00,  1.848325014114e+00,  2.435336036442e+01,  3.079397380352e-01
  2.232999995351e+00,  1.858525514603e+00,  2.434315986393e+01,  3.082359731197e-01
  2.243000000715e+00,  1.868653535843e+00,  2.433303184269e+01,  3.090042769909e-01
  2.252999991179e+00,  1.878693819046e+00,  2.432299155949e+01,  3.102807700634e-01
  2.263499990106e+00,  1.889176607132e+00,  2.431250877140e+01,  3.138055503368e-01
  2.273999989033e+00,  1.899651765823e+00,  2.430203361271e+01,  3.177241981030e-01
  2.283999994397e+00,  1.909711122513e+00,  2.429197425602e+01,  3.197536170483e-01
  2.293999999762e+00,  1.919835329056e+00,  2.428185004948e+01,  3.209387958050e-01
  2.303999990225e+00,  1.929982423782e+00,  2.427170295475e+01,  3.222802579403e-01
  2.313999995589e+00,  1.940053224564e+00,  2.426163215397e+01,  3.242481648922e-01
  2.324000000954e+00,  1.950139284134e+00,  2.425154609440e+01,  3.263725936413e-01
  2.333999991417e+00,  1.960244417191e+00,  2.424144096134e+01,  3.282599151134e-01
  2.343999996781e+00,  1.970296144485e+00,  2.423138923405e+01,  3.310289084911e-01
  2.354499995708e+00,  1.980740785599e+00,  2.422094459293e+01,  3.335513770580e-01
  2.364999994636e+00,  1.991148114204e+00,  2.421053726433e+01,  3.347145318985e-01
  2.375499993563e+00,  2.001573801041e+00,  2.420011157749e+01,  3.362855017185e-01
  2.385999992490e+00,  2.012048959732e+00,  2.418963641880e+01,  3.398064672947e-01
  2.395999997854e+00,  2.022142648697e+00,  2.417954272984e+01,  3.418466150761e-01
  2.405999988317e+00,  2.032320261002e+00,  2.416936511753e+01,  3.428923487663e-01
  2.415999993682e+00,  2.042486429214e+00,  2.415919894932e+01,  3.447539210320e-01
  2.425999999046e+00,  2.052496194839e+00,  2.414918918369e+01,  3.469113707542e-01
  2.436499997973e+00,  2.062868356705e+00,  2.413881702183e+01,  3.481310307980e-01
  2.446999996901e+00,  2.073179483414e+00,  2.412850589512e+01,  3.511269986629e-01
  2.457499995828e+00,  2.083521127701e+00,  2.411816425083e+01,  3.543494641781e-01
  2.467500001192e+00,  2.093527078629e+00,  2.410815829990e+01,  3.561169803143e-01
  2.477499991655e+00,  2.103597879410e+00,  2.409808749912e+01,  3.574803173542e-01
  2.487499997020e+00,  2.113657236099e+00,  2.408802814243e+01,  3.600631058216e-01
  2.497999995947e+00,  2.124117136002e+00,  2.407756824253e+01,  3.612784147263e-01
  2.508499994874e+00,  2.134470224380e+00,  2.406721515415e+01,  3.635669946671e-01
  2.518999993801e+00,  2.144747018814e+00,  2.405693835972e+01,  3.663479089737e-01
  2.529499992728e+00,  2.155119180679e+00,  2.404656619785e+01,  3.687033653259e-01
  2.539999991655e+00,  2.165601968765e+00,  2.403608340977e+01,  3.701277375221e-01
  2.549999997020e+00,  2.175684213638e+00,  2.402600116489e+01,  3.720194399357e-01
  2.560000002384e+00,  2.185781717300e+00,  2.401590366123e+01,  3.725816905499e-01
  2.570500001311e+00,  2.196264505386e+00,  2.400542087315e+01,  3.755897581577e-01
  2.581000000238e+00,  2.206644296646e+00,  2.399504108189e+01,  3.774226307869e-01
  2.591499999166e+00,  2.217024087906e+00,  2.398466129063e+01,  3.804190754890e-01
  2.601999998093e+00,  2.227495431900e+00,  2.397418994663e+01,  3.832905888557e-01
  2.611999988556e+00,  2.237681150436e+00,  2.396400422810e+01,  3.854470849037e-01
  2.621999993920e+00,  2.248045682907e+00,  2.395363969563e+01,  3.858038783073e-01
  2.631999999285e+00,  2.258364439011e+00,  2.394332093952e+01,  3.861675560474e-01
  2.641999989748e+00,  2.268553495407e+00,  2.393313188313e+01,  3.877568542957e-01
  2.651999995112e+00,  2.278582334518e+00,  2.392310304401e+01,  3.885917663574e-01
  2.662499994040e+00,  2.288969755173e+00,  2.391271562336e+01,  3.910567760468e-01
  2.672999992967e+00,  2.299330472946e+00,  2.390235490559e+01,  3.943488597870e-01
  2.683499991894e+00,  2.309809446335e+00,  2.389187593220e+01,  3.964931964874e-01
  2.693499997258e+00,  2.319933652878e+00,  2.388175172565e+01,  3.985059261322e-01
  2.703500002623e+00,  2.330061674118e+00,  2.387162370441e+01,  3.999292850494e-01
  2.713499993086e+00,  2.340170621872e+00,  2.386151475666e+01,  4.021105766296e-01
  2.723499998450e+00,  2.350291013718e+00,  2.385139436482e+01,  4.041693210602e-01
  2.733499988914e+00,  2.360441923141e+00,  2.384124345539e+01,  4.063909053802e-01
  2.743499994278e+00,  2.370531797409e+00,  2.383115358112e+01,  4.084849357605e-01
  2.753499999642e+00,  2.380553007126e+00,  2.382113237141e+01,  4.105331897736e-01
  2.763999998569e+00,  2.390974760056e+00,  2.381071061848e+01,  4.119151830673e-01
  2.774499997497e+00,  2.401209592819e+00,  2.380047578571e+01,  4.142716228962e-01
  2.784999996424e+00,  2.411370038986e+00,  2.379031533955e+01,  4.163053333759e-01
  2.795499995351e+00,  2.421591520309e+00,  2.378009385822e+01,  4.196899235249e-01
  2.805999994278e+00,  2.432017087936e+00,  2.376966829060e+01,  4.228093922138e-01
  2.815999999642e+00,  2.442087888718e+00,  2.375959748982e+01,  4.250431358814e-01
  2.825999990106e+00,  2.452208280563e+00,  2.374947709797e+01,  4.263934195042e-01
  2.835999995470e+00,  2.462229490280e+00,  2.373945588825e+01,  4.289282858372e-01
  2.846499994397e+00,  2.472681760788e+00,  2.372900361774e+01,  4.309944212437e-01
  2.856999993324e+00,  2.483134031296e+00,  2.371855134724e+01,  4.328307211399e-01
  2.866999998689e+00,  2.493322372437e+00,  2.370836300610e+01,  4.349428117275e-01
  2.876999989152e+00,  2.503763198853e+00,  2.369792217968e+01,  4.363368749619e-01
  2.886999994516e+00,  2.514261245728e+00,  2.368742413281e+01,  4.372726678848e-01
  2.896999999881e+00,  2.524595260620e+00,  2.367709011791e+01,  4.388656616211e-01
  2.906999990344e+00,  2.534662246704e+00,  2.366702313183e+01,  4.411263465881e-01
  2.917499989271e+00,  2.544942855835e+00,  2.365674252270e+01,  4.446926116943e-01
  2.927999988198e+00,  2.555097579956e+00,  2.364658779858e+01,  4.483847618103e-01
  2.938500002027e+00,  2.565418243408e+00,  2.363626713512e+01,  4.507451057434e-01
  2.948499992490e+00,  2.575553894043e+00,  2.362613148449e+01,  4.530973434448e-01
  2.958499997854e+00,  2.585899353027e+00,  2.361578602551e+01,  4.546895325184e-01
  2.968499988317e+00,  2.596240997314e+00,  2.360544438122e+01,  4.552222490311e-01
  2.978499993682e+00,  2.606414794922e+00,  2.359527058361e+01,  4.558914005756e-01
  2.988999992609e+00,  2.616851806641e+00,  2.358483357189e+01,  4.591892063618e-01
  2.999499991536e+00,  2.627153396606e+00,  2.357453198193e+01,  4.614830315113e-01
  3.009999990463e+00,  2.637468338013e+00,  2.356421704052e+01,  4.640963375568e-01
  3.020499989390e+00,  2.647897720337e+00,  2.355378765820e+01,  4.670121967793e-01
  3.030499994755e+00,  2.657945632935e+00,  2.354373974560e+01,  4.690821468830e-01
  3.040500000119e+00,  2.668020248413e+00,  2.353366513012e+01,  4.692728519440e-01
  3.050499990582e+00,  2.678064346313e+00,  2.352362103222e+01,  4.711503386497e-01
  3.060999989510e+00,  2.688524246216e+00,  2.351316113232e+01,  4.734535813332e-01
  3.071499988437e+00,  2.698850631714e+00,  2.350283474682e+01,  4.747873842716e-01
  3.082000002265e+00,  2.709100723267e+00,  2.349258465527e+01,  4.780496656895e-01
  3.092500001192e+00,  2.719362258911e+00,  2.348232311962e+01,  4.820896685123e-01
  3.103000000119e+00,  2.729776382446e+00,  2.347190899609e+01,  4.841821193695e-01
  3.112999990582e+00,  2.739835977554e+00,  2.346184940098e+01,  4.860533773899e-01
  3.122999995947e+00,  2.750059366226e+00,  2.345162601231e+01,  4.870973527431e-01
  3.133000001311e+00,  2.760286569595e+00,  2.344139880894e+01,  4.884234368801e-01
  3.142999991775e+00,  2.770399332047e+00,  2.343128604649e+01,  4.887966215611e-01
  3.153499990702e+00,  2.780718088150e+00,  2.342096729038e+01,  4.916891157627e-01
  3.163999989629e+00,  2.790811777115e+00,  2.341087360142e+01,  4.965547621250e-01
  3.174499988556e+00,  2.800922632217e+00,  2.340076274632e+01,  5.009177923203e-01
  3.185000002384e+00,  2.811256647110e+00,  2.339042873142e+01,  5.040849447250e-01
  3.194999992847e+00,  2.821293115616e+00,  2.338039226292e+01,  5.055204629898e-01
  3.204999998212e+00,  2.831413507462e+00,  2.337027187107e+01,  5.076216459274e-01
  3.214999988675e+00,  2.841583490372e+00,  2.336010188816e+01,  5.080058574677e-01
  3.224999994040e+00,  2.851700067520e+00,  2.334998531101e+01,  5.094643831253e-01
  3.234999999404e+00,  2.861713647842e+00,  2.333997173069e+01,  5.115348100662e-01
  3.244999989867e+00,  2.871727228165e+00,  2.332995815037e+01,  5.145446062088e-01
  3.254999995232e+00,  2.881824731827e+00,  2.331986064671e+01,  5.158278942108e-01
  3.265000000596e+00,  2.891945123672e+00,  2.330974025486e+01,  5.169823765755e-01
  3.274999991059e+00,  2.902061700821e+00,  2.329962367771e+01,  5.187451243401e-01
  3.284999996424e+00,  2.912124872208e+00,  2.328956050633e+01,  5.203474760056e-01
  3.295499995351e+00,  2.922615289688e+00,  2.327907008884e+01,  5.228685140610e-01
  3.305999994278e+00,  2.933033227921e+00,  2.326865215061e+01,  5.268319845200e-01
  3.316499993205e+00,  2.943474054337e+00,  2.325821132420e+01,  5.303686857224e-01
  3.326999992132e+00,  2.953914880753e+00,  2.324777049778e+01,  5.326983928680e-01
  3.336999997497e+00,  2.963962793350e+00,  2.323772258518e+01,  5.348997712135e-01
  3.347000002861e+00,  2.974094629288e+00,  2.322759074925e+01,  5.360029339790e-01
  3.356999993324e+00,  2.984245538712e+00,  2.321743983982e+01,  5.371978878975e-01
  3.366999998689e+00,  2.994312047958e+00,  2.320737333057e+01,  5.389873385429e-01
  3.377499997616e+00,  3.004752874374e+00,  2.319693250416e+01,  5.407924056053e-01
  3.387999996543e+00,  3.015029668808e+00,  2.318665570972e+01,  5.441436171532e-01
  3.398499995470e+00,  3.025192022324e+00,  2.317649335621e+01,  5.468947291374e-01
  3.408999994397e+00,  3.035360097885e+00,  2.316632528065e+01,  5.497800707817e-01
  3.419499993324e+00,  3.045697927475e+00,  2.315598745106e+01,  5.529758334160e-01
  3.429999992251e+00,  3.056188344955e+00,  2.314549703358e+01,  5.565997958183e-01
  3.439999997616e+00,  3.066262960434e+00,  2.313542241810e+01,  5.576635599136e-01
  3.450000002980e+00,  3.076341390610e+00,  2.312534398792e+01,  5.605059862137e-01
  3.460500001907e+00,  3.086827993393e+00,  2.311485738514e+01,  5.622230768204e-01
  3.471000000834e+00,  3.097186803818e+00,  2.310449857472e+01,  5.634890794754e-01
  3.481499999762e+00,  3.107505559921e+00,  2.309417981861e+01,  5.665389299393e-01
  3.491999998689e+00,  3.117908239365e+00,  2.308377713917e+01,  5.680246949196e-01
  3.501999989152e+00,  3.127910375595e+00,  2.307377500294e+01,  5.702899098396e-01
  3.511999994516e+00,  3.137950658798e+00,  2.306373471973e+01,  5.718842148781e-01
  3.521999999881e+00,  3.147968053818e+00,  2.305371732472e+01,  5.738645195961e-01
  3.532499998808e+00,  3.158405065536e+00,  2.304328031300e+01,  5.757139325142e-01
  3.542999997735e+00,  3.168830633163e+00,  2.303285474537e+01,  5.785544514656e-01
  3.553499996662e+00,  3.179298162460e+00,  2.302238721607e+01,  5.805916786194e-01
  3.563999995589e+00,  3.189738988876e+00,  2.301194638966e+01,  5.839719772339e-01
  3.574499994516e+00,  3.200179815292e+00,  2.300150556324e+01,  5.861341953278e-01
  3.584999993443e+00,  3.210647344589e+00,  2.299103803394e+01,  5.891182422638e-01
  3.595499992371e+00,  3.221141576767e+00,  2.298054380177e+01,  5.918312072754e-01
  3.605499997735e+00,  3.231174230576e+00,  2.297051114796e+01,  5.946764945984e-01
  3.615499988198e+00,  3.241289615631e+00,  2.296039576290e+01,  5.965399742126e-01
  3.625499993563e+00,  3.251432895660e+00,  2.295025248287e+01,  5.993571281433e-01
  3.635499998927e+00,  3.261496067047e+00,  2.294018931149e+01,  6.016235351563e-01
  3.645999997854e+00,  3.271948337555e+00,  2.292973704098e+01,  6.040687561035e-01
  3.656499996781e+00,  3.282366275787e+00,  2.291931910275e+01,  6.063233613968e-01
  3.666999995708e+00,  3.292776584625e+00,  2.290890879391e+01,  6.087588071823e-01
  3.677499994636e+00,  3.303225040436e+00,  2.289846033810e+01,  6.101466417313e-01
  3.687999993563e+00,  3.313677310944e+00,  2.288800806759e+01,  6.113902926445e-01
  3.698499992490e+00,  3.324079990387e+00,  2.287760538815e+01,  6.132399439812e-01
  3.708999991417e+00,  3.334410190582e+00,  2.286727518795e+01,  6.145727634430e-01
  3.719499990344e+00,  3.344805240631e+00,  2.285688013790e+01,  6.172730922699e-01
  3.729999989271e+00,  3.355303287506e+00,  2.284638209103e+01,  6.210172176361e-01
  3.739999994636e+00,  3.365438938141e+00,  2.283624644039e+01,  6.230905056000e-01
  3.750000000000e+00,  3.375589847565e+00,  2.282609553097e+01,  6.245869398117e-01
  3.759999990463e+00,  3.385656833649e+00,  2.281602854488e+01,  6.271268129349e-01
  3.770499989390e+00,  3.396112918854e+00,  2.280557245968e+01,  6.298834085464e-01
  3.780999988317e+00,  3.406523227692e+00,  2.279516215084e+01,  6.338158845901e-01
  3.791500002146e+00,  3.416986942291e+00,  2.278469843624e+01,  6.368619203568e-01
  3.801499992609e+00,  3.427046298981e+00,  2.277463907955e+01,  6.389375925064e-01
  3.811499997973e+00,  3.437147617340e+00,  2.276453776119e+01,  6.414819955826e-01
  3.821499988437e+00,  3.447245121002e+00,  2.275444025753e+01,  6.436964273453e-01
  3.831499993801e+00,  3.457277774811e+00,  2.274440760372e+01,  6.456964612007e-01
  3.841499999166e+00,  3.467291355133e+00,  2.273439402340e+01,  6.481907963753e-01
  3.851499989629e+00,  3.477312564850e+00,  2.272437281368e+01,  6.508234143257e-01
  3.861999988556e+00,  3.487800836563e+00,  2.271388454197e+01,  6.521452665329e-01
  3.872500002384e+00,  3.498245477676e+00,  2.270343990086e+01,  6.546791791916e-01
  3.883000001311e+00,  3.508686304092e+00,  2.269299907444e+01,  6.572097539902e-01
  3.893500000238e+00,  3.519088983536e+00,  2.268259639500e+01,  6.597179174423e-01
  3.903999999166e+00,  3.529560327530e+00,  2.267212505100e+01,  6.628755331039e-01
  3.913999989629e+00,  3.539703607559e+00,  2.266198177097e+01,  6.663292646408e-01
  3.923999994993e+00,  3.549919366837e+00,  2.265176601170e+01,  6.670838594437e-01
  3.934000000358e+00,  3.560024499893e+00,  2.264166087864e+01,  6.674910783768e-01
  3.944499999285e+00,  3.570419549942e+00,  2.263126582859e+01,  6.703442335129e-01
  3.954999998212e+00,  3.580644845963e+00,  2.262104053257e+01,  6.741713285446e-01
  3.965499997139e+00,  3.590828180313e+00,  2.261085719822e+01,  6.762663125992e-01
  3.975999996066e+00,  3.601087808609e+00,  2.260059756992e+01,  6.794525384903e-01
  3.986499994993e+00,  3.611593484879e+00,  2.259009189365e+01,  6.821972131729e-01
  3.996500000358e+00,  3.621793985367e+00,  2.257989139317e+01,  6.827762126923e-01
  4.006499990821e+00,  3.632051706314e+00,  2.256963367222e+01,  6.842713356018e-01
  4.016499996185e+00,  3.642225503922e+00,  2.255945987461e+01,  6.862614154816e-01
  4.026500001550e+00,  3.652323007584e+00,  2.254936237095e+01,  6.885669231415e-01
  4.037000000477e+00,  3.662798166275e+00,  2.253888721226e+01,  6.920454502106e-01
  4.047499999404e+00,  3.673238992691e+00,  2.252844638584e+01,  6.958520412445e-01
  4.057999998331e+00,  3.683687448502e+00,  2.251799793003e+01,  6.976301074028e-01
  4.068499997258e+00,  3.694177865982e+00,  2.250750751255e+01,  7.007408142090e-01
  4.078999996185e+00,  3.704668283463e+00,  2.249701709507e+01,  7.042760848999e-01
  4.089000001550e+00,  3.714716196060e+00,  2.248696918247e+01,  7.066717147827e-01
  4.098999992013e+00,  3.724840402603e+00,  2.247684497593e+01,  7.075537443161e-01
  4.108999997377e+00,  3.734941720963e+00,  2.246674365757e+01,  7.100335955620e-01
  4.119000002742e+00,  3.744954586029e+00,  2.245673079250e+01,  7.121326327324e-01
  4.129500001669e+00,  3.755429744720e+00,  2.244625563381e+01,  7.137002348900e-01
  4.140000000596e+00,  3.765794277191e+00,  2.243589110134e+01,  7.172117829323e-01
  4.150499999523e+00,  3.776095867157e+00,  2.242558951138e+01,  7.204151749611e-01
  4.160999998450e+00,  3.786498546600e+00,  2.241518683193e+01,  7.246657013893e-01
  4.170999988914e+00,  3.796550273895e+00,  2.240513510464e+01,  7.263904213905e-01
  4.180999994278e+00,  3.806613445282e+00,  2.239507193325e+01,  7.283998131752e-01
  4.190999999642e+00,  3.816691875458e+00,  2.238499350308e+01,  7.293946743011e-01
  4.200999990106e+00,  3.826751232147e+00,  2.237493414639e+01,  7.324707508087e-01
  4.211499989033e+00,  3.837241649628e+00,  2.236444372891e+01,  7.338398694992e-01
  4.222000002861e+00,  3.847659587860e+00,  2.235402579067e+01,  7.367285490036e-01
  4.232500001788e+00,  3.858088970184e+00,  2.234359640835e+01,  7.406591176987e-01
  4.242499992251e+00,  3.868110179901e+00,  2.233357519863e+01,  7.435206174850e-01
  4.252499997616e+00,  3.878207683563e+00,  2.232347769497e+01,  7.465301752090e-01
  4.262500002980e+00,  3.888381481171e+00,  2.231330389736e+01,  7.483257055283e-01
  4.272499993443e+00,  3.898551464081e+00,  2.230313391445e+01,  7.496486902237e-01
  4.282499998808e+00,  3.908626079559e+00,  2.229305929897e+01,  7.517986297607e-01
  4.292999997735e+00,  3.919085979462e+00,  2.228259939907e+01,  7.552151679993e-01
  4.303499996662e+00,  3.929454326630e+00,  2.227223105190e+01,  7.578541040421e-01
  4.313999995589e+00,  3.939845561981e+00,  2.226183981655e+01,  7.607830762863e-01
  4.324499994516e+00,  3.950313091278e+00,  2.225137228725e+01,  7.639702558517e-01
  4.334499999881e+00,  3.960448741913e+00,  2.224123663662e+01,  7.658498883247e-01
  4.344499990344e+00,  3.970698833466e+00,  2.223098654507e+01,  7.664606571198e-01
  4.354499995708e+00,  3.980903148651e+00,  2.222078222988e+01,  7.689483165741e-01
  4.364500001073e+00,  3.990980386734e+00,  2.221070499180e+01,  7.725020647049e-01
  4.375000000000e+00,  4.001466751099e+00,  2.220021862743e+01,  7.759944200516e-01
  4.385499998927e+00,  4.011896133423e+00,  2.218978924511e+01,  7.790261507034e-01
  4.395999997854e+00,  4.022340774536e+00,  2.217934460400e+01,  7.822152376175e-01
  4.405999988317e+00,  4.032377243042e+00,  2.216930813549e+01,  7.844671010971e-01
  4.415999993682e+00,  4.042482376099e+00,  2.215920300243e+01,  7.862712740898e-01
  4.425999999046e+00,  4.052598953247e+00,  2.214908642529e+01,  7.893964648247e-01
  4.435999989510e+00,  4.062643051147e+00,  2.213904232739e+01,  7.920619845390e-01
  4.446499988437e+00,  4.073005676270e+00,  2.212867970226e+01,  7.959768176079e-01
  4.457000002265e+00,  4.083217620850e+00,  2.211846775768e+01,  7.991306185722e-01
  4.467500001192e+00,  4.093437194824e+00,  2.210824818371e+01,  8.023919463158e-01
  4.478000000119e+00,  4.103809356689e+00,  2.209787602184e+01,  8.035684227943e-01
  4.487999990582e+00,  4.113826751709e+00,  2.208785862682e+01,  8.042598366737e-01
  4.497999995947e+00,  4.123908996582e+00,  2.207777638195e+01,  8.062829375267e-01
  4.508000001311e+00,  4.133979797363e+00,  2.206770558117e+01,  8.089727759361e-01
  4.518500000238e+00,  4.144470214844e+00,  2.205721516369e+01,  8.115290999413e-01
  4.528999999166e+00,  4.154865264893e+00,  2.204682011364e+01,  8.142551779747e-01
  4.539499998093e+00,  4.165229797363e+00,  2.203645558117e+01,  8.171700835228e-01
  4.549999997020e+00,  4.175674438477e+00,  2.202601094006e+01,  8.190523982048e-01
  4.560000002384e+00,  4.185714721680e+00,  2.201597065685e+01,  8.203856348991e-01
  4.569999992847e+00,  4.195762634277e+00,  2.200592274426e+01,  8.228718638420e-01
  4.579999998212e+00,  4.205772399902e+00,  2.199591297863e+01,  8.262464404106e-01
  4.590499997139e+00,  4.216251373291e+00,  2.198543400524e+01,  8.296701312065e-01
  4.600999996066e+00,  4.226745605469e+00,  2.197493977306e+01,  8.323747515678e-01
  4.611000001431e+00,  4.236774444580e+00,  2.196491093395e+01,  8.356105685234e-01
  4.620999991894e+00,  4.246891498566e+00,  2.195479387997e+01,  8.368839025497e-01
  4.630999997258e+00,  4.257091999054e+00,  2.194459337948e+01,  8.392337560654e-01
  4.641000002623e+00,  4.267330646515e+00,  2.193435473202e+01,  8.415325880051e-01
  4.650999993086e+00,  4.277603626251e+00,  2.192408175228e+01,  8.446606397629e-01
  4.660999998450e+00,  4.287830829620e+00,  2.191385454891e+01,  8.469270467758e-01
  4.670999988914e+00,  4.297970294952e+00,  2.190371508358e+01,  8.492964506149e-01
  4.681500002742e+00,  4.308426380157e+00,  2.189325899838e+01,  8.512309789658e-01
  4.692000001669e+00,  4.318756580353e+00,  2.188292879818e+01,  8.538202047348e-01
  4.702500000596e+00,  4.328985691071e+00,  2.187269968746e+01,  8.572143316269e-01
  4.712999999523e+00,  4.339279651642e+00,  2.186240572689e+01,  8.608196973801e-01
  4.723499998450e+00,  4.349728107452e+00,  2.185195727108e+01,  8.651345968246e-01
  4.733499988914e+00,  4.359871387482e+00,  2.184181399105e+01,  8.676420450211e-01
  4.743499994278e+00,  4.370090961456e+00,  2.183159441708e+01,  8.683598041534e-01
  4.753499999642e+00,  4.380234241486e+00,  2.182145113705e+01,  8.694162368774e-01
  4.763999998569e+00,  4.390709400177e+00,  2.181097597836e+01,  8.725519180298e-01
  4.774499997497e+00,  4.401100635529e+00,  2.180058474300e+01,  8.757729530334e-01
  4.784999996424e+00,  4.411518573761e+00,  2.179016680477e+01,  8.790946006775e-01
  4.795000001788e+00,  4.421547412872e+00,  2.178013796566e+01,  8.826441764832e-01
  4.804999992251e+00,  4.431663990021e+00,  2.177002138851e+01,  8.848035335541e-01
  4.814999997616e+00,  4.441788196564e+00,  2.175989718197e+01,  8.858651518822e-01
  4.825000002980e+00,  4.451794147491e+00,  2.174989123104e+01,  8.880190253258e-01
  4.835500001907e+00,  4.462162494659e+00,  2.173952288387e+01,  8.915433287621e-01
  4.846000000834e+00,  4.472492694855e+00,  2.172919268368e+01,  8.942331671715e-01
  4.856499999762e+00,  4.482838153839e+00,  2.171884722469e+01,  8.987879157066e-01
  4.866499990225e+00,  4.492840290070e+00,  2.170884508846e+01,  9.015706181526e-01
  4.876499995589e+00,  4.503002643585e+00,  2.169868273495e+01,  9.035781025887e-01
  4.886500000954e+00,  4.513275623322e+00,  2.168840975521e+01,  9.057965874672e-01
  4.896499991417e+00,  4.523521900177e+00,  2.167816347836e+01,  9.085403084755e-01
  4.906499996781e+00,  4.533707141876e+00,  2.166797823666e+01,  9.111505150795e-01
  4.916500002146e+00,  4.543827533722e+00,  2.165785784481e+01,  9.137406945229e-01
  4.926499992609e+00,  4.553909778595e+00,  2.164777559994e+01,  9.159885048866e-01
  4.936499997973e+00,  4.563957691193e+00,  2.163772768734e+01,  9.181359410286e-01
  4.946499988437e+00,  4.573994159698e+00,  2.162769121883e+01,  9.212897419930e-01
  4.956499993801e+00,  4.584072589874e+00,  2.161761278866e+01,  9.230682253838e-01
  4.966499999166e+00,  4.594173908234e+00,  2.160751147030e+01,  9.256308674812e-01
  4.976499989629e+00,  4.604240894318e+00,  2.159744448422e+01,  9.288476109505e-01
  4.986999988556e+00,  4.614719867706e+00,  2.158696551083e+01,  9.324787259102e-01
  4.997500002384e+00,  4.625206470490e+00,  2.157647890804e+01,  9.355342984200e-01
  5.007499992847e+00,  4.635239124298e+00,  2.156644625423e+01,  9.384444355965e-01
  5.017499998212e+00,  4.645283222198e+00,  2.155640215633e+01,  9.410045742989e-01
  5.027999997139e+00,  4.655743122101e+00,  2.154594225643e+01,  9.429109692574e-01
  5.038499996066e+00,  4.666157245636e+00,  2.153552813290e+01,  9.453819394112e-01
  5.048999994993e+00,  4.676504611969e+00,  2.152518076656e+01,  9.495490193367e-01
  5.059499993920e+00,  4.686810016632e+00,  2.151487536190e+01,  9.530828595161e-01
  5.069999992847e+00,  4.697174549103e+00,  2.150451082943e+01,  9.568665623665e-01
  5.079999998212e+00,  4.707252979279e+00,  2.149443239925e+01,  9.584785103798e-01
  5.089999988675e+00,  4.717369556427e+00,  2.148431582211e+01,  9.598329663277e-01
  5.100500002503e+00,  4.727844715118e+00,  2.147384066341e+01,  9.610509276390e-01
  5.111000001431e+00,  4.738163471222e+00,  2.146352190731e+01,  9.636922478676e-01
  5.121500000358e+00,  4.748385906219e+00,  2.145329947231e+01,  9.672114253044e-01
  5.131999999285e+00,  4.758649349213e+00,  2.144303602932e+01,  9.723049998283e-01
  5.142499998212e+00,  4.769078731537e+00,  2.143260664700e+01,  9.749554991722e-01
  5.152499988675e+00,  4.779176235199e+00,  2.142250914333e+01,  9.765653014183e-01
  5.162499994040e+00,  4.789269924164e+00,  2.141241545437e+01,  9.789261221886e-01
  5.172499999404e+00,  4.799279689789e+00,  2.140240568874e+01,  9.819049239159e-01
  5.182999998331e+00,  4.809655666351e+00,  2.139202971218e+01,  9.854735732079e-01
  5.193499997258e+00,  4.819938182831e+00,  2.138174719570e+01,  9.890140891075e-01
  5.203999996185e+00,  4.830213069916e+00,  2.137147230862e+01,  9.924482703209e-01
  5.214499995112e+00,  4.840608119965e+00,  2.136107725857e+01,  9.956907629967e-01
  5.224500000477e+00,  4.850644588470e+00,  2.135104079006e+01,  9.976038336754e-01
  5.234499990940e+00,  4.860764980316e+00,  2.134092039822e+01,  9.992372393608e-01
  5.244499996305e+00,  4.870957851410e+00,  2.133072752712e+01,  1.002013802528e+00
  5.254500001669e+00,  4.881211757660e+00,  2.132047362087e+01,  1.003652215004e+00
  5.264499992132e+00,  4.891385555267e+00,  2.131029982327e+01,  1.006060957909e+00
  5.274499997497e+00,  4.901410579681e+00,  2.130027479885e+01,  1.009136557579e+00
  5.284999996424e+00,  4.911824703217e+00,  2.128986067532e+01,  1.012585997581e+00
  5.295499995351e+00,  4.922177791595e+00,  2.127950758694e+01,  1.015995621681e+00
  5.305999994278e+00,  4.932565212250e+00,  2.126912016628e+01,  1.019956231117e+00
  5.316499993205e+00,  4.943048000336e+00,  2.125863737820e+01,  1.021931648254e+00
  5.326999992132e+00,  4.953534603119e+00,  2.124815077541e+01,  1.023967981339e+00
  5.337499991059e+00,  4.963801860809e+00,  2.123788351772e+01,  1.025805830956e+00
  5.348499998450e+00,  4.973882198334e+00,  2.122780318020e+01,  1.025930047035e+00
  5.361499994993e+00,  4.984132289886e+00,  2.121755308865e+01,  1.024423241615e+00
  5.379500001669e+00,  4.994162559509e+00,  2.120752281902e+01,  1.025763750076e+00
  5.390000000596e+00,  4.997687339783e+00,  2.120399803875e+01,  1.029490709305e+00
  5.490499988198e+00,  5.003225803375e+00,  2.119845957516e+01,  1.038307189941e+00
  5.590499997139e+00,  5.002545833588e+00,  2.119913954495e+01,  1.035827159882e+00
  5.690999999642e+00,  5.001666069031e+00,  2.120001930950e+01,  1.032287240028e+00
  5.791500002146e+00,  5.001019477844e+00,  2.120066590069e+01,  1.032614827156e+00
  5.891999989748e+00,  5.000569820404e+00,  2.120111555813e+01,  1.031592965126e+00
  5.991999998689e+00,  5.000320911407e+00,  2.120136446713e+01,  1.028110027313e+00
  6.091999992728e+00,  5.000122070313e+00,  2.120156330822e+01,  1.027413845062e+00
  6.192000001669e+00,  5.000040054321e+00,  2.120164532421e+01,  1.027177214622e+00
  6.291999995708e+00,  4.999956607819e+00,  2.120172877071e+01,  1.026460409164e+00
  6.391999989748e+00,  4.999949932098e+00,  2.120173544643e+01,  1.026143312454e+00
  6.491999998689e+00,  4.999916076660e+00,  2.120176930187e+01,  1.025049686432e+00
  6.591999992728e+00,  4.999934196472e+00,  2.120175118206e+01,  1.024272441864e+00
  6.692000001669e+00,  4.999905109406e+00,  2.120178026913e+01,  1.022877335548e+00
  6.791999995708e+00,  4.999930381775e+00,  2.120175499676e+01,  1.024383783340e+00
  6.891999989748e+00,  4.999948501587e+00,  2.120173687695e+01,  1.019990324974e+00
  6.991999998689e+00,  4.999948978424e+00,  2.120173640011e+01,  1.019721746445e+00
  7.091999992728e+00,  4.999992847443e+00,  2.120169253109e+01,  1.018661379814e+00
  7.192000001669e+00,  4.999974250793e+00,  2.120171112774e+01,  1.018306612968e+00
  7.291999995708e+00,  4.999978542328e+00,  2.120170683620e+01,  1.018145918846e+00
  7.391999989748e+00,  4.999951362610e+00,  2.120173401592e+01,  1.017188072205e+00
  7.491999998689e+00,  4.999973297119e+00,  2.120171208141e+01,  1.018019556999e+00
  7.591999992728e+00,  4.999956130981e+00,  2.120172924755e+01,  1.017623782158e+00
  7.692000001669e+00,  4.999976634979e+00,  2.120170874355e+01,  1.018038272858e+00
  7.791999995708e+00,  5.000002384186e+00,  2.120168299435e+01,  1.016238808632e+00
  7.891999989748e+00,  5.000021457672e+00,  2.120166392086e+01,  1.015576243401e+00
  7.991999998689e+00,  4.999979496002e+00,  2.120170588253e+01,  1.015337467194e+00
  8.091999992728e+00,  5.000004291534e+00,  2.120168108700e+01,  1.014872789383e+00
  8.192000001669e+00,  5.000026702881e+00,  2.120165867565e+01,  1.012661814690e+00
  8.291999995708e+00,  5.000019073486e+00,  2.120166630505e+01,  1.014623999596e+00
  8.391999989748e+00,  5.000021457672e+00,  2.120166392086e+01,  1.010069370270e+00
  8.491999998689e+00,  5.000036239624e+00,  2.120164913891e+01,  1.012218713760e+00
  8.591999992728e+00,  5.000037670135e+00,  2.120164770840e+01,  1.010614871979e+00
  8.692000001669e+00,  5.000005245209e+00,  2.120168013332e+01,  1.010670900345e+00
  8.791999995708e+00,  5.000023841858e+00,  2.120166153667e+01,  1.010947585106e+00
  8.891999989748e+00,  4.999994277954e+00,  2.120169110058e+01,  1.010477900505e+00
  8.991999998689e+00,  5.000002861023e+00,  2.120168251751e+01,  1.011232018471e+00
  9.091999992728e+00,  5.000020503998e+00,  2.120166487453e+01,  1.008676648140e+00
  9.192000001669e+00,  5.000001430511e+00,  2.120168394802e+01,  1.008347153664e+00
  9.291999995708e+00,  5.000035285950e+00,  2.120165009258e+01,  1.009168505669e+00
  9.391999989748e+00,  4.999997138977e+00,  2.120168823956e+01,  1.011046171188e+00
  9.491999998689e+00,  5.000021457672e+00,  2.120166392086e+01,  1.010759472847e+00
  9.591999992728e+00,  5.000020980835e+00,  2.120166439770e+01,  1.005070805550e+00
  9.692000001669e+00,  5.000014305115e+00,  2.120167107342e+01,  1.006693243980e+00
  9.791999995708e+00,  5.000021934509e+00,  2.120166344402e+01,  1.006698608398e+00
  9.891999989748e+00,  5.000010490417e+00,  2.120167488812e+01,  1.006274342537e+00
  9.991999998689e+00,  5.000034809113e+00,  2.120165056942e+01,  1.004496455193e+00
  1.009199999273e+01,  5.000014305115e+00,  2.120167107342e+01,  1.004060387611e+00
  1.019200000167e+01,  5.000002384186e+00,  2.120168299435e+01,  1.002755165100e+00
  1.029199999571e+01,  5.000022888184e+00,  2.120166249035e+01,  1.002691030502e+00
  1.039199998975e+01,  5.000022888184e+00,  2.120166249035e+01,  1.003047227859e+00
  1.049199999869e+01,  4.999993801117e+00,  2.120169157742e+01,  1.000343799591e+00
  1.059199999273e+01,  5.000010967255e+00,  2.120167441128e+01,  1.003039121628e+00
  1.069200000167e+01,  5.000009536743e+00,  2.120167584179e+01,  9.994303584099e-01
  1.079199999571e+01,  5.000011444092e+00,  2.120167393444e+01,  9.993660449982e-01
  1.089199998975e+01,  5.000002384186e+00,  2.120168299435e+01,  1.000014662743e+00
  1.099199999869e+01,  5.000002861023e+00,  2.120168251751e+01,  1.000924944878e+00
  1.109199999273e+01,  5.000015258789e+00,  2.120167011974e+01,  9.978488087654e-01
  1.119200000167e+01,  5.000017166138e+00,  2.120166821240e+01,  1.000275373459e+00
  1.129199999571e+01,  5.000009536743e+00,  2.120167584179e+01,  9.982101321220e-01
  1.139199998975e+01,  4.999974250793e+00,  2.120171112774e+01,  9.988002777100e-01
  1.149199999869e+01,  5.000010967255e+00,  2.120167441128e+01,  9.977204799652e-01
  1.159199999273e+01,  4.999969959259e+00,  2.120171541927e+01,  9.983128309250e-01
  1.169200000167e+01,  5.000014305115e+00,  2.120167107342e+01,  9.977512955666e-01
  1.179199999571e+01,  5.000007629395e+00,  2.120167774914e+01,  9.966992139816e-01
  1.189199998975e+01,  5.000008583069e+00,  2.120167679546e+01,  9.932876825333e-01
  1.199199999869e+01,  5.000043392181e+00,  2.120164198635e+01,  9.946221113205e-01
  1.209199999273e+01,  5.000013351440e+00,  2.120167202709e+01,  9.944891333580e-01
  1.219200000167e+01,  5.000001907349e+00,  2.120168347118e+01,  9.940748810768e-01
  1.229199999571e+01,  5.000022411346e+00,  2.120166296719e+01,  9.935784935951e-01
  1.239199998975e+01,  5.000009536743e+00,  2.120167584179e+01,  9.934154152870e-01
  1.249199999869e+01,  5.000012874603e+00,  2.120167250393e+01,  9.920229315758e-01
  1.259199999273e+01,  5.000002384186e+00,  2.120168299435e+01,  9.941865801811e-01
  1.269200000167e+01,  5.000012874603e+00,  2.120167250393e+01,  9.923114776611e-01
  1.279199999571e+01,  5.000011920929e+00,  2.120167345760e+01,  9.915967583656e-01
  1.289199998975e+01,  5.000021934509e+00,  2.120166344402e+01,  9.936078190804e-01
  1.299199999869e+01,  5.000014305115e+00,  2.120167107342e+01,  9.912412166595e-01
  1.309199999273e+01,  5.000008583069e+00,  2.120167679546e+01,  9.915524721146e-01
  1.319200000167e+01,  4.999988555908e+00,  2.120169682262e+01,  9.904651641846e-01
  1.329199999571e+01,  5.000013351440e+00,  2.120167202709e+01,  9.908187985420e-01
  1.339199998975e+01,  5.000005722046e+00,  2.120167965649e+01,  9.888770580292e-01
  1.349199999869e+01,  5.000026702881e+00,  2.120165867565e+01,  9.890763759613e-01
  1.359199999273e+01,  5.000000476837e+00,  2.120168490170e+01,  9.888945817947e-01
  1.369200000167e+01,  5.000006675720e+00,  2.120167870281e+01,  9.894365072250e-01
  1.379199999571e+01,  5.000019550323e+00,  2.120166582821e+01,  9.869484901428e-01
  1.389199998975e+01,  4.999996662140e+00,  2.120168871639e+01,  9.883885383606e-01
  1.399199999869e+01,  5.000023365021e+00,  2.120166201351e+01,  9.895832538605e-01
  1.409199999273e+01,  5.000020503998e+00,  2.120166487453e+01,  9.878193736076e-01
  1.419200000167e+01,  5.000018119812e+00,  2.120166725872e+01,  9.896200895309e-01
  1.429199999571e+01,  4.999991416931e+00,  2.120169396160e+01,  9.889124631882e-01
  1.439199998975e+01,  5.000012874603e+00,  2.120167250393e+01,  9.856398701668e-01
  1.449199999869e+01,  4.999993801117e+00,  2.120169157742e+01,  9.885267019272e-01
  1.459199999273e+01,  4.999992847443e+00,  2.120169253109e+01,  9.878727197647e-01
  1.469200000167e+01,  5.000042915344e+00,  2.120164246319e+01,  9.869523048401e-01
  1.479199999571e+01,  4.999997615814e+00,  2.120168776272e+01,  9.871284961700e-01
  1.489199998975e+01,  5.000004768372e+00,  2.120168061016e+01,  9.877967834473e-01
  1.499199999869e+01,  5.000005722046e+00,  2.120167965649e+01,  9.869430065155e-01
  1.509199999273e+01,  5.000018596649e+00,  2.120166678188e+01,  9.854051470757e-01
  1.519200000167e+01,  5.000009059906e+00,  2.120167631863e+01,  9.867603778839e-01
  1.529199999571e+01,  5.000027179718e+00,  2.120165819881e+01,  9.859167933464e-01
  1.539199998975e+01,  5.000005722046e+00,  2.120167965649e+01,  9.837590456009e-01
  1.549199999869e+01,  4.999985694885e+00,  2.120169968365e+01,  9.822536110878e-01
  1.549300000072e+01,  4.999982833862e+00,  2.120170254467e+01,  9.824028611183e-01
  1.549400000274e+01,  4.999984741211e+00,  2.120170063732e+01,  9.825668931007e-01
  1.549699999392e+01,  4.999987602234e+00,  2.120169777630e+01,  9.830549359322e-01
  1.559700000286e+01,  4.999968051910e+00,  2.120171732662e+01,  9.817266464233e-01
  1.568199999630e+01,  4.989931106567e+00,  2.121175427197e+01,  9.801592826843e-01
  1.570250000060e+01,  4.979880332947e+00,  2.122180504559e+01,  9.632983207703e-01
  1.571349999309e+01,  4.969668388367e+00,  2.123201699017e+01,  9.499773979187e-01
  1.572149999440e+01,  4.959227561951e+00,  2.124245781658e+01,  9.569687843323e-01
  1.572849999368e+01,  4.948805809021e+00,  2.125287956951e+01,  9.605441093445e-01
  1.573499999940e+01,  4.938426017761e+00,  2.126325936077e+01,  9.626584053040e-01
  1.574149999022e+01,  4.927653312683e+00,  2.127403206585e+01,  9.628849625587e-01
  1.574750000238e+01,  4.917551994324e+00,  2.128413338421e+01,  9.649496674538e-01
  1.575399999321e+01,  4.906809806824e+00,  2.129487557171e+01,  9.682007431984e-01
  1.576049999893e+01,  4.896758079529e+00,  2.130492729900e+01,  9.749012589455e-01
  1.576799999177e+01,  4.886595726013e+00,  2.131508965252e+01,  9.664598107338e-01
  1.577650000155e+01,  4.876196861267e+00,  2.132548851727e+01,  9.538598656654e-01
  1.578499999642e+01,  4.866106987000e+00,  2.133557839153e+01,  9.473939538002e-01
  1.579349999130e+01,  4.856070518494e+00,  2.134561486004e+01,  9.419646859169e-01
  1.580200000107e+01,  4.845900535583e+00,  2.135578484295e+01,  9.400399923325e-01
  1.581049999595e+01,  4.835547447205e+00,  2.136613793133e+01,  9.375325441360e-01
  1.581899999082e+01,  4.824984550476e+00,  2.137670082806e+01,  9.324175119400e-01
  1.582699999213e+01,  4.814501762390e+00,  2.138718361614e+01,  9.233118295670e-01
  1.583449999988e+01,  4.803919792175e+00,  2.139776558636e+01,  9.264869689941e-01
  1.584149999917e+01,  4.793879508972e+00,  2.140780586956e+01,  9.339427947998e-01
  1.584899999201e+01,  4.783709526062e+00,  2.141797585247e+01,  9.343171119690e-01
  1.585750000179e+01,  4.773230552673e+00,  2.142845482586e+01,  9.333298206329e-01
  1.586699999869e+01,  4.762827873230e+00,  2.143885750530e+01,  9.297785758972e-01
  1.587799999118e+01,  4.752583503723e+00,  2.144910187481e+01,  9.307000637054e-01
  1.589149999619e+01,  4.742199897766e+00,  2.145948548077e+01,  9.110302925110e-01
  1.590349999070e+01,  4.732102394104e+00,  2.146958298443e+01,  9.022336006165e-01
  1.591399998963e+01,  4.721852302551e+00,  2.147983307598e+01,  9.004967212677e-01
  1.592350000143e+01,  4.711846351624e+00,  2.148983902691e+01,  9.015440940857e-01
  1.593299999833e+01,  4.701756477356e+00,  2.149992890118e+01,  9.039998054504e-01
  1.594299998879e+01,  4.691586494446e+00,  2.151009888409e+01,  9.021743535995e-01
  1.595350000262e+01,  4.681504249573e+00,  2.152018112896e+01,  9.005564451218e-01
  1.596449999511e+01,  4.671420097351e+00,  2.153026528118e+01,  8.958047628403e-01
  1.597550000250e+01,  4.661349296570e+00,  2.154033608196e+01,  8.903955221176e-01
  1.598649999499e+01,  4.650931358337e+00,  2.155075402020e+01,  8.857387304306e-01
  1.599699999392e+01,  4.640643119812e+00,  2.156104225872e+01,  8.826283216476e-01
  1.600699999928e+01,  4.630625724792e+00,  2.157105965374e+01,  8.799523115158e-01
  1.601699998975e+01,  4.620245933533e+00,  2.158143944500e+01,  8.756302595139e-01
  1.602650000155e+01,  4.609957695007e+00,  2.159172768353e+01,  8.760181069374e-01
  1.603599999845e+01,  4.599574089050e+00,  2.160211128948e+01,  8.736644387245e-01
  1.604549999535e+01,  4.589076042175e+00,  2.161260933636e+01,  8.719940185547e-01
  1.605499999225e+01,  4.578623771667e+00,  2.162306160687e+01,  8.708809018135e-01
  1.606449998915e+01,  4.568598747253e+00,  2.163308663128e+01,  8.699378371239e-01
  1.607500000298e+01,  4.558279991150e+00,  2.164340538738e+01,  8.653172850609e-01
  1.608599999547e+01,  4.547938346863e+00,  2.165374703167e+01,  8.594035506248e-01
  1.609649999440e+01,  4.537926673889e+00,  2.166375870464e+01,  8.513373732567e-01
  1.610649999976e+01,  4.527821540833e+00,  2.167386383770e+01,  8.502854704857e-01
  1.611649999022e+01,  4.517502784729e+00,  2.168418259380e+01,  8.488386869431e-01
  1.612649999559e+01,  4.507328987122e+00,  2.169435639141e+01,  8.477696180344e-01
  1.613699999452e+01,  4.496963977814e+00,  2.170472140072e+01,  8.459573388100e-01
  1.614800000191e+01,  4.486589908600e+00,  2.171509546993e+01,  8.397334218025e-01
  1.615850000083e+01,  4.476538181305e+00,  2.172514719723e+01,  8.348694443703e-01
  1.616849999130e+01,  4.466475009918e+00,  2.173521036861e+01,  8.347657322884e-01
  1.617849999666e+01,  4.456240177155e+00,  2.174544520138e+01,  8.344252109528e-01
  1.618850000203e+01,  4.446074008942e+00,  2.175561136959e+01,  8.335974216461e-01
  1.619900000095e+01,  4.435780048370e+00,  2.176590533016e+01,  8.335918188095e-01
  1.620999999344e+01,  4.425465106964e+00,  2.177622027157e+01,  8.235343694687e-01
  1.622049999237e+01,  4.415323734283e+00,  2.178636164425e+01,  8.201531171799e-01
  1.623049999774e+01,  4.405233860016e+00,  2.179645151852e+01,  8.168781995773e-01
  1.624049998820e+01,  4.394911289215e+00,  2.180677408932e+01,  8.153167963028e-01
  1.625049999356e+01,  4.384645938873e+00,  2.181703943966e+01,  8.141294717789e-01
  1.626099999249e+01,  4.374212741852e+00,  2.182747263668e+01,  8.120575547218e-01
  1.627149999142e+01,  4.364042758942e+00,  2.183764261959e+01,  8.029690384865e-01
  1.628149999678e+01,  4.353880405426e+00,  2.184780497311e+01,  8.004982471466e-01
  1.629150000215e+01,  4.343367099762e+00,  2.185831827877e+01,  8.012560606003e-01
  1.630149999261e+01,  4.332911014557e+00,  2.186877436398e+01,  8.018787503242e-01
  1.631149999797e+01,  4.322840213776e+00,  2.187884516476e+01,  8.000971674919e-01
  1.632199999690e+01,  4.312727451324e+00,  2.188895792721e+01,  7.958161234856e-01
  1.633299998939e+01,  4.302246570587e+00,  2.189943880795e+01,  7.896315455437e-01
  1.634349998832e+01,  4.291784763336e+00,  2.190990061520e+01,  7.855690121651e-01
  1.635349999368e+01,  4.281473636627e+00,  2.192021174191e+01,  7.854582071304e-01
  1.636349999905e+01,  4.271231174469e+00,  2.193045420406e+01,  7.845970988274e-01
  1.637399999797e+01,  4.260790348053e+00,  2.194089503048e+01,  7.840220928192e-01
  1.638499999046e+01,  4.250336170197e+00,  2.195134920834e+01,  7.753436565399e-01
  1.639549998939e+01,  4.240107536316e+00,  2.196157784222e+01,  7.713589072227e-01
  1.640549999475e+01,  4.229937553406e+00,  2.197174782513e+01,  7.691325545311e-01
  1.641550000012e+01,  4.219508171082e+00,  2.198217720745e+01,  7.689562439919e-01
  1.642549999058e+01,  4.209189414978e+00,  2.199249596355e+01,  7.687252759933e-01
  1.643599998951e+01,  4.198832511902e+00,  2.200285286663e+01,  7.684693336487e-01
  1.644699999690e+01,  4.188534736633e+00,  2.201315064190e+01,  7.598338127136e-01
  1.645749999583e+01,  4.178488731384e+00,  2.202319664715e+01,  7.553828954697e-01
  1.646799999475e+01,  4.168063163757e+00,  2.203362221478e+01,  7.543294429779e-01
  1.647800000012e+01,  4.158034324646e+00,  2.204365105389e+01,  7.522618770599e-01
  1.648849999905e+01,  4.147585868835e+00,  2.205409950970e+01,  7.503346800804e-01
  1.649899999797e+01,  4.137389183044e+00,  2.206429619549e+01,  7.471864819527e-01
  1.650949999690e+01,  4.127207756042e+00,  2.207447762249e+01,  7.404840588570e-01
  1.651950000226e+01,  4.117098808289e+00,  2.208458657024e+01,  7.386062145233e-01
  1.652949999273e+01,  4.106703758240e+00,  2.209498162029e+01,  7.386599183083e-01
  1.653949999809e+01,  4.096320152283e+00,  2.210536522625e+01,  7.379736304283e-01
  1.654949998856e+01,  4.086245536804e+00,  2.211543984173e+01,  7.368119359016e-01
  1.656000000238e+01,  4.076148033142e+00,  2.212553734539e+01,  7.333530187607e-01
  1.657050000131e+01,  4.066140174866e+00,  2.213554520367e+01,  7.262595891953e-01
  1.658100000024e+01,  4.055642127991e+00,  2.214604325054e+01,  7.227577567101e-01
  1.659099999070e+01,  4.045163154602e+00,  2.215652222393e+01,  7.229485511780e-01
  1.660050000250e+01,  4.035126686096e+00,  2.216655869244e+01,  7.228776216507e-01
  1.661049999297e+01,  4.024819374084e+00,  2.217686600445e+01,  7.215327024460e-01
  1.662099999189e+01,  4.014523506165e+00,  2.218716187237e+01,  7.170714139938e-01
  1.663149999082e+01,  4.004515647888e+00,  2.219716973064e+01,  7.101839780807e-01
  1.664199998975e+01,  3.994171380997e+00,  2.220751399754e+01,  7.056961655617e-01
  1.665199999511e+01,  3.983822107315e+00,  2.221786327122e+01,  7.061988711357e-01
  1.666200000048e+01,  3.973362207413e+00,  2.222832317112e+01,  7.056835293770e-01
  1.667199999094e+01,  3.963093042374e+00,  2.223859233616e+01,  7.047944664955e-01
  1.668249998987e+01,  3.952697992325e+00,  2.224898738621e+01,  7.026683688164e-01
  1.669299998879e+01,  3.942651987076e+00,  2.225903339146e+01,  6.962682604790e-01
  1.670350000262e+01,  3.932472467422e+00,  2.226921291111e+01,  6.919266581535e-01
  1.671349999309e+01,  3.922443628311e+00,  2.227924175022e+01,  6.908022165298e-01
  1.672349999845e+01,  3.912246942520e+00,  2.228943843601e+01,  6.902484297752e-01
  1.673349998891e+01,  3.902137994766e+00,  2.229954738377e+01,  6.895666122437e-01
  1.674400000274e+01,  3.891792535782e+00,  2.230989284275e+01,  6.877947449684e-01
  1.675450000167e+01,  3.881677865982e+00,  2.232000751255e+01,  6.841860413551e-01
  1.676500000060e+01,  3.871444940567e+00,  2.233024043797e+01,  6.801539063454e-01
  1.677549999952e+01,  3.860988855362e+00,  2.234069652317e+01,  6.781044602394e-01
  1.678549998999e+01,  3.850960016251e+00,  2.235072536228e+01,  6.768683791161e-01
  1.679599998891e+01,  3.840523004532e+00,  2.236116237400e+01,  6.747054457664e-01
  1.680650000274e+01,  3.830192804337e+00,  2.237149257420e+01,  6.698445677757e-01
  1.681700000167e+01,  3.819748163223e+00,  2.238193721531e+01,  6.669887900352e-01
  1.682699999213e+01,  3.809643030167e+00,  2.239204234837e+01,  6.646804213524e-01
  1.683699999750e+01,  3.799457788467e+00,  2.240222759007e+01,  6.632007956505e-01
  1.684700000286e+01,  3.789394617081e+00,  2.241229076145e+01,  6.611387133598e-01
  1.685750000179e+01,  3.779051065445e+00,  2.242263431309e+01,  6.585966944695e-01
  1.686800000072e+01,  3.768835306168e+00,  2.243285007237e+01,  6.541973948479e-01
  1.687849999964e+01,  3.758445978165e+00,  2.244323940037e+01,  6.509553790092e-01
  1.688849999011e+01,  3.748251199722e+00,  2.245343417881e+01,  6.492936611176e-01
  1.689849999547e+01,  3.737875223160e+00,  2.246381015537e+01,  6.485106348991e-01
  1.690850000083e+01,  3.727579355240e+00,  2.247410602329e+01,  6.489440202713e-01
  1.691899999976e+01,  3.717115640640e+00,  2.248456973789e+01,  6.469523906708e-01
  1.692949999869e+01,  3.706924676895e+00,  2.249476070164e+01,  6.416356563568e-01
  1.693999999762e+01,  3.696588754654e+00,  2.250509662388e+01,  6.384398937225e-01
  1.695000000298e+01,  3.686525583267e+00,  2.251515979527e+01,  6.384931206703e-01
  1.695999999344e+01,  3.676378488541e+00,  2.252530688999e+01,  6.349654793739e-01
  1.696999999881e+01,  3.666136026382e+00,  2.253554935215e+01,  6.333577632904e-01
  1.697999998927e+01,  3.655981302261e+00,  2.254570407627e+01,  6.334372162819e-01
  1.699049998820e+01,  3.645628213882e+00,  2.255605716465e+01,  6.292951703072e-01
  1.700100000203e+01,  3.635298013687e+00,  2.256638736485e+01,  6.234844326973e-01
  1.701099999249e+01,  3.625166177750e+00,  2.257651920078e+01,  6.227398514748e-01
  1.702099999785e+01,  3.614965677261e+00,  2.258671970127e+01,  6.216120719910e-01
  1.703099998832e+01,  3.604917764664e+00,  2.259676761387e+01,  6.191368103027e-01
  1.704150000215e+01,  3.594618082047e+00,  2.260706729649e+01,  6.152486801147e-01
  1.705200000107e+01,  3.584438562393e+00,  2.261724681614e+01,  6.106576919556e-01
  1.706250000000e+01,  3.574224710464e+00,  2.262746066807e+01,  6.076221466064e-01
  1.707299999893e+01,  3.563783884048e+00,  2.263790149448e+01,  6.055812835693e-01
  1.708299998939e+01,  3.553671121597e+00,  2.264801425694e+01,  6.050654649734e-01
  1.709299999475e+01,  3.543531656265e+00,  2.265815372227e+01,  6.050105690956e-01
  1.710349999368e+01,  3.533090829849e+00,  2.266859454868e+01,  6.027339100838e-01
  1.711399999261e+01,  3.522850275040e+00,  2.267883510349e+01,  5.984986424446e-01
  1.712449999154e+01,  3.512590646744e+00,  2.268909473179e+01,  5.939715504646e-01
  1.713499999046e+01,  3.502134561539e+00,  2.269955081699e+01,  5.906537175179e-01
  1.714499999583e+01,  3.492036819458e+00,  2.270964855907e+01,  5.899783968925e-01
  1.715500000119e+01,  3.481931686401e+00,  2.271975369213e+01,  5.899265408516e-01
  1.716499999166e+01,  3.471902847290e+00,  2.272978253124e+01,  5.875352025032e-01
  1.717549999058e+01,  3.461454391479e+00,  2.274023098705e+01,  5.854645371437e-01
  1.718599998951e+01,  3.451002120972e+00,  2.275068325756e+01,  5.821738839149e-01
  1.719599999487e+01,  3.440935134888e+00,  2.276075024365e+01,  5.785008072853e-01
  1.720600000024e+01,  3.430765151978e+00,  2.277092022656e+01,  5.761919617653e-01
  1.721599999070e+01,  3.420576095581e+00,  2.278110928295e+01,  5.747440457344e-01
  1.722599999607e+01,  3.410467147827e+00,  2.279121823071e+01,  5.721769928932e-01
  1.723600000143e+01,  3.400423049927e+00,  2.280126232861e+01,  5.697804093361e-01
  1.724599999189e+01,  3.390371322632e+00,  2.281131405590e+01,  5.675697922707e-01
  1.725599999726e+01,  3.380277633667e+00,  2.282140774487e+01,  5.659363865852e-01
  1.726600000262e+01,  3.370195388794e+00,  2.283148998974e+01,  5.634388327599e-01
  1.727599999309e+01,  3.360174179077e+00,  2.284151119946e+01,  5.616778731346e-01
  1.728649999201e+01,  3.349779129028e+00,  2.285190624950e+01,  5.582236647606e-01
  1.729699999094e+01,  3.339494705200e+00,  2.286219067333e+01,  5.545973181725e-01
  1.730749998987e+01,  3.329092025757e+00,  2.287259335278e+01,  5.510148406029e-01
  1.731749999523e+01,  3.319028854370e+00,  2.288265652416e+01,  5.497556924820e-01
  1.732750000060e+01,  3.308904647827e+00,  2.289278073071e+01,  5.477396845818e-01
  1.733749999106e+01,  3.298818588257e+00,  2.290286679028e+01,  5.469103455544e-01
  1.734799998999e+01,  3.288362503052e+00,  2.291332287548e+01,  5.451892018318e-01
  1.735849998891e+01,  3.278093338013e+00,  2.292359204052e+01,  5.424399971962e-01
  1.736900000274e+01,  3.267841339111e+00,  2.293384403942e+01,  5.384450554848e-01
  1.737899999321e+01,  3.257812500000e+00,  2.294387287853e+01,  5.359503030777e-01
  1.738899999857e+01,  3.247569084167e+00,  2.295411629437e+01,  5.351793169975e-01
  1.739899998903e+01,  3.237345695496e+00,  2.296433968304e+01,  5.340122580528e-01
  1.740899999440e+01,  3.227343559265e+00,  2.297434181927e+01,  5.316972136497e-01
  1.741949999332e+01,  3.217072486877e+00,  2.298461289166e+01,  5.282811522484e-01
  1.742999999225e+01,  3.206871986389e+00,  2.299481339214e+01,  5.242127776146e-01
  1.744049999118e+01,  3.196465492249e+00,  2.300521988628e+01,  5.202617049217e-01
  1.745049999654e+01,  3.186272621155e+00,  2.301541275738e+01,  5.191279053688e-01
  1.746050000191e+01,  3.175988197327e+00,  2.302569718121e+01,  5.176094174385e-01
  1.747049999237e+01,  3.165760993958e+00,  2.303592438458e+01,  5.179355740547e-01
  1.748049999774e+01,  3.155739784241e+00,  2.304594559429e+01,  5.154390931129e-01
  1.749099999666e+01,  3.145348548889e+00,  2.305633682964e+01,  5.127659440041e-01
  1.750149999559e+01,  3.134854316711e+00,  2.306683106182e+01,  5.088892579079e-01
  1.751150000095e+01,  3.124676704407e+00,  2.307700867413e+01,  5.085405111313e-01
  1.752149999142e+01,  3.114441871643e+00,  2.308724350689e+01,  5.063086748123e-01
  1.753149999678e+01,  3.104279518127e+00,  2.309740586041e+01,  5.040720701218e-01
  1.754150000215e+01,  3.094265937805e+00,  2.310741944073e+01,  5.016120672226e-01
  1.755200000107e+01,  3.083893775940e+00,  2.311779160259e+01,  4.993917346001e-01
  1.756250000000e+01,  3.073479652405e+00,  2.312820572613e+01,  4.953710436821e-01
  1.757249999046e+01,  3.063454627991e+00,  2.313823075054e+01,  4.937897324562e-01
  1.758249999583e+01,  3.053349494934e+00,  2.314833588360e+01,  4.921410083771e-01
  1.759250000119e+01,  3.043213844299e+00,  2.315847153423e+01,  4.900264739990e-01
  1.760249999166e+01,  3.033093452454e+00,  2.316859192608e+01,  4.879970550537e-01
  1.761249999702e+01,  3.022995948792e+00,  2.317868942974e+01,  4.858705401421e-01
  1.762250000238e+01,  3.012860298157e+00,  2.318882508038e+01,  4.834795594215e-01
  1.763249999285e+01,  3.002736091614e+00,  2.319894928692e+01,  4.826900959015e-01
  1.764249999821e+01,  2.992684841156e+00,  2.320900053738e+01,  4.803481400013e-01
  1.765299999714e+01,  2.982194423676e+00,  2.321949095486e+01,  4.763312637806e-01
  1.766349999607e+01,  2.971719264984e+00,  2.322996611355e+01,  4.738552868366e-01
  1.767399999499e+01,  2.961236476898e+00,  2.324044890163e+01,  4.717308580875e-01
  1.768400000036e+01,  2.951192378998e+00,  2.325049299953e+01,  4.686700403690e-01
  1.769399999082e+01,  2.941106319427e+00,  2.326057905911e+01,  4.673555195332e-01
  1.770399999619e+01,  2.931005001068e+00,  2.327068037746e+01,  4.666510224342e-01
  1.771449999511e+01,  2.920541286469e+00,  2.328114409206e+01,  4.641652703285e-01
  1.772499999404e+01,  2.910211086273e+00,  2.329147429226e+01,  4.592838883400e-01
  1.773549999297e+01,  2.899804592133e+00,  2.330188078640e+01,  4.565404057503e-01
  1.774549999833e+01,  2.889764308929e+00,  2.331192106960e+01,  4.546507000923e-01
  1.775549998879e+01,  2.879697322845e+00,  2.332198805569e+01,  4.537118077278e-01
  1.776549999416e+01,  2.869653224945e+00,  2.333203215359e+01,  4.519803524017e-01
  1.777549999952e+01,  2.859605312347e+00,  2.334208006619e+01,  4.509753286839e-01
  1.778549998999e+01,  2.849584102631e+00,  2.335210127590e+01,  4.479478895664e-01
  1.779549999535e+01,  2.839513301849e+00,  2.336217207668e+01,  4.448355734348e-01
  1.780550000072e+01,  2.829392910004e+00,  2.337229246853e+01,  4.422732889652e-01
  1.781549999118e+01,  2.819253444672e+00,  2.338243193386e+01,  4.399293959141e-01
  1.782549999654e+01,  2.809201717377e+00,  2.339248366116e+01,  4.384107291698e-01
  1.783599999547e+01,  2.798764705658e+00,  2.340292067287e+01,  4.366749227047e-01
  1.784649999440e+01,  2.788396358490e+00,  2.341328902004e+01,  4.346066415310e-01
  1.785699999332e+01,  2.777959346771e+00,  2.342372603176e+01,  4.310160577297e-01
  1.786699999869e+01,  2.767926692963e+00,  2.343375868557e+01,  4.292436540127e-01
  1.787699998915e+01,  2.757840633392e+00,  2.344384474514e+01,  4.258409440517e-01
  1.788699999452e+01,  2.747792720795e+00,  2.345389265774e+01,  4.234353005886e-01
  1.789749999344e+01,  2.737350940704e+00,  2.346433443783e+01,  4.209864139557e-01
  1.790799999237e+01,  2.726944446564e+00,  2.347474093197e+01,  4.180066585541e-01
  1.791849999130e+01,  2.716457843781e+00,  2.348522753475e+01,  4.153550267220e-01
  1.792849999666e+01,  2.706306934357e+00,  2.349537844418e+01,  4.143061041832e-01
  1.793850000203e+01,  2.696060657501e+00,  2.350562472103e+01,  4.140735864639e-01
  1.794849999249e+01,  2.685940265656e+00,  2.351574511288e+01,  4.119812250137e-01
  1.795899999142e+01,  2.675507068634e+00,  2.352617830990e+01,  4.102364778519e-01
  1.796949999034e+01,  2.665142536163e+00,  2.353654284237e+01,  4.082366228104e-01
  1.797999998927e+01,  2.654785633087e+00,  2.354689974545e+01,  4.052222967148e-01
  1.799049998820e+01,  2.644340991974e+00,  2.355734438656e+01,  4.017628431320e-01
  1.800049999356e+01,  2.634289264679e+00,  2.356739611385e+01,  3.996504545212e-01
  1.801049999893e+01,  2.624222278595e+00,  2.357746309994e+01,  3.972467184067e-01
  1.802099999785e+01,  2.613796710968e+00,  2.358788866756e+01,  3.948737382889e-01
  1.803149999678e+01,  2.603497028351e+00,  2.359818835018e+01,  3.929249048233e-01
  1.804199999571e+01,  2.593105792999e+00,  2.360857958553e+01,  3.891454935074e-01
  1.805200000107e+01,  2.582928180695e+00,  2.361875719784e+01,  3.889569342136e-01
  1.806199999154e+01,  2.572693347931e+00,  2.362899203060e+01,  3.880967497826e-01
  1.807199999690e+01,  2.562592029572e+00,  2.363909334896e+01,  3.862482011318e-01
  1.808249999583e+01,  2.552259922028e+00,  2.364942545651e+01,  3.825012147427e-01
  1.809299999475e+01,  2.542072772980e+00,  2.365961260555e+01,  3.791032731533e-01
  1.810349999368e+01,  2.531876087189e+00,  2.366980929134e+01,  3.741527497768e-01
  1.811349999905e+01,  2.521870136261e+00,  2.367981524227e+01,  3.718822896481e-01
  1.812349998951e+01,  2.511532306671e+00,  2.369015307186e+01,  3.717665970325e-01
  1.813349999487e+01,  2.501102924347e+00,  2.370058245419e+01,  3.725184202194e-01
  1.814350000024e+01,  2.490994215012e+00,  2.371069116352e+01,  3.720237016678e-01
  1.815399999917e+01,  2.480879545212e+00,  2.372080583332e+01,  3.687630891800e-01
  1.816499999166e+01,  2.470444440842e+00,  2.373124093769e+01,  3.636609315872e-01
  1.817549999058e+01,  2.460245847702e+00,  2.374143953083e+01,  3.596006631851e-01
  1.818549999595e+01,  2.450121641159e+00,  2.375156373737e+01,  3.590759336948e-01
  1.819550000131e+01,  2.439741849899e+00,  2.376194352863e+01,  3.590587079525e-01
  1.820549999177e+01,  2.429445981979e+00,  2.377223939655e+01,  3.581386506557e-01
  1.821599999070e+01,  2.419018507004e+00,  2.378266687153e+01,  3.558102548122e-01
  1.822649998963e+01,  2.408888578415e+00,  2.379279680012e+01,  3.520052731037e-01
  1.823699998856e+01,  2.398693799973e+00,  2.380299157856e+01,  3.487422764301e-01
  1.824750000238e+01,  2.388211011887e+00,  2.381347436665e+01,  3.486723601818e-01
  1.825749999285e+01,  2.378044843674e+00,  2.382364053486e+01,  3.476119935513e-01
  1.826749999821e+01,  2.367790937424e+00,  2.383389444111e+01,  3.465404212475e-01
  1.827749998868e+01,  2.357567548752e+00,  2.384411782978e+01,  3.458769023418e-01
  1.828749999404e+01,  2.347546339035e+00,  2.385413903950e+01,  3.430416285992e-01
  1.829799999297e+01,  2.337239027023e+00,  2.386444635151e+01,  3.387462794781e-01
  1.830849999189e+01,  2.326931715012e+00,  2.387475366352e+01,  3.369207084179e-01
  1.831899999082e+01,  2.316570997238e+00,  2.388511438129e+01,  3.343805968761e-01
  1.832949998975e+01,  2.306175947189e+00,  2.389550943134e+01,  3.326784372330e-01
  1.833999998868e+01,  2.295708417892e+00,  2.390597696064e+01,  3.301111459732e-01
  1.834999999404e+01,  2.285691022873e+00,  2.391599435566e+01,  3.287187516689e-01
  1.835999999940e+01,  2.275681257248e+00,  2.392600412128e+01,  3.269005715847e-01
  1.836999998987e+01,  2.265671491623e+00,  2.393601388691e+01,  3.259284496307e-01
  1.838049998879e+01,  2.255207777023e+00,  2.394647760151e+01,  3.238666057587e-01
  1.839100000262e+01,  2.244772195816e+00,  2.395691318272e+01,  3.211645781994e-01
  1.840099999309e+01,  2.234754800797e+00,  2.396693057774e+01,  3.190345764160e-01
  1.841099999845e+01,  2.224642038345e+00,  2.397704334019e+01,  3.178630173206e-01
  1.842099998891e+01,  2.214601755142e+00,  2.398708362339e+01,  3.156619369984e-01
  1.843150000274e+01,  2.204115152359e+00,  2.399757022617e+01,  3.136139214039e-01
  1.844200000167e+01,  2.193674325943e+00,  2.400801105259e+01,  3.115713894367e-01
  1.845250000060e+01,  2.183264017105e+00,  2.401842136143e+01,  3.096781075001e-01
  1.846299999952e+01,  2.172876596451e+00,  2.402880878208e+01,  3.070321381092e-01
  1.847349999845e+01,  2.162473917007e+00,  2.403921146153e+01,  3.056632578373e-01
  1.848399999738e+01,  2.152120828629e+00,  2.404956454990e+01,  3.036228716373e-01
  1.849449999630e+01,  2.141775369644e+00,  2.405991000889e+01,  3.010961115360e-01
  1.850499999523e+01,  2.131399393082e+00,  2.407028598545e+01,  2.984239161015e-01
  1.851549999416e+01,  2.120947122574e+00,  2.408073825596e+01,  2.977404296398e-01
  1.852549999952e+01,  2.110914468765e+00,  2.409077090977e+01,  2.961934804916e-01
  1.853549998999e+01,  2.100851297379e+00,  2.410083408115e+01,  2.953057289124e-01
  1.854549999535e+01,  2.090830087662e+00,  2.411085529087e+01,  2.932319641113e-01
  1.855599999428e+01,  2.080396890640e+00,  2.412128848789e+01,  2.896890640259e-01
  1.856649999321e+01,  2.069917917252e+00,  2.413176746128e+01,  2.869272232056e-01
  1.857649999857e+01,  2.059877634048e+00,  2.414180774448e+01,  2.849695682526e-01
  1.858649998903e+01,  2.049791574478e+00,  2.415189380405e+01,  2.827775478363e-01
  1.859649999440e+01,  2.039636850357e+00,  2.416204852818e+01,  2.830718457699e-01
  1.860649999976e+01,  2.029424905777e+00,  2.417226047276e+01,  2.825122773647e-01
  1.861649999022e+01,  2.019228219986e+00,  2.418245715855e+01,  2.810547053814e-01
  1.862649999559e+01,  2.009138345718e+00,  2.419254703281e+01,  2.789249122143e-01
  1.863699999452e+01,  1.998701334000e+00,  2.420298404453e+01,  2.763461768627e-01
  1.864749999344e+01,  1.988393902779e+00,  2.421329147575e+01,  2.722810804844e-01
  1.865799999237e+01,  1.978071331978e+00,  2.422361404655e+01,  2.698957026005e-01
  1.866849999130e+01,  1.967645764351e+00,  2.423403961418e+01,  2.681041061878e-01
  1.867849999666e+01,  1.957555890083e+00,  2.424412948845e+01,  2.671169042587e-01
  1.868850000203e+01,  1.947385907173e+00,  2.425429947136e+01,  2.664852142334e-01
  1.869849999249e+01,  1.937265515327e+00,  2.426441986321e+01,  2.653894722462e-01
  1.870899999142e+01,  1.926836133003e+00,  2.427484924553e+01,  2.626122236252e-01
  1.871949999034e+01,  1.916555523872e+00,  2.428512985466e+01,  2.593401670456e-01
  1.872999998927e+01,  1.906273007393e+00,  2.429541237114e+01,  2.564545869827e-01
  1.874049998820e+01,  1.895881772041e+00,  2.430580360649e+01,  2.540265321732e-01
  1.875100000203e+01,  1.885418057442e+00,  2.431626732109e+01,  2.518655657768e-01
  1.876099999249e+01,  1.875370144844e+00,  2.432631523369e+01,  2.503233551979e-01
  1.877099999785e+01,  1.865329861641e+00,  2.433635551689e+01,  2.484043091536e-01
  1.878149999678e+01,  1.854877591133e+00,  2.434680778740e+01,  2.453549355268e-01
  1.879199999571e+01,  1.844463467598e+00,  2.435722191093e+01,  2.435045689344e-01
  1.880249999464e+01,  1.834030270576e+00,  2.436765510796e+01,  2.419212311506e-01
  1.881299999356e+01,  1.823570370674e+00,  2.437811500786e+01,  2.420631498098e-01
  1.882349999249e+01,  1.813213467598e+00,  2.438847191093e+01,  2.409010976553e-01
  1.883399999142e+01,  1.802969098091e+00,  2.439871628044e+01,  2.377221435308e-01
  1.884449999034e+01,  1.792635083199e+00,  2.440905029533e+01,  2.341978400946e-01
  1.885499998927e+01,  1.782159924507e+00,  2.441952545403e+01,  2.326399832964e-01
  1.886549998820e+01,  1.771711468697e+00,  2.442997390984e+01,  2.301857024431e-01
  1.887600000203e+01,  1.761224865913e+00,  2.444046051262e+01,  2.276265174150e-01
  1.888599999249e+01,  1.751112103462e+00,  2.445057327507e+01,  2.266521602869e-01
  1.889599999785e+01,  1.740960597992e+00,  2.446072478054e+01,  2.265062630177e-01
  1.890599998832e+01,  1.730885982513e+00,  2.447079939602e+01,  2.242601215839e-01
  1.891599999368e+01,  1.720868587494e+00,  2.448081679104e+01,  2.212517559528e-01
  1.892649999261e+01,  1.710450649261e+00,  2.449123472927e+01,  2.189932167530e-01
  1.893699999154e+01,  1.700086116791e+00,  2.450159926174e+01,  2.164929211140e-01
  1.894749999046e+01,  1.689679622650e+00,  2.451200575588e+01,  2.135112583637e-01
  1.895749999583e+01,  1.679601192474e+00,  2.452208418606e+01,  2.114643156528e-01
  1.896750000119e+01,  1.669316768646e+00,  2.453236860989e+01,  2.101262211800e-01
  1.897749999166e+01,  1.659024715424e+00,  2.454266066311e+01,  2.091128677130e-01
  1.898749999702e+01,  1.648961544037e+00,  2.455272383450e+01,  2.077613919973e-01
  1.899799999595e+01,  1.638686656952e+00,  2.456299872158e+01,  2.034193128347e-01
  1.900849999487e+01,  1.628465175629e+00,  2.457322020290e+01,  1.998025029898e-01
  1.901899999380e+01,  1.618028163910e+00,  2.458365721462e+01,  1.980694085360e-01
  1.902899999917e+01,  1.607854366302e+00,  2.459383101223e+01,  1.978274136782e-01
  1.903899998963e+01,  1.597627162933e+00,  2.460405821560e+01,  1.964561492205e-01
  1.904899999499e+01,  1.587468624115e+00,  2.461421675442e+01,  1.956190615892e-01
  1.905949999392e+01,  1.576997280121e+00,  2.462468809841e+01,  1.935680061579e-01
  1.906999999285e+01,  1.566695690155e+00,  2.463498968838e+01,  1.907384544611e-01
  1.908049999177e+01,  1.556258678436e+00,  2.464542670010e+01,  1.889769285917e-01
  1.909049999714e+01,  1.546142101288e+00,  2.465554327724e+01,  1.884493678808e-01
  1.910050000250e+01,  1.536036968231e+00,  2.466564841030e+01,  1.878628581762e-01
  1.911100000143e+01,  1.525565624237e+00,  2.467611975430e+01,  1.853401511908e-01
  1.912150000036e+01,  1.515248775482e+00,  2.468643660305e+01,  1.818845123053e-01
  1.913199999928e+01,  1.504895687103e+00,  2.469678969143e+01,  1.772410720587e-01
  1.914199998975e+01,  1.494855642319e+00,  2.470682973621e+01,  1.765248775482e-01
  1.915199999511e+01,  1.484697103500e+00,  2.471698827503e+01,  1.754578948021e-01
  1.916200000048e+01,  1.474618673325e+00,  2.472706670521e+01,  1.752735674381e-01
  1.917249999940e+01,  1.464215993881e+00,  2.473746938465e+01,  1.740924417973e-01
  1.918299999833e+01,  1.453883886337e+00,  2.474780149220e+01,  1.700383722782e-01
  1.919299998879e+01,  1.443816900253e+00,  2.475786847828e+01,  1.681269705296e-01
  1.920299999416e+01,  1.433505773544e+00,  2.476817960499e+01,  1.677605509758e-01
  1.921299999952e+01,  1.423114538193e+00,  2.477857084034e+01,  1.674909889698e-01
  1.922299998999e+01,  1.412837743759e+00,  2.478884763477e+01,  1.669897735119e-01
  1.923349998891e+01,  1.402389287949e+00,  2.479929609058e+01,  1.656856238842e-01
  1.924400000274e+01,  1.392198324203e+00,  2.480948705433e+01,  1.597413718700e-01
  1.925450000167e+01,  1.381759405136e+00,  2.481992597340e+01,  1.570696532726e-01
  1.926449999213e+01,  1.371547460556e+00,  2.483013791798e+01,  1.556583940983e-01
  1.927449999750e+01,  1.361209630966e+00,  2.484047574757e+01,  1.556555181742e-01
  1.928450000286e+01,  1.350940465927e+00,  2.485074491261e+01,  1.552702635527e-01
  1.929449999332e+01,  1.340934514999e+00,  2.486075086353e+01,  1.541733890772e-01
  1.930499999225e+01,  1.330692052841e+00,  2.487099332569e+01,  1.491503864527e-01
  1.931549999118e+01,  1.320335149765e+00,  2.488135022877e+01,  1.453328281641e-01
  1.932549999654e+01,  1.310241460800e+00,  2.489144391773e+01,  1.433395296335e-01
  1.933550000191e+01,  1.300082921982e+00,  2.490160245655e+01,  1.428547948599e-01
  1.934549999237e+01,  1.290038824081e+00,  2.491164655445e+01,  1.416973620653e-01
  1.935599999130e+01,  1.279758214951e+00,  2.492192716358e+01,  1.404373198748e-01
  1.936649999022e+01,  1.269670248032e+00,  2.493201513050e+01,  1.372825652361e-01
  1.937699998915e+01,  1.259483098984e+00,  2.494220227955e+01,  1.345302611589e-01
  1.938750000298e+01,  1.249038457870e+00,  2.495264692066e+01,  1.325657069683e-01
  1.939749999344e+01,  1.238880872726e+00,  2.496280450581e+01,  1.312679350376e-01
  1.940749999881e+01,  1.228668928146e+00,  2.497301645039e+01,  1.303370893002e-01
  1.941749998927e+01,  1.218533277512e+00,  2.498315210102e+01,  1.289468705654e-01
  1.942749999464e+01,  1.208519697189e+00,  2.499316568134e+01,  1.277316510677e-01
  1.943799999356e+01,  1.198097944260e+00,  2.500358743427e+01,  1.261459290981e-01
  1.944849999249e+01,  1.187794446945e+00,  2.501389093159e+01,  1.238575801253e-01
  1.945899999142e+01,  1.177464246750e+00,  2.502422113178e+01,  1.205221042037e-01
  1.946949999034e+01,  1.166992902756e+00,  2.503469247578e+01,  1.184153184295e-01
  1.947949999571e+01,  1.156956434250e+00,  2.504472894428e+01,  1.166407689452e-01
  1.948950000107e+01,  1.146939039230e+00,  2.505474633930e+01,  1.147131547332e-01
  1.949949999154e+01,  1.136910200119e+00,  2.506477517841e+01,  1.133277043700e-01
  1.950949999690e+01,  1.126885175705e+00,  2.507480020283e+01,  1.120972856879e-01
  1.951950000226e+01,  1.116860151291e+00,  2.508482522724e+01,  1.098652109504e-01
  1.952949999273e+01,  1.106735944748e+00,  2.509494943378e+01,  1.070990785956e-01
  1.953949999809e+01,  1.096485853195e+00,  2.510519952534e+01,  1.057237014174e-01
  1.954949998856e+01,  1.086220502853e+00,  2.511546487568e+01,  1.038218364120e-01
  1.955949999392e+01,  1.076027631760e+00,  2.512565774677e+01,  1.021057590842e-01
  1.956949999928e+01,  1.065964460373e+00,  2.513572091816e+01,  1.003514751792e-01
  1.957999999821e+01,  1.055516004562e+00,  2.514616937397e+01,  9.842314571142e-02
  1.959049999714e+01,  1.045071363449e+00,  2.515661401508e+01,  9.484543651342e-02
  1.960050000250e+01,  1.034977674484e+00,  2.516670770405e+01,  9.333839267492e-02
  1.961049999297e+01,  1.024773359299e+00,  2.517691201923e+01,  9.172656387091e-02
  1.962049999833e+01,  1.014633893967e+00,  2.518705148457e+01,  9.126760810614e-02
  1.963099999726e+01,  1.004212141037e+00,  2.519747323750e+01,  8.903791755438e-02
  1.964149999619e+01,  9.939601421356e-01,  2.520772523640e+01,  8.641650527716e-02
  1.965199999511e+01,  9.836260080338e-01,  2.521805937050e+01,  8.284560590982e-02
  1.966200000048e+01,  9.735361337662e-01,  2.522814924477e+01,  8.240174502134e-02
  1.967199999094e+01,  9.632593393326e-01,  2.523842603920e+01,  8.114462345839e-02
  1.968199999630e+01,  9.529482126236e-01,  2.524873716591e+01,  8.077286183834e-02
  1.969200000167e+01,  9.427896738052e-01,  2.525889570473e+01,  8.094577491283e-02
  1.970250000060e+01,  9.324270486832e-01,  2.526925832985e+01,  7.890753448009e-02
  1.971299999952e+01,  9.221731424332e-01,  2.527951223610e+01,  7.557015120983e-02
  1.972349999845e+01,  9.118124246597e-01,  2.528987295387e+01,  7.471288740635e-02
  1.973399999738e+01,  9.013754129410e-01,  2.530030996559e+01,  7.273782789707e-02
  1.974400000274e+01,  8.913465738297e-01,  2.531033880470e+01,  7.138676941395e-02
  1.975399999321e+01,  8.812986612320e-01,  2.532038671730e+01,  7.070737332106e-02
  1.976449999213e+01,  8.708158731461e-01,  2.533086950539e+01,  6.837945431471e-02
  1.977499999106e+01,  8.603826761246e-01,  2.534130270241e+01,  6.602876633406e-02
  1.978499999642e+01,  8.503462076187e-01,  2.535133917091e+01,  6.528740376234e-02
  1.979500000179e+01,  8.402563333511e-01,  2.536142904518e+01,  6.256370991468e-02
  1.980499999225e+01,  8.301168680191e-01,  2.537156851051e+01,  6.124227866530e-02
  1.981499999762e+01,  8.199888467789e-01,  2.538169653175e+01,  5.912726745009e-02
  1.982500000298e+01,  8.098837137222e-01,  2.539180166481e+01,  5.628054961562e-02
  1.983499999344e+01,  7.998434305191e-01,  2.540184194801e+01,  5.384832248092e-02
  1.984499999881e+01,  7.898260354996e-01,  2.541185934303e+01,  5.328255519271e-02
  1.985549999774e+01,  7.793356180191e-01,  2.542234976051e+01,  5.181532725692e-02
  1.986599999666e+01,  7.688757181168e-01,  2.543280966042e+01,  4.991298541427e-02
  1.987600000203e+01,  7.588392496109e-01,  2.544284612892e+01,  4.799753054976e-02
  1.988599999249e+01,  7.486768960953e-01,  2.545300848244e+01,  4.701763018966e-02
  1.989599999785e+01,  7.385424971581e-01,  2.546314288137e+01,  4.590224102139e-02
  1.990599998832e+01,  7.284907698631e-01,  2.547319460867e+01,  4.457377269864e-02
  1.991650000215e+01,  7.180346846581e-01,  2.548365069387e+01,  4.287964850664e-02
  1.992700000107e+01,  7.077197432518e-01,  2.549396563528e+01,  4.135102778673e-02
  1.993750000000e+01,  6.974276900291e-01,  2.550425768850e+01,  3.813380748034e-02
  1.994799999893e+01,  6.869754195213e-01,  2.551470995901e+01,  3.651506453753e-02
  1.995799998939e+01,  6.769580245018e-01,  2.552472735403e+01,  3.521241992712e-02
  1.996849998832e+01,  6.664676070213e-01,  2.553521777151e+01,  3.408669680357e-02
  1.997900000215e+01,  6.560038924217e-01,  2.554568148611e+01,  3.117226622999e-02
  1.998950000107e+01,  6.455096602440e-01,  2.555617571829e+01,  2.922581695020e-02
  1.999949999154e+01,  6.354426741600e-01,  2.556624270437e+01,  2.739759348333e-02
  2.000949999690e+01,  6.253032088280e-01,  2.557638216970e+01,  2.615078352392e-02
  2.001950000226e+01,  6.152057051659e-01,  2.558647967337e+01,  2.407868765295e-02
  2.003000000119e+01,  6.047763228416e-01,  2.559690905569e+01,  2.329315803945e-02
  2.004050000012e+01,  5.945414900780e-01,  2.560714388845e+01,  1.913513801992e-02
  2.005099999905e+01,  5.843314528465e-01,  2.561735392569e+01,  1.636542938650e-02
  2.006149999797e+01,  5.738601088524e-01,  2.562782526968e+01,  1.480796001852e-02
  2.007149998844e+01,  5.637091994286e-01,  2.563797617910e+01,  1.502402126789e-02
  2.008149999380e+01,  5.535315871239e-01,  2.564815379141e+01,  1.466096937656e-02
  2.009149999917e+01,  5.435027480125e-01,  2.565818263052e+01,  1.525966823101e-02
  2.010199999809e+01,  5.332354903221e-01,  2.566844988821e+01,  1.089803874493e-02
  2.011249999702e+01,  5.231418013573e-01,  2.567854357718e+01,  6.637976039201e-03
  2.012299999595e+01,  5.128383040428e-01,  2.568884707449e+01,  2.766058081761e-03
  2.013300000131e+01,  5.026301741600e-01,  2.569905520437e+01,  2.669617766514e-03
  2.014299999177e+01,  4.922733008862e-01,  2.570941207765e+01,  2.644405001774e-03
  2.015299999714e+01,  4.820121824741e-01,  2.571967319606e+01,  4.285476170480e-03
  2.016349999607e+01,  4.715408384800e-01,  2.573014454005e+01,  1.735172350891e-03
  2.017399999499e+01,  4.612449705601e-01,  2.574044040797e+01, -1.711883465759e-03
  2.018449999392e+01,  4.508384764194e-01,  2.575084690211e+01, -4.042902030051e-03
  2.019449999928e+01,  4.408134520054e-01,  2.576087192653e+01, -4.669138230383e-03
  2.020499999821e+01,  4.303192198277e-01,  2.577136615871e+01, -5.431600846350e-03
  2.021549999714e+01,  4.199737608433e-01,  2.578171161769e+01, -7.116147316992e-03
  2.022599999607e+01,  4.097026884556e-01,  2.579198269008e+01, -1.121194008738e-02
  2.023600000143e+01,  3.996929228306e-01,  2.580199245570e+01, -1.476246956736e-02
  2.024599999189e+01,  3.894962370396e-01,  2.581218914149e+01, -1.535637024790e-02
  2.025599999726e+01,  3.792003691196e-01,  2.582248500941e+01, -1.627091132104e-02
  2.026600000262e+01,  3.690074980259e-01,  2.583267788051e+01, -1.475266274065e-02
  2.027650000155e+01,  3.586525022984e-01,  2.584303287623e+01, -1.507323142141e-02
  2.028749999404e+01,  3.482688963413e-01,  2.585341648219e+01, -1.950483582914e-02
  2.029799999297e+01,  3.381809294224e-01,  2.586350444911e+01, -2.472191117704e-02
  2.030799999833e+01,  3.280910551548e-01,  2.587359432338e+01, -2.623896859586e-02
  2.031799998879e+01,  3.176464140415e-01,  2.588403896449e+01, -2.694073878229e-02
  2.032799999416e+01,  3.072284758091e-01,  2.589445690272e+01, -2.627249993384e-02
  2.033799999952e+01,  2.971424162388e-01,  2.590454296229e+01, -2.731361426413e-02
  2.034849999845e+01,  2.869323790073e-01,  2.591475299953e+01, -3.119125403464e-02
  2.035899999738e+01,  2.767929136753e-01,  2.592489246486e+01, -3.430357202888e-02
  2.036949999630e+01,  2.664112150669e-01,  2.593527416347e+01, -3.619486838579e-02
  2.037950000167e+01,  2.563022673130e-01,  2.594538311122e+01, -3.679812699556e-02
  2.038949999213e+01,  2.461093962193e-01,  2.595557598231e+01, -3.803432732821e-02
  2.039949999750e+01,  2.359506934881e-01,  2.596573468504e+01, -3.840063512325e-02
  2.040950000286e+01,  2.259447425604e-01,  2.597574063597e+01, -4.038332402706e-02
  2.042000000179e+01,  2.156412452459e-01,  2.598604413329e+01, -4.370878636837e-02
  2.043050000072e+01,  2.053320258856e-01,  2.599635335265e+01, -4.686735570431e-02
  2.044099999964e+01,  1.948797553778e-01,  2.600680562316e+01, -4.867886006832e-02
  2.045099999011e+01,  1.848203986883e-01,  2.601686497984e+01, -5.084548890591e-02
  2.046099999547e+01,  1.747648566961e-01,  2.602692052184e+01, -5.272050201893e-02
  2.047100000083e+01,  1.647016853094e-01,  2.603698369322e+01, -5.279086530209e-02
  2.048149999976e+01,  1.542456001043e-01,  2.604743977843e+01, -5.335493385792e-02
  2.049199999869e+01,  1.439440101385e-01,  2.605774136839e+01, -5.496355891228e-02
  2.050249999762e+01,  1.336939185858e-01,  2.606799145995e+01, -5.710312724113e-02
  2.051299999654e+01,  1.232721731067e-01,  2.607841320543e+01, -5.867720395327e-02
  2.052300000191e+01,  1.132280752063e-01,  2.608845730333e+01, -5.941780656576e-02
  2.053299999237e+01,  1.031954213977e-01,  2.609848995714e+01, -6.017198413610e-02
  2.054299999774e+01,  9.318184107542e-02,  2.610850353746e+01, -6.099548190832e-02
  2.055349999666e+01,  8.276008814573e-02,  2.611892529039e+01, -6.137279421091e-02
  2.056399999559e+01,  7.248901575804e-02,  2.612919636277e+01, -6.382302194834e-02
  2.057449999452e+01,  6.220649555326e-02,  2.613947888298e+01, -6.722620874643e-02
  2.058499999344e+01,  5.176566913724e-02,  2.614991970940e+01, -6.968454271555e-02
  2.059499999881e+01,  4.171012714505e-02,  2.615997525139e+01, -7.046631723642e-02
  2.060549999774e+01,  3.137801960111e-02,  2.617030735893e+01, -6.894684582949e-02
  2.061699999869e+01,  2.115844748914e-02,  2.618052693104e+01, -6.566978245974e-02
  2.063149999082e+01,  1.098464988172e-02,  2.619070072865e+01, -6.406951695681e-02
  2.065399999917e+01,  2.071571536362e-03,  2.619961380700e+01, -6.794196367264e-02
  2.065500000119e+01,  1.849842141382e-03,  2.619983553639e+01, -6.846457719803e-02
  2.066300000250e+01,  4.250527417753e-04,  2.620126032579e+01, -7.189685106277e-02
  2.066599999368e+01,  2.141010008927e-05,  2.620166396843e+01, -7.235580682755e-02
  2.089699999988e+01, -2.218978013843e-03,  2.620390435655e+01, -7.253289222717e-02
  2.089800000191e+01, -2.212913241237e-03,  2.620389829177e+01, -7.252052426338e-02
