           Test time,     Standard travel,     Tool separation,      Standard force
                 0.0,                 0.0,  3.147265146678e+01, -1.125283539295e-02
                 0.0,                 0.0,  3.147265382489e+01, -1.133292261511e-02
                 0.0,                 0.0,  3.147265337785e+01, -1.110410038382e-02
                 0.0,                 0.0,  3.147265085583e+01, -1.061537209898e-02
                 0.0,                 0.0,  3.147265466308e+01, -1.054503861815e-02
                 0.0,                 0.0,  3.152757639530e+01, -1.327544823289e-02
  0.000000000000e+00,  0.000000000000e+00,  3.152758143103e+01, -1.362330093980e-02
  8.000000147149e-03, -7.822178304195e-06,  3.152758925321e+01, -1.361308246851e-02
  1.100000017323e-02, -1.475494354963e-05,  3.152759618598e+01, -1.347229629755e-02
  1.300000003539e-02, -1.033674925566e-05,  3.152759176778e+01, -1.324675232172e-02
  1.399999996647e-02, -6.723217666149e-06,  3.152758815425e+01, -1.315877586603e-02
  1.140000000596e-01,  3.036946873181e-05,  3.152755106156e+01, -1.362359523773e-02
  2.140000001527e-01,  3.918141010217e-05,  3.152754224962e+01, -1.363102719188e-02
  3.140000000130e-01,  4.714951137430e-05,  3.152753428152e+01, -1.176387257874e-02
  4.140000001062e-01,  1.921287272125e-03,  3.152566014376e+01, -1.132966764271e-02
  4.590000000317e-01,  1.202403567731e-02,  3.151555739536e+01, -5.168424919248e-03
  4.775000000373e-01,  2.230273745954e-02,  3.150527869357e+01,  1.113082282245e-02
  4.880000001285e-01,  3.255855292082e-02,  3.149502287811e+01,  2.980662696064e-02
  4.954999999609e-01,  4.257594794035e-02,  3.148500548309e+01,  2.944172732532e-02
  5.025000001770e-01,  5.332195013762e-02,  3.147425948090e+01,  3.128884360194e-02
  5.090000000782e-01,  6.408321112394e-02,  3.146349821991e+01,  3.601525351405e-02
  5.150000001304e-01,  7.436763495207e-02,  3.145321379608e+01,  4.170868918300e-02
  5.209999999497e-01,  8.479701727629e-02,  3.144278441376e+01,  4.575226828456e-02
  5.270000000019e-01,  9.503947943449e-02,  3.143254195160e+01,  5.239937826991e-02
  5.335000001360e-01,  1.057740375400e-01,  3.142180739349e+01,  5.823789164424e-02
  5.405000001192e-01,  1.164666339755e-01,  3.141111479706e+01,  6.827602535486e-02
  5.479999999516e-01,  1.270485967398e-01,  3.140053283429e+01,  9.001217037439e-02
  5.555000000168e-01,  1.374016851187e-01,  3.139017974591e+01,  1.067358031869e-01
  5.630000000820e-01,  1.478806585073e-01,  3.137970077253e+01,  1.262060254812e-01
  5.700000000652e-01,  1.581460088491e-01,  3.136943542218e+01,  1.360155194998e-01
  5.770000000484e-01,  1.685258001089e-01,  3.135905563092e+01,  1.421953290701e-01
  5.845000001136e-01,  1.791517287493e-01,  3.134842970228e+01,  1.507017761469e-01
  5.925000000279e-01,  1.894704848528e-01,  3.133811094618e+01,  1.622603088617e-01
  6.015000001062e-01,  1.997053176165e-01,  3.132787611342e+01,  1.769049316645e-01
  6.119999999646e-01,  2.098867446184e-01,  3.131769468642e+01,  1.860149055719e-01
  6.260000001639e-01,  2.201387435198e-01,  3.130744268751e+01,  2.177112251520e-01
  6.395000000484e-01,  2.302591353655e-01,  3.129732229567e+01,  2.388827949762e-01
  6.510000000708e-01,  2.406427413225e-01,  3.128693868971e+01,  2.536151707172e-01
  6.610000000801e-01,  2.508489489555e-01,  3.127673248208e+01,  2.653644382954e-01
  6.705000000075e-01,  2.611562609673e-01,  3.126642517007e+01,  2.741601765156e-01
  6.800000001676e-01,  2.713147997856e-01,  3.125626663125e+01,  2.834604084492e-01
  6.905000000261e-01,  2.816888689995e-01,  3.124589256203e+01,  2.994211018085e-01
  7.014999999665e-01,  2.917425036430e-01,  3.123583892739e+01,  3.160264790058e-01
  7.129999999888e-01,  3.019124865532e-01,  3.122566894448e+01,  3.347528278828e-01
  7.240000001621e-01,  3.119375109673e-01,  3.121564392007e+01,  3.534868061543e-01
  7.345000000205e-01,  3.222600817680e-01,  3.120532134927e+01,  3.690736591816e-01
  7.440000001807e-01,  3.323385119438e-01,  3.119524291909e+01,  3.842065632343e-01
  7.530000000261e-01,  3.424207568169e-01,  3.118516067422e+01,  3.963601887226e-01
  7.620000001043e-01,  3.526975512505e-01,  3.117488387978e+01,  4.085862934589e-01
  7.709999999497e-01,  3.626996874809e-01,  3.116488174355e+01,  4.220865070820e-01
  7.809999999590e-01,  3.732129931450e-01,  3.115436843789e+01,  4.399621784687e-01
  7.915000000503e-01,  3.836862444878e-01,  3.114389518655e+01,  4.569452106953e-01
  8.020000001416e-01,  3.937074542046e-01,  3.113387397683e+01,  4.754655659199e-01
  8.130000000820e-01,  4.041215777397e-01,  3.112345985329e+01,  4.946649372578e-01
  8.235000001732e-01,  4.143678545952e-01,  3.111321357644e+01,  5.110948085785e-01
  8.334999999497e-01,  4.244417250156e-01,  3.110313970602e+01,  5.257422924042e-01
  8.434999999590e-01,  4.346345961094e-01,  3.109294683492e+01,  5.401313304901e-01
  8.534999999683e-01,  4.446596205235e-01,  3.108292181051e+01,  5.567862987518e-01
  8.640000000596e-01,  4.549249708652e-01,  3.107265646017e+01,  5.737655162811e-01
  8.745000001509e-01,  4.650701582432e-01,  3.106251127279e+01,  5.911986827850e-01
  8.850000000093e-01,  4.752878248692e-01,  3.105229360616e+01,  6.101920604706e-01
  8.950000000186e-01,  4.853014051914e-01,  3.104228002584e+01,  6.256568431854e-01
  9.050000000279e-01,  4.955820143223e-01,  3.103199941671e+01,  6.421325206757e-01
  9.150000000373e-01,  5.059579610825e-01,  3.102162346995e+01,  6.576507091522e-01
  9.250000000466e-01,  5.161546468735e-01,  3.101142678416e+01,  6.750152111053e-01
  9.355000001378e-01,  5.265802145004e-01,  3.100100121653e+01,  6.925590038300e-01
  9.459999999963e-01,  5.368074178696e-01,  3.099077401316e+01,  7.113807201385e-01
  9.565000000875e-01,  5.470308065414e-01,  3.098055062449e+01,  7.294700145721e-01
  9.670000001788e-01,  5.574754476547e-01,  3.097010598338e+01,  7.468688488007e-01
  9.769999999553e-01,  5.676263570786e-01,  3.095995507395e+01,  7.631766796112e-01
  9.869999999646e-01,  5.778535604477e-01,  3.094972787059e+01,  7.790839672089e-01
  9.969999999739e-01,  5.879625082016e-01,  3.093961892283e+01,  7.974288463593e-01
  1.007500000065e+00,  5.984185934067e-01,  3.092916283763e+01,  8.157165050507e-01
  1.018000000156e+00,  6.087335348129e-01,  3.091884789622e+01,  8.340728282928e-01
  1.028500000015e+00,  6.190522909164e-01,  3.090852914012e+01,  8.524253368378e-01
  1.039000000106e+00,  6.294969320297e-01,  3.089808449900e+01,  8.712737560272e-01
  1.049000000115e+00,  6.395601034164e-01,  3.088802132762e+01,  8.885581493378e-01
  1.059000000125e+00,  6.496118307114e-01,  3.087796960032e+01,  9.075706005096e-01
  1.069000000134e+00,  6.596177816391e-01,  3.086796364939e+01,  9.247710704803e-01
  1.079499999993e+00,  6.700395345688e-01,  3.085754189646e+01,  9.432837963104e-01
  1.090000000084e+00,  6.803789734840e-01,  3.084720245755e+01,  9.606401324272e-01
  1.100500000175e+00,  6.907168030739e-01,  3.083686462796e+01,  9.786035418510e-01
  1.111000000034e+00,  7.011118531227e-01,  3.082646957791e+01,  9.968606829643e-01
  1.121500000125e+00,  7.115069031715e-01,  3.081607452786e+01,  1.017288327217e+00
  1.131999999983e+00,  7.219362854958e-01,  3.080564514554e+01,  1.036586880684e+00
  1.141999999993e+00,  7.319536805153e-01,  3.079562775052e+01,  1.054546475410e+00
  1.152000000002e+00,  7.420054078102e-01,  3.078557602322e+01,  1.071140408516e+00
  1.162000000011e+00,  7.520380616188e-01,  3.077554336941e+01,  1.086956143379e+00
  1.172500000102e+00,  7.625132203102e-01,  3.076506821072e+01,  1.105644345284e+00
  1.182999999961e+00,  7.729883790016e-01,  3.075459305203e+01,  1.125171780586e+00
  1.192999999970e+00,  7.830210328102e-01,  3.074456039822e+01,  1.142421841621e+00
  1.203500000061e+00,  7.934847474098e-01,  3.073409668362e+01,  1.163196682930e+00
  1.214000000153e+00,  8.039255738258e-01,  3.072365585721e+01,  1.182899594307e+00
  1.224500000011e+00,  8.143702149391e-01,  3.071321121609e+01,  1.201015591621e+00
  1.235000000102e+00,  8.247881531715e-01,  3.070279327786e+01,  1.219997525215e+00
  1.245499999961e+00,  8.351145386696e-01,  3.069246689236e+01,  1.239894986153e+00
  1.256000000052e+00,  8.454161286354e-01,  3.068216530240e+01,  1.258972287178e+00
  1.266500000143e+00,  8.558302521706e-01,  3.067175117886e+01,  1.279251217842e+00
  1.276500000153e+00,  8.659010529518e-01,  3.066168037808e+01,  1.298679471016e+00
  1.286500000162e+00,  8.760481476784e-01,  3.065153328336e+01,  1.317005276680e+00
  1.296500000171e+00,  8.861609101295e-01,  3.064142052090e+01,  1.335479855537e+00
  1.306500000181e+00,  8.961897492409e-01,  3.063139168179e+01,  1.353126645088e+00
  1.317000000039e+00,  9.066458344460e-01,  3.062093559659e+01,  1.372959256172e+00
  1.327500000130e+00,  9.170485138893e-01,  3.061053291714e+01,  1.392353177071e+00
  1.337999999989e+00,  9.273276329041e-01,  3.060025379813e+01,  1.412388801575e+00
  1.348500000080e+00,  9.376635551453e-01,  3.058991787589e+01,  1.431469917297e+00
  1.358500000089e+00,  9.476695060730e-01,  3.057991192496e+01,  1.450016975403e+00
  1.368500000099e+00,  9.577364921570e-01,  3.056984493888e+01,  1.468457221985e+00
  1.378500000108e+00,  9.679141044617e-01,  3.055966732657e+01,  1.487370491028e+00
  1.388500000117e+00,  9.782176017761e-01,  3.054936382926e+01,  1.505509376526e+00
  1.398500000127e+00,  9.884715080261e-01,  3.053910992301e+01,  1.525891304016e+00
  1.408500000136e+00,  9.986109733582e-01,  3.052897045768e+01,  1.546418190002e+00
  1.418500000145e+00,  1.008677959442e+00,  3.051890347159e+01,  1.565442085266e+00
  1.429000000004e+00,  1.019137859344e+00,  3.050844357169e+01,  1.585518836975e+00
  1.439500000095e+00,  1.029551982880e+00,  3.049802944815e+01,  1.604641914368e+00
  1.449999999953e+00,  1.040019512177e+00,  3.048756191886e+01,  1.624238014221e+00
  1.459999999963e+00,  1.050063610077e+00,  3.047751782096e+01,  1.642224311829e+00
  1.469999999972e+00,  1.060092449188e+00,  3.046748898185e+01,  1.660515785217e+00
  1.480500000063e+00,  1.070579051971e+00,  3.045700237906e+01,  1.679585456848e+00
  1.491000000155e+00,  1.080955028534e+00,  3.044662640250e+01,  1.700619697571e+00
  1.501500000013e+00,  1.091350078583e+00,  3.043623135245e+01,  1.720368385315e+00
  1.512000000104e+00,  1.101768016815e+00,  3.042581341422e+01,  1.741898536682e+00
  1.522000000114e+00,  1.111899852753e+00,  3.041568157828e+01,  1.761555671692e+00
  1.532000000123e+00,  1.122161388397e+00,  3.040542004264e+01,  1.781037330627e+00
  1.542000000132e+00,  1.132407665253e+00,  3.039517376578e+01,  1.799687385559e+00
  1.552000000142e+00,  1.142447948456e+00,  3.038513348258e+01,  1.819626808167e+00
  1.562500000000e+00,  1.152783870697e+00,  3.037479756034e+01,  1.838574409485e+00
  1.573000000091e+00,  1.162963390350e+00,  3.036461804068e+01,  1.859536170959e+00
  1.583499999950e+00,  1.173212766647e+00,  3.035436866439e+01,  1.879813909531e+00
  1.594000000041e+00,  1.183653593063e+00,  3.034392783797e+01,  1.898727178574e+00
  1.604000000050e+00,  1.193758726120e+00,  3.033382270491e+01,  1.917732000351e+00
  1.614000000060e+00,  1.204077482224e+00,  3.032350394881e+01,  1.937461614609e+00
  1.624000000069e+00,  1.214419126511e+00,  3.031316230452e+01,  1.956954717636e+00
  1.634000000078e+00,  1.224669218063e+00,  3.030291221297e+01,  1.976276159286e+00
  1.644000000088e+00,  1.234766721725e+00,  3.029281470931e+01,  1.997966527939e+00
  1.654500000179e+00,  1.245226621628e+00,  3.028235480941e+01,  2.018649816513e+00
  1.665000000037e+00,  1.255564451218e+00,  3.027201697982e+01,  2.040492773056e+00
  1.675500000129e+00,  1.265902280807e+00,  3.026167915023e+01,  2.060809850693e+00
  1.685999999987e+00,  1.276358366013e+00,  3.025122306502e+01,  2.082431554794e+00
  1.695999999996e+00,  1.286593198776e+00,  3.024098823226e+01,  2.100082159042e+00
  1.706000000006e+00,  1.296923398972e+00,  3.023065803206e+01,  2.119903326035e+00
  1.716000000015e+00,  1.307093381882e+00,  3.022048804915e+01,  2.137206792831e+00
  1.726500000106e+00,  1.317576169968e+00,  3.021000526107e+01,  2.158572912216e+00
  1.736999999965e+00,  1.327883481979e+00,  3.019969794905e+01,  2.179683446884e+00
  1.747500000056e+00,  1.338093519211e+00,  3.018948791182e+01,  2.200519323349e+00
  1.758000000147e+00,  1.348351240158e+00,  3.017923019088e+01,  2.220657110214e+00
  1.768500000006e+00,  1.358736753464e+00,  3.016884467757e+01,  2.241561651230e+00
  1.778500000015e+00,  1.368799924850e+00,  3.015878150618e+01,  2.260455846786e+00
  1.788500000024e+00,  1.378962278366e+00,  3.014861915267e+01,  2.278106451035e+00
  1.798500000034e+00,  1.389071226120e+00,  3.013851020491e+01,  2.297614812851e+00
  1.808500000043e+00,  1.399100065231e+00,  3.012848136580e+01,  2.317291021347e+00
  1.819000000134e+00,  1.409548521042e+00,  3.011803290999e+01,  2.337859869003e+00
  1.829499999993e+00,  1.419913053513e+00,  3.010766837752e+01,  2.358619451523e+00
  1.840000000084e+00,  1.430166721344e+00,  3.009741470969e+01,  2.379475355148e+00
  1.850500000175e+00,  1.440496921539e+00,  3.008708450949e+01,  2.401165723801e+00
  1.860499999952e+00,  1.450548648834e+00,  3.007703278220e+01,  2.420059919357e+00
  1.870499999961e+00,  1.460573673248e+00,  3.006700775779e+01,  2.436520338058e+00
  1.881500000134e+00,  1.470991611481e+00,  3.005658981955e+01,  2.453663587570e+00
  1.894000000088e+00,  1.481327533722e+00,  3.004625389731e+01,  2.471245527267e+00
  1.910499999998e+00,  1.491364955902e+00,  3.003621647513e+01,  2.488865613937e+00
  1.930000000168e+00,  1.497801780701e+00,  3.002977965033e+01,  2.505615949631e+00
  2.030000000028e+00,  1.503136873245e+00,  3.002444455779e+01,  2.508232116699e+00
  2.130000000121e+00,  1.502534985542e+00,  3.002504644549e+01,  2.499950885773e+00
  2.229999999981e+00,  1.501793026924e+00,  3.002578840411e+01,  2.494482517242e+00
  2.330000000075e+00,  1.501238107681e+00,  3.002634332335e+01,  2.487150907516e+00
  2.430000000168e+00,  1.500786304474e+00,  3.002679512656e+01,  2.480941057205e+00
  2.530000000028e+00,  1.500524640083e+00,  3.002705679095e+01,  2.475466251373e+00
  2.630000000121e+00,  1.500331759453e+00,  3.002724967158e+01,  2.471010923386e+00
  2.729999999981e+00,  1.500248193741e+00,  3.002733323729e+01,  2.467393875122e+00
  2.830000000075e+00,  1.500101804733e+00,  3.002747962630e+01,  2.464209079742e+00
  2.930000000168e+00,  1.500081062317e+00,  3.002750036872e+01,  2.460891485214e+00
  3.030000000028e+00,  1.500032067299e+00,  3.002754936373e+01,  2.455802202225e+00
  3.130000000121e+00,  1.500007867813e+00,  3.002757356322e+01,  2.453224897385e+00
  3.229999999981e+00,  1.500030398369e+00,  3.002755103266e+01,  2.449412345886e+00
  3.330000000075e+00,  1.499966979027e+00,  3.002761445201e+01,  2.447650671005e+00
  3.430000000168e+00,  1.500007987022e+00,  3.002757344401e+01,  2.445603132248e+00
  3.530000000028e+00,  1.500011801720e+00,  3.002756962931e+01,  2.441299915314e+00
  3.630000000121e+00,  1.500019073486e+00,  3.002756235755e+01,  2.440667867661e+00
  3.729999999981e+00,  1.499989628792e+00,  3.002759180224e+01,  2.438102722168e+00
  3.830000000075e+00,  1.500011444092e+00,  3.002756998694e+01,  2.434583902359e+00
  3.930000000168e+00,  1.500025510788e+00,  3.002755592025e+01,  2.431901931763e+00
  4.030000000028e+00,  1.500015258789e+00,  3.002756617224e+01,  2.432904243469e+00
  4.130000000121e+00,  1.499987363815e+00,  3.002759406722e+01,  2.430036783218e+00
  4.229999999981e+00,  1.500001430511e+00,  3.002758000052e+01,  2.425837993622e+00
  4.330000000075e+00,  1.499992370605e+00,  3.002758906043e+01,  2.423535823822e+00
  4.430000000168e+00,  1.500028371811e+00,  3.002755305922e+01,  2.424094200134e+00
  4.530000000028e+00,  1.500026345253e+00,  3.002755508578e+01,  2.418260335922e+00
  4.630000000121e+00,  1.500027298927e+00,  3.002755413211e+01,  2.415102481842e+00
  4.729999999981e+00,  1.500010848045e+00,  3.002757058299e+01,  2.416281461716e+00
  4.830000000075e+00,  1.500024318695e+00,  3.002755711234e+01,  2.414096832275e+00
  4.930000000168e+00,  1.500003218651e+00,  3.002757821238e+01,  2.412031888962e+00
  5.030000000028e+00,  1.500027775764e+00,  3.002755365527e+01,  2.410396099091e+00
  5.130000000121e+00,  1.500027656555e+00,  3.002755377448e+01,  2.410651206970e+00
  5.229999999981e+00,  1.500036001205e+00,  3.002754542983e+01,  2.406312465668e+00
  5.330000000075e+00,  1.500007987022e+00,  3.002757344401e+01,  2.404174566269e+00
  5.430000000168e+00,  1.499992012978e+00,  3.002758941806e+01,  2.403281688690e+00
  5.530000000028e+00,  1.500036120415e+00,  3.002754531062e+01,  2.403841972351e+00
  5.630000000121e+00,  1.500044465065e+00,  3.002753696597e+01,  2.402483701706e+00
  5.729999999981e+00,  1.500012636185e+00,  3.002756879485e+01,  2.400486469269e+00
  5.830000000075e+00,  1.500028848648e+00,  3.002755258239e+01,  2.400458097458e+00
  5.930000000168e+00,  1.500006198883e+00,  3.002757523215e+01,  2.395661830902e+00
  6.030000000028e+00,  1.499994516373e+00,  3.002758691466e+01,  2.395051002502e+00
  6.130000000121e+00,  1.499998092651e+00,  3.002758333838e+01,  2.392808437347e+00
  6.229999999981e+00,  1.500025033951e+00,  3.002755639708e+01,  2.393992662430e+00
  6.330000000075e+00,  1.499994397163e+00,  3.002758703387e+01,  2.391421556473e+00
  6.430000000168e+00,  1.500006437302e+00,  3.002757499373e+01,  2.392528533936e+00
  6.530000000028e+00,  1.500017762184e+00,  3.002756366885e+01,  2.389014005661e+00
  6.630000000121e+00,  1.499995350838e+00,  3.002758608020e+01,  2.388229131699e+00
  6.729999999981e+00,  1.499980211258e+00,  3.002760121978e+01,  2.384839773178e+00
  6.830000000075e+00,  1.499994397163e+00,  3.002758703387e+01,  2.382873058319e+00
  6.930000000168e+00,  1.499993562698e+00,  3.002758786834e+01,  2.382679224014e+00
  7.030000000028e+00,  1.500023484230e+00,  3.002755794680e+01,  2.380533218384e+00
  7.130000000121e+00,  1.500042915344e+00,  3.002753851569e+01,  2.382022619247e+00
  7.229999999981e+00,  1.500022649765e+00,  3.002755878127e+01,  2.379841566086e+00
  7.330000000075e+00,  1.500002384186e+00,  3.002757904685e+01,  2.376836538315e+00
  7.430000000168e+00,  1.500024437904e+00,  3.002755699313e+01,  2.377860546112e+00
  7.530000000028e+00,  1.499995112419e+00,  3.002758631861e+01,  2.374887466431e+00
  7.630000000121e+00,  1.500006198883e+00,  3.002757523215e+01,  2.374604225159e+00
  7.729999999981e+00,  1.500026226044e+00,  3.002755520499e+01,  2.373728752136e+00
  7.830000000075e+00,  1.500008344650e+00,  3.002757308638e+01,  2.372097253799e+00
  7.930000000168e+00,  1.500013709068e+00,  3.002756772197e+01,  2.370995759964e+00
  8.030000000028e+00,  1.499990582466e+00,  3.002759084857e+01,  2.372967004776e+00
  8.130000000121e+00,  1.499987363815e+00,  3.002759406722e+01,  2.368932723999e+00
  8.229999999981e+00,  1.500022530556e+00,  3.002755890048e+01,  2.369169712067e+00
  8.330000000075e+00,  1.500009775162e+00,  3.002757165587e+01,  2.368169546127e+00
  8.430000000168e+00,  1.499996781349e+00,  3.002758464968e+01,  2.366835117340e+00
  8.530000000028e+00,  1.500008940697e+00,  3.002757249034e+01,  2.368570327759e+00
  8.630000000121e+00,  1.499974966049e+00,  3.002760646498e+01,  2.363488912582e+00
  8.729999999981e+00,  1.499970197678e+00,  3.002761123336e+01,  2.365254640579e+00
  8.830000000075e+00,  1.500009179115e+00,  3.002757225192e+01,  2.362253189087e+00
  8.930000000168e+00,  1.499979853630e+00,  3.002760157740e+01,  2.360205888748e+00
  9.030000000028e+00,  1.500000357628e+00,  3.002758107341e+01,  2.361121177673e+00
  9.130000000121e+00,  1.500036239624e+00,  3.002754519141e+01,  2.357456445694e+00
  9.229999999981e+00,  1.499992489815e+00,  3.002758894122e+01,  2.359208106995e+00
  9.330000000075e+00,  1.500017046928e+00,  3.002756438411e+01,  2.358631372452e+00
  9.430000000168e+00,  1.500002741814e+00,  3.002757868922e+01,  2.356388330460e+00
  9.530000000028e+00,  1.500059366226e+00,  3.002752206481e+01,  2.355736494064e+00
  9.630000000121e+00,  1.499992847443e+00,  3.002758858359e+01,  2.350480318069e+00
  9.729999999981e+00,  1.499977707863e+00,  3.002760372317e+01,  2.352416753769e+00
  9.830000000075e+00,  1.500005006790e+00,  3.002757642424e+01,  2.353887081146e+00
  9.930000000168e+00,  1.500029325485e+00,  3.002755210555e+01,  2.349824428558e+00
  1.003000000003e+01,  1.499994397163e+00,  3.002758703387e+01,  2.347403287888e+00
  1.013000000012e+01,  1.500014185905e+00,  3.002756724513e+01,  2.348474502563e+00
  1.022999999998e+01,  1.499991297722e+00,  3.002759013331e+01,  2.350797176361e+00
  1.033000000007e+01,  1.500006198883e+00,  3.002757523215e+01,  2.344728946686e+00
  1.043000000017e+01,  1.499993681908e+00,  3.002758774913e+01,  2.346410274506e+00
  1.053000000003e+01,  1.499994635582e+00,  3.002758679545e+01,  2.345474720001e+00
  1.063000000012e+01,  1.500027537346e+00,  3.002755389369e+01,  2.344990253448e+00
  1.072999999998e+01,  1.500018835068e+00,  3.002756259597e+01,  2.341365337372e+00
  1.083000000007e+01,  1.499990701675e+00,  3.002759072936e+01,  2.342489004135e+00
  1.093000000017e+01,  1.500016331673e+00,  3.002756509936e+01,  2.341820240021e+00
  1.103000000003e+01,  1.500012397766e+00,  3.002756903327e+01,  2.340492486954e+00
  1.113000000012e+01,  1.500005722046e+00,  3.002757570899e+01,  2.340895652771e+00
  1.122999999998e+01,  1.500004291534e+00,  3.002757713950e+01,  2.341317176819e+00
  1.133000000007e+01,  1.500010609627e+00,  3.002757082141e+01,  2.337268352509e+00
  1.143000000017e+01,  1.500004768372e+00,  3.002757666266e+01,  2.339582204819e+00
  1.153000000003e+01,  1.499990463257e+00,  3.002759096778e+01,  2.338010072708e+00
  1.163000000012e+01,  1.500007152557e+00,  3.002757427848e+01,  2.338162422180e+00
  1.172999999998e+01,  1.500041127205e+00,  3.002754030383e+01,  2.335448741913e+00
  1.183000000007e+01,  1.500010371208e+00,  3.002757105983e+01,  2.334238767624e+00
  1.193000000017e+01,  1.499996900558e+00,  3.002758453048e+01,  2.333836555481e+00
  1.203000000003e+01,  1.500030755997e+00,  3.002755067504e+01,  2.335134506226e+00
  1.213000000012e+01,  1.500023007393e+00,  3.002755842364e+01,  2.332652807236e+00
  1.222999999998e+01,  1.500011086464e+00,  3.002757034457e+01,  2.332670450211e+00
  1.233000000007e+01,  1.499970436096e+00,  3.002761099494e+01,  2.333519935608e+00
  1.243000000017e+01,  1.500011563301e+00,  3.002756986773e+01,  2.330419301987e+00
  1.253000000003e+01,  1.500015020370e+00,  3.002756641066e+01,  2.330244541168e+00
  1.263000000012e+01,  1.499997735023e+00,  3.002758369601e+01,  2.327523231506e+00
  1.272999999998e+01,  1.499999880791e+00,  3.002758155024e+01,  2.327169179916e+00
  1.283000000007e+01,  1.500034928322e+00,  3.002754650271e+01,  2.326505422592e+00
  1.293000000017e+01,  1.500006794930e+00,  3.002757463610e+01,  2.324672460556e+00
  1.303000000003e+01,  1.500024199486e+00,  3.002755723155e+01,  2.325678348541e+00
  1.313000000012e+01,  1.500052928925e+00,  3.002752850211e+01,  2.322973489761e+00
  1.322999999998e+01,  1.499984383583e+00,  3.002759704745e+01,  2.324260711670e+00
  1.333000000007e+01,  1.500000715256e+00,  3.002758071578e+01,  2.320836782455e+00
  1.343000000017e+01,  1.500001907349e+00,  3.002757952368e+01,  2.324584007263e+00
  1.353000000003e+01,  1.499992370605e+00,  3.002758906043e+01,  2.322343111038e+00
  1.363000000012e+01,  1.500015616417e+00,  3.002756581462e+01,  2.320530414581e+00
  1.372999999998e+01,  1.499990701675e+00,  3.002759072936e+01,  2.323152780533e+00
  1.383000000007e+01,  1.500021815300e+00,  3.002755961573e+01,  2.322688579559e+00
  1.393000000017e+01,  1.500008702278e+00,  3.002757272876e+01,  2.320416927338e+00
  1.403000000003e+01,  1.500004649162e+00,  3.002757678187e+01,  2.315886497498e+00
  1.413000000012e+01,  1.500007629395e+00,  3.002757380164e+01,  2.316958427429e+00
  1.422999999998e+01,  1.499971151352e+00,  3.002761027968e+01,  2.318294763565e+00
  1.433000000007e+01,  1.499980211258e+00,  3.002760121978e+01,  2.315436840057e+00
  1.443000000017e+01,  1.500011920929e+00,  3.002756951010e+01,  2.317025899887e+00
  1.453000000003e+01,  1.499980211258e+00,  3.002760121978e+01,  2.314111709595e+00
  1.463000000012e+01,  1.500002026558e+00,  3.002757940448e+01,  2.313761234283e+00
  1.472999999998e+01,  1.500025272369e+00,  3.002755615866e+01,  2.311533927917e+00
  1.483000000007e+01,  1.500012397766e+00,  3.002756903327e+01,  2.311694860458e+00
  1.493000000017e+01,  1.499975919724e+00,  3.002760551131e+01,  2.312258481979e+00
  1.503000000003e+01,  1.500013589859e+00,  3.002756784117e+01,  2.311382055283e+00
  1.513000000012e+01,  1.500000357628e+00,  3.002758107341e+01,  2.308259248734e+00
  1.522999999998e+01,  1.499991774559e+00,  3.002758965647e+01,  2.309075355530e+00
  1.533000000007e+01,  1.499977231026e+00,  3.002760420001e+01,  2.307764768600e+00
  1.543000000017e+01,  1.500010609627e+00,  3.002757082141e+01,  2.305808544159e+00
  1.553000000003e+01,  1.500007390976e+00,  3.002757404006e+01,  2.307490348816e+00
  1.563000000012e+01,  1.500029921532e+00,  3.002755150950e+01,  2.307407617569e+00
  1.572999999998e+01,  1.500005245209e+00,  3.002757618582e+01,  2.305206060410e+00
  1.583000000007e+01,  1.499983310699e+00,  3.002759812033e+01,  2.306692123413e+00
  1.593000000017e+01,  1.500016212463e+00,  3.002756521857e+01,  2.306371688843e+00
  1.603000000003e+01,  1.500004529953e+00,  3.002757690108e+01,  2.304192781448e+00
  1.613000000012e+01,  1.500008583069e+00,  3.002757284796e+01,  2.304445028305e+00
  1.622999999998e+01,  1.500011920929e+00,  3.002756951010e+01,  2.302563428879e+00
  1.633000000007e+01,  1.499982237816e+00,  3.002759919322e+01,  2.299775838852e+00
  1.643000000017e+01,  1.500012516975e+00,  3.002756891406e+01,  2.301073074341e+00
  1.653000000003e+01,  1.500002861023e+00,  3.002757857001e+01,  2.300313711166e+00
  1.663000000012e+01,  1.500014543533e+00,  3.002756688750e+01,  2.298982381821e+00
  1.672999999998e+01,  1.499981045723e+00,  3.002760038531e+01,  2.301692485809e+00
  1.683000000007e+01,  1.500031828880e+00,  3.002754960215e+01,  2.298038005829e+00
  1.693000000017e+01,  1.500000715256e+00,  3.002758071578e+01,  2.299810171127e+00
  1.703000000003e+01,  1.500004529953e+00,  3.002757690108e+01,  2.298083543777e+00
  1.713000000012e+01,  1.499982357025e+00,  3.002759907401e+01,  2.299278736115e+00
  1.722999999998e+01,  1.500002145767e+00,  3.002757928527e+01,  2.298250675201e+00
  1.733000000007e+01,  1.499988675117e+00,  3.002759275592e+01,  2.297756195068e+00
  1.743000000017e+01,  1.500000476837e+00,  3.002758095420e+01,  2.296901941299e+00
  1.753000000003e+01,  1.500010013580e+00,  3.002757141745e+01,  2.295203924179e+00
  1.763000000012e+01,  1.499995708466e+00,  3.002758572257e+01,  2.294838666916e+00
  1.772999999998e+01,  1.500002741814e+00,  3.002757868922e+01,  2.295336961746e+00
  1.783000000007e+01,  1.499999165535e+00,  3.002758226550e+01,  2.294651508331e+00
  1.793000000017e+01,  1.500019431114e+00,  3.002756199992e+01,  2.290950536728e+00
  1.803000000003e+01,  1.500000238419e+00,  3.002758119261e+01,  2.292773008347e+00
  1.813000000012e+01,  1.499987840652e+00,  3.002759359038e+01,  2.292316436768e+00
  1.822999999998e+01,  1.500004410744e+00,  3.002757702029e+01,  2.290115594864e+00
  1.833000000007e+01,  1.499994635582e+00,  3.002758679545e+01,  2.290445327759e+00
  1.843000000017e+01,  1.499988436699e+00,  3.002759299433e+01,  2.287791967392e+00
  1.853000000003e+01,  1.500007867813e+00,  3.002757356322e+01,  2.290717840195e+00
  1.863000000012e+01,  1.499998331070e+00,  3.002758309996e+01,  2.290220260620e+00
  1.872999999998e+01,  1.499976992607e+00,  3.002760443843e+01,  2.287453889847e+00
  1.883000000007e+01,  1.500017046928e+00,  3.002756438411e+01,  2.287578821182e+00
  1.893000000017e+01,  1.500017166138e+00,  3.002756426490e+01,  2.285864591599e+00
  1.903000000003e+01,  1.499972939491e+00,  3.002760849154e+01,  2.287326335907e+00
  1.913000000012e+01,  1.500009059906e+00,  3.002757237113e+01,  2.285006761551e+00
  1.922999999998e+01,  1.499985098839e+00,  3.002759633219e+01,  2.285705804825e+00
  1.933000000007e+01,  1.500005722046e+00,  3.002757570899e+01,  2.285422563553e+00
  1.943000000017e+01,  1.500002264977e+00,  3.002757916606e+01,  2.282030344009e+00
  1.953000000003e+01,  1.499985218048e+00,  3.002759621299e+01,  2.283546924591e+00
  1.963000000012e+01,  1.499995708466e+00,  3.002758572257e+01,  2.281892299652e+00
  1.972999999998e+01,  1.499975085258e+00,  3.002760634578e+01,  2.283622980118e+00
  1.983000000007e+01,  1.499996900558e+00,  3.002758453048e+01,  2.283053159714e+00
  1.993000000017e+01,  1.499988317490e+00,  3.002759311354e+01,  2.280825138092e+00
  2.003000000003e+01,  1.500018715858e+00,  3.002756271518e+01,  2.281564474106e+00
  2.013000000012e+01,  1.499987483025e+00,  3.002759394801e+01,  2.280291795731e+00
  2.022999999998e+01,  1.499992966652e+00,  3.002758846438e+01,  2.280024528503e+00
  2.033000000007e+01,  1.500012397766e+00,  3.002756903327e+01,  2.280393123627e+00
  2.043000000017e+01,  1.500002145767e+00,  3.002757928527e+01,  2.278534412384e+00
  2.053000000003e+01,  1.499996423721e+00,  3.002758500731e+01,  2.277399778366e+00
  2.063000000012e+01,  1.499981522560e+00,  3.002759990847e+01,  2.280437946320e+00
  2.072999999998e+01,  1.500010251999e+00,  3.002757117903e+01,  2.277850866318e+00
  2.083000000007e+01,  1.500000238419e+00,  3.002758119261e+01,  2.275577545166e+00
  2.093000000017e+01,  1.500005125999e+00,  3.002757630503e+01,  2.276312828064e+00
  2.103000000003e+01,  1.499991297722e+00,  3.002759013331e+01,  2.273906707764e+00
  2.113000000012e+01,  1.499991416931e+00,  3.002759001410e+01,  2.275469303131e+00
  2.122999999998e+01,  1.499999046326e+00,  3.002758238471e+01,  2.275281906128e+00
  2.133000000007e+01,  1.500030755997e+00,  3.002755067504e+01,  2.274942636490e+00
  2.143000000017e+01,  1.500005960464e+00,  3.002757547057e+01,  2.274682998657e+00
  2.153000000003e+01,  1.500008106232e+00,  3.002757332480e+01,  2.272053241730e+00
  2.163000000012e+01,  1.500020861626e+00,  3.002756056941e+01,  2.273239374161e+00
  2.172999999998e+01,  1.500014185905e+00,  3.002756724513e+01,  2.271885633469e+00
  2.183000000007e+01,  1.500029325485e+00,  3.002755210555e+01,  2.272448539734e+00
  2.193000000017e+01,  1.500014185905e+00,  3.002756724513e+01,  2.271891832352e+00
  2.203000000003e+01,  1.499999523163e+00,  3.002758190787e+01,  2.274130821228e+00
  2.213000000012e+01,  1.500035285950e+00,  3.002754614508e+01,  2.269639492035e+00
  2.222999999998e+01,  1.500012993813e+00,  3.002756843722e+01,  2.269393682480e+00
  2.233000000007e+01,  1.499994039536e+00,  3.002758739150e+01,  2.267543315887e+00
  2.243000000017e+01,  1.500008702278e+00,  3.002757272876e+01,  2.268996477127e+00
  2.253000000003e+01,  1.500018239021e+00,  3.002756319201e+01,  2.266983270645e+00
  2.263000000012e+01,  1.500034451485e+00,  3.002754697955e+01,  2.266381502151e+00
  2.272999999998e+01,  1.500015377998e+00,  3.002756605304e+01,  2.270168304443e+00
  2.283000000007e+01,  1.500018477440e+00,  3.002756295359e+01,  2.263870000839e+00
  2.293000000017e+01,  1.500003933907e+00,  3.002757749713e+01,  2.266095399857e+00
  2.303000000003e+01,  1.499984979630e+00,  3.002759645140e+01,  2.265796422958e+00
  2.313000000012e+01,  1.500025153160e+00,  3.002755627787e+01,  2.264857292175e+00
  2.322999999998e+01,  1.499980330467e+00,  3.002760110057e+01,  2.263345241547e+00
  2.333000000007e+01,  1.500009417534e+00,  3.002757201350e+01,  2.263960599899e+00
  2.343000000017e+01,  1.500039577484e+00,  3.002754185355e+01,  2.265938520432e+00
  2.353000000003e+01,  1.500011920929e+00,  3.002756951010e+01,  2.267701625824e+00
  2.363000000012e+01,  1.499981403351e+00,  3.002760002768e+01,  2.264331102371e+00
  2.372999999998e+01,  1.499990701675e+00,  3.002759072936e+01,  2.265000104904e+00
  2.383000000007e+01,  1.500008463860e+00,  3.002757296717e+01,  2.263423919678e+00
  2.393000000017e+01,  1.500007390976e+00,  3.002757404006e+01,  2.263766527176e+00
  2.403000000003e+01,  1.500001549721e+00,  3.002757988131e+01,  2.263532638550e+00
  2.413000000012e+01,  1.499991774559e+00,  3.002758965647e+01,  2.263533592224e+00
  2.422999999998e+01,  1.500029683113e+00,  3.002755174792e+01,  2.260806560516e+00
  2.433000000007e+01,  1.499996304512e+00,  3.002758512652e+01,  2.260921955109e+00
  2.443000000017e+01,  1.500003695488e+00,  3.002757773555e+01,  2.258848905563e+00
  2.453000000003e+01,  1.500015139580e+00,  3.002756629145e+01,  2.258846521378e+00
  2.463000000012e+01,  1.500005125999e+00,  3.002757630503e+01,  2.258604288101e+00
  2.472999999998e+01,  1.500014424324e+00,  3.002756700671e+01,  2.256794452667e+00
  2.483000000007e+01,  1.499995827675e+00,  3.002758560336e+01,  2.259639739990e+00
  2.493000000017e+01,  1.500011324883e+00,  3.002757010615e+01,  2.258061170578e+00
  2.503000000003e+01,  1.500036120415e+00,  3.002754531062e+01,  2.254496335983e+00
  2.513000000012e+01,  1.500037431717e+00,  3.002754399932e+01,  2.255645275116e+00
  2.522999999998e+01,  1.500032782555e+00,  3.002754864848e+01,  2.256400823593e+00
  2.533000000007e+01,  1.499992609024e+00,  3.002758882201e+01,  2.254172325134e+00
  2.543000000017e+01,  1.500012516975e+00,  3.002756891406e+01,  2.254380941391e+00
  2.553000000003e+01,  1.499995589256e+00,  3.002758584178e+01,  2.253641366959e+00
  2.563000000012e+01,  1.499993562698e+00,  3.002758786834e+01,  2.252801656723e+00
  2.572999999998e+01,  1.500007629395e+00,  3.002757380164e+01,  2.253423690796e+00
  2.583000000007e+01,  1.500011205673e+00,  3.002757022536e+01,  2.253526449203e+00
  2.593000000017e+01,  1.499976277351e+00,  3.002760515368e+01,  2.252491950989e+00
  2.603000000003e+01,  1.500004410744e+00,  3.002757702029e+01,  2.253725051880e+00
  2.613000000012e+01,  1.500017046928e+00,  3.002756438411e+01,  2.254238367081e+00
  2.622999999998e+01,  1.500026822090e+00,  3.002755460894e+01,  2.253196954727e+00
  2.633000000007e+01,  1.499977946281e+00,  3.002760348475e+01,  2.251423597336e+00
  2.643000000017e+01,  1.499984502792e+00,  3.002759692824e+01,  2.253463745117e+00
  2.653000000003e+01,  1.500025987625e+00,  3.002755544341e+01,  2.251770734787e+00
  2.663000000012e+01,  1.499999403954e+00,  3.002758202708e+01,  2.251300334930e+00
  2.672999999998e+01,  1.499980688095e+00,  3.002760074294e+01,  2.249986886978e+00
  2.683000000007e+01,  1.499995708466e+00,  3.002758572257e+01,  2.252114534378e+00
  2.693000000017e+01,  1.499982476234e+00,  3.002759895480e+01,  2.249478340149e+00
  2.703000000003e+01,  1.499997973442e+00,  3.002758345759e+01,  2.249424934387e+00
  2.713000000012e+01,  1.500009536743e+00,  3.002757189429e+01,  2.247603416443e+00
  2.722999999998e+01,  1.499995708466e+00,  3.002758572257e+01,  2.246200323105e+00
  2.733000000007e+01,  1.499998688698e+00,  3.002758274234e+01,  2.247805595398e+00
  2.743000000017e+01,  1.499990105629e+00,  3.002759132540e+01,  2.246254682541e+00
  2.753000000003e+01,  1.500022768974e+00,  3.002755866206e+01,  2.247405052185e+00
  2.763000000012e+01,  1.499974727631e+00,  3.002760670340e+01,  2.248846054077e+00
  2.772999999998e+01,  1.500033736229e+00,  3.002754769480e+01,  2.244319677353e+00
  2.783000000007e+01,  1.500015020370e+00,  3.002756641066e+01,  2.247298955917e+00
  2.793000000017e+01,  1.500015258789e+00,  3.002756617224e+01,  2.246436595917e+00
  2.803000000003e+01,  1.499990820885e+00,  3.002759061015e+01,  2.243806838989e+00
  2.813000000012e+01,  1.500012874603e+00,  3.002756855643e+01,  2.247044801712e+00
  2.822999999998e+01,  1.499997377396e+00,  3.002758405364e+01,  2.244525432587e+00
  2.833000000007e+01,  1.499973177910e+00,  3.002760825312e+01,  2.246956825256e+00
  2.843000000017e+01,  1.500003695488e+00,  3.002757773555e+01,  2.241357326508e+00
  2.853000000003e+01,  1.500010132790e+00,  3.002757129824e+01,  2.241382598877e+00
  2.863000000012e+01,  1.500009894371e+00,  3.002757153666e+01,  2.241091966629e+00
  2.872999999998e+01,  1.500001907349e+00,  3.002757952368e+01,  2.240931987762e+00
  2.883000000007e+01,  1.500022649765e+00,  3.002755878127e+01,  2.242059230804e+00
  2.893000000017e+01,  1.500023126602e+00,  3.002755830443e+01,  2.242874145508e+00
  2.903000000003e+01,  1.499990940094e+00,  3.002759049094e+01,  2.240661621094e+00
  2.913000000012e+01,  1.500000357628e+00,  3.002758107341e+01,  2.242903470993e+00
  2.922999999998e+01,  1.500005841255e+00,  3.002757558978e+01,  2.241126060486e+00
  2.933000000007e+01,  1.500027179718e+00,  3.002755425132e+01,  2.240349292755e+00
  2.943000000017e+01,  1.499991178513e+00,  3.002759025252e+01,  2.238310575485e+00
  2.953000000003e+01,  1.500000000000e+00,  3.002758143103e+01,  2.240050554276e+00
  2.963000000012e+01,  1.500003218651e+00,  3.002757821238e+01,  2.237437486649e+00
  2.972999999998e+01,  1.499992489815e+00,  3.002758894122e+01,  2.234101772308e+00
  2.983000000007e+01,  1.499989986420e+00,  3.002759144461e+01,  2.236508607864e+00
  2.993000000017e+01,  1.500005245209e+00,  3.002757618582e+01,  2.238719224930e+00
  3.003000000003e+01,  1.500002384186e+00,  3.002757904685e+01,  2.235527515411e+00
  3.013000000012e+01,  1.500004529953e+00,  3.002757690108e+01,  2.234385967255e+00
  3.022999999998e+01,  1.500001072884e+00,  3.002758035815e+01,  2.233919620514e+00
  3.033000000007e+01,  1.499998569489e+00,  3.002758286154e+01,  2.234557628632e+00
  3.043000000017e+01,  1.500028967857e+00,  3.002755246318e+01,  2.234233617783e+00
  3.053000000003e+01,  1.499991297722e+00,  3.002759013331e+01,  2.233708143234e+00
  3.063000000012e+01,  1.499988794327e+00,  3.002759263671e+01,  2.234891891479e+00
  3.072999999998e+01,  1.499983072281e+00,  3.002759835875e+01,  2.235465764999e+00
  3.083000000007e+01,  1.500004410744e+00,  3.002757702029e+01,  2.233195781708e+00
  3.093000000017e+01,  1.499979734421e+00,  3.002760169661e+01,  2.232124328613e+00
  3.103000000003e+01,  1.500011086464e+00,  3.002757034457e+01,  2.233746767044e+00
  3.113000000012e+01,  1.500023484230e+00,  3.002755794680e+01,  2.234977722168e+00
  3.122999999998e+01,  1.500028014183e+00,  3.002755341685e+01,  2.231788635254e+00
  3.133000000007e+01,  1.499991178513e+00,  3.002759025252e+01,  2.228260040283e+00
  3.143000000017e+01,  1.500013351440e+00,  3.002756807959e+01,  2.229115724564e+00
  3.153000000003e+01,  1.499991059303e+00,  3.002759037173e+01,  2.230188846588e+00
  3.163000000012e+01,  1.499981403351e+00,  3.002760002768e+01,  2.227820158005e+00
  3.172999999998e+01,  1.500001311302e+00,  3.002758011973e+01,  2.230806827545e+00
  3.183000000007e+01,  1.500009179115e+00,  3.002757225192e+01,  2.231438398361e+00
  3.193000000017e+01,  1.499994516373e+00,  3.002758691466e+01,  2.227522373199e+00
  3.203000000003e+01,  1.500006794930e+00,  3.002757463610e+01,  2.227181196213e+00
  3.213000000012e+01,  1.500008463860e+00,  3.002757296717e+01,  2.224244117737e+00
  3.222999999998e+01,  1.500013589859e+00,  3.002756784117e+01,  2.227444171906e+00
  3.233000000007e+01,  1.500007271767e+00,  3.002757415927e+01,  2.224247932434e+00
  3.243000000017e+01,  1.500014543533e+00,  3.002756688750e+01,  2.224232435226e+00
  3.253000000003e+01,  1.500006318092e+00,  3.002757511294e+01,  2.226041793823e+00
  3.263000000012e+01,  1.499982833862e+00,  3.002759859717e+01,  2.224523305893e+00
  3.272999999998e+01,  1.499991297722e+00,  3.002759013331e+01,  2.225523471832e+00
  3.283000000007e+01,  1.499998331070e+00,  3.002758309996e+01,  2.223182916641e+00
  3.293000000017e+01,  1.499969959259e+00,  3.002761147177e+01,  2.226932287216e+00
  3.303000000003e+01,  1.500020027161e+00,  3.002756140387e+01,  2.222001075745e+00
  3.313000000012e+01,  1.499989986420e+00,  3.002759144461e+01,  2.222260475159e+00
  3.322999999998e+01,  1.499994158745e+00,  3.002758727229e+01,  2.224423170090e+00
  3.333000000007e+01,  1.500022292137e+00,  3.002755913890e+01,  2.224937915802e+00
  3.343000000017e+01,  1.499991893768e+00,  3.002758953727e+01,  2.222214937210e+00
  3.353000000003e+01,  1.500003099442e+00,  3.002757833159e+01,  2.221215724945e+00
  3.363000000012e+01,  1.499988913536e+00,  3.002759251750e+01,  2.222979545593e+00
  3.372999999998e+01,  1.500003218651e+00,  3.002757821238e+01,  2.221372365952e+00
  3.383000000007e+01,  1.499969005585e+00,  3.002761242545e+01,  2.221935749054e+00
  3.393000000017e+01,  1.500000834465e+00,  3.002758059657e+01,  2.220168590546e+00
  3.403000000003e+01,  1.499990105629e+00,  3.002759132540e+01,  2.221533775330e+00
  3.413000000012e+01,  1.499977111816e+00,  3.002760431922e+01,  2.221066474915e+00
  3.422999999998e+01,  1.500013470650e+00,  3.002756796038e+01,  2.221684217453e+00
  3.433000000007e+01,  1.499981403351e+00,  3.002760002768e+01,  2.221151828766e+00
  3.443000000017e+01,  1.500006794930e+00,  3.002757463610e+01,  2.221259355545e+00
  3.453000000003e+01,  1.499979376793e+00,  3.002760205424e+01,  2.220316410065e+00
  3.463000000012e+01,  1.499989867210e+00,  3.002759156382e+01,  2.220970869064e+00
  3.472999999998e+01,  1.499982237816e+00,  3.002759919322e+01,  2.222401142120e+00
  3.483000000007e+01,  1.500013351440e+00,  3.002756807959e+01,  2.220140218735e+00
  3.493000000017e+01,  1.500006794930e+00,  3.002757463610e+01,  2.218845367432e+00
  3.503000000003e+01,  1.499992966652e+00,  3.002758846438e+01,  2.218910217285e+00
  3.513000000012e+01,  1.499991893768e+00,  3.002758953727e+01,  2.219066143036e+00
  3.522999999998e+01,  1.499977827072e+00,  3.002760360396e+01,  2.219365119934e+00
  3.533000000007e+01,  1.500019073486e+00,  3.002756235755e+01,  2.216836929321e+00
  3.543000000017e+01,  1.499993920326e+00,  3.002758751071e+01,  2.219527721405e+00
  3.553000000003e+01,  1.499988317490e+00,  3.002759311354e+01,  2.216106176376e+00
  3.563000000012e+01,  1.500001192093e+00,  3.002758023894e+01,  2.215749502182e+00
  3.572999999998e+01,  1.499983072281e+00,  3.002759835875e+01,  2.217165708542e+00
  3.583000000007e+01,  1.499991655350e+00,  3.002758977568e+01,  2.217796325684e+00
  3.593000000017e+01,  1.499983429909e+00,  3.002759800112e+01,  2.215073585510e+00
  3.603000000003e+01,  1.499994993210e+00,  3.002758643782e+01,  2.215545892715e+00
  3.613000000012e+01,  1.500000000000e+00,  3.002758143103e+01,  2.215066671371e+00
  3.622999999998e+01,  1.500011682510e+00,  3.002756974852e+01,  2.214183568954e+00
  3.633000000007e+01,  1.499986052513e+00,  3.002759537852e+01,  2.214355468750e+00
  3.643000000017e+01,  1.499991416931e+00,  3.002759001410e+01,  2.212169170380e+00
  3.653000000003e+01,  1.499987125397e+00,  3.002759430564e+01,  2.213269948959e+00
  3.663000000012e+01,  1.499963641167e+00,  3.002761778987e+01,  2.212684631348e+00
  3.672999999998e+01,  1.499995827675e+00,  3.002758560336e+01,  2.212101459503e+00
  3.683000000007e+01,  1.499956727028e+00,  3.002762470401e+01,  2.212188482285e+00
  3.693000000017e+01,  1.499998569489e+00,  3.002758286154e+01,  2.211373329163e+00
  3.703000000003e+01,  1.500014066696e+00,  3.002756736434e+01,  2.208099126816e+00
  3.713000000012e+01,  1.500004172325e+00,  3.002757725871e+01,  2.209701776505e+00
  3.722999999998e+01,  1.500030994415e+00,  3.002755043662e+01,  2.211298227310e+00
  3.733000000007e+01,  1.499978661537e+00,  3.002760276950e+01,  2.211233139038e+00
  3.743000000017e+01,  1.499993205070e+00,  3.002758822596e+01,  2.207754135132e+00
  3.753000000003e+01,  1.500002861023e+00,  3.002757857001e+01,  2.208926439285e+00
  3.763000000012e+01,  1.499990105629e+00,  3.002759132540e+01,  2.208324193954e+00
  3.772999999998e+01,  1.499996423721e+00,  3.002758500731e+01,  2.208539485931e+00
  3.783000000007e+01,  1.500023722649e+00,  3.002755770838e+01,  2.205825567245e+00
  3.793000000017e+01,  1.500013113022e+00,  3.002756831801e+01,  2.207825899124e+00
  3.803000000003e+01,  1.499999046326e+00,  3.002758238471e+01,  2.210008859634e+00
  3.813000000012e+01,  1.500043511391e+00,  3.002753791964e+01,  2.206844091415e+00
  3.822999999998e+01,  1.500015974045e+00,  3.002756545699e+01,  2.208587169647e+00
  3.833000000007e+01,  1.499977588654e+00,  3.002760384238e+01,  2.207520961761e+00
  3.843000000017e+01,  1.499980568886e+00,  3.002760086215e+01,  2.208777904510e+00
  3.853000000003e+01,  1.499995231628e+00,  3.002758619941e+01,  2.208735227585e+00
  3.863000000012e+01,  1.500004172325e+00,  3.002757725871e+01,  2.208733320236e+00
  3.872999999998e+01,  1.500002026558e+00,  3.002757940448e+01,  2.207456588745e+00
  3.883000000007e+01,  1.500010609627e+00,  3.002757082141e+01,  2.207192420959e+00
  3.893000000017e+01,  1.500000476837e+00,  3.002758095420e+01,  2.206912279129e+00
  3.903000000003e+01,  1.500005006790e+00,  3.002757642424e+01,  2.205256700516e+00
  3.913000000012e+01,  1.500032901764e+00,  3.002754852927e+01,  2.206690073013e+00
  3.922999999998e+01,  1.500031709671e+00,  3.002754972136e+01,  2.206438779831e+00
  3.933000000007e+01,  1.500016331673e+00,  3.002756509936e+01,  2.204616308212e+00
  3.943000000017e+01,  1.500007748604e+00,  3.002757368243e+01,  2.204365968704e+00
  3.953000000003e+01,  1.499983429909e+00,  3.002759800112e+01,  2.201901674271e+00
  3.963000000012e+01,  1.499983072281e+00,  3.002759835875e+01,  2.206525564194e+00
  3.972999999998e+01,  1.499995112419e+00,  3.002758631861e+01,  2.203617334366e+00
  3.983000000007e+01,  1.500019311905e+00,  3.002756211913e+01,  2.202971935272e+00
  3.993000000017e+01,  1.500008583069e+00,  3.002757284796e+01,  2.201362133026e+00
  4.003000000003e+01,  1.499973773956e+00,  3.002760765708e+01,  2.200643062592e+00
  4.013000000012e+01,  1.499999523163e+00,  3.002758190787e+01,  2.202614068985e+00
  4.022999999998e+01,  1.500006437302e+00,  3.002757499373e+01,  2.202825546265e+00
  4.033000000007e+01,  1.500010371208e+00,  3.002757105983e+01,  2.203078031540e+00
  4.043000000017e+01,  1.499984264374e+00,  3.002759716666e+01,  2.203024387360e+00
  4.053000000003e+01,  1.500008702278e+00,  3.002757272876e+01,  2.200839519501e+00
  4.063000000012e+01,  1.499993681908e+00,  3.002758774913e+01,  2.200013160706e+00
  4.072999999998e+01,  1.499998569489e+00,  3.002758286154e+01,  2.201690912247e+00
  4.083000000007e+01,  1.500002741814e+00,  3.002757868922e+01,  2.200613021851e+00
  4.093000000017e+01,  1.499989271164e+00,  3.002759215987e+01,  2.197293758392e+00
  4.103000000003e+01,  1.499974727631e+00,  3.002760670340e+01,  2.201808214188e+00
  4.113000000012e+01,  1.500020861626e+00,  3.002756056941e+01,  2.198623657227e+00
  4.122999999998e+01,  1.499986648560e+00,  3.002759478247e+01,  2.201198577881e+00
  4.133000000007e+01,  1.500027894974e+00,  3.002755353606e+01,  2.195906639099e+00
  4.143000000017e+01,  1.499996542931e+00,  3.002758488810e+01,  2.199651241302e+00
  4.153000000003e+01,  1.499997138977e+00,  3.002758429206e+01,  2.199030160904e+00
  4.163000000012e+01,  1.499997615814e+00,  3.002758381522e+01,  2.195860385895e+00
  4.172999999998e+01,  1.500011324883e+00,  3.002757010615e+01,  2.195781707764e+00
  4.183000000007e+01,  1.499989271164e+00,  3.002759215987e+01,  2.196354389191e+00
  4.193000000017e+01,  1.500006914139e+00,  3.002757451689e+01,  2.194591760635e+00
  4.203000000003e+01,  1.500024199486e+00,  3.002755723155e+01,  2.195394754410e+00
  4.213000000012e+01,  1.500010490417e+00,  3.002757094062e+01,  2.194192171097e+00
  4.222999999998e+01,  1.500003814697e+00,  3.002757761634e+01,  2.196314811707e+00
  4.233000000007e+01,  1.500008940697e+00,  3.002757249034e+01,  2.192306995392e+00
  4.243000000017e+01,  1.500006675720e+00,  3.002757475531e+01,  2.194541931152e+00
  4.253000000003e+01,  1.500000953674e+00,  3.002758047736e+01,  2.194894075394e+00
  4.263000000012e+01,  1.500013947487e+00,  3.002756748355e+01,  2.196088075638e+00
  4.272999999998e+01,  1.499966382980e+00,  3.002761504805e+01,  2.196837186813e+00
  4.283000000007e+01,  1.500013589859e+00,  3.002756784117e+01,  2.194112300873e+00
  4.293000000017e+01,  1.499977231026e+00,  3.002760420001e+01,  2.196004390717e+00
  4.303000000003e+01,  1.500030398369e+00,  3.002755103266e+01,  2.193168878555e+00
  4.313000000012e+01,  1.500006318092e+00,  3.002757511294e+01,  2.192950010300e+00
  4.322999999998e+01,  1.500004172325e+00,  3.002757725871e+01,  2.192301988602e+00
  4.333000000007e+01,  1.499996423721e+00,  3.002758500731e+01,  2.193974733353e+00
  4.343000000017e+01,  1.499976038933e+00,  3.002760539210e+01,  2.191380977631e+00
  4.353000000003e+01,  1.499973654747e+00,  3.002760777629e+01,  2.189678668976e+00
  4.363000000012e+01,  1.499998569489e+00,  3.002758286154e+01,  2.191760778427e+00
  4.372999999998e+01,  1.499998927116e+00,  3.002758250392e+01,  2.189014434814e+00
  4.383000000007e+01,  1.500010967255e+00,  3.002757046378e+01,  2.190008401871e+00
  4.393000000017e+01,  1.499975204468e+00,  3.002760622657e+01,  2.190583229065e+00
  4.403000000003e+01,  1.499985575676e+00,  3.002759585536e+01,  2.190721750259e+00
  4.413000000012e+01,  1.499983072281e+00,  3.002759835875e+01,  2.189022779465e+00
  4.422999999998e+01,  1.499998807907e+00,  3.002758262313e+01,  2.191226243973e+00
  4.433000000007e+01,  1.500003337860e+00,  3.002757809317e+01,  2.190062522888e+00
  4.443000000017e+01,  1.499990820885e+00,  3.002759061015e+01,  2.189168453217e+00
  4.453000000003e+01,  1.499981760979e+00,  3.002759967005e+01,  2.192504167557e+00
  4.463000000012e+01,  1.500018715858e+00,  3.002756271518e+01,  2.188930034637e+00
  4.472999999998e+01,  1.500015377998e+00,  3.002756605304e+01,  2.188672780991e+00
  4.483000000007e+01,  1.499999880791e+00,  3.002758155024e+01,  2.188165426254e+00
  4.493000000017e+01,  1.499994993210e+00,  3.002758643782e+01,  2.188990354538e+00
  4.503000000003e+01,  1.499998092651e+00,  3.002758333838e+01,  2.187302350998e+00
  4.513000000012e+01,  1.500001788139e+00,  3.002757964289e+01,  2.186965703964e+00
  4.522999999998e+01,  1.500005483627e+00,  3.002757594741e+01,  2.186432123184e+00
  4.533000000007e+01,  1.499985694885e+00,  3.002759573615e+01,  2.186061859131e+00
  4.543000000017e+01,  1.500015974045e+00,  3.002756545699e+01,  2.184120893478e+00
  4.553000000003e+01,  1.499997258186e+00,  3.002758417285e+01,  2.187058925629e+00
  4.563000000012e+01,  1.499987363815e+00,  3.002759406722e+01,  2.185203075409e+00
  4.572999999998e+01,  1.500022768974e+00,  3.002755866206e+01,  2.183498382568e+00
  4.583000000007e+01,  1.499975681305e+00,  3.002760574973e+01,  2.182745933533e+00
  4.593000000017e+01,  1.500002980232e+00,  3.002757845080e+01,  2.184132814407e+00
  4.603000000003e+01,  1.500016331673e+00,  3.002756509936e+01,  2.182720422745e+00
  4.613000000012e+01,  1.500005006790e+00,  3.002757642424e+01,  2.182999372482e+00
  4.622999999998e+01,  1.499997615814e+00,  3.002758381522e+01,  2.184039592743e+00
  4.633000000007e+01,  1.499963641167e+00,  3.002761778987e+01,  2.181532144547e+00
  4.643000000017e+01,  1.500003218651e+00,  3.002757821238e+01,  2.182928323746e+00
  4.653000000003e+01,  1.499975442886e+00,  3.002760598815e+01,  2.181119918823e+00
  4.663000000012e+01,  1.500008225441e+00,  3.002757320559e+01,  2.180583953857e+00
  4.672999999998e+01,  1.499981045723e+00,  3.002760038531e+01,  2.181089878082e+00
  4.683000000007e+01,  1.499999642372e+00,  3.002758178866e+01,  2.178266763687e+00
  4.693000000017e+01,  1.499990344048e+00,  3.002759108699e+01,  2.181411266327e+00
  4.703000000003e+01,  1.500028133392e+00,  3.002755329764e+01,  2.181422948837e+00
  4.713000000012e+01,  1.500017166138e+00,  3.002756426490e+01,  2.180699586868e+00
  4.722999999998e+01,  1.500003099442e+00,  3.002757833159e+01,  2.179847240448e+00
  4.733000000007e+01,  1.500004768372e+00,  3.002757666266e+01,  2.179828405380e+00
  4.743000000017e+01,  1.500014424324e+00,  3.002756700671e+01,  2.180635929108e+00
  4.753000000003e+01,  1.499985933304e+00,  3.002759549773e+01,  2.180031776428e+00
  4.763000000012e+01,  1.500013947487e+00,  3.002756748355e+01,  2.177863597870e+00
  4.772999999998e+01,  1.499977707863e+00,  3.002760372317e+01,  2.177999734879e+00
  4.783000000007e+01,  1.499984502792e+00,  3.002759692824e+01,  2.179156064987e+00
  4.793000000017e+01,  1.500014424324e+00,  3.002756700671e+01,  2.176658153534e+00
  4.803000000003e+01,  1.500020146370e+00,  3.002756128466e+01,  2.176923274994e+00
  4.813000000012e+01,  1.500009179115e+00,  3.002757225192e+01,  2.180208206177e+00
  4.822999999998e+01,  1.500013470650e+00,  3.002756796038e+01,  2.177540063858e+00
  4.833000000007e+01,  1.500010132790e+00,  3.002757129824e+01,  2.177031040192e+00
  4.843000000017e+01,  1.500023007393e+00,  3.002755842364e+01,  2.176284074783e+00
  4.853000000003e+01,  1.500022888184e+00,  3.002755854285e+01,  2.177802324295e+00
  4.863000000012e+01,  1.499989151955e+00,  3.002759227908e+01,  2.176339149475e+00
  4.872999999998e+01,  1.500000715256e+00,  3.002758071578e+01,  2.173979759216e+00
  4.883000000007e+01,  1.499992489815e+00,  3.002758894122e+01,  2.172970533371e+00
  4.893000000017e+01,  1.499998450279e+00,  3.002758298075e+01,  2.173298597336e+00
  4.903000000003e+01,  1.500013828278e+00,  3.002756760276e+01,  2.174384832382e+00
  4.913000000012e+01,  1.499996423721e+00,  3.002758500731e+01,  2.174149990082e+00
  4.922999999998e+01,  1.500005125999e+00,  3.002757630503e+01,  2.175658702850e+00
  4.933000000007e+01,  1.499998807907e+00,  3.002758262313e+01,  2.174410581589e+00
  4.943000000017e+01,  1.499998211861e+00,  3.002758321917e+01,  2.174143791199e+00
  4.953000000003e+01,  1.500007867813e+00,  3.002757356322e+01,  2.171375989914e+00
  4.963000000012e+01,  1.500020861626e+00,  3.002756056941e+01,  2.174577951431e+00
  4.972999999998e+01,  1.499984264374e+00,  3.002759716666e+01,  2.173769712448e+00
  4.983000000007e+01,  1.500005722046e+00,  3.002757570899e+01,  2.171612024307e+00
  4.993000000017e+01,  1.500009179115e+00,  3.002757225192e+01,  2.173444032669e+00
  5.003000000003e+01,  1.499988555908e+00,  3.002759287513e+01,  2.173002004623e+00
  5.013000000012e+01,  1.499990701675e+00,  3.002759072936e+01,  2.169950246811e+00
  5.022999999998e+01,  1.499986529350e+00,  3.002759490168e+01,  2.171792030334e+00
  5.033000000007e+01,  1.499964714050e+00,  3.002761671698e+01,  2.170825004578e+00
  5.043000000017e+01,  1.500013589859e+00,  3.002756784117e+01,  2.170542478561e+00
  5.053000000003e+01,  1.499983906746e+00,  3.002759752429e+01,  2.170807838440e+00
  5.063000000012e+01,  1.499998092651e+00,  3.002758333838e+01,  2.170656919479e+00
  5.072999999998e+01,  1.500004172325e+00,  3.002757725871e+01,  2.172416687012e+00
  5.083000000007e+01,  1.500008463860e+00,  3.002757296717e+01,  2.172280311584e+00
  5.093000000017e+01,  1.500025153160e+00,  3.002755627787e+01,  2.169514656067e+00
  5.103000000003e+01,  1.500004053116e+00,  3.002757737792e+01,  2.169768333435e+00
  5.113000000012e+01,  1.500030994415e+00,  3.002755043662e+01,  2.170238018036e+00
  5.122999999998e+01,  1.500001668930e+00,  3.002757976210e+01,  2.170511007309e+00
  5.133000000007e+01,  1.499984860420e+00,  3.002759657061e+01,  2.167470932007e+00
  5.143000000017e+01,  1.499972820282e+00,  3.002760861075e+01,  2.169134616852e+00
  5.153000000003e+01,  1.499989509583e+00,  3.002759192145e+01,  2.169656991959e+00
  5.163000000012e+01,  1.500007390976e+00,  3.002757404006e+01,  2.168294191360e+00
  5.172999999998e+01,  1.499995708466e+00,  3.002758572257e+01,  2.167711019516e+00
  5.183000000007e+01,  1.499965667725e+00,  3.002761576331e+01,  2.168084383011e+00
  5.193000000017e+01,  1.500008225441e+00,  3.002757320559e+01,  2.167742729187e+00
  5.203000000003e+01,  1.500003099442e+00,  3.002757833159e+01,  2.169032096863e+00
  5.213000000012e+01,  1.500027060509e+00,  3.002755437052e+01,  2.167715311050e+00
  5.222999999998e+01,  1.500019788742e+00,  3.002756164229e+01,  2.167002439499e+00
  5.233000000007e+01,  1.500006914139e+00,  3.002757451689e+01,  2.165288686752e+00
  5.243000000017e+01,  1.499986171722e+00,  3.002759525931e+01,  2.167150974274e+00
  5.253000000003e+01,  1.499973654747e+00,  3.002760777629e+01,  2.167412519455e+00
  5.263000000012e+01,  1.500019907951e+00,  3.002756152308e+01,  2.167181491852e+00
  5.272999999998e+01,  1.499987125397e+00,  3.002759430564e+01,  2.167066335678e+00
  5.283000000007e+01,  1.500018239021e+00,  3.002756319201e+01,  2.165949583054e+00
  5.293000000017e+01,  1.499970674515e+00,  3.002761075652e+01,  2.166346311569e+00
  5.303000000003e+01,  1.499985456467e+00,  3.002759597457e+01,  2.164235591888e+00
  5.313000000012e+01,  1.500002026558e+00,  3.002757940448e+01,  2.166029930115e+00
  5.322999999998e+01,  1.500009775162e+00,  3.002757165587e+01,  2.166655778885e+00
  5.333000000007e+01,  1.499979734421e+00,  3.002760169661e+01,  2.164734601974e+00
  5.343000000017e+01,  1.499973416328e+00,  3.002760801471e+01,  2.162516355515e+00
  5.353000000003e+01,  1.499977111816e+00,  3.002760431922e+01,  2.164764881134e+00
  5.363000000012e+01,  1.499992489815e+00,  3.002758894122e+01,  2.165776014328e+00
  5.372999999998e+01,  1.499956846237e+00,  3.002762458480e+01,  2.164672851563e+00
  5.383000000007e+01,  1.499993205070e+00,  3.002758822596e+01,  2.163053274155e+00
  5.393000000017e+01,  1.499984145164e+00,  3.002759728587e+01,  2.161722421646e+00
  5.403000000003e+01,  1.500002980232e+00,  3.002757845080e+01,  2.162743091583e+00
  5.413000000012e+01,  1.500004172325e+00,  3.002757725871e+01,  2.161756038666e+00
  5.422999999998e+01,  1.500012159348e+00,  3.002756927169e+01,  2.164799928665e+00
  5.433000000007e+01,  1.500018000603e+00,  3.002756343043e+01,  2.162466287613e+00
  5.443000000017e+01,  1.499983310699e+00,  3.002759812033e+01,  2.162608861923e+00
  5.453000000003e+01,  1.500016927719e+00,  3.002756450331e+01,  2.162513732910e+00
  5.463000000012e+01,  1.499961972237e+00,  3.002761945880e+01,  2.164575815201e+00
  5.472999999998e+01,  1.499990105629e+00,  3.002759132540e+01,  2.159125566483e+00
  5.483000000007e+01,  1.499991416931e+00,  3.002759001410e+01,  2.161203861237e+00
  5.493000000017e+01,  1.500020027161e+00,  3.002756140387e+01,  2.161501884460e+00
  5.503000000003e+01,  1.500012278557e+00,  3.002756915248e+01,  2.160364627838e+00
  5.513000000012e+01,  1.500000715256e+00,  3.002758071578e+01,  2.158837318420e+00
  5.522999999998e+01,  1.499991297722e+00,  3.002759013331e+01,  2.159649610519e+00
  5.533000000007e+01,  1.500009775162e+00,  3.002757165587e+01,  2.159296274185e+00
  5.543000000017e+01,  1.499998688698e+00,  3.002758274234e+01,  2.158466100693e+00
  5.553000000003e+01,  1.500003457069e+00,  3.002757797396e+01,  2.158645868301e+00
  5.563000000012e+01,  1.499996185303e+00,  3.002758524573e+01,  2.159341573715e+00
  5.572999999998e+01,  1.499976873398e+00,  3.002760455764e+01,  2.157889366150e+00
  5.583000000007e+01,  1.499991774559e+00,  3.002758965647e+01,  2.155718564987e+00
  5.593000000017e+01,  1.500006675720e+00,  3.002757475531e+01,  2.156385421753e+00
  5.603000000003e+01,  1.499990940094e+00,  3.002759049094e+01,  2.154207944870e+00
  5.613000000012e+01,  1.499994277954e+00,  3.002758715308e+01,  2.154426336288e+00
  5.622999999998e+01,  1.500017166138e+00,  3.002756426490e+01,  2.156436681747e+00
  5.633000000007e+01,  1.500002145767e+00,  3.002757928527e+01,  2.154699325562e+00
  5.643000000017e+01,  1.499994397163e+00,  3.002758703387e+01,  2.152903556824e+00
  5.653000000003e+01,  1.499999046326e+00,  3.002758238471e+01,  2.153758525848e+00
  5.663000000012e+01,  1.500028252602e+00,  3.002755317843e+01,  2.156826972961e+00
  5.672999999998e+01,  1.500029325485e+00,  3.002755210555e+01,  2.151994466782e+00
  5.683000000007e+01,  1.500015497208e+00,  3.002756593383e+01,  2.156242370605e+00
  5.693000000017e+01,  1.500023722649e+00,  3.002755770838e+01,  2.152594566345e+00
  5.703000000003e+01,  1.499992966652e+00,  3.002758846438e+01,  2.152227640152e+00
  5.713000000012e+01,  1.500012040138e+00,  3.002756939090e+01,  2.155815362930e+00
  5.722999999998e+01,  1.499970078468e+00,  3.002761135257e+01,  2.152806043625e+00
  5.733000000007e+01,  1.499983072281e+00,  3.002759835875e+01,  2.153588294983e+00
  5.743000000017e+01,  1.499988198280e+00,  3.002759323275e+01,  2.154577732086e+00
  5.753000000003e+01,  1.499998927116e+00,  3.002758250392e+01,  2.152438879013e+00
  5.763000000012e+01,  1.500000715256e+00,  3.002758071578e+01,  2.153604030609e+00
  5.772999999998e+01,  1.500016689301e+00,  3.002756474173e+01,  2.150965452194e+00
  5.783000000007e+01,  1.499996066093e+00,  3.002758536494e+01,  2.150754690170e+00
  5.793000000017e+01,  1.499998092651e+00,  3.002758333838e+01,  2.152086019516e+00
  5.803000000003e+01,  1.499996542931e+00,  3.002758488810e+01,  2.155781030655e+00
  5.813000000012e+01,  1.500027060509e+00,  3.002755437052e+01,  2.153217077255e+00
  5.822999999998e+01,  1.499994516373e+00,  3.002758691466e+01,  2.154397010803e+00
  5.833000000007e+01,  1.499991416931e+00,  3.002759001410e+01,  2.153049945831e+00
  5.843000000017e+01,  1.499963045120e+00,  3.002761838591e+01,  2.153346776962e+00
  5.853000000003e+01,  1.499998092651e+00,  3.002758333838e+01,  2.151662111282e+00
  5.863000000012e+01,  1.500024318695e+00,  3.002755711234e+01,  2.154388666153e+00
  5.872999999998e+01,  1.499990701675e+00,  3.002759072936e+01,  2.152678966522e+00
  5.883000000007e+01,  1.500008106232e+00,  3.002757332480e+01,  2.149413824081e+00
  5.893000000017e+01,  1.500009775162e+00,  3.002757165587e+01,  2.150801897049e+00
  5.903000000003e+01,  1.499986886978e+00,  3.002759454406e+01,  2.151542425156e+00
  5.913000000012e+01,  1.500007867813e+00,  3.002757356322e+01,  2.149319171906e+00
  5.922999999998e+01,  1.499996542931e+00,  3.002758488810e+01,  2.149350881577e+00
  5.933000000007e+01,  1.500008225441e+00,  3.002757320559e+01,  2.150993108749e+00
  5.943000000017e+01,  1.499998092651e+00,  3.002758333838e+01,  2.150375366211e+00
  5.953000000003e+01,  1.499981641769e+00,  3.002759978926e+01,  2.145582914352e+00
  5.963000000012e+01,  1.499984741211e+00,  3.002759668982e+01,  2.148827791214e+00
  5.972999999998e+01,  1.499991059303e+00,  3.002759037173e+01,  2.148600101471e+00
  5.983000000007e+01,  1.499995827675e+00,  3.002758560336e+01,  2.146087169647e+00
  5.993000000017e+01,  1.499973297119e+00,  3.002760813391e+01,  2.145510196686e+00
  6.003000000003e+01,  1.499986529350e+00,  3.002759490168e+01,  2.149100303650e+00
  6.013000000012e+01,  1.499973535538e+00,  3.002760789550e+01,  2.148587226868e+00
  6.022999999998e+01,  1.500007033348e+00,  3.002757439769e+01,  2.146584272385e+00
  6.033000000007e+01,  1.500018477440e+00,  3.002756295359e+01,  2.144818305969e+00
  6.043000000017e+01,  1.500010967255e+00,  3.002757046378e+01,  2.147026538849e+00
  6.053000000003e+01,  1.500038623810e+00,  3.002754280722e+01,  2.146505832672e+00
  6.063000000012e+01,  1.500028133392e+00,  3.002755329764e+01,  2.146141767502e+00
  6.072999999998e+01,  1.500001192093e+00,  3.002758023894e+01,  2.146529912949e+00
  6.083000000007e+01,  1.500027298927e+00,  3.002755413211e+01,  2.148072719574e+00
  6.093000000017e+01,  1.499992609024e+00,  3.002758882201e+01,  2.145852565765e+00
  6.103000000003e+01,  1.499987840652e+00,  3.002759359038e+01,  2.148748874664e+00
  6.113000000012e+01,  1.500011920929e+00,  3.002756951010e+01,  2.144671678543e+00
  6.122999999998e+01,  1.500023365021e+00,  3.002755806601e+01,  2.145159006119e+00
  6.133000000007e+01,  1.499984264374e+00,  3.002759716666e+01,  2.148604154587e+00
  6.143000000017e+01,  1.500006437302e+00,  3.002757499373e+01,  2.142715215683e+00
  6.153000000003e+01,  1.499996066093e+00,  3.002758536494e+01,  2.146011114120e+00
  6.163000000012e+01,  1.499985218048e+00,  3.002759621299e+01,  2.146582365036e+00
  6.172999999998e+01,  1.500011920929e+00,  3.002756951010e+01,  2.142690658569e+00
  6.183000000007e+01,  1.500009417534e+00,  3.002757201350e+01,  2.141857862473e+00
  6.193000000017e+01,  1.499997735023e+00,  3.002758369601e+01,  2.144125938416e+00
  6.203000000003e+01,  1.500008702278e+00,  3.002757272876e+01,  2.143691301346e+00
  6.204000000004e+01,  1.500011444092e+00,  3.002756998694e+01,  2.142949342728e+00
  6.204099999997e+01,  1.500007987022e+00,  3.002757344401e+01,  2.142908811569e+00
  6.204399999999e+01,  1.500008225441e+00,  3.002757320559e+01,  2.142829418182e+00
  6.214400000009e+01,  1.499839901924e+00,  3.002774152911e+01,  2.142912149429e+00
  6.221700000018e+01,  1.489804744720e+00,  3.003777668631e+01,  2.142466068268e+00
  6.223999999999e+01,  1.479665279388e+00,  3.004791615165e+01,  2.113315105438e+00
  6.225150000001e+01,  1.469417095184e+00,  3.005816433585e+01,  2.086238384247e+00
  6.225950000016e+01,  1.458789348602e+00,  3.006879208243e+01,  2.078652858734e+00
  6.226600000006e+01,  1.448729991913e+00,  3.007885143912e+01,  2.068646907806e+00
  6.227249999996e+01,  1.437949657440e+00,  3.008963177359e+01,  2.051518917084e+00
  6.227850000001e+01,  1.427562236786e+00,  3.010001919425e+01,  2.038587093353e+00
  6.228450000007e+01,  1.417041301727e+00,  3.011054012931e+01,  2.022710323334e+00
  6.229050000012e+01,  1.406688213348e+00,  3.012089321769e+01,  2.010446071625e+00
  6.229700000002e+01,  1.396090984344e+00,  3.013149044669e+01,  1.994220376015e+00
  6.230400000000e+01,  1.385928630829e+00,  3.014165280020e+01,  1.980746865273e+00
  6.231200000015e+01,  1.375850200653e+00,  3.015173123038e+01,  1.947978615761e+00
  6.232050000015e+01,  1.365500926971e+00,  3.016208050406e+01,  1.918590188026e+00
  6.232850000006e+01,  1.355346202850e+00,  3.017223522818e+01,  1.897540688515e+00
  6.233649999998e+01,  1.344722270966e+00,  3.018285916007e+01,  1.869617104530e+00
  6.234349999996e+01,  1.334685802460e+00,  3.019289562857e+01,  1.848643898964e+00
  6.235050000018e+01,  1.324153423309e+00,  3.020342800772e+01,  1.835017800331e+00
  6.235750000016e+01,  1.313739299774e+00,  3.021384213126e+01,  1.817996621132e+00
  6.236499999999e+01,  1.303176403046e+00,  3.022440502799e+01,  1.799739480019e+00
  6.237300000014e+01,  1.293017864227e+00,  3.023456356681e+01,  1.779933571815e+00
  6.238250000007e+01,  1.282550334930e+00,  3.024503109610e+01,  1.758781075478e+00
  6.239400000009e+01,  1.272403240204e+00,  3.025517819083e+01,  1.737483620644e+00
  6.240800000005e+01,  1.262237071991e+00,  3.026534435904e+01,  1.700973153114e+00
  6.242050000001e+01,  1.251931667328e+00,  3.027564976371e+01,  1.678928017616e+00
  6.243100000010e+01,  1.241786479950e+00,  3.028579495108e+01,  1.661056160927e+00
  6.244050000003e+01,  1.231734752655e+00,  3.029584667838e+01,  1.645629525185e+00
  6.244999999995e+01,  1.221442699432e+00,  3.030613873160e+01,  1.629016518593e+00
  6.245950000011e+01,  1.211412072182e+00,  3.031616935885e+01,  1.608988404274e+00
  6.246950000012e+01,  1.201362252235e+00,  3.032621917880e+01,  1.587946534157e+00
  6.247999999998e+01,  1.191341042519e+00,  3.033624038851e+01,  1.566004395485e+00
  6.249100000015e+01,  1.181129097939e+00,  3.034645233309e+01,  1.544466614723e+00
  6.250200000009e+01,  1.170940041542e+00,  3.035664138949e+01,  1.523909211159e+00
  6.251300000004e+01,  1.160661339760e+00,  3.036692009127e+01,  1.503588318825e+00
  6.252399999998e+01,  1.150243401527e+00,  3.037733802951e+01,  1.483290314674e+00
  6.253450000007e+01,  1.140182137489e+00,  3.038739929354e+01,  1.460184693336e+00
  6.254450000008e+01,  1.130107522011e+00,  3.039747390902e+01,  1.438128113747e+00
  6.255400000000e+01,  1.119868874550e+00,  3.040771255648e+01,  1.420359253883e+00
  6.256300000008e+01,  1.109759926796e+00,  3.041782150424e+01,  1.405581116676e+00
  6.257200000016e+01,  1.099647164345e+00,  3.042793426669e+01,  1.389376282692e+00
  6.258150000009e+01,  1.089244484901e+00,  3.043833694613e+01,  1.370993256569e+00
  6.259150000010e+01,  1.078982949257e+00,  3.044859848178e+01,  1.351153016090e+00
  6.260199999996e+01,  1.068948388100e+00,  3.045863304293e+01,  1.327135682106e+00
  6.261300000013e+01,  1.058564782143e+00,  3.046901664889e+01,  1.303629517555e+00
  6.262349999999e+01,  1.048246026039e+00,  3.047933540499e+01,  1.283075928688e+00
  6.263350000000e+01,  1.038121819496e+00,  3.048945961154e+01,  1.264612793922e+00
  6.264350000001e+01,  1.027886986732e+00,  3.049969444430e+01,  1.245752930641e+00
  6.265350000001e+01,  1.017774224281e+00,  3.050980720675e+01,  1.227057099342e+00
  6.266400000011e+01,  1.007382988930e+00,  3.052019844210e+01,  1.204062104225e+00
  6.267449999996e+01,  9.969918131828e-01,  3.053058961785e+01,  1.182905793190e+00
  6.268449999997e+01,  9.868523478508e-01,  3.054072908318e+01,  1.165140748024e+00
  6.269449999998e+01,  9.765755534172e-01,  3.055100587762e+01,  1.147654175758e+00
  6.270449999999e+01,  9.663527011871e-01,  3.056122872985e+01,  1.131482005119e+00
  6.271500000008e+01,  9.559080600739e-01,  3.057167337096e+01,  1.112297892570e+00
  6.272550000018e+01,  9.456694126129e-01,  3.058191201842e+01,  1.092305064201e+00
  6.273600000003e+01,  9.354288578033e-01,  3.059215257323e+01,  1.070851206779e+00
  6.274650000012e+01,  9.250261783600e-01,  3.060255525267e+01,  1.052121043205e+00
  6.275699999998e+01,  9.145510196686e-01,  3.061303041136e+01,  1.033120036125e+00
  6.276750000007e+01,  9.041254520416e-01,  3.062345597899e+01,  1.014626383781e+00
  6.277800000017e+01,  8.937723636627e-01,  3.063380906737e+01,  9.942826032639e-01
  6.278850000002e+01,  8.834612369537e-01,  3.064412019408e+01,  9.739845991135e-01
  6.279900000012e+01,  8.729898929596e-01,  3.065459153807e+01,  9.528626203537e-01
  6.280900000012e+01,  8.628618717194e-01,  3.066471955931e+01,  9.339874982834e-01
  6.281900000013e+01,  8.526880741119e-01,  3.067489335692e+01,  9.169167280197e-01
  6.282900000014e+01,  8.425905704498e-01,  3.068499086058e+01,  9.008187055588e-01
  6.283900000015e+01,  8.325769901276e-01,  3.069500444091e+01,  8.842781782150e-01
  6.284950000001e+01,  8.221743106842e-01,  3.070540712035e+01,  8.673104047775e-01
  6.286000000010e+01,  8.118212223053e-01,  3.071576020873e+01,  8.483170270920e-01
  6.287049999996e+01,  8.014643192291e-01,  3.072611711180e+01,  8.290833234787e-01
  6.288100000005e+01,  7.910234928131e-01,  3.073655793822e+01,  8.097199201584e-01
  6.289100000006e+01,  7.809526920319e-01,  3.074662873900e+01,  7.935723066330e-01
  6.290100000007e+01,  7.708895206451e-01,  3.075669191039e+01,  7.751816511154e-01
  6.291100000008e+01,  7.608454227448e-01,  3.076673600829e+01,  7.578324079514e-01
  6.292100000009e+01,  7.508051395416e-01,  3.077677629149e+01,  7.390450239182e-01
  6.293100000010e+01,  7.407495975494e-01,  3.078683183348e+01,  7.213181257248e-01
  6.294100000011e+01,  7.307360172272e-01,  3.079684541381e+01,  7.018746137619e-01
  6.295100000012e+01,  7.206614017487e-01,  3.080692002928e+01,  6.854408979416e-01
  6.296100000013e+01,  7.104431390762e-01,  3.081713829196e+01,  6.685728430748e-01
  6.297100000014e+01,  7.002121210098e-01,  3.082736931002e+01,  6.541799902916e-01
  6.298100000015e+01,  6.900840997696e-01,  3.083749733126e+01,  6.382574439049e-01
  6.299100000015e+01,  6.800628900528e-01,  3.084751854098e+01,  6.233000159264e-01
  6.300150000001e+01,  6.696678400040e-01,  3.085791359103e+01,  6.050161719322e-01
  6.301200000010e+01,  6.593796014786e-01,  3.086820182955e+01,  5.884146094322e-01
  6.302249999996e+01,  6.489998102188e-01,  3.087858162081e+01,  5.700392127037e-01
  6.303249999997e+01,  6.389747858047e-01,  3.088860664523e+01,  5.541777014732e-01
  6.304249999998e+01,  6.289192438126e-01,  3.089866218722e+01,  5.375570654869e-01
  6.305249999999e+01,  6.188789606094e-01,  3.090870247042e+01,  5.206808447838e-01
  6.306250000000e+01,  6.088730096817e-01,  3.091870842135e+01,  5.026602149010e-01
  6.307300000009e+01,  5.984169244766e-01,  3.092916450656e+01,  4.862036108971e-01
  6.308349999995e+01,  5.879913568497e-01,  3.093959007418e+01,  4.682516455650e-01
  6.309400000004e+01,  5.775734186172e-01,  3.095000801242e+01,  4.512762427330e-01
  6.310450000013e+01,  5.671097040176e-01,  3.096047172702e+01,  4.360403418541e-01
  6.311499999999e+01,  5.566612482071e-01,  3.097092018283e+01,  4.212011694908e-01
  6.312550000008e+01,  5.462318658829e-01,  3.098134956515e+01,  4.045271277428e-01
  6.313600000017e+01,  5.358139276505e-01,  3.099176750338e+01,  3.881811499596e-01
  6.314650000003e+01,  5.253807306290e-01,  3.100220070040e+01,  3.719457983971e-01
  6.315700000012e+01,  5.150161981583e-01,  3.101256523288e+01,  3.548139929771e-01
  6.316749999998e+01,  5.046554803848e-01,  3.102292595065e+01,  3.380483984947e-01
  6.317800000007e+01,  4.943061769009e-01,  3.103327525413e+01,  3.217710852623e-01
  6.318850000016e+01,  4.838767945766e-01,  3.104370463646e+01,  3.054518103600e-01
  6.319850000017e+01,  4.738288819790e-01,  3.105375254905e+01,  2.904409766197e-01
  6.320849999995e+01,  4.637424945831e-01,  3.106383893645e+01,  2.760076224804e-01
  6.321849999996e+01,  4.536602497101e-01,  3.107392118132e+01,  2.598180472851e-01
  6.322849999997e+01,  4.435589313507e-01,  3.108402249968e+01,  2.445058524609e-01
  6.323849999998e+01,  4.334995746613e-01,  3.109408185637e+01,  2.316541373730e-01
  6.324900000007e+01,  4.230854511261e-01,  3.110449597991e+01,  2.173337638378e-01
  6.325950000016e+01,  4.127056598663e-01,  3.111487577117e+01,  2.013578116894e-01
  6.327000000002e+01,  4.022076129913e-01,  3.112537381804e+01,  1.872701346874e-01
  6.328000000003e+01,  3.920948505402e-01,  3.113548658049e+01,  1.731176078320e-01
  6.329000000004e+01,  3.819820880890e-01,  3.114559934294e+01,  1.580075919628e-01
  6.330000000005e+01,  3.718731403351e-01,  3.115570829070e+01,  1.432370841503e-01
  6.331000000006e+01,  3.617756366730e-01,  3.116580579436e+01,  1.300725638866e-01
  6.332050000015e+01,  3.512814044952e-01,  3.117630002654e+01,  1.162213981152e-01
  6.333100000001e+01,  3.408787250519e-01,  3.118670270598e+01,  1.028890311718e-01
  6.334150000010e+01,  3.303997516632e-01,  3.119718167937e+01,  8.881661295891e-02
  6.335150000011e+01,  3.202259540558e-01,  3.120735547698e+01,  7.662865519524e-02
  6.336150000012e+01,  3.099644184113e-01,  3.121761701262e+01,  6.661888957024e-02
  6.337150000012e+01,  2.997753620148e-01,  3.122780606902e+01,  5.639359727502e-02
  6.338150000013e+01,  2.897274494171e-01,  3.123785398162e+01,  4.562279954553e-02
  6.339199999999e+01,  2.793323993683e-01,  3.124824903167e+01,  3.468987718225e-02
  6.340250000008e+01,  2.690250873566e-01,  3.125855634368e+01,  2.294632978737e-02
  6.341300000018e+01,  2.586147785187e-01,  3.126896665251e+01,  1.022050064057e-02
  6.342299999995e+01,  2.484981864691e-01,  3.127908324456e+01,  4.720414290205e-04
  6.343299999996e+01,  2.383625358343e-01,  3.128921889520e+01, -9.343174286187e-03
  6.344299999997e+01,  2.283375114202e-01,  3.129924391961e+01, -1.884940080345e-02
  6.345350000006e+01,  2.179920524359e-01,  3.130958937860e+01, -2.744963578880e-02
  6.346400000015e+01,  2.077552825212e-01,  3.131982614851e+01, -3.796906396747e-02
  6.347450000001e+01,  1.973964720964e-01,  3.133018495894e+01, -4.710717126727e-02
  6.348450000002e+01,  1.872951537371e-01,  3.134028627730e+01, -5.168290063739e-02
  6.349450000003e+01,  1.770908385515e-01,  3.135049059248e+01, -5.151766166091e-02
  6.350450000004e+01,  1.670238524675e-01,  3.136055757857e+01, -4.456537589431e-02
  6.351500000013e+01,  1.566402465105e-01,  3.137094118452e+01, -3.521364554763e-02
  6.352549999999e+01,  1.462757140398e-01,  3.138130571699e+01, -2.806871756911e-02
  6.353550000000e+01,  1.361438781023e-01,  3.139143755293e+01, -1.747339591384e-02
  6.354550000001e+01,  1.259090453386e-01,  3.140167238569e+01, -1.256113965064e-02
  6.355550000002e+01,  1.155826523900e-01,  3.141199877864e+01, -1.225589681417e-02
  6.356550000003e+01,  1.053897812963e-01,  3.142219164974e+01, -1.275615859777e-02
  6.357600000012e+01,  9.499282389879e-02,  3.143258860713e+01, -1.173870731145e-02
  6.358649999998e+01,  8.475989848375e-02,  3.144282153255e+01, -1.703684404492e-02
  6.359649999999e+01,  7.463569194078e-02,  3.145294573909e+01, -1.461874414235e-02
  6.360649999999e+01,  6.428260356188e-02,  3.146329882747e+01, -1.416807342321e-02
  6.361650000000e+01,  5.386085435748e-02,  3.147372057668e+01, -1.224874425679e-02
  6.362650000001e+01,  4.364509508014e-02,  3.148393633595e+01, -1.018546987325e-02
  6.363700000010e+01,  3.349227830768e-02,  3.149408915273e+01, -6.904889829457e-03
  6.364850000013e+01,  2.347297593951e-02,  3.150410845509e+01, -7.186223752797e-03
  6.366200000001e+01,  1.343650743365e-02,  3.151414492360e+01, -3.323842771351e-03
  6.368150000018e+01,  3.261755686253e-03,  3.152431967535e+01, -2.535899169743e-03
  6.368299999996e+01,  2.709578257054e-03,  3.152487185278e+01, -2.825816161931e-03
  6.368400000012e+01,  2.366255503148e-03,  3.152521517553e+01, -2.907832153141e-03
  6.369200000004e+01,  1.298892893828e-04,  3.152745154174e+01, -3.097579814494e-03
  6.369500000007e+01, -4.842769703828e-04,  3.152806570800e+01, -3.739402629435e-03
  6.392100000009e+01, -2.490395214409e-03,  3.153007182625e+01, -1.271044742316e-02
  6.392200000002e+01, -2.484032418579e-03,  3.153006546345e+01, -1.270410697907e-02
