           Test time,     Standard travel,     Tool separation,      Standard force
                 0.0,                 0.0,  2.554556683275e+01, -1.208913139999e-02
                 0.0,                 0.0,  2.554557029727e+01, -1.206576637924e-02
                 0.0,                 0.0,  2.554556313400e+01, -1.155188493431e-02
                 0.0,                 0.0,  2.554556648401e+01, -1.138867158443e-02
                 0.0,                 0.0,  2.554556355221e+01, -1.133061666042e-02
                 0.0,                 0.0,  2.554558742851e+01, -1.317692082375e-02
  0.000000000000e+00,  0.000000000000e+00,  2.554558716401e+01, -1.358413975686e-02
  8.000001311302e-03,  1.346893259324e-05,  2.554557369508e+01, -1.366350334138e-02
  1.099999248981e-02,  1.352574327029e-05,  2.554557363827e+01, -1.407549064606e-02
  1.299999654293e-02,  1.071873703040e-05,  2.554557644528e+01, -1.437303703278e-02
  1.399999856949e-02,  1.506242551841e-05,  2.554557210159e+01, -1.448104064912e-02
  1.145000010729e-01, -4.106666892767e-06,  2.554559127068e+01, -1.281893625855e-02
  2.150000035763e-01, -6.340304025798e-06,  2.554559350432e+01, -1.364322379231e-02
  3.155000060797e-01,  5.637216236209e-05,  2.554553079185e+01, -1.112484000623e-02
  4.039999991655e-01,  1.006066147238e-02,  2.553552650254e+01, -1.156617887318e-02
  4.255000054836e-01,  2.030544169247e-02,  2.552528172232e+01,  5.894272122532e-03
  4.369999915361e-01,  3.054981119931e-02,  2.551503735281e+01,  1.360210590065e-02
  4.449999928474e-01,  4.064349830151e-02,  2.550494366571e+01,  1.553186587989e-02
  4.519999921322e-01,  5.134753882885e-02,  2.549423962518e+01,  6.870596203953e-03
  4.580000042915e-01,  6.135730445385e-02,  2.548422985956e+01,  1.528112567030e-03
  4.640000015497e-01,  7.183246314526e-02,  2.547375470087e+01, -5.979211535305e-03
  4.699999988079e-01,  8.241443336010e-02,  2.546317273065e+01, -1.082006283104e-02
  4.759999960661e-01,  9.285525977612e-02,  2.545273190424e+01, -1.907888241112e-02
  4.825000017881e-01,  1.035974472761e-01,  2.544198971674e+01, -1.872721500695e-02
  4.889999926090e-01,  1.137483566999e-01,  2.543183880731e+01, -2.755752392113e-02
  4.965000003576e-01,  1.241739243269e-01,  2.542141323969e+01, -2.237859554589e-02
  5.045000016689e-01,  1.343706101179e-01,  2.541121655390e+01, -1.415792293847e-02
  5.129999965429e-01,  1.449258774519e-01,  2.540066128656e+01, -9.138735011220e-03
  5.209999978542e-01,  1.549966782331e-01,  2.539059048578e+01, -5.295427050442e-03
  5.289999991655e-01,  1.655023545027e-01,  2.538008480951e+01,  5.834981566295e-04
  5.364999920130e-01,  1.761262863874e-01,  2.536946087763e+01, -3.136785235256e-03
  5.435000061989e-01,  1.863801926374e-01,  2.535920697138e+01, -1.302448101342e-02
  5.509999990463e-01,  1.970079392195e-01,  2.534857922479e+01, -1.863780803978e-02
  5.590000003576e-01,  2.075441330671e-01,  2.533804303095e+01, -2.130809612572e-02
  5.674999952316e-01,  2.176759690046e-01,  2.532791119501e+01, -2.238719351590e-02
  5.775000005960e-01,  2.280424088240e-01,  2.531754475519e+01, -2.679924853146e-02
  5.904999971390e-01,  2.383382767439e-01,  2.530724888727e+01, -1.371364481747e-02
  6.044999957085e-01,  2.485826462507e-01,  2.529700451776e+01,  2.397729549557e-03
  6.159999966621e-01,  2.587869763374e-01,  2.528680018768e+01,  5.039943847805e-03
  6.260000020266e-01,  2.691000103951e-01,  2.527648715362e+01,  1.233829534613e-03
  6.354999989271e-01,  2.796018719673e-01,  2.526598529205e+01, -4.714237060398e-03
  6.449999958277e-01,  2.900884747505e-01,  2.525549868926e+01, -9.349571540952e-03
  6.550000011921e-01,  3.005331158638e-01,  2.524505404815e+01, -1.019357331097e-02
  6.655000001192e-01,  3.106859326363e-01,  2.523490123138e+01, -8.327709510922e-03
  6.764999926090e-01,  3.207333981991e-01,  2.522485376581e+01, -3.877522423863e-03
  6.879999935627e-01,  3.311627805233e-01,  2.521442438349e+01, -1.857073977590e-03
  6.990000009537e-01,  3.413728177547e-01,  2.520421434626e+01, -1.522497972474e-03
  7.099999934435e-01,  3.518212735653e-01,  2.519376589045e+01, -8.912159246393e-04
  7.204999923706e-01,  3.618863523006e-01,  2.518370081171e+01, -8.479860844091e-05
  7.310000061989e-01,  3.721345365047e-01,  2.517345262751e+01,  3.751356387511e-03
  7.409999966621e-01,  3.824151456356e-01,  2.516317201838e+01,  7.686216384172e-03
  7.504999935627e-01,  3.928483426571e-01,  2.515273882136e+01,  6.671417504549e-03
  7.594999969006e-01,  4.031022489071e-01,  2.514248491511e+01,  2.242554211989e-03
  7.685000002384e-01,  4.133065640926e-01,  2.513228059992e+01,  6.158241885714e-04
  7.779999971390e-01,  4.236596524715e-01,  2.512192751154e+01, -2.025615191087e-03
  7.880000025034e-01,  4.338563382626e-01,  2.511173082575e+01, -1.097123837098e-03
  7.989999949932e-01,  4.442571103573e-01,  2.510133005366e+01,  3.420431399718e-03
  8.100000023842e-01,  4.544137418270e-01,  2.509117342219e+01,  1.052816584706e-02
  8.205000013113e-01,  4.645284116268e-01,  2.508105875239e+01,  1.195027306676e-02
  8.304999917746e-01,  4.745534360409e-01,  2.507103372797e+01,  1.037438586354e-02
  8.404999971390e-01,  4.846471250057e-01,  2.506094003901e+01,  9.245831519365e-03
  8.509999960661e-01,  4.950917661190e-01,  2.505049539789e+01,  8.388403803110e-03
  8.614999949932e-01,  5.053247213364e-01,  2.504026244268e+01,  9.360376745462e-03
  8.719999939203e-01,  5.154889822006e-01,  2.503009818181e+01,  1.230723038316e-02
  8.824999928474e-01,  5.258535146713e-01,  2.501973364934e+01,  1.451897993684e-02
  8.924999982119e-01,  5.360234975815e-01,  2.500956366643e+01,  1.459066011012e-02
  9.025000035763e-01,  5.463536977768e-01,  2.499923346624e+01,  1.333097554743e-02
  9.124999940395e-01,  5.565732717514e-01,  2.498901389226e+01,  1.248488761485e-02
  9.229999929667e-01,  5.670402050018e-01,  2.497854695901e+01,  1.342947501689e-02
  9.334999918938e-01,  5.773704051971e-01,  2.496821675882e+01,  1.593763753772e-02
  9.440000057220e-01,  5.877387523651e-01,  2.495784841165e+01,  1.722133532166e-02
  9.545000046492e-01,  5.981109142303e-01,  2.494747624978e+01,  1.906812563539e-02
  9.650000035763e-01,  6.085937023163e-01,  2.493699346170e+01,  2.089941874146e-02
  9.749999940395e-01,  6.187026500702e-01,  2.492688451394e+01,  2.086749300361e-02
  9.849999994040e-01,  6.287429332733e-01,  2.491684423074e+01,  2.061657980084e-02
  9.954999983311e-01,  6.391990184784e-01,  2.490638814553e+01,  2.259226515889e-02
  1.005500003695e+00,  6.492431163788e-01,  2.489634404763e+01,  2.474208548665e-02
  1.015499994159e+00,  6.593482494354e-01,  2.488623891458e+01,  2.552231028676e-02
  1.025999993086e+00,  6.698386669159e-01,  2.487574849710e+01,  2.799208834767e-02
  1.036499992013e+00,  6.802871227264e-01,  2.486530004129e+01,  3.066094592214e-02
  1.047000005841e+00,  6.907889842987e-01,  2.485479817971e+01,  3.137939050794e-02
  1.056999996305e+00,  7.008407115936e-01,  2.484474645242e+01,  3.200440481305e-02
  1.067000001669e+00,  7.108809947968e-01,  2.483470616922e+01,  3.253029659390e-02
  1.077500000596e+00,  7.213485240936e-01,  2.482423863992e+01,  3.281852230430e-02
  1.087999999523e+00,  7.316768169403e-01,  2.481391034707e+01,  3.504487499595e-02
  1.098499998450e+00,  7.418792247772e-01,  2.480370793924e+01,  3.789755329490e-02
  1.108999997377e+00,  7.521083354950e-01,  2.479347882852e+01,  3.946106508374e-02
  1.119499996305e+00,  7.625033855438e-01,  2.478308377847e+01,  3.987953066826e-02
  1.129500001669e+00,  7.725169658661e-01,  2.477307019815e+01,  3.993657231331e-02
  1.139499992132e+00,  7.825877666473e-01,  2.476299939737e+01,  4.019117355347e-02
  1.149499997497e+00,  7.926089763641e-01,  2.475297818765e+01,  4.073340818286e-02
  1.159999996424e+00,  8.029716014862e-01,  2.474261556253e+01,  4.204351827502e-02
  1.170500010252e+00,  8.132010698318e-01,  2.473238609418e+01,  4.408381506801e-02
  1.180999994278e+00,  8.235388994217e-01,  2.472204826459e+01,  4.563711211085e-02
  1.191499993205e+00,  8.340064287186e-01,  2.471158073529e+01,  4.478251561522e-02
  1.201999992132e+00,  8.444663286209e-01,  2.470112083539e+01,  4.496880993247e-02
  1.212500005960e+00,  8.548690080643e-01,  2.469071815595e+01,  4.720654711127e-02
  1.223000004888e+00,  8.652716875076e-01,  2.468031547651e+01,  4.847693070769e-02
  1.233500003815e+00,  8.756476640701e-01,  2.466993949994e+01,  5.116700753570e-02
  1.244000002742e+00,  8.861342668533e-01,  2.465945289716e+01,  5.231457576156e-02
  1.253999993205e+00,  8.962203264236e-01,  2.464936683759e+01,  5.280387029052e-02
  1.263999998569e+00,  9.063292741776e-01,  2.463925788984e+01,  5.322602763772e-02
  1.274000003934e+00,  9.164267778397e-01,  2.462916038617e+01,  5.442399159074e-02
  1.283999994397e+00,  9.265204668045e-01,  2.461906669721e+01,  5.588770285249e-02
  1.293999999762e+00,  9.365226030350e-01,  2.460906456098e+01,  5.884528532624e-02
  1.304499998689e+00,  9.469977617264e-01,  2.459858940229e+01,  6.004190817475e-02
  1.314999997616e+00,  9.574424028397e-01,  2.458814476117e+01,  5.958930030465e-02
  1.325499996543e+00,  9.674979448318e-01,  2.457808921918e+01,  5.669203773141e-02
  1.337500005960e+00,  9.778567552567e-01,  2.456773040876e+01,  5.447204783559e-02
  1.351999998093e+00,  9.878741502762e-01,  2.455771301374e+01,  5.307041481137e-02
  1.378000006080e+00,  9.978233575821e-01,  2.454776380643e+01,  6.063855066895e-02
  1.478499993682e+00,  1.003136515617e+00,  2.454245064840e+01,  6.586174666882e-02
  1.578500002623e+00,  1.002669572830e+00,  2.454291759118e+01,  6.422855705023e-02
  1.679000005126e+00,  1.001813530922e+00,  2.454377363309e+01,  6.450356543064e-02
  1.779499992728e+00,  1.001255869865e+00,  2.454433129415e+01,  6.201019883156e-02
  1.879500001669e+00,  1.000846743584e+00,  2.454474042043e+01,  6.371398270130e-02
  1.980000004172e+00,  1.000545263290e+00,  2.454504190072e+01,  6.265085935593e-02
  2.080499991775e+00,  1.000362992287e+00,  2.454522417173e+01,  6.515576690435e-02
  2.180500000715e+00,  1.000253319740e+00,  2.454533384427e+01,  6.226738914847e-02
  2.281000003219e+00,  1.000132441521e+00,  2.454545472249e+01,  6.375605612993e-02
  2.381500005722e+00,  1.000100135803e+00,  2.454548702821e+01,  6.644521653652e-02
  2.481999993324e+00,  1.000046610832e+00,  2.454554055318e+01,  6.566476076841e-02
  2.582000002265e+00,  1.000008106232e+00,  2.454557905778e+01,  6.382510066032e-02
  2.682500004768e+00,  1.000043869019e+00,  2.454554329499e+01,  6.347703188658e-02
  2.782999992371e+00,  1.000010728836e+00,  2.454557643518e+01,  6.492353230715e-02
  2.883000001311e+00,  1.000007987022e+00,  2.454557917699e+01,  6.361905485392e-02
  2.983500003815e+00,  1.000027179718e+00,  2.454555998430e+01,  6.311666220427e-02
  3.084000006318e+00,  1.000004291534e+00,  2.454558287248e+01,  6.180983781815e-02
  3.184499993920e+00,  9.999970793724e-01,  2.454559008464e+01,  6.351640820503e-02
  3.284500002861e+00,  9.999926090240e-01,  2.454559455499e+01,  6.317865848541e-02
  3.385000005364e+00,  1.000005960464e+00,  2.454558120355e+01,  6.575712561607e-02
  3.485499992967e+00,  9.999631047249e-01,  2.454562405929e+01,  6.401658803225e-02
  3.585500001907e+00,  9.999878406525e-01,  2.454559932336e+01,  6.671923398972e-02
  3.686000004411e+00,  1.000005841255e+00,  2.454558132276e+01,  6.583201140165e-02
  3.786499992013e+00,  1.000017046928e+00,  2.454557011708e+01,  6.353908032179e-02
  3.886500000954e+00,  1.000026345253e+00,  2.454556081876e+01,  6.403716653585e-02
  3.987000003457e+00,  1.000013470650e+00,  2.454557369336e+01,  6.239730492234e-02
  4.087500005960e+00,  9.999760985374e-01,  2.454561106548e+01,  6.325338780880e-02
  4.187999993563e+00,  1.000000119209e+00,  2.454558704480e+01,  6.431416422129e-02
  4.288000002503e+00,  1.000025510788e+00,  2.454556165323e+01,  6.675799936056e-02
  4.388500005007e+00,  1.000015974045e+00,  2.454557118997e+01,  6.456022709608e-02
  4.488999992609e+00,  1.000016689301e+00,  2.454557047471e+01,  6.515698879957e-02
  4.589000001550e+00,  1.000014901161e+00,  2.454557226285e+01,  6.518287956715e-02
  4.689500004053e+00,  1.000023961067e+00,  2.454556320295e+01,  6.229753047228e-02
  4.789999991655e+00,  1.000033140182e+00,  2.454555402383e+01,  6.395855545998e-02
  4.890000000596e+00,  9.999977350235e-01,  2.454558942899e+01,  6.261330842972e-02
  4.990500003099e+00,  1.000007867813e+00,  2.454557929620e+01,  6.245207041502e-02
  5.091000005603e+00,  1.000001192093e+00,  2.454558597192e+01,  6.210781633854e-02
  5.191499993205e+00,  1.000012993813e+00,  2.454557417020e+01,  6.243689358234e-02
  5.291500002146e+00,  1.000001788139e+00,  2.454558537587e+01,  6.457404792309e-02
  5.392000004649e+00,  1.000022172928e+00,  2.454556499109e+01,  6.394383311272e-02
  5.492499992251e+00,  1.000021338463e+00,  2.454556582555e+01,  6.382752209902e-02
  5.592500001192e+00,  1.000001311302e+00,  2.454558585271e+01,  6.471051275730e-02
  5.693000003695e+00,  1.000012874603e+00,  2.454557428941e+01,  6.406052410603e-02
  5.793500006199e+00,  1.000010490417e+00,  2.454557667360e+01,  6.358721852303e-02
  5.893999993801e+00,  9.999979734421e-01,  2.454558919057e+01,  6.573162972927e-02
  5.994000002742e+00,  1.000024557114e+00,  2.454556260690e+01,  6.351081281900e-02
  6.093999996781e+00,  1.000055551529e+00,  2.454553161248e+01,  6.193199753761e-02
  6.194000005722e+00,  1.000013828278e+00,  2.454557333574e+01,  5.960169434547e-02
  6.293999999762e+00,  9.999920129776e-01,  2.454559515104e+01,  6.177290529013e-02
  6.393999993801e+00,  1.000012159348e+00,  2.454557500467e+01,  6.336149573326e-02
  6.494000002742e+00,  1.000006556511e+00,  2.454558060750e+01,  6.350768357515e-02
  6.593999996781e+00,  9.999992847443e-01,  2.454558787927e+01,  6.386661529541e-02
  6.694000005722e+00,  1.000002980232e+00,  2.454558418378e+01,  6.079609692097e-02
  6.793999999762e+00,  9.999980330467e-01,  2.454558913097e+01,  6.317134201527e-02
  6.893999993801e+00,  1.000002622604e+00,  2.454558454141e+01,  6.133116409183e-02
  6.994000002742e+00,  1.000037312508e+00,  2.454554985151e+01,  6.170038133860e-02
  7.093999996781e+00,  1.000011801720e+00,  2.454557536229e+01,  6.221861764789e-02
  7.194000005722e+00,  1.000010728836e+00,  2.454557643518e+01,  6.285345554352e-02
  7.293999999762e+00,  1.000008463860e+00,  2.454557870015e+01,  6.216776371002e-02
  7.393999993801e+00,  1.000043511391e+00,  2.454554365262e+01,  6.043619289994e-02
  7.494000002742e+00,  1.000023245811e+00,  2.454556391820e+01,  6.141205132008e-02
  7.593999996781e+00,  1.000011801720e+00,  2.454557536229e+01,  6.308531761169e-02
  7.694000005722e+00,  9.999848604202e-01,  2.454560230359e+01,  6.293085217476e-02
  7.793999999762e+00,  1.000024437904e+00,  2.454556272611e+01,  6.394339352846e-02
  7.893999993801e+00,  1.000015735626e+00,  2.454557142839e+01,  6.362315267324e-02
  7.994000002742e+00,  1.000022649765e+00,  2.454556451425e+01,  6.343897432089e-02
  8.093999996781e+00,  1.000018000603e+00,  2.454556916341e+01,  6.425158679485e-02
  8.194000005722e+00,  9.999945163727e-01,  2.454559264764e+01,  6.678836047649e-02
  8.293999999762e+00,  1.000035405159e+00,  2.454555175885e+01,  6.643041223288e-02
  8.393999993801e+00,  1.000012516975e+00,  2.454557464704e+01,  6.472697854042e-02
  8.494000002742e+00,  1.000003337860e+00,  2.454558382615e+01,  6.497743725777e-02
  8.593999996781e+00,  1.000001311302e+00,  2.454558585271e+01,  6.624079495668e-02
  8.694000005722e+00,  1.000001788139e+00,  2.454558537587e+01,  6.393613666296e-02
  8.793999999762e+00,  1.000018477440e+00,  2.454556868657e+01,  6.579810380936e-02
  8.893999993801e+00,  1.000006079674e+00,  2.454558108434e+01,  6.434447318316e-02
  8.994000002742e+00,  9.999738335609e-01,  2.454561333045e+01,  6.572441011667e-02
  9.093999996781e+00,  1.000002980232e+00,  2.454558418378e+01,  6.294846534729e-02
  9.194000005722e+00,  1.000010132790e+00,  2.454557703122e+01,  6.315430998802e-02
  9.293999999762e+00,  1.000014543533e+00,  2.454557262048e+01,  6.306041777134e-02
  9.393999993801e+00,  1.000010371208e+00,  2.454557679281e+01,  6.446823477745e-02
  9.494000002742e+00,  1.000004291534e+00,  2.454558287248e+01,  6.378118693829e-02
  9.593999996781e+00,  1.000017166138e+00,  2.454556999788e+01,  6.302841752768e-02
  9.694000005722e+00,  1.000002145767e+00,  2.454558501825e+01,  6.335803121328e-02
  9.793999999762e+00,  1.000011801720e+00,  2.454557536229e+01,  6.441137194633e-02
  9.893999993801e+00,  1.000001072884e+00,  2.454558609113e+01,  6.262722611427e-02
  9.994000002742e+00,  1.000012636185e+00,  2.454557452783e+01,  6.348404288292e-02
  1.009399999678e+01,  1.000022411346e+00,  2.454556475267e+01,  6.281279772520e-02
  1.019400000572e+01,  1.000034570694e+00,  2.454555259332e+01,  6.500517576933e-02
  1.029399999976e+01,  1.000004529953e+00,  2.454558263406e+01,  6.522756069899e-02
  1.039399999380e+01,  9.999986886978e-01,  2.454558847532e+01,  6.080393120646e-02
  1.049400000274e+01,  1.000015258789e+00,  2.454557190522e+01,  6.449534744024e-02
  1.059399999678e+01,  9.999992251396e-01,  2.454558793887e+01,  6.016091257334e-02
  1.069400000572e+01,  1.000011563301e+00,  2.454557560071e+01,  6.326602399349e-02
  1.079399999976e+01,  1.000007867813e+00,  2.454557929620e+01,  6.038375943899e-02
  1.089399999380e+01,  1.000007867813e+00,  2.454557929620e+01,  6.489242613316e-02
  1.099400000274e+01,  1.000015020370e+00,  2.454557214364e+01,  6.340117752552e-02
  1.109399999678e+01,  9.999769330025e-01,  2.454561023101e+01,  6.133700907230e-02
  1.119400000572e+01,  9.999770522118e-01,  2.454561011180e+01,  6.447053700686e-02
  1.129399999976e+01,  9.999979138374e-01,  2.454558925018e+01,  6.386690586805e-02
  1.139399999380e+01,  9.999826550484e-01,  2.454560450896e+01,  6.436421722174e-02
  1.149400000274e+01,  1.000006437302e+00,  2.454558072671e+01,  6.289362162352e-02
  1.159399999678e+01,  9.999958276749e-01,  2.454559133634e+01,  6.442299485207e-02
  1.169400000572e+01,  1.000011920929e+00,  2.454557524308e+01,  6.404922157526e-02
  1.179399999976e+01,  9.999913573265e-01,  2.454559580669e+01,  6.359132379293e-02
  1.189399999380e+01,  1.000017166138e+00,  2.454556999788e+01,  6.592276692390e-02
  1.199400000274e+01,  1.000012874603e+00,  2.454557428941e+01,  6.386247277260e-02
  1.209399999678e+01,  9.999874234200e-01,  2.454559974059e+01,  6.175424531102e-02
  1.219400000572e+01,  9.999737739563e-01,  2.454561339006e+01,  6.464679539204e-02
  1.229399999976e+01,  9.999957680702e-01,  2.454559139594e+01,  6.497129797935e-02
  1.239399999380e+01,  1.000009059906e+00,  2.454557810411e+01,  6.481946259737e-02
  1.249400000274e+01,  1.000025391579e+00,  2.454556177243e+01,  6.583217531443e-02
  1.259399999678e+01,  1.000000476837e+00,  2.454558668718e+01,  6.472023576498e-02
  1.269400000572e+01,  1.000018835068e+00,  2.454556832895e+01,  6.459762156010e-02
  1.279399999976e+01,  1.000015258789e+00,  2.454557190522e+01,  6.569090485573e-02
  1.289399999380e+01,  9.999770522118e-01,  2.454561011180e+01,  6.401386111975e-02
  1.299400000274e+01,  1.000036239624e+00,  2.454555092439e+01,  6.714650243521e-02
  1.309399999678e+01,  9.999948740005e-01,  2.454559229001e+01,  6.550015509129e-02
  1.319400000572e+01,  1.000006437302e+00,  2.454558072671e+01,  6.704668700695e-02
  1.329399999976e+01,  1.000014305115e+00,  2.454557285890e+01,  6.380296498537e-02
  1.339399999380e+01,  1.000022172928e+00,  2.454556499109e+01,  6.301480531693e-02
  1.349400000274e+01,  9.999925494194e-01,  2.454559461459e+01,  6.419187784195e-02
  1.359399999678e+01,  1.000021815300e+00,  2.454556534871e+01,  6.225838139653e-02
  1.369400000572e+01,  9.999764561653e-01,  2.454561070785e+01,  6.271447986364e-02
  1.379399999976e+01,  9.999746680260e-01,  2.454561249599e+01,  6.388765573502e-02
  1.389399999380e+01,  1.000005125999e+00,  2.454558203801e+01,  6.568875908852e-02
  1.399400000274e+01,  1.000010967255e+00,  2.454557619676e+01,  6.513074785471e-02
  1.409399999678e+01,  1.000005245209e+00,  2.454558191880e+01,  6.509265303612e-02
  1.419400000572e+01,  1.000025987625e+00,  2.454556117639e+01,  6.319886445999e-02
  1.429399999976e+01,  1.000030159950e+00,  2.454555700406e+01,  6.383751332760e-02
  1.439399999380e+01,  1.000002503395e+00,  2.454558466062e+01,  6.399560719728e-02
  1.449400000274e+01,  1.000011205673e+00,  2.454557595834e+01,  6.599606573582e-02
  1.459399999678e+01,  9.999859333038e-01,  2.454560123071e+01,  6.650424003601e-02
  1.469400000572e+01,  9.999935030937e-01,  2.454559366092e+01,  6.275171041489e-02
  1.479399999976e+01,  9.999863505363e-01,  2.454560081348e+01,  6.658400595188e-02
  1.489399999380e+01,  1.000001072884e+00,  2.454558609113e+01,  6.449512392282e-02
  1.499400000274e+01,  1.000005245209e+00,  2.454558191880e+01,  6.462977081537e-02
  1.509399999678e+01,  1.000012636185e+00,  2.454557452783e+01,  6.658089905977e-02
  1.519400000572e+01,  1.000001549721e+00,  2.454558561429e+01,  6.389401108027e-02
  1.529399999976e+01,  1.000032067299e+00,  2.454555509671e+01,  6.481537222862e-02
  1.539399999380e+01,  1.000000715256e+00,  2.454558644876e+01,  6.558154523373e-02
  1.549400000274e+01,  1.000029325485e+00,  2.454555783853e+01,  6.538601964712e-02
  1.559399999678e+01,  1.000023126602e+00,  2.454556403741e+01,  6.556340306997e-02
  1.569400000572e+01,  1.000023126602e+00,  2.454556403741e+01,  6.755475699902e-02
  1.579399999976e+01,  1.000036716461e+00,  2.454555044755e+01,  6.532621383667e-02
  1.589399999380e+01,  1.000023841858e+00,  2.454556332216e+01,  6.326456367970e-02
  1.599400000274e+01,  1.000005364418e+00,  2.454558179960e+01,  6.447680294514e-02
  1.609399999678e+01,  1.000049471855e+00,  2.454553769216e+01,  6.507045775652e-02
  1.619400000572e+01,  9.999962449074e-01,  2.454559091911e+01,  6.615980714560e-02
  1.629399999976e+01,  9.999770522118e-01,  2.454561011180e+01,  6.566777080297e-02
  1.639399999380e+01,  1.000003099442e+00,  2.454558406457e+01,  6.574519723654e-02
  1.649400000274e+01,  9.999924302101e-01,  2.454559473380e+01,  6.404262781143e-02
  1.659399999678e+01,  1.000006675720e+00,  2.454558048829e+01,  6.339551508427e-02
  1.669400000572e+01,  9.999981522560e-01,  2.454558901176e+01,  6.551086157560e-02
  1.679399999976e+01,  1.000020146370e+00,  2.454556701764e+01,  6.527151167393e-02
  1.689399999380e+01,  1.000027179718e+00,  2.454555998430e+01,  6.569079309702e-02
  1.699400000274e+01,  9.999856948853e-01,  2.454560146913e+01,  6.329514086246e-02
  1.709399999678e+01,  9.999868273735e-01,  2.454560033664e+01,  6.576362997293e-02
  1.719400000572e+01,  9.999712109566e-01,  2.454561595306e+01,  6.211785227060e-02
  1.729399999976e+01,  9.999792575836e-01,  2.454560790643e+01,  6.469984352589e-02
  1.739399999380e+01,  1.000006914139e+00,  2.454558024987e+01,  6.549695134163e-02
  1.749400000274e+01,  1.000008106232e+00,  2.454557905778e+01,  6.445919722319e-02
  1.759399999678e+01,  1.000006675720e+00,  2.454558048829e+01,  6.514581292868e-02
  1.769400000572e+01,  9.999976754189e-01,  2.454558948859e+01,  6.311986595392e-02
  1.779399999976e+01,  1.000034451485e+00,  2.454555271253e+01,  6.559588760138e-02
  1.789399999380e+01,  9.999943375587e-01,  2.454559282645e+01,  6.558881700039e-02
  1.799400000274e+01,  9.999896287918e-01,  2.454559753522e+01,  6.511731445789e-02
  1.809399999678e+01,  1.000025749207e+00,  2.454556141481e+01,  6.393805146217e-02
  1.819400000572e+01,  9.999865293503e-01,  2.454560063466e+01,  6.323072314262e-02
  1.829399999976e+01,  1.000033140182e+00,  2.454555402383e+01,  6.455028802156e-02
  1.839399999380e+01,  9.999849200249e-01,  2.454560224399e+01,  6.316304951906e-02
  1.849400000274e+01,  1.000027775764e+00,  2.454555938825e+01,  6.489595025778e-02
  1.859399999678e+01,  9.999764561653e-01,  2.454561070785e+01,  6.314200162888e-02
  1.869400000572e+01,  1.000009536743e+00,  2.454557762727e+01,  6.406990438700e-02
  1.879399999976e+01,  1.000003814697e+00,  2.454558334932e+01,  6.401428580284e-02
  1.889399999380e+01,  1.000006794930e+00,  2.454558036908e+01,  6.639955192804e-02
  1.899400000274e+01,  9.999979138374e-01,  2.454558925018e+01,  6.439355015755e-02
  1.909399999678e+01,  9.999951720238e-01,  2.454559199199e+01,  6.480007618666e-02
  1.919400000572e+01,  1.000009179115e+00,  2.454557798490e+01,  6.310966610909e-02
  1.929399999976e+01,  1.000006437302e+00,  2.454558072671e+01,  6.398794800043e-02
  1.939399999380e+01,  9.999930858612e-01,  2.454559407815e+01,  6.655749678612e-02
  1.949400000274e+01,  9.999926686287e-01,  2.454559449538e+01,  6.511548906565e-02
  1.959399999678e+01,  1.000005006790e+00,  2.454558215722e+01,  6.507279723883e-02
  1.969400000572e+01,  1.000023365021e+00,  2.454556379899e+01,  6.639099121094e-02
  1.979399999976e+01,  1.000017404556e+00,  2.454556975946e+01,  6.615178287029e-02
  1.989399999380e+01,  9.999827146530e-01,  2.454560444936e+01,  6.465175002813e-02
  1.999400000274e+01,  1.000019073486e+00,  2.454556809053e+01,  6.536597758532e-02
  2.009399999678e+01,  1.000002503395e+00,  2.454558466062e+01,  6.605263799429e-02
  2.019400000572e+01,  9.999942183495e-01,  2.454559294566e+01,  6.533773988485e-02
  2.029399999976e+01,  1.000002980232e+00,  2.454558418378e+01,  6.432650238276e-02
  2.039399999380e+01,  1.000023365021e+00,  2.454556379899e+01,  6.369701027870e-02
  2.049400000274e+01,  1.000007629395e+00,  2.454557953462e+01,  6.508148461580e-02
  2.059399999678e+01,  1.000016570091e+00,  2.454557059392e+01,  6.563969701529e-02
  2.069400000572e+01,  9.999888539314e-01,  2.454559831008e+01,  6.160606443882e-02
  2.079399999976e+01,  1.000010132790e+00,  2.454557703122e+01,  6.421668827534e-02
  2.089399999380e+01,  1.000014543533e+00,  2.454557262048e+01,  6.554672122002e-02
  2.099400000274e+01,  1.000004768372e+00,  2.454558239564e+01,  6.729938834906e-02
  2.109399999678e+01,  9.999921321869e-01,  2.454559503183e+01,  6.281048804522e-02
  2.119400000572e+01,  1.000011682510e+00,  2.454557548150e+01,  6.573739647865e-02
  2.129399999976e+01,  1.000018835068e+00,  2.454556832895e+01,  6.317467242479e-02
  2.139399999380e+01,  1.000007033348e+00,  2.454558013067e+01,  6.548645347357e-02
  2.149400000274e+01,  9.999962449074e-01,  2.454559091911e+01,  6.538134068251e-02
  2.159399999678e+01,  1.000003933907e+00,  2.454558323011e+01,  6.513920426369e-02
  2.169400000572e+01,  1.000013351440e+00,  2.454557381257e+01,  6.622702628374e-02
  2.179399999976e+01,  1.000021815300e+00,  2.454556534871e+01,  6.406274437904e-02
  2.189399999380e+01,  1.000021100044e+00,  2.454556606397e+01,  6.667739897966e-02
  2.199400000274e+01,  1.000006914139e+00,  2.454558024987e+01,  6.454408168793e-02
  2.209399999678e+01,  1.000003814697e+00,  2.454558334932e+01,  6.453398615122e-02
  2.219400000572e+01,  1.000013947487e+00,  2.454557321653e+01,  6.602022796869e-02
  2.229399999976e+01,  1.000002503395e+00,  2.454558466062e+01,  6.508024781942e-02
  2.239399999380e+01,  1.000011444092e+00,  2.454557571992e+01,  6.543835997581e-02
  2.249400000274e+01,  1.000023841858e+00,  2.454556332216e+01,  6.469206511974e-02
  2.259399999678e+01,  1.000001668930e+00,  2.454558549508e+01,  6.557521969080e-02
  2.269400000572e+01,  9.999886155128e-01,  2.454559854850e+01,  6.385955214500e-02
  2.279399999976e+01,  1.000011324883e+00,  2.454557583913e+01,  6.475374102592e-02
  2.289399999380e+01,  1.000004410744e+00,  2.454558275327e+01,  6.575230509043e-02
  2.299400000274e+01,  1.000015377998e+00,  2.454557178601e+01,  6.637693196535e-02
  2.309399999678e+01,  1.000015616417e+00,  2.454557154760e+01,  6.505785137415e-02
  2.319400000572e+01,  9.999790787697e-01,  2.454560808524e+01,  6.367487460375e-02
  2.329399999976e+01,  1.000009894371e+00,  2.454557726964e+01,  6.254342198372e-02
  2.339399999380e+01,  9.999856948853e-01,  2.454560146913e+01,  6.284858286381e-02
  2.349400000274e+01,  9.999952912331e-01,  2.454559187278e+01,  6.485364586115e-02
  2.359399999678e+01,  1.000007033348e+00,  2.454558013067e+01,  6.320714205503e-02
  2.369400000572e+01,  1.000004529953e+00,  2.454558263406e+01,  6.632622331381e-02
  2.379399999976e+01,  1.000029087067e+00,  2.454555807695e+01,  6.404314935207e-02
  2.389399999380e+01,  1.000015854836e+00,  2.454557130918e+01,  6.496889889240e-02
  2.399400000274e+01,  1.000004649162e+00,  2.454558251485e+01,  6.469977647066e-02
  2.409399999678e+01,  1.000025868416e+00,  2.454556129560e+01,  6.588696688414e-02
  2.419400000572e+01,  1.000015735626e+00,  2.454557142839e+01,  6.605561822653e-02
  2.429399999976e+01,  9.999950528145e-01,  2.454559211120e+01,  6.394760310650e-02
  2.439399999380e+01,  9.999794363976e-01,  2.454560772762e+01,  6.641556322575e-02
  2.449400000274e+01,  1.000032544136e+00,  2.454555461988e+01,  6.628008931875e-02
  2.459399999678e+01,  1.000008702278e+00,  2.454557846174e+01,  6.417013704777e-02
  2.469400000572e+01,  1.000004291534e+00,  2.454558287248e+01,  6.643018126488e-02
  2.479399999976e+01,  1.000024914742e+00,  2.454556224927e+01,  6.428558379412e-02
  2.489399999380e+01,  1.000002503395e+00,  2.454558466062e+01,  6.527879834175e-02
  2.499400000274e+01,  1.000029444695e+00,  2.454555771932e+01,  6.375055015087e-02
  2.509399999678e+01,  9.999965429306e-01,  2.454559062108e+01,  6.653548777103e-02
  2.519400000572e+01,  9.999951720238e-01,  2.454559199199e+01,  6.364756077528e-02
  2.529399999976e+01,  9.999977946281e-01,  2.454558936939e+01,  6.486476957798e-02
  2.539399999380e+01,  1.000008702278e+00,  2.454557846174e+01,  6.357864290476e-02
  2.549400000274e+01,  1.000011563301e+00,  2.454557560071e+01,  6.448656320572e-02
  2.559399999678e+01,  1.000013828278e+00,  2.454557333574e+01,  6.665157526731e-02
  2.569400000572e+01,  9.999884366989e-01,  2.454559872731e+01,  6.535181403160e-02
  2.579399999976e+01,  9.999787807465e-01,  2.454560838327e+01,  6.403488665819e-02
  2.589399999380e+01,  9.999962449074e-01,  2.454559091911e+01,  6.308396160603e-02
  2.599400000274e+01,  1.000025153160e+00,  2.454556201085e+01,  6.342397630215e-02
  2.609399999678e+01,  1.000028729439e+00,  2.454555843457e+01,  6.473729759455e-02
  2.619400000572e+01,  9.999837279320e-01,  2.454560343608e+01,  6.414582580328e-02
  2.629399999976e+01,  1.000024676323e+00,  2.454556248769e+01,  6.319855898619e-02
  2.639399999380e+01,  1.000004410744e+00,  2.454558275327e+01,  6.615377217531e-02
  2.649400000274e+01,  9.999917745590e-01,  2.454559538945e+01,  6.269841641188e-02
  2.659399999678e+01,  9.999733567238e-01,  2.454561380729e+01,  6.533214449883e-02
  2.669400000572e+01,  1.000000715256e+00,  2.454558644876e+01,  6.534340232611e-02
  2.679399999976e+01,  1.000020503998e+00,  2.454556666002e+01,  6.715933233500e-02
  2.689399999380e+01,  1.000002026558e+00,  2.454558513746e+01,  6.595966964960e-02
  2.699400000274e+01,  9.999992847443e-01,  2.454558787927e+01,  6.409074366093e-02
  2.709399999678e+01,  9.999798536301e-01,  2.454560731038e+01,  6.439647823572e-02
  2.719400000572e+01,  9.999968409538e-01,  2.454559032306e+01,  6.569918990135e-02
  2.729399999976e+01,  1.000023484230e+00,  2.454556367978e+01,  6.645889580250e-02
  2.739399999380e+01,  1.000024199486e+00,  2.454556296453e+01,  6.491712480783e-02
  2.749400000274e+01,  1.000035285950e+00,  2.454555187806e+01,  6.635202467442e-02
  2.759399999678e+01,  9.999796152115e-01,  2.454560754880e+01,  6.558535993099e-02
  2.769400000572e+01,  9.999936819077e-01,  2.454559348211e+01,  6.443651765585e-02
  2.779399999976e+01,  1.000002264977e+00,  2.454558489904e+01,  6.799107789993e-02
  2.789399999380e+01,  1.000017285347e+00,  2.454556987867e+01,  6.388937681913e-02
  2.799400000274e+01,  1.000037550926e+00,  2.454554961309e+01,  6.564524024725e-02
  2.809399999678e+01,  9.999864101410e-01,  2.454560075387e+01,  6.738093495369e-02
  2.819400000572e+01,  1.000010371208e+00,  2.454557679281e+01,  6.588087230921e-02
  2.829399999976e+01,  9.999942183495e-01,  2.454559294566e+01,  6.766566634178e-02
  2.839399999380e+01,  1.000031709671e+00,  2.454555545434e+01,  6.657216697931e-02
  2.849400000274e+01,  1.000003933907e+00,  2.454558323011e+01,  6.676013022661e-02
  2.859399999678e+01,  1.000005364418e+00,  2.454558179960e+01,  6.409304589033e-02
  2.869400000572e+01,  1.000028610229e+00,  2.454555855378e+01,  6.764373928308e-02
  2.879399999976e+01,  1.000015735626e+00,  2.454557142839e+01,  6.806950271130e-02
  2.889399999380e+01,  1.000017404556e+00,  2.454556975946e+01,  6.621150672436e-02
  2.899400000274e+01,  9.999902844429e-01,  2.454559687957e+01,  6.703388690948e-02
  2.909399999678e+01,  1.000022411346e+00,  2.454556475267e+01,  6.520546227694e-02
  2.919400000572e+01,  1.000011563301e+00,  2.454557560071e+01,  6.619554013014e-02
  2.929399999976e+01,  1.000017881393e+00,  2.454556928262e+01,  6.670255213976e-02
  2.939399999380e+01,  1.000011801720e+00,  2.454557536229e+01,  6.336595118046e-02
  2.949400000274e+01,  1.000005602837e+00,  2.454558156118e+01,  6.607834249735e-02
  2.959399999678e+01,  1.000010848045e+00,  2.454557631597e+01,  6.735291332006e-02
  2.969400000572e+01,  9.999817013741e-01,  2.454560546264e+01,  6.425821781158e-02
  2.979399999976e+01,  1.000002861023e+00,  2.454558430299e+01,  6.541319936514e-02
  2.989399999380e+01,  1.000001072884e+00,  2.454558609113e+01,  6.549134850502e-02
  2.999400000274e+01,  9.999986886978e-01,  2.454558847532e+01,  6.364257633686e-02
  3.009399999678e+01,  1.000044822693e+00,  2.454554234132e+01,  6.511906534433e-02
  3.019400000572e+01,  9.999959468842e-01,  2.454559121713e+01,  6.452547758818e-02
  3.029399999976e+01,  1.000028491020e+00,  2.454555867299e+01,  6.607051938772e-02
  3.039399999380e+01,  9.999985694885e-01,  2.454558859452e+01,  6.362933665514e-02
  3.049400000274e+01,  1.000006318092e+00,  2.454558084592e+01,  6.442454457283e-02
  3.059399999678e+01,  9.999752640724e-01,  2.454561189994e+01,  6.544323265553e-02
  3.069400000572e+01,  1.000001549721e+00,  2.454558561429e+01,  6.389056891203e-02
  3.079399999976e+01,  9.999728202820e-01,  2.454561434373e+01,  6.400146335363e-02
  3.089399999380e+01,  1.000010371208e+00,  2.454557679281e+01,  6.367873400450e-02
  3.099400000274e+01,  1.000002741814e+00,  2.454558442220e+01,  6.284380704165e-02
  3.109399999678e+01,  1.000000476837e+00,  2.454558668718e+01,  6.649909168482e-02
  3.119400000572e+01,  9.999896883965e-01,  2.454559747562e+01,  6.489959359169e-02
  3.129399999976e+01,  1.000028610229e+00,  2.454555855378e+01,  6.736069172621e-02
  3.139399999380e+01,  1.000008702278e+00,  2.454557846174e+01,  6.465686112642e-02
  3.149400000274e+01,  9.999989867210e-01,  2.454558817729e+01,  6.673091650009e-02
  3.159399999678e+01,  9.999855756760e-01,  2.454560158834e+01,  6.696152687073e-02
  3.169400000572e+01,  1.000005364418e+00,  2.454558179960e+01,  6.612440198660e-02
  3.179399999976e+01,  1.000000953674e+00,  2.454558621034e+01,  6.575847417116e-02
  3.189399999380e+01,  9.999728202820e-01,  2.454561434373e+01,  6.619621068239e-02
  3.199400000274e+01,  1.000031232834e+00,  2.454555593118e+01,  6.296817213297e-02
  3.209399999678e+01,  1.000015258789e+00,  2.454557190522e+01,  6.235736235976e-02
  3.219400000572e+01,  9.999943375587e-01,  2.454559282645e+01,  6.453137099743e-02
  3.229399999976e+01,  1.000007748604e+00,  2.454557941541e+01,  6.556489318609e-02
  3.239399999380e+01,  1.000022292137e+00,  2.454556487188e+01,  6.595882028341e-02
  3.249400000274e+01,  1.000013589859e+00,  2.454557357415e+01,  6.602859497070e-02
  3.259399999678e+01,  9.999973773956e-01,  2.454558978662e+01,  6.878051906824e-02
  3.269400000572e+01,  9.999765753746e-01,  2.454561058864e+01,  6.619341671467e-02
  3.279399999976e+01,  1.000014305115e+00,  2.454557285890e+01,  6.546146422625e-02
  3.289399999380e+01,  1.000009894371e+00,  2.454557726964e+01,  6.438244879246e-02
  3.299400000274e+01,  9.999871253967e-01,  2.454560003862e+01,  6.522844731808e-02
  3.309399999678e+01,  1.000016331673e+00,  2.454557083234e+01,  6.401645392179e-02
  3.319400000572e+01,  9.999951124191e-01,  2.454559205159e+01,  6.529372185469e-02
  3.329399999976e+01,  1.000023245811e+00,  2.454556391820e+01,  6.685364991426e-02
  3.339399999380e+01,  1.000005602837e+00,  2.454558156118e+01,  6.476196646690e-02
  3.349400000274e+01,  9.999990463257e-01,  2.454558811769e+01,  6.628704071045e-02
  3.359399999678e+01,  9.999967217445e-01,  2.454559044227e+01,  6.607449054718e-02
  3.369400000572e+01,  9.999768733978e-01,  2.454561029062e+01,  6.557846814394e-02
  3.379399999976e+01,  9.999828338623e-01,  2.454560433015e+01,  6.466057151556e-02
  3.389399999380e+01,  9.999951720238e-01,  2.454559199199e+01,  6.446883827448e-02
  3.399400000274e+01,  9.999969005585e-01,  2.454559026345e+01,  6.263182312250e-02
  3.409399999678e+01,  1.000012159348e+00,  2.454557500467e+01,  6.695978343487e-02
  3.419400000572e+01,  9.999989271164e-01,  2.454558823690e+01,  6.928519159555e-02
  3.429399999976e+01,  1.000018358231e+00,  2.454556880578e+01,  6.551662087440e-02
  3.439399999380e+01,  1.000010132790e+00,  2.454557703122e+01,  6.647946685553e-02
  3.449400000274e+01,  1.000044465065e+00,  2.454554269895e+01,  6.798844039440e-02
  3.459399999678e+01,  1.000022768974e+00,  2.454556439504e+01,  6.681655347347e-02
  3.469400000572e+01,  9.999944567680e-01,  2.454559270725e+01,  6.914221495390e-02
  3.479399999976e+01,  9.999809265137e-01,  2.454560623750e+01,  6.602455675602e-02
  3.489399999380e+01,  1.000002741814e+00,  2.454558442220e+01,  6.480865925550e-02
  3.499400000274e+01,  1.000017285347e+00,  2.454556987867e+01,  6.747770309448e-02
  3.509399999678e+01,  9.999930858612e-01,  2.454559407815e+01,  7.026379555464e-02
  3.519400000572e+01,  1.000018596649e+00,  2.454556856736e+01,  6.661912798882e-02
  3.529399999976e+01,  1.000004887581e+00,  2.454558227643e+01,  6.706038862467e-02
  3.539399999380e+01,  1.000008463860e+00,  2.454557870015e+01,  6.663253903389e-02
  3.549400000274e+01,  9.999758005142e-01,  2.454561136350e+01,  6.390344351530e-02
  3.559399999678e+01,  1.000003814697e+00,  2.454558334932e+01,  6.546327471733e-02
  3.569400000572e+01,  1.000021338463e+00,  2.454556582555e+01,  6.452997773886e-02
  3.579399999976e+01,  9.999996423721e-01,  2.454558752164e+01,  6.565849483013e-02
  3.589399999380e+01,  1.000022768974e+00,  2.454556439504e+01,  6.579031795263e-02
  3.599400000274e+01,  1.000004649162e+00,  2.454558251485e+01,  6.784871220589e-02
  3.609399999678e+01,  1.000031352043e+00,  2.454555581197e+01,  6.639376282692e-02
  3.619400000572e+01,  1.000004529953e+00,  2.454558263406e+01,  6.764615327120e-02
  3.629399999976e+01,  9.999769330025e-01,  2.454561023101e+01,  6.883649528027e-02
  3.639399999380e+01,  9.999979138374e-01,  2.454558925018e+01,  6.886243075132e-02
  3.649400000274e+01,  1.000011563301e+00,  2.454557560071e+01,  6.736247241497e-02
  3.659399999678e+01,  1.000000953674e+00,  2.454558621034e+01,  6.821006536484e-02
  3.669400000572e+01,  9.999822378159e-01,  2.454560492620e+01,  6.584274768829e-02
  3.679399999976e+01,  1.000000357628e+00,  2.454558680639e+01,  6.761376559734e-02
  3.689399999380e+01,  1.000029087067e+00,  2.454555807695e+01,  6.607721745968e-02
  3.699400000274e+01,  9.999877810478e-01,  2.454559938297e+01,  6.776481866837e-02
  3.709399999678e+01,  9.999711513519e-01,  2.454561601266e+01,  6.711774319410e-02
  3.719400000572e+01,  9.999969601631e-01,  2.454559020385e+01,  6.846298277378e-02
  3.729399999976e+01,  1.000004291534e+00,  2.454558287248e+01,  6.679756194353e-02
  3.739399999380e+01,  9.999806880951e-01,  2.454560647592e+01,  6.844151765108e-02
  3.749400000274e+01,  9.999889731407e-01,  2.454559819087e+01,  6.868769973516e-02
  3.759399999678e+01,  9.999851584435e-01,  2.454560200557e+01,  6.988667696714e-02
  3.769400000572e+01,  9.999940395355e-01,  2.454559312448e+01,  6.939730793238e-02
  3.779399999976e+01,  1.000022530556e+00,  2.454556463346e+01,  6.564690172672e-02
  3.789399999380e+01,  1.000008463860e+00,  2.454557870015e+01,  6.674954295158e-02
  3.799400000274e+01,  1.000009775162e+00,  2.454557738885e+01,  6.825178861618e-02
  3.809399999678e+01,  1.000014305115e+00,  2.454557285890e+01,  6.848298013210e-02
  3.819400000572e+01,  9.999714493752e-01,  2.454561571464e+01,  6.749281287193e-02
  3.829399999976e+01,  9.999830126762e-01,  2.454560415134e+01,  6.662908941507e-02
  3.839399999380e+01,  1.000014185905e+00,  2.454557297811e+01,  6.810108572245e-02
  3.849400000274e+01,  1.000004172325e+00,  2.454558299169e+01,  6.650681048632e-02
  3.859399999678e+01,  1.000024795532e+00,  2.454556236848e+01,  6.713177263737e-02
  3.869400000572e+01,  1.000021219254e+00,  2.454556594476e+01,  6.537541002035e-02
  3.879399999976e+01,  1.000016570091e+00,  2.454557059392e+01,  6.529308855534e-02
  3.889399999380e+01,  1.000012993813e+00,  2.454557417020e+01,  6.690006703138e-02
  3.899400000274e+01,  1.000031352043e+00,  2.454555581197e+01,  6.654529273510e-02
  3.909399999678e+01,  1.000035643578e+00,  2.454555152044e+01,  6.490293890238e-02
  3.919400000572e+01,  1.000039339066e+00,  2.454554782495e+01,  6.547333300114e-02
  3.929399999976e+01,  9.999834895134e-01,  2.454560367450e+01,  6.765112280846e-02
  3.939399999380e+01,  9.999991059303e-01,  2.454558805808e+01,  6.502498686314e-02
  3.949400000274e+01,  1.000026106834e+00,  2.454556105718e+01,  6.407818943262e-02
  3.959399999678e+01,  9.999741315842e-01,  2.454561303243e+01,  6.515124440193e-02
  3.969400000572e+01,  1.000002264977e+00,  2.454558489904e+01,  6.739995628595e-02
  3.979399999976e+01,  1.000001668930e+00,  2.454558549508e+01,  6.627727299929e-02
  3.989399999380e+01,  9.999879598618e-01,  2.454559920415e+01,  6.626177579165e-02
  3.999400000274e+01,  9.999989867210e-01,  2.454558817729e+01,  6.768401712179e-02
  4.009399999678e+01,  1.000010490417e+00,  2.454557667360e+01,  6.768108159304e-02
  4.019400000572e+01,  1.000003457069e+00,  2.454558370694e+01,  6.686507165432e-02
  4.029399999976e+01,  1.000004768372e+00,  2.454558239564e+01,  6.723615527153e-02
  4.039399999380e+01,  1.000010132790e+00,  2.454557703122e+01,  6.952256709337e-02
  4.049400000274e+01,  9.999946951866e-01,  2.454559246883e+01,  6.786827743053e-02
  4.059399999678e+01,  1.000030398369e+00,  2.454555676564e+01,  6.756713986397e-02
  4.069400000572e+01,  1.000017642975e+00,  2.454556952104e+01,  6.575076282024e-02
  4.079399999976e+01,  1.000010848045e+00,  2.454557631597e+01,  6.657253205776e-02
  4.089399999380e+01,  1.000008821487e+00,  2.454557834253e+01,  6.744124740362e-02
  4.099400000274e+01,  9.999927282333e-01,  2.454559443578e+01,  6.788232177496e-02
  4.109399999678e+01,  9.999775290489e-01,  2.454560963496e+01,  6.547205895185e-02
  4.119400000572e+01,  9.999967813492e-01,  2.454559038266e+01,  6.785424053669e-02
  4.129399999976e+01,  9.999982714653e-01,  2.454558889255e+01,  6.673479825258e-02
  4.139399999380e+01,  9.999788403511e-01,  2.454560832366e+01,  6.408572196960e-02
  4.149400000274e+01,  1.000015497208e+00,  2.454557166681e+01,  6.707517057657e-02
  4.159399999678e+01,  1.000004053116e+00,  2.454558311090e+01,  6.593560427427e-02
  4.169400000572e+01,  9.999917745590e-01,  2.454559538945e+01,  6.599321961403e-02
  4.179399999976e+01,  1.000024557114e+00,  2.454556260690e+01,  6.951794773340e-02
  4.189399999380e+01,  1.000012993813e+00,  2.454557417020e+01,  6.575190275908e-02
  4.199400000274e+01,  1.000023245811e+00,  2.454556391820e+01,  6.828908622265e-02
  4.209399999678e+01,  9.999899864197e-01,  2.454559717759e+01,  6.268058717251e-02
  4.219400000572e+01,  1.000040769577e+00,  2.454554639444e+01,  6.709330528975e-02
  4.229399999976e+01,  9.999770522118e-01,  2.454561011180e+01,  6.484243273735e-02
  4.239399999380e+01,  9.999909400940e-01,  2.454559622392e+01,  6.678912043571e-02
  4.249400000274e+01,  1.000026702881e+00,  2.454556046113e+01,  6.413748115301e-02
  4.259399999678e+01,  9.999992847443e-01,  2.454558787927e+01,  6.570371985435e-02
  4.269400000572e+01,  1.000026345253e+00,  2.454556081876e+01,  6.833318620920e-02
  4.279399999976e+01,  9.999960660934e-01,  2.454559109792e+01,  6.545988470316e-02
  4.289399999380e+01,  1.000024795532e+00,  2.454556236848e+01,  6.586119532585e-02
  4.299400000274e+01,  9.999859333038e-01,  2.454560123071e+01,  6.693174690008e-02
  4.309399999678e+01,  1.000002026558e+00,  2.454558513746e+01,  6.913492083549e-02
  4.319400000572e+01,  9.999925494194e-01,  2.454559461459e+01,  6.758320331573e-02
  4.329399999976e+01,  1.000001192093e+00,  2.454558597192e+01,  6.914991140366e-02
  4.339399999380e+01,  9.999846816063e-01,  2.454560248241e+01,  6.530481576920e-02
  4.349400000274e+01,  9.999714493752e-01,  2.454561571464e+01,  6.574539095163e-02
  4.359399999678e+01,  9.999921917915e-01,  2.454559497222e+01,  6.795831769705e-02
  4.369400000572e+01,  9.999906420708e-01,  2.454559652194e+01,  6.452306360006e-02
  4.379399999976e+01,  9.999979734421e-01,  2.454558919057e+01,  6.661685556173e-02
  4.389399999380e+01,  1.000008225441e+00,  2.454557893857e+01,  6.467210501432e-02
  4.399400000274e+01,  1.000012993813e+00,  2.454557417020e+01,  6.590363383293e-02
  4.409399999678e+01,  1.000018239021e+00,  2.454556892499e+01,  6.584215164185e-02
  4.419400000572e+01,  1.000011444092e+00,  2.454557571992e+01,  6.607073545456e-02
  4.429399999976e+01,  1.000003695488e+00,  2.454558346853e+01,  6.467612087727e-02
  4.439399999380e+01,  1.000004649162e+00,  2.454558251485e+01,  6.637479364872e-02
  4.449400000274e+01,  1.000038146973e+00,  2.454554901704e+01,  6.739873439074e-02
  4.459399999678e+01,  1.000012040138e+00,  2.454557512388e+01,  6.630112230778e-02
  4.469400000572e+01,  9.999775886536e-01,  2.454560957536e+01,  6.805861741304e-02
  4.479399999976e+01,  9.999943375587e-01,  2.454559282645e+01,  6.797266751528e-02
  4.489399999380e+01,  9.999896883965e-01,  2.454559747562e+01,  6.835063546896e-02
  4.499400000274e+01,  1.000028491020e+00,  2.454555867299e+01,  6.754368543625e-02
  4.509399999678e+01,  1.000002861023e+00,  2.454558430299e+01,  6.840887665749e-02
  4.519400000572e+01,  9.999580979347e-01,  2.454562906608e+01,  6.952897459269e-02
  4.529399999976e+01,  1.000000238419e+00,  2.454558692559e+01,  6.706855446100e-02
  4.539399999380e+01,  9.999784231186e-01,  2.454560874089e+01,  6.739075481892e-02
  4.549400000274e+01,  9.999901056290e-01,  2.454559705838e+01,  6.729826331139e-02
  4.559399999678e+01,  1.000003814697e+00,  2.454558334932e+01,  6.596633046865e-02
  4.569400000572e+01,  9.999906420708e-01,  2.454559652194e+01,  6.470659375191e-02
  4.579399999976e+01,  9.999804496765e-01,  2.454560671434e+01,  6.637753546238e-02
  4.589399999380e+01,  9.999848008156e-01,  2.454560236320e+01,  6.750249117613e-02
  4.599400000274e+01,  9.999889135361e-01,  2.454559825048e+01,  6.711650639772e-02
  4.609399999678e+01,  9.999910593033e-01,  2.454559610471e+01,  6.745894253254e-02
  4.619400000572e+01,  1.000007033348e+00,  2.454558013067e+01,  6.569720804691e-02
  4.629399999976e+01,  9.999927282333e-01,  2.454559443578e+01,  6.792383641005e-02
  4.639399999380e+01,  1.000013947487e+00,  2.454557321653e+01,  6.309973448515e-02
  4.649400000274e+01,  9.999933242798e-01,  2.454559383973e+01,  6.682375073433e-02
  4.659399999678e+01,  1.000022888184e+00,  2.454556427583e+01,  6.924702972174e-02
  4.669400000572e+01,  1.000035881996e+00,  2.454555128202e+01,  6.872786581516e-02
  4.679399999976e+01,  9.999927878380e-01,  2.454559437618e+01,  6.662880629301e-02
  4.689399999380e+01,  1.000027060509e+00,  2.454556010350e+01,  6.642016023397e-02
  4.699400000274e+01,  9.999980330467e-01,  2.454558913097e+01,  7.006885856390e-02
  4.709399999678e+01,  9.999895691872e-01,  2.454559759483e+01,  6.714444607496e-02
  4.719400000572e+01,  9.999985694885e-01,  2.454558859452e+01,  6.671687215567e-02
  4.729399999976e+01,  9.999900460243e-01,  2.454559711799e+01,  6.686396151781e-02
  4.739399999380e+01,  9.999848008156e-01,  2.454560236320e+01,  6.897325068712e-02
  4.749400000274e+01,  9.999983310699e-01,  2.454558883294e+01,  6.668262928724e-02
  4.759399999678e+01,  9.999920129776e-01,  2.454559515104e+01,  6.520586460829e-02
  4.769400000572e+01,  9.999617934227e-01,  2.454562537059e+01,  6.614249944687e-02
  4.779399999976e+01,  1.000022292137e+00,  2.454556487188e+01,  6.710549443960e-02
  4.789399999380e+01,  1.000010132790e+00,  2.454557703122e+01,  6.704107671976e-02
  4.799400000274e+01,  1.000012993813e+00,  2.454557417020e+01,  6.650547683239e-02
  4.809399999678e+01,  9.999960064888e-01,  2.454559115752e+01,  6.673153489828e-02
  4.819400000572e+01,  1.000017166138e+00,  2.454556999788e+01,  6.700851768255e-02
  4.829399999976e+01,  1.000000476837e+00,  2.454558668718e+01,  6.703937798738e-02
  4.839399999380e+01,  9.999986290932e-01,  2.454558853492e+01,  6.873346865177e-02
  4.849400000274e+01,  9.999741315842e-01,  2.454561303243e+01,  6.895588338375e-02
  4.859399999678e+01,  1.000011920929e+00,  2.454557524308e+01,  6.818365305662e-02
  4.869400000572e+01,  1.000003576279e+00,  2.454558358773e+01,  6.837628781796e-02
  4.879399999976e+01,  9.999799728394e-01,  2.454560719117e+01,  6.790865957737e-02
  4.889399999380e+01,  1.000023961067e+00,  2.454556320295e+01,  6.591549515724e-02
  4.899400000274e+01,  9.999953508377e-01,  2.454559181318e+01,  6.655083596706e-02
  4.909399999678e+01,  1.000029087067e+00,  2.454555807695e+01,  6.671039760113e-02
  4.919400000572e+01,  1.000010490417e+00,  2.454557667360e+01,  6.704576313496e-02
  4.929399999976e+01,  1.000030755997e+00,  2.454555640802e+01,  6.745199859142e-02
  4.939399999380e+01,  1.000001192093e+00,  2.454558597192e+01,  6.783732771873e-02
  4.949400000274e+01,  1.000001072884e+00,  2.454558609113e+01,  6.977893412113e-02
  4.959399999678e+01,  9.999894499779e-01,  2.454559771404e+01,  6.790201365948e-02
  4.969400000572e+01,  9.999842643738e-01,  2.454560289964e+01,  6.585505604744e-02
  4.979399999976e+01,  1.000001907349e+00,  2.454558525666e+01,  6.833871454000e-02
  4.989399999380e+01,  9.999597072601e-01,  2.454562745675e+01,  6.796882301569e-02
  4.999400000274e+01,  9.999632239342e-01,  2.454562394008e+01,  6.944783031940e-02
  5.009399999678e+01,  9.999816417694e-01,  2.454560552224e+01,  6.916287541389e-02
  5.019400000572e+01,  9.999972581863e-01,  2.454558990583e+01,  6.780045479536e-02
  5.029399999976e+01,  1.000011801720e+00,  2.454557536229e+01,  6.703569740057e-02
  5.039399999380e+01,  9.999888539314e-01,  2.454559831008e+01,  6.738386303186e-02
  5.049400000274e+01,  1.000020742416e+00,  2.454556642160e+01,  6.597130000591e-02
  5.059399999678e+01,  1.000017881393e+00,  2.454556928262e+01,  6.618927419186e-02
  5.069400000572e+01,  9.999739527702e-01,  2.454561321124e+01,  6.687678396702e-02
  5.079399999976e+01,  1.000028729439e+00,  2.454555843457e+01,  6.383272260427e-02
  5.089399999380e+01,  9.999953508377e-01,  2.454559181318e+01,  6.894536316395e-02
  5.099400000274e+01,  1.000000953674e+00,  2.454558621034e+01,  6.602907180786e-02
  5.109399999678e+01,  1.000024199486e+00,  2.454556296453e+01,  6.554471701384e-02
  5.119400000572e+01,  9.999877214432e-01,  2.454559944257e+01,  6.549091637135e-02
  5.129399999976e+01,  1.000013232231e+00,  2.454557393178e+01,  6.693574786186e-02
  5.139399999380e+01,  9.999812841415e-01,  2.454560587987e+01,  6.635770946741e-02
  5.149400000274e+01,  9.999869465828e-01,  2.454560021743e+01,  6.503496319056e-02
  5.159399999678e+01,  1.000008940697e+00,  2.454557822332e+01,  6.760390102863e-02
  5.169400000572e+01,  1.000005006790e+00,  2.454558215722e+01,  6.646704673767e-02
  5.179399999976e+01,  1.000004768372e+00,  2.454558239564e+01,  6.857300549746e-02
  5.189399999380e+01,  9.999998211861e-01,  2.454558734283e+01,  6.710143387318e-02
  5.199400000274e+01,  1.000018358231e+00,  2.454556880578e+01,  6.628951430321e-02
  5.209399999678e+01,  1.000000238419e+00,  2.454558692559e+01,  6.635051220655e-02
  5.219400000572e+01,  1.000015854836e+00,  2.454557130918e+01,  6.705559045076e-02
  5.229399999976e+01,  9.999916553497e-01,  2.454559550866e+01,  6.558196246624e-02
  5.239399999380e+01,  9.999867081642e-01,  2.454560045585e+01,  6.510600447655e-02
  5.249400000274e+01,  1.000016927719e+00,  2.454557023629e+01,  6.855840981007e-02
  5.259399999678e+01,  9.999995827675e-01,  2.454558758125e+01,  6.715597957373e-02
  5.269400000572e+01,  1.000011444092e+00,  2.454557571992e+01,  6.961085647345e-02
  5.279399999976e+01,  9.999995231628e-01,  2.454558764085e+01,  6.719683110714e-02
  5.289399999380e+01,  9.999834299088e-01,  2.454560373410e+01,  6.729324907064e-02
  5.299400000274e+01,  1.000008702278e+00,  2.454557846174e+01,  6.585462391376e-02
  5.309399999678e+01,  9.999889731407e-01,  2.454559819087e+01,  6.503455340862e-02
  5.319400000572e+01,  1.000025153160e+00,  2.454556201085e+01,  6.688353419304e-02
  5.329399999976e+01,  1.000017285347e+00,  2.454556987867e+01,  6.929536908865e-02
  5.339399999380e+01,  1.000014781952e+00,  2.454557238206e+01,  6.765191257000e-02
  5.349400000274e+01,  9.999985694885e-01,  2.454558859452e+01,  6.714604049921e-02
  5.359399999678e+01,  9.999955296516e-01,  2.454559163436e+01,  6.868115812540e-02
  5.369400000572e+01,  1.000023007393e+00,  2.454556415662e+01,  6.883105635643e-02
  5.379399999976e+01,  1.000019907951e+00,  2.454556725606e+01,  7.008900493383e-02
  5.389399999380e+01,  9.999765753746e-01,  2.454561058864e+01,  6.991631537676e-02
  5.399400000274e+01,  9.999922513962e-01,  2.454559491262e+01,  6.897485256195e-02
  5.409399999678e+01,  9.999741911888e-01,  2.454561297282e+01,  6.782212108374e-02
  5.419400000572e+01,  9.999949336052e-01,  2.454559223041e+01,  6.829027086496e-02
  5.429399999976e+01,  1.000020503998e+00,  2.454556666002e+01,  7.008430361748e-02
  5.439399999380e+01,  1.000014781952e+00,  2.454557238206e+01,  6.862590461969e-02
  5.449400000274e+01,  9.999808073044e-01,  2.454560635671e+01,  6.751112639904e-02
  5.459399999678e+01,  1.000023245811e+00,  2.454556391820e+01,  6.670650839806e-02
  5.469400000572e+01,  9.999930262566e-01,  2.454559413776e+01,  6.712482124567e-02
  5.479399999976e+01,  1.000023841858e+00,  2.454556332216e+01,  6.925752013922e-02
  5.489399999380e+01,  9.999997019768e-01,  2.454558746204e+01,  6.651701778173e-02
  5.499400000274e+01,  9.999741911888e-01,  2.454561297282e+01,  6.714348495007e-02
  5.509399999678e+01,  1.000010609627e+00,  2.454557655439e+01,  6.690733879805e-02
  5.519400000572e+01,  9.999934434891e-01,  2.454559372052e+01,  6.680292636156e-02
  5.529399999976e+01,  9.999999403954e-01,  2.454558722362e+01,  6.719056516886e-02
  5.539399999380e+01,  1.000012516975e+00,  2.454557464704e+01,  6.587939709425e-02
  5.549400000274e+01,  1.000050067902e+00,  2.454553709611e+01,  6.671909987926e-02
  5.559399999678e+01,  1.000009894371e+00,  2.454557726964e+01,  6.719020754099e-02
  5.569400000572e+01,  1.000022768974e+00,  2.454556439504e+01,  6.804729253054e-02
  5.579399999976e+01,  1.000012397766e+00,  2.454557476625e+01,  6.566617637873e-02
  5.589399999380e+01,  1.000015616417e+00,  2.454557154760e+01,  6.726779043674e-02
  5.599400000274e+01,  9.999846220016e-01,  2.454560254201e+01,  6.844838708639e-02
  5.609399999678e+01,  1.000002741814e+00,  2.454558442220e+01,  6.724104285240e-02
  5.619400000572e+01,  9.999851584435e-01,  2.454560200557e+01,  6.697350740433e-02
  5.629399999976e+01,  9.999991059303e-01,  2.454558805808e+01,  6.658535450697e-02
  5.639399999380e+01,  9.999900460243e-01,  2.454559711799e+01,  6.819193065166e-02
  5.649400000274e+01,  9.999876022339e-01,  2.454559956178e+01,  6.805080920458e-02
  5.659399999678e+01,  9.999892711639e-01,  2.454559789285e+01,  6.867682188749e-02
  5.669400000572e+01,  1.000001311302e+00,  2.454558585271e+01,  6.714553385973e-02
  5.679399999976e+01,  1.000011086464e+00,  2.454557607755e+01,  7.042234390974e-02
  5.689399999380e+01,  1.000030636787e+00,  2.454555652723e+01,  6.588144600391e-02
  5.699400000274e+01,  9.999869465828e-01,  2.454560021743e+01,  6.657277792692e-02
  5.709399999678e+01,  9.999837279320e-01,  2.454560343608e+01,  6.754516810179e-02
  5.719400000572e+01,  9.999877214432e-01,  2.454559944257e+01,  6.814207136631e-02
  5.729399999976e+01,  9.999952316284e-01,  2.454559193238e+01,  6.813219934702e-02
  5.739399999380e+01,  1.000005602837e+00,  2.454558156118e+01,  6.703054904938e-02
  5.749400000274e+01,  9.999893307686e-01,  2.454559783324e+01,  6.860519945621e-02
  5.759399999678e+01,  9.999947547913e-01,  2.454559240922e+01,  6.745947152376e-02
  5.769400000572e+01,  9.999963045120e-01,  2.454559085950e+01,  6.904197484255e-02
  5.779399999976e+01,  9.999882578850e-01,  2.454559890613e+01,  6.735284626484e-02
  5.789399999380e+01,  1.000018596649e+00,  2.454556856736e+01,  6.748475134373e-02
  5.799400000274e+01,  1.000027656555e+00,  2.454555950746e+01,  6.604249030352e-02
  5.809399999678e+01,  9.999989867210e-01,  2.454558817729e+01,  6.774005293846e-02
  5.819400000572e+01,  9.999988079071e-01,  2.454558835611e+01,  6.524408608675e-02
  5.829399999976e+01,  9.999978542328e-01,  2.454558930978e+01,  6.863617897034e-02
  5.839399999380e+01,  1.000003933907e+00,  2.454558323011e+01,  6.673751771450e-02
  5.849400000274e+01,  1.000009298325e+00,  2.454557786569e+01,  6.866426765919e-02
  5.859399999678e+01,  1.000014424324e+00,  2.454557273969e+01,  6.983587890863e-02
  5.869400000572e+01,  1.000053048134e+00,  2.454553411588e+01,  6.904768943787e-02
  5.879399999976e+01,  9.999954700470e-01,  2.454559169397e+01,  6.834261119366e-02
  5.889399999380e+01,  1.000033378601e+00,  2.454555378541e+01,  7.019543647766e-02
  5.899400000274e+01,  1.000053405762e+00,  2.454553375825e+01,  6.950961798429e-02
  5.909399999678e+01,  1.000021696091e+00,  2.454556546792e+01,  6.898247450590e-02
  5.919400000572e+01,  9.999807476997e-01,  2.454560641631e+01,  6.962552666664e-02
  5.929399999976e+01,  9.999958276749e-01,  2.454559133634e+01,  6.938772648573e-02
  5.939399999380e+01,  1.000008702278e+00,  2.454557846174e+01,  6.885563582182e-02
  5.949400000274e+01,  1.000010728836e+00,  2.454557643518e+01,  6.832841783762e-02
  5.959399999678e+01,  1.000000834465e+00,  2.454558632955e+01,  6.775002926588e-02
  5.969400000572e+01,  9.999934434891e-01,  2.454559372052e+01,  6.740897148848e-02
  5.979399999976e+01,  9.999871850014e-01,  2.454559997901e+01,  7.026660442352e-02
  5.989399999380e+01,  9.999832510948e-01,  2.454560391292e+01,  6.496708840132e-02
  5.999400000274e+01,  1.000010371208e+00,  2.454557679281e+01,  6.993149220943e-02
  6.009399999678e+01,  9.999737143517e-01,  2.454561344966e+01,  6.974761188030e-02
  6.019400000572e+01,  1.000001907349e+00,  2.454558525666e+01,  6.906457990408e-02
  6.029399999976e+01,  9.999856352806e-01,  2.454560152873e+01,  6.724777817726e-02
  6.039399999380e+01,  1.000011563301e+00,  2.454557560071e+01,  6.841640174389e-02
  6.049400000274e+01,  9.999723434448e-01,  2.454561482057e+01,  6.698905676603e-02
  6.059399999678e+01,  9.999966621399e-01,  2.454559050187e+01,  6.797447055578e-02
  6.069400000572e+01,  1.000003337860e+00,  2.454558382615e+01,  7.044114172459e-02
  6.079399999976e+01,  9.999808073044e-01,  2.454560635671e+01,  7.015200704336e-02
  6.089399999380e+01,  1.000019431114e+00,  2.454556773290e+01,  7.238166034222e-02
  6.099400000274e+01,  1.000017642975e+00,  2.454556952104e+01,  7.049573957920e-02
  6.109399999678e+01,  1.000007033348e+00,  2.454558013067e+01,  6.974574923515e-02
  6.119400000572e+01,  9.999991655350e-01,  2.454558799848e+01,  6.530955433846e-02
  6.129399999976e+01,  1.000015854836e+00,  2.454557130918e+01,  6.647902727127e-02
  6.139399999380e+01,  9.999947547913e-01,  2.454559240922e+01,  7.001136243343e-02
  6.147100000083e+01,  9.999773502350e-01,  2.454560981378e+01,  6.775696575642e-02
  6.147200000286e+01,  9.999834895134e-01,  2.454560367450e+01,  6.783945858479e-02
  6.147499999404e+01,  9.999868869781e-01,  2.454560027704e+01,  6.797371804714e-02
  6.157500000298e+01,  1.000017046928e+00,  2.454557011708e+01,  7.150494307280e-02
  6.166449999809e+01,  9.899979829788e-01,  2.455558918103e+01,  6.947388499975e-02
  6.168600000441e+01,  9.798852205276e-01,  2.456570194349e+01,  4.732051119208e-02
  6.169699999690e+01,  9.694119691849e-01,  2.457617519483e+01,  3.540142998099e-02
  6.170450000465e+01,  9.592686891556e-01,  2.458631847486e+01,  4.499157890677e-02
  6.171099999547e+01,  9.492169618607e-01,  2.459637020215e+01,  5.089482292533e-02
  6.171750000119e+01,  9.384480714798e-01,  2.460713909253e+01,  5.429276451468e-02
  6.172349999845e+01,  9.281598329544e-01,  2.461742733106e+01,  5.820855125785e-02
  6.172949999571e+01,  9.178143739700e-01,  2.462777279004e+01,  6.213578209281e-02
  6.173549999297e+01,  9.077359437943e-01,  2.463785122022e+01,  6.533976644278e-02
  6.174199999869e+01,  8.973714113235e-01,  2.464821575269e+01,  6.634541600943e-02
  6.174899999797e+01,  8.873006105423e-01,  2.465828655347e+01,  6.605287641287e-02
  6.175699999928e+01,  8.768941164017e-01,  2.466869304761e+01,  5.161043629050e-02
  6.176500000060e+01,  8.665677309036e-01,  2.467901943311e+01,  4.459997639060e-02
  6.177249999344e+01,  8.565579652786e-01,  2.468902919873e+01,  4.224535450339e-02
  6.178000000119e+01,  8.462239503860e-01,  2.469936321363e+01,  3.801485523582e-02
  6.178700000048e+01,  8.361073732376e-01,  2.470947979078e+01,  3.992554172873e-02
  6.179399999976e+01,  8.258443474770e-01,  2.471974281654e+01,  4.757508635521e-02
  6.180149999261e+01,  8.153615593910e-01,  2.473022560462e+01,  5.146035552025e-02
  6.180949999392e+01,  8.051305413246e-01,  2.474045662269e+01,  5.191202834249e-02
  6.181849999726e+01,  7.949910759926e-01,  2.475059608802e+01,  4.919581487775e-02
  6.182899999619e+01,  7.846379876137e-01,  2.476094917640e+01,  4.685156419873e-02
  6.184100000560e+01,  7.745271325111e-01,  2.477106003150e+01,  3.636281564832e-02
  6.185300000012e+01,  7.644162774086e-01,  2.478117088660e+01,  2.624337933958e-02
  6.186349999905e+01,  7.543111443520e-01,  2.479127601966e+01,  2.538944967091e-02
  6.187350000441e+01,  7.438016533852e-01,  2.480178551063e+01,  2.821757085621e-02
  6.188300000131e+01,  7.336469292641e-01,  2.481194023475e+01,  3.016306646168e-02
  6.189299999177e+01,  7.232518792152e-01,  2.482233528480e+01,  3.068802505732e-02
  6.190350000560e+01,  7.127919793129e-01,  2.483279518470e+01,  2.946727350354e-02
  6.191400000453e+01,  7.027478814125e-01,  2.484283928260e+01,  2.655618265271e-02
  6.192499999702e+01,  6.923680901527e-01,  2.485321907386e+01,  2.305619791150e-02
  6.193549999595e+01,  6.823220849037e-01,  2.486326507911e+01,  2.079169824719e-02
  6.194599999487e+01,  6.721025109291e-01,  2.487348465308e+01,  1.951973512769e-02
  6.195649999380e+01,  6.618734002113e-01,  2.488371376380e+01,  1.726930215955e-02
  6.196699999273e+01,  6.515946984291e-01,  2.489399246558e+01,  1.371495798230e-02
  6.197699999809e+01,  6.415048241615e-01,  2.490408233985e+01,  1.393436267972e-02
  6.198700000346e+01,  6.312165856361e-01,  2.491437057838e+01,  1.296244934201e-02
  6.199699999392e+01,  6.207490563393e-01,  2.492483810767e+01,  9.616483002901e-03
  6.200650000572e+01,  6.104531884193e-01,  2.493513397559e+01,  8.706852793694e-03
  6.201600000262e+01,  5.999894738197e-01,  2.494559769019e+01,  1.159386336803e-02
  6.202549999952e+01,  5.899453759193e-01,  2.495564178809e+01,  9.739682078362e-03
  6.203550000489e+01,  5.798478722572e-01,  2.496573929176e+01,  7.191314827651e-03
  6.204600000381e+01,  5.696051716805e-01,  2.497598199233e+01,  6.516722496599e-03
  6.205699999630e+01,  5.591662526131e-01,  2.498642091140e+01,  2.657679608092e-03
  6.206749999523e+01,  5.490668416023e-01,  2.499652032241e+01, -9.081236785278e-04
  6.207750000060e+01,  5.390074849129e-01,  2.500657967910e+01, -6.301201647148e-04
  6.208750000596e+01,  5.286887288094e-01,  2.501689843520e+01, -3.640748036560e-04
  6.209749999642e+01,  5.184119343758e-01,  2.502717522964e+01, -7.475115125999e-04
  6.210750000179e+01,  5.083983540535e-01,  2.503718880996e+01, -1.691291457973e-03
  6.211800000072e+01,  4.982436299324e-01,  2.504734353408e+01, -5.622813943774e-03
  6.212849999964e+01,  4.881423115730e-01,  2.505744485244e+01, -1.014227606356e-02
  6.213899999857e+01,  4.777472615242e-01,  2.506783990249e+01, -1.216203905642e-02
  6.214900000393e+01,  4.675696492195e-01,  2.507801751479e+01, -1.261032558978e-02
  6.215899999440e+01,  4.573462605476e-01,  2.508824090347e+01, -1.176158525050e-02
  6.216949999332e+01,  4.468749165535e-01,  2.509871224746e+01, -1.287520863116e-02
  6.217999999225e+01,  4.366839528084e-01,  2.510890321120e+01, -1.478885579854e-02
  6.219050000608e+01,  4.265368580818e-01,  2.511905030593e+01, -1.811908558011e-02
  6.220100000501e+01,  4.161017537117e-01,  2.512948541030e+01, -1.995820365846e-02
  6.221099999547e+01,  4.058478474617e-01,  2.513973931655e+01, -2.022815681994e-02
  6.222100000083e+01,  3.954260945320e-01,  2.515016106948e+01, -1.869676448405e-02
  6.223100000620e+01,  3.851187825203e-01,  2.516046838149e+01, -1.874336786568e-02
  6.224099999666e+01,  3.750060200691e-01,  2.517058114394e+01, -1.947732456028e-02
  6.225149999559e+01,  3.645613789558e-01,  2.518102578506e+01, -2.123685367405e-02
  6.226199999452e+01,  3.541281819344e-01,  2.519145898208e+01, -2.301664836705e-02
  6.227199999988e+01,  3.441222310066e-01,  2.520146493301e+01, -2.616901881993e-02
  6.228200000525e+01,  3.339675068855e-01,  2.521161965713e+01, -2.681562490761e-02
  6.229199999571e+01,  3.238013386726e-01,  2.522178582534e+01, -2.862643450499e-02
  6.230200000107e+01,  3.136847019196e-01,  2.523190246209e+01, -3.062922134995e-02
  6.231199999154e+01,  3.035528659821e-01,  2.524203429803e+01, -3.175001218915e-02
  6.232199999690e+01,  2.933828830719e-01,  2.525220428094e+01, -3.189616650343e-02
  6.233200000226e+01,  2.832701206207e-01,  2.526231704339e+01, -3.237660229206e-02
  6.234199999273e+01,  2.732260227203e-01,  2.527236114129e+01, -3.208537772298e-02
  6.235249999166e+01,  2.628347873688e-01,  2.528275237664e+01, -3.260733559728e-02
  6.236300000548e+01,  2.526247501373e-01,  2.529296241388e+01, -3.527571633458e-02
  6.237350000441e+01,  2.423555701971e-01,  2.530323159382e+01, -3.794099763036e-02
  6.238400000334e+01,  2.319338172674e-01,  2.531365334675e+01, -3.879643604159e-02
  6.239450000226e+01,  2.215006202459e-01,  2.532408654377e+01, -3.845585510135e-02
  6.240500000119e+01,  2.111437171698e-01,  2.533444344684e+01, -3.892956301570e-02
  6.241550000012e+01,  2.008287757635e-01,  2.534475838825e+01, -4.157732054591e-02
  6.242550000548e+01,  1.907770484686e-01,  2.535481011554e+01, -4.241118952632e-02
  6.243549999595e+01,  1.805116981268e-01,  2.536507546589e+01, -4.205962643027e-02
  6.244550000131e+01,  1.703417152166e-01,  2.537524544880e+01, -4.310509189963e-02
  6.245600000024e+01,  1.598665565252e-01,  2.538572060749e+01, -4.484857991338e-02
  6.246649999917e+01,  1.495497077703e-01,  2.539603745624e+01, -4.560791328549e-02
  6.247699999809e+01,  1.393434852362e-01,  2.540624367878e+01, -4.945122078061e-02
  6.248749999702e+01,  1.288492530584e-01,  2.541673791095e+01, -4.978247359395e-02
  6.249750000238e+01,  1.185877248645e-01,  2.542699943915e+01, -5.034633353353e-02
  6.250749999285e+01,  1.082498952746e-01,  2.543733726874e+01, -4.823895171285e-02
  6.251749999821e+01,  9.807609766722e-02,  2.544751106635e+01, -4.656251147389e-02
  6.252799999714e+01,  8.784317225218e-02,  2.545774399176e+01, -4.780657961965e-02
  6.253849999607e+01,  7.781814783812e-02,  2.546776901618e+01, -5.469878390431e-02
  6.254850000143e+01,  6.772640347481e-02,  2.547786076054e+01, -5.333371087909e-02
  6.255849999189e+01,  5.728175863624e-02,  2.548830540538e+01, -5.173487588763e-02
  6.256849999726e+01,  4.690196737647e-02,  2.549868519664e+01, -5.057604238391e-02
  6.257899999619e+01,  3.642299398780e-02,  2.550916417003e+01, -4.738647863269e-02
  6.259049999714e+01,  2.604701928794e-02,  2.551954014473e+01, -4.379026219249e-02
  6.260449999571e+01,  1.582935266197e-02,  2.552975781135e+01, -4.578353092074e-02
  6.262350000441e+01,  5.801466759294e-03,  2.553978569725e+01, -4.390729591250e-02
  6.263300000131e+01,  2.467421349138e-03,  2.554311974266e+01, -4.287899658084e-02
  6.263400000334e+01,  2.182272728533e-03,  2.554340489128e+01, -4.280770942569e-02
  6.264200000465e+01,  3.087795339525e-04,  2.554527838448e+01, -4.348098859191e-02
  6.264499999583e+01, -2.286159433424e-04,  2.554581577996e+01, -4.444229230285e-02
  6.294599999487e+01, -2.257702406496e-03,  2.554784486642e+01, -3.544210642576e-02
  6.294699999690e+01, -2.247480209917e-03,  2.554783464422e+01, -3.551768511534e-02
