           Test time,     Standard travel,     Tool separation,      Standard force
                 0.0,                 0.0,  3.126519611858e+01, -1.042334735394e-02
                 0.0,                 0.0,  3.126519238584e+01, -1.054088771343e-02
                 0.0,                 0.0,  3.126519950114e+01, -1.056422293186e-02
                 0.0,                 0.0,  3.126519330226e+01, -9.627714753151e-03
                 0.0,                 0.0,  3.126519447945e+01, -9.545698761940e-03
                 0.0,                 0.0,  3.134318256188e+01, -1.066163182259e-02
  0.000000000000e+00,  0.000000000000e+00,  3.134317538519e+01, -1.041707396507e-02
  8.000000147149e-03,  4.467088729143e-06,  3.134317091810e+01, -9.938105940819e-03
  1.100000017323e-02,  3.550667315722e-06,  3.134317183452e+01, -9.447440505028e-03
  1.300000003539e-02,  2.941582351923e-06,  3.134317244360e+01, -9.087428450584e-03
  1.399999996647e-02, -2.230517566204e-07,  3.134317560824e+01, -8.869513869286e-03
  1.140000000596e-01,  4.326706402935e-06,  3.134317105848e+01, -1.141884922981e-02
  2.140000001527e-01, -7.771387572575e-06,  3.134318315657e+01, -8.867260068655e-03
  3.140000000130e-01, -1.380362209602e-05,  3.134318918881e+01, -9.785696864128e-03
  4.140000001062e-01,  2.783302988973e-06,  3.134317260188e+01, -1.003612484783e-02
  5.139999999665e-01,  6.284552000579e-06,  3.134316910063e+01, -1.075918134302e-02
  6.034999999683e-01,  1.015564892441e-02,  3.133301973626e+01, -4.642202518880e-03
  6.245000001509e-01,  2.050301432610e-02,  3.132267237086e+01,  1.158456597477e-02
  6.355000000913e-01,  3.076264262199e-02,  3.131241274256e+01,  2.959756739438e-02
  6.435000000056e-01,  4.121872782707e-02,  3.130195665736e+01,  3.204421699047e-02
  6.504999999888e-01,  5.184647440910e-02,  3.129132891078e+01,  3.885821998119e-02
  6.570000001229e-01,  6.264050304890e-02,  3.128053488214e+01,  4.589406773448e-02
  6.630000001751e-01,  7.309658825397e-02,  3.127007879693e+01,  5.090657994151e-02
  6.689999999944e-01,  8.367474377155e-02,  3.125950064141e+01,  5.618612095714e-02
  6.750000000466e-01,  9.403546154499e-02,  3.124913992364e+01,  6.460134685040e-02
  6.810000000987e-01,  1.041100770235e-01,  3.123906530816e+01,  7.057850062847e-02
  6.875000000000e-01,  1.142609864473e-01,  3.122891439874e+01,  7.747165858746e-02
  6.944999999832e-01,  1.242860108614e-01,  3.121888937432e+01,  9.854404628277e-02
  7.020000000484e-01,  1.347268372774e-01,  3.120844854791e+01,  1.206845492125e-01
  7.090000000317e-01,  1.448052674532e-01,  3.119837011773e+01,  1.380604952574e-01
  7.160000000149e-01,  1.552727967501e-01,  3.118790258844e+01,  1.445988863707e-01
  7.229999999981e-01,  1.654961854219e-01,  3.117767919976e+01,  1.515130251646e-01
  7.305000000633e-01,  1.757081300020e-01,  3.116746725518e+01,  1.623391360044e-01
  7.390000000596e-01,  1.861604005098e-01,  3.115701498468e+01,  1.742600649595e-01
  7.484999999870e-01,  1.964333802462e-01,  3.114674200494e+01,  1.855801790953e-01
  7.605000000913e-01,  2.066624909639e-01,  3.113651289422e+01,  1.973119229078e-01
  7.754999999888e-01,  2.169755250216e-01,  3.112619986016e+01,  2.334371060133e-01
  7.880000001751e-01,  2.272465974092e-01,  3.111592878778e+01,  2.517056763172e-01
  7.985000000335e-01,  2.374566346407e-01,  3.110571875055e+01,  2.620511353016e-01
  8.079999999609e-01,  2.475045472383e-01,  3.109567083795e+01,  2.722649872303e-01
  8.175000001211e-01,  2.578423619270e-01,  3.108533302326e+01,  2.792363464832e-01
  8.275000001304e-01,  2.682450413704e-01,  3.107493034382e+01,  2.925420105457e-01
  8.379999999888e-01,  2.784627079964e-01,  3.106471267719e+01,  3.081555664539e-01
  8.495000000112e-01,  2.888539433479e-01,  3.105432144184e+01,  3.270993530750e-01
  8.610000000335e-01,  2.989647984505e-01,  3.104421058674e+01,  3.435635864735e-01
  8.725000000559e-01,  3.093121647835e-01,  3.103386322040e+01,  3.596768677235e-01
  8.834999999963e-01,  3.197949528694e-01,  3.102338043232e+01,  3.752637207508e-01
  8.935000000056e-01,  3.300641179085e-01,  3.101311126728e+01,  3.928227722645e-01
  9.025000000838e-01,  3.401030004025e-01,  3.100307238478e+01,  4.086963534355e-01
  9.115000001621e-01,  3.506658971310e-01,  3.099250948805e+01,  4.217349886894e-01
  9.200000001583e-01,  3.607290685177e-01,  3.098244631667e+01,  4.357387423515e-01
  9.290000000037e-01,  3.711622655392e-01,  3.097201311965e+01,  4.498760104179e-01
  9.385000001639e-01,  3.816603124142e-01,  3.096151507277e+01,  4.634181857109e-01
  9.485000001732e-01,  3.919599950314e-01,  3.095121539015e+01,  4.785930514336e-01
  9.590000000317e-01,  4.019945561886e-01,  3.094118082900e+01,  5.000316500664e-01
  9.699999999721e-01,  4.123152196407e-01,  3.093086016554e+01,  5.210124850273e-01
  9.805000000633e-01,  4.223707616329e-01,  3.092080462355e+01,  5.409938693047e-01
  9.910000001546e-01,  4.328382909298e-01,  3.091033709426e+01,  5.552875399590e-01
  1.001000000164e+00,  4.429396092892e-01,  3.090023577590e+01,  5.706416964531e-01
  1.011000000173e+00,  4.530600011349e-01,  3.089011538405e+01,  5.835353732109e-01
  1.021500000032e+00,  4.635160863400e-01,  3.087965929885e+01,  6.009265780449e-01
  1.032000000123e+00,  4.739340245724e-01,  3.086924136061e+01,  6.181461215019e-01
  1.042499999981e+00,  4.843405187130e-01,  3.085883486647e+01,  6.377841830254e-01
  1.053000000073e+00,  4.947393834591e-01,  3.084843600173e+01,  6.524974703789e-01
  1.063500000164e+00,  5.051611661911e-01,  3.083801421899e+01,  6.686984896660e-01
  1.074000000022e+00,  5.156286954880e-01,  3.082754668970e+01,  6.839610934258e-01
  1.084500000114e+00,  5.260237455368e-01,  3.081715163965e+01,  6.996280550957e-01
  1.094999999972e+00,  5.362814664841e-01,  3.080689391870e+01,  7.181751132011e-01
  1.105500000063e+00,  5.466688871384e-01,  3.079650649805e+01,  7.376338839531e-01
  1.116000000155e+00,  5.571326017380e-01,  3.078604278345e+01,  7.557231783867e-01
  1.126000000164e+00,  5.672186613083e-01,  3.077595672388e+01,  7.719356417656e-01
  1.136000000173e+00,  5.773695707321e-01,  3.076580581445e+01,  7.875911593437e-01
  1.146000000183e+00,  5.874785184860e-01,  3.075569686670e+01,  8.037540316582e-01
  1.156500000041e+00,  5.978091955185e-01,  3.074536618967e+01,  8.221895098686e-01
  1.167000000132e+00,  6.079677343369e-01,  3.073520765085e+01,  8.411218523979e-01
  1.177499999991e+00,  6.181377172470e-01,  3.072503766794e+01,  8.606569170952e-01
  1.188000000082e+00,  6.284526586533e-01,  3.071472272653e+01,  8.789064288139e-01
  1.198500000173e+00,  6.389354467392e-01,  3.070423993845e+01,  8.969117999077e-01
  1.208500000183e+00,  6.490558385849e-01,  3.069411954660e+01,  9.129640460014e-01
  1.218499999959e+00,  6.591380834579e-01,  3.068403730173e+01,  9.302789568901e-01
  1.229000000050e+00,  6.695407629013e-01,  3.067363462228e+01,  9.491922259331e-01
  1.239500000142e+00,  6.798824071884e-01,  3.066329297800e+01,  9.679033160210e-01
  1.250000000000e+00,  6.903194189072e-01,  3.065285596628e+01,  9.869348406792e-01
  1.260000000009e+00,  7.003253698349e-01,  3.064285001535e+01,  1.006199121475e+00
  1.270000000019e+00,  7.103694677353e-01,  3.063280591745e+01,  1.023090600967e+00
  1.280000000028e+00,  7.204440832138e-01,  3.062273130197e+01,  1.040142297745e+00
  1.290000000037e+00,  7.304767370224e-01,  3.061269864816e+01,  1.057861566544e+00
  1.300500000129e+00,  7.409518957138e-01,  3.060222348947e+01,  1.075237512589e+00
  1.310500000138e+00,  7.509845495224e-01,  3.059219083566e+01,  1.091858148575e+00
  1.320500000147e+00,  7.610019445419e-01,  3.058217344064e+01,  1.109222650528e+00
  1.331000000006e+00,  7.714275121689e-01,  3.057174787302e+01,  1.129123926163e+00
  1.341500000097e+00,  7.818416357040e-01,  3.056133374948e+01,  1.149029016495e+00
  1.351500000106e+00,  7.918552160263e-01,  3.055132016916e+01,  1.167598962784e+00
  1.361500000115e+00,  8.019145727158e-01,  3.054126081247e+01,  1.184234857559e+00
  1.371500000125e+00,  8.120235204697e-01,  3.053115186472e+01,  1.201339960098e+00
  1.381500000134e+00,  8.221706151962e-01,  3.052100476999e+01,  1.217884302139e+00
  1.391500000143e+00,  8.322719335556e-01,  3.051090345163e+01,  1.234302759171e+00
  1.402000000002e+00,  8.427051305771e-01,  3.050047025461e+01,  1.253868341446e+00
  1.412500000093e+00,  8.530834913254e-01,  3.049009189386e+01,  1.274498224258e+00
  1.423000000184e+00,  8.635357618332e-01,  3.047963962335e+01,  1.292957544327e+00
  1.432999999961e+00,  8.735646009445e-01,  3.046961078424e+01,  1.311741113663e+00
  1.442999999970e+00,  8.836163282394e-01,  3.045955905695e+01,  1.329609155655e+00
  1.452999999980e+00,  8.936756849289e-01,  3.044949970026e+01,  1.347473382950e+00
  1.463500000071e+00,  9.041432142258e-01,  3.043903217096e+01,  1.367557764053e+00
  1.474000000162e+00,  9.144219160080e-01,  3.042875346918e+01,  1.388206720352e+00
  1.484500000020e+00,  9.246033430099e-01,  3.041857204218e+01,  1.408165216446e+00
  1.495000000112e+00,  9.348725080490e-01,  3.040830287714e+01,  1.428604364395e+00
  1.505000000121e+00,  9.448822736740e-01,  3.039829311151e+01,  1.445907831192e+00
  1.515000000130e+00,  9.550102949142e-01,  3.038816509027e+01,  1.462566614151e+00
  1.525000000140e+00,  9.651345014572e-01,  3.037804088373e+01,  1.480484247208e+00
  1.535000000149e+00,  9.752396345139e-01,  3.036793575067e+01,  1.499290704727e+00
  1.545000000158e+00,  9.852951765060e-01,  3.035788020868e+01,  1.518596887589e+00
  1.555000000168e+00,  9.952973127365e-01,  3.034787807245e+01,  1.536651849747e+00
  1.565500000026e+00,  1.005787730217e+00,  3.033738765497e+01,  1.555504083633e+00
  1.575500000035e+00,  1.015934824944e+00,  3.032724056024e+01,  1.573837518692e+00
  1.585500000045e+00,  1.026200175285e+00,  3.031697520990e+01,  1.592006921768e+00
  1.595500000054e+00,  1.036415934563e+00,  3.030675945062e+01,  1.609768152237e+00
  1.605500000063e+00,  1.046433329582e+00,  3.029674205560e+01,  1.629753351212e+00
  1.616000000155e+00,  1.056820750237e+00,  3.028635463495e+01,  1.649837732315e+00
  1.626500000013e+00,  1.067215800285e+00,  3.027595958490e+01,  1.668030023575e+00
  1.637000000104e+00,  1.077622294426e+00,  3.026555309076e+01,  1.686172723770e+00
  1.647499999963e+00,  1.088086009026e+00,  3.025508937616e+01,  1.706093072891e+00
  1.657499999972e+00,  1.098155379295e+00,  3.024502000589e+01,  1.725950241089e+00
  1.667499999981e+00,  1.108306288719e+00,  3.023486909647e+01,  1.747327804565e+00
  1.677499999991e+00,  1.118506789207e+00,  3.022466859598e+01,  1.766599655151e+00
  1.687500000000e+00,  1.128680586815e+00,  3.021449479837e+01,  1.784261703491e+00
  1.697500000009e+00,  1.138793349266e+00,  3.020438203592e+01,  1.800474166870e+00
  1.708000000101e+00,  1.149241805077e+00,  3.019393358011e+01,  1.817537307739e+00
  1.718499999959e+00,  1.159518599510e+00,  3.018365678568e+01,  1.836999893188e+00
  1.729000000050e+00,  1.169755339622e+00,  3.017342004556e+01,  1.859525680542e+00
  1.739500000142e+00,  1.180104613304e+00,  3.016307077188e+01,  1.880777359009e+00
  1.749500000151e+00,  1.190125823021e+00,  3.015304956216e+01,  1.898996353149e+00
  1.759500000160e+00,  1.200284361839e+00,  3.014289102335e+01,  1.914739608765e+00
  1.769500000170e+00,  1.210423827171e+00,  3.013275155801e+01,  1.928987503052e+00
  1.780000000028e+00,  1.220895171165e+00,  3.012228021402e+01,  1.945711135864e+00
  1.790500000119e+00,  1.231164336205e+00,  3.011201104898e+01,  1.966234207153e+00
  1.800999999978e+00,  1.241401076317e+00,  3.010177430887e+01,  1.986547470093e+00
  1.811500000069e+00,  1.251660704613e+00,  3.009151468057e+01,  2.007509231567e+00
  1.821500000078e+00,  1.261685729027e+00,  3.008148965616e+01,  2.023824691772e+00
  1.831500000088e+00,  1.271855711937e+00,  3.007131967325e+01,  2.039335250854e+00
  1.841500000097e+00,  1.282090544701e+00,  3.006108484049e+01,  2.053804397583e+00
  1.851500000106e+00,  1.292210936546e+00,  3.005096444864e+01,  2.072355270386e+00
  1.861500000115e+00,  1.302285552025e+00,  3.004088983316e+01,  2.091501235962e+00
  1.871500000125e+00,  1.312333464622e+00,  3.003084192056e+01,  2.114316940308e+00
  1.881500000134e+00,  1.322511076927e+00,  3.002066430826e+01,  2.134103775024e+00
  1.891500000143e+00,  1.332745909691e+00,  3.001042947549e+01,  2.152151107788e+00
  1.901500000153e+00,  1.342965483665e+00,  3.000020990152e+01,  2.169244766235e+00
  1.911500000162e+00,  1.353121519089e+00,  2.999005386610e+01,  2.186572790146e+00
  1.922000000020e+00,  1.363589048386e+00,  2.997958633680e+01,  2.206722021103e+00
  1.932500000112e+00,  1.373957395554e+00,  2.996921798963e+01,  2.228122472763e+00
  1.942999999970e+00,  1.384379148483e+00,  2.995879623670e+01,  2.249931097031e+00
  1.952999999980e+00,  1.394465208054e+00,  2.994871017713e+01,  2.269325017929e+00
  1.962999999989e+00,  1.404639005661e+00,  2.993853637952e+01,  2.287704229355e+00
  1.972999999998e+00,  1.414881467819e+00,  2.992829391737e+01,  2.304794073105e+00
  1.983000000007e+00,  1.424990415573e+00,  2.991818496961e+01,  2.324287176132e+00
  1.993000000017e+00,  1.435003995895e+00,  2.990817138929e+01,  2.344711065292e+00
  2.003500000108e+00,  1.445494413376e+00,  2.989768097181e+01,  2.365089178085e+00
  2.013999999966e+00,  1.455996274948e+00,  2.988717911024e+01,  2.387031316757e+00
  2.024500000058e+00,  1.466494321823e+00,  2.987668106336e+01,  2.407878637314e+00
  2.035000000149e+00,  1.476916074753e+00,  2.986625931043e+01,  2.428680181503e+00
  2.045500000007e+00,  1.487288236618e+00,  2.985588714857e+01,  2.448123693466e+00
  2.056000000099e+00,  1.497641324997e+00,  2.984553406019e+01,  2.468856573105e+00
  2.066499999957e+00,  1.508082151413e+00,  2.983509323377e+01,  2.487861394882e+00
  2.076499999966e+00,  1.518122434616e+00,  2.982505295057e+01,  2.506694555283e+00
  2.086499999976e+00,  1.528223752975e+00,  2.981495163221e+01,  2.524474859238e+00
  2.096499999985e+00,  1.538275480270e+00,  2.980489990492e+01,  2.545852422714e+00
  2.107000000076e+00,  1.548743009567e+00,  2.979443237562e+01,  2.566528081894e+00
  2.117500000168e+00,  1.559118986130e+00,  2.978405639906e+01,  2.588660955429e+00
  2.128000000026e+00,  1.569487333298e+00,  2.977368805189e+01,  2.609191656113e+00
  2.138500000117e+00,  1.579977750778e+00,  2.976319763441e+01,  2.629867315292e+00
  2.148500000127e+00,  1.590098142624e+00,  2.975307724256e+01,  2.648204565048e+00
  2.158500000136e+00,  1.600253582001e+00,  2.974292180318e+01,  2.669091224670e+00
  2.168500000145e+00,  1.610320568085e+00,  2.973285481710e+01,  2.688675880432e+00
  2.179000000004e+00,  1.620727062225e+00,  2.972244832296e+01,  2.711190223694e+00
  2.189500000095e+00,  1.631026744843e+00,  2.971214864034e+01,  2.733532905579e+00
  2.199999999953e+00,  1.641387462616e+00,  2.970178792257e+01,  2.753705024719e+00
  2.209999999963e+00,  1.651439189911e+00,  2.969173619527e+01,  2.772065162659e+00
  2.219999999972e+00,  1.661612987518e+00,  2.968156239767e+01,  2.791863441467e+00
  2.229999999981e+00,  1.671813488007e+00,  2.967136189718e+01,  2.812169075012e+00
  2.239999999991e+00,  1.681968212128e+00,  2.966120717306e+01,  2.833245277405e+00
  2.250000000000e+00,  1.692012310028e+00,  2.965116307516e+01,  2.853402137756e+00
  2.260500000091e+00,  1.702441692352e+00,  2.964073369283e+01,  2.875657081604e+00
  2.271000000183e+00,  1.712935924530e+00,  2.963023946066e+01,  2.895195960999e+00
  2.280999999959e+00,  1.723083019257e+00,  2.962009236593e+01,  2.913575172424e+00
  2.290999999968e+00,  1.733310222626e+00,  2.960986516256e+01,  2.931572914124e+00
  2.300999999978e+00,  1.743419170380e+00,  2.959975621481e+01,  2.953499794006e+00
  2.311500000069e+00,  1.753909587860e+00,  2.958926579733e+01,  2.975518226624e+00
  2.322000000160e+00,  1.764285564423e+00,  2.957888982076e+01,  2.999451637268e+00
  2.332500000019e+00,  1.774672985077e+00,  2.956850240011e+01,  3.021126747131e+00
  2.342500000028e+00,  1.784675121307e+00,  2.955850026388e+01,  3.041901588440e+00
  2.352500000037e+00,  1.794814586639e+00,  2.954836079855e+01,  3.058903694153e+00
  2.362500000047e+00,  1.804942607880e+00,  2.953823277731e+01,  3.077824592590e+00
  2.372500000056e+00,  1.814982891083e+00,  2.952819249410e+01,  3.097352027893e+00
  2.383000000147e+00,  1.825377941132e+00,  2.951779744405e+01,  3.120167732239e+00
  2.393500000006e+00,  1.835669994354e+00,  2.950750539083e+01,  3.142399787903e+00
  2.404000000097e+00,  1.846030712128e+00,  2.949714467306e+01,  3.163937568665e+00
  2.414499999955e+00,  1.856493949890e+00,  2.948668143530e+01,  3.183664083481e+00
  2.424499999965e+00,  1.866496086121e+00,  2.947667929907e+01,  3.201158285141e+00
  2.434499999974e+00,  1.876505851746e+00,  2.946666953344e+01,  3.220247030258e+00
  2.445000000065e+00,  1.886939048767e+00,  2.945623633642e+01,  3.240926504135e+00
  2.455500000156e+00,  1.897318840027e+00,  2.944585654516e+01,  3.264951467514e+00
  2.466000000015e+00,  1.907816886902e+00,  2.943535849828e+01,  3.287435293198e+00
  2.476000000024e+00,  1.917883872986e+00,  2.942529151220e+01,  3.307653188705e+00
  2.486500000115e+00,  1.928366661072e+00,  2.941480872411e+01,  3.328500509262e+00
  2.496999999974e+00,  1.938780784607e+00,  2.940439460058e+01,  3.348840475082e+00
  2.507500000065e+00,  1.949103355408e+00,  2.939407202978e+01,  3.368428945541e+00
  2.518000000156e+00,  1.959240913391e+00,  2.938393447179e+01,  3.389348745346e+00
  2.529000000097e+00,  1.969536781311e+00,  2.937363860387e+01,  3.409108877182e+00
  2.540999999968e+00,  1.979804039001e+00,  2.936337134618e+01,  3.425382375717e+00
  2.556000000099e+00,  1.990078926086e+00,  2.935309645910e+01,  3.441720724106e+00
  2.574000000022e+00,  1.997607231140e+00,  2.934556815405e+01,  3.457002401352e+00
  2.674000000115e+00,  2.003316640854e+00,  2.933985874433e+01,  3.463770151138e+00
  2.773999999976e+00,  2.002608776093e+00,  2.934056660909e+01,  3.450033903122e+00
  2.874000000069e+00,  2.001839160919e+00,  2.934133622427e+01,  3.443741559982e+00
  2.974000000162e+00,  2.001207590103e+00,  2.934196779508e+01,  3.429984807968e+00
  3.074000000022e+00,  2.000782966614e+00,  2.934239241857e+01,  3.428912162781e+00
  3.174000000115e+00,  2.000516891479e+00,  2.934265849371e+01,  3.419964313507e+00
  3.273999999976e+00,  2.000270366669e+00,  2.934290501852e+01,  3.414541244507e+00
  3.374000000069e+00,  2.000152111053e+00,  2.934302327413e+01,  3.409747362137e+00
  3.474000000162e+00,  2.000118970871e+00,  2.934305641431e+01,  3.406149148941e+00
  3.574000000022e+00,  2.000065326691e+00,  2.934311005850e+01,  3.402930498123e+00
  3.674000000115e+00,  2.000016927719e+00,  2.934315845747e+01,  3.395774364471e+00
  3.773999999976e+00,  1.999985694885e+00,  2.934318969030e+01,  3.394007444382e+00
  3.874000000069e+00,  1.999996304512e+00,  2.934317908067e+01,  3.389955520630e+00
  3.974000000162e+00,  1.999985694885e+00,  2.934318969030e+01,  3.385456562042e+00
  4.074000000022e+00,  2.000006437302e+00,  2.934316894788e+01,  3.383597135544e+00
  4.174000000115e+00,  1.999995708466e+00,  2.934317967672e+01,  3.377367019653e+00
  4.273999999976e+00,  2.000016689301e+00,  2.934315869589e+01,  3.375113725662e+00
  4.374000000069e+00,  2.000026941299e+00,  2.934314844389e+01,  3.371728181839e+00
  4.474000000162e+00,  2.000043392181e+00,  2.934313199300e+01,  3.366955280304e+00
  4.574000000022e+00,  2.000013113022e+00,  2.934316227216e+01,  3.365290641785e+00
  4.674000000115e+00,  2.000016450882e+00,  2.934315893430e+01,  3.365841627121e+00
  4.773999999976e+00,  1.999977827072e+00,  2.934319755811e+01,  3.361281156540e+00
  4.874000000069e+00,  2.000006914139e+00,  2.934316847105e+01,  3.357385873795e+00
  4.974000000162e+00,  2.000024557114e+00,  2.934315082807e+01,  3.355263948441e+00
  5.074000000022e+00,  1.999995112419e+00,  2.934318027277e+01,  3.355453968048e+00
  5.174000000115e+00,  1.999986410141e+00,  2.934318897504e+01,  3.348348379135e+00
  5.273999999976e+00,  2.000021457672e+00,  2.934315392751e+01,  3.347311496735e+00
  5.374000000069e+00,  2.000020265579e+00,  2.934315511961e+01,  3.348728656769e+00
  5.474000000162e+00,  1.999979376793e+00,  2.934319600839e+01,  3.346162796021e+00
  5.574000000022e+00,  2.000014781952e+00,  2.934316060323e+01,  3.342156410217e+00
  5.674000000115e+00,  1.999999761581e+00,  2.934317562360e+01,  3.343477010727e+00
  5.773999999976e+00,  2.000039339066e+00,  2.934313604612e+01,  3.338883399963e+00
  5.874000000069e+00,  2.000005483627e+00,  2.934316990156e+01,  3.335973024368e+00
  5.974000000162e+00,  2.000007390976e+00,  2.934316799421e+01,  3.334711313248e+00
  6.074000000022e+00,  1.999986410141e+00,  2.934318897504e+01,  3.333925485611e+00
  6.174000000115e+00,  1.999956727028e+00,  2.934321865816e+01,  3.329038619995e+00
  6.273999999976e+00,  1.999997615814e+00,  2.934317776937e+01,  3.327923774719e+00
  6.374000000069e+00,  2.000020980835e+00,  2.934315440435e+01,  3.324916839600e+00
  6.474000000162e+00,  2.000022411346e+00,  2.934315297384e+01,  3.324821472168e+00
  6.574000000022e+00,  2.000020503998e+00,  2.934315488119e+01,  3.322122335434e+00
  6.674000000115e+00,  2.000020265579e+00,  2.934315511961e+01,  3.320016145706e+00
  6.773999999976e+00,  2.000051498413e+00,  2.934312388677e+01,  3.318685054779e+00
  6.874000000069e+00,  2.000001192093e+00,  2.934317419309e+01,  3.318154096603e+00
  6.974000000162e+00,  2.000005245209e+00,  2.934317013998e+01,  3.313728094101e+00
  7.074000000022e+00,  1.999979615211e+00,  2.934319576997e+01,  3.311648130417e+00
  7.174000000115e+00,  2.000016689301e+00,  2.934315869589e+01,  3.311563253403e+00
  7.273999999976e+00,  2.000032424927e+00,  2.934314296026e+01,  3.310863494873e+00
  7.374000000069e+00,  2.000004768372e+00,  2.934317061681e+01,  3.308643341064e+00
  7.474000000162e+00,  1.999991655350e+00,  2.934318372984e+01,  3.305885553360e+00
  7.574000000022e+00,  2.000011920929e+00,  2.934316346426e+01,  3.305757045746e+00
  7.674000000115e+00,  1.999986290932e+00,  2.934318909425e+01,  3.301963806152e+00
  7.773999999976e+00,  2.000006914139e+00,  2.934316847105e+01,  3.303185462952e+00
  7.874000000069e+00,  2.000021219254e+00,  2.934315416593e+01,  3.301534891129e+00
  7.974000000162e+00,  2.000030040741e+00,  2.934314534444e+01,  3.298600196838e+00
  8.074000000022e+00,  2.000013351440e+00,  2.934316203375e+01,  3.300346612930e+00
  8.174000000115e+00,  2.000000238419e+00,  2.934317514677e+01,  3.295851945877e+00
  8.273999999976e+00,  2.000005483627e+00,  2.934316990156e+01,  3.296481370926e+00
  8.374000000069e+00,  2.000031471252e+00,  2.934314391393e+01,  3.296981811523e+00
  8.474000000162e+00,  2.000029563904e+00,  2.934314582128e+01,  3.293465614319e+00
  8.574000000022e+00,  2.000024080276e+00,  2.934315130491e+01,  3.293172836304e+00
  8.674000000115e+00,  2.000025987625e+00,  2.934314939756e+01,  3.290100574493e+00
  8.773999999976e+00,  1.999982714653e+00,  2.934319267053e+01,  3.289875984192e+00
  8.874000000069e+00,  2.000031232834e+00,  2.934314415235e+01,  3.287951946259e+00
  8.974000000162e+00,  1.999997735023e+00,  2.934317765016e+01,  3.285073280334e+00
  9.074000000022e+00,  2.000012874603e+00,  2.934316251058e+01,  3.283490657806e+00
  9.174000000115e+00,  2.000006198883e+00,  2.934316918630e+01,  3.283265113831e+00
  9.273999999976e+00,  1.999987006187e+00,  2.934318837900e+01,  3.279993534088e+00
  9.374000000069e+00,  2.000025987625e+00,  2.934314939756e+01,  3.277953147888e+00
  9.474000000162e+00,  1.999998450279e+00,  2.934317693491e+01,  3.279133558273e+00
  9.574000000022e+00,  1.999989271164e+00,  2.934318611402e+01,  3.276618242264e+00
  9.674000000115e+00,  2.000003576279e+00,  2.934317180891e+01,  3.275180578232e+00
  9.773999999976e+00,  2.000006198883e+00,  2.934316918630e+01,  3.275871038437e+00
  9.874000000069e+00,  1.999997496605e+00,  2.934317788858e+01,  3.276089906693e+00
  9.974000000162e+00,  2.000018835068e+00,  2.934315655012e+01,  3.271679401398e+00
  1.007400000002e+01,  2.000022888184e+00,  2.934315249700e+01,  3.269942045212e+00
  1.017400000012e+01,  2.000032424927e+00,  2.934314296026e+01,  3.272154569626e+00
  1.027399999998e+01,  2.000009775162e+00,  2.934316561002e+01,  3.269593477249e+00
  1.037400000007e+01,  1.999972939491e+00,  2.934320244569e+01,  3.268658399582e+00
  1.047400000016e+01,  2.000008344650e+00,  2.934316704054e+01,  3.267742156982e+00
  1.057400000002e+01,  1.999986410141e+00,  2.934318897504e+01,  3.268802165985e+00
  1.067400000012e+01,  1.999994277954e+00,  2.934318110723e+01,  3.266051292419e+00
  1.077399999998e+01,  1.999999880791e+00,  2.934317550439e+01,  3.267532110214e+00
  1.087400000007e+01,  2.000023603439e+00,  2.934315178175e+01,  3.261999845505e+00
  1.097400000016e+01,  2.000001907349e+00,  2.934317347784e+01,  3.261908054352e+00
  1.107400000002e+01,  2.000014066696e+00,  2.934316131849e+01,  3.261215925217e+00
  1.117400000012e+01,  2.000008106232e+00,  2.934316727895e+01,  3.261396408081e+00
  1.127399999998e+01,  2.000005960464e+00,  2.934316942472e+01,  3.262389898300e+00
  1.137400000007e+01,  2.000027656555e+00,  2.934314772863e+01,  3.257605314255e+00
  1.147400000016e+01,  1.999983668327e+00,  2.934319171686e+01,  3.258877515793e+00
  1.157400000002e+01,  2.000024318695e+00,  2.934315106649e+01,  3.256533384323e+00
  1.167400000012e+01,  1.999999523163e+00,  2.934317586202e+01,  3.258621454239e+00
  1.177399999998e+01,  2.000056266785e+00,  2.934311911840e+01,  3.255481958389e+00
  1.187400000007e+01,  2.000003814697e+00,  2.934317157049e+01,  3.251119375229e+00
  1.197400000016e+01,  2.000020980835e+00,  2.934315440435e+01,  3.252851009369e+00
  1.207400000002e+01,  2.000001907349e+00,  2.934317347784e+01,  3.251687288284e+00
  1.217400000012e+01,  2.000022888184e+00,  2.934315249700e+01,  3.253181934357e+00
  1.227399999998e+01,  2.000012636185e+00,  2.934316274900e+01,  3.251650333405e+00
  1.237400000007e+01,  2.000008821487e+00,  2.934316656370e+01,  3.248670578003e+00
  1.247400000016e+01,  1.999992489815e+00,  2.934318289537e+01,  3.247934341431e+00
  1.257400000002e+01,  2.000019550323e+00,  2.934315583486e+01,  3.246845722198e+00
  1.267400000012e+01,  2.000018835068e+00,  2.934315655012e+01,  3.245332717896e+00
  1.277399999998e+01,  1.999979734421e+00,  2.934319565076e+01,  3.244224071503e+00
  1.287400000007e+01,  2.000034809113e+00,  2.934314057607e+01,  3.243911981583e+00
  1.297400000016e+01,  2.000009298325e+00,  2.934316608686e+01,  3.242359638214e+00
  1.307400000002e+01,  2.000006675720e+00,  2.934316870947e+01,  3.239979267120e+00
  1.317400000012e+01,  1.999984264374e+00,  2.934319112081e+01,  3.239898204803e+00
  1.327399999998e+01,  1.999992609024e+00,  2.934318277616e+01,  3.240356445313e+00
  1.337400000007e+01,  2.000030040741e+00,  2.934314534444e+01,  3.240857362747e+00
  1.347400000016e+01,  1.999960780144e+00,  2.934321460504e+01,  3.236063003540e+00
  1.357400000002e+01,  2.000012636185e+00,  2.934316274900e+01,  3.236527442932e+00
  1.367400000012e+01,  2.000001668930e+00,  2.934317371626e+01,  3.236736536026e+00
  1.377399999998e+01,  1.999984145164e+00,  2.934319124002e+01,  3.235793590546e+00
  1.387400000007e+01,  1.999993562698e+00,  2.934318182249e+01,  3.234005689621e+00
  1.397400000016e+01,  1.999994516373e+00,  2.934318086881e+01,  3.232765913010e+00
  1.407400000002e+01,  2.000001668930e+00,  2.934317371626e+01,  3.233141660690e+00
  1.417400000012e+01,  1.999979496002e+00,  2.934319588918e+01,  3.232048988342e+00
  1.427399999998e+01,  2.000018596649e+00,  2.934315678854e+01,  3.229458093643e+00
  1.437400000007e+01,  1.999992370605e+00,  2.934318301458e+01,  3.229913711548e+00
  1.447400000016e+01,  1.999981760979e+00,  2.934319362421e+01,  3.227136850357e+00
  1.457400000002e+01,  2.000036239624e+00,  2.934313914556e+01,  3.227314949036e+00
  1.467400000012e+01,  2.000032901764e+00,  2.934314248342e+01,  3.226640224457e+00
  1.477399999998e+01,  2.000002861023e+00,  2.934317252416e+01,  3.223248243332e+00
  1.487400000007e+01,  2.000002384186e+00,  2.934317300100e+01,  3.223402261734e+00
  1.497400000016e+01,  1.999998927116e+00,  2.934317645807e+01,  3.222980499268e+00
  1.507400000002e+01,  2.000023603439e+00,  2.934315178175e+01,  3.222616195679e+00
  1.517400000012e+01,  2.000011682510e+00,  2.934316370268e+01,  3.220903158188e+00
  1.527399999998e+01,  1.999994397163e+00,  2.934318098802e+01,  3.220773458481e+00
  1.537400000007e+01,  2.000010728836e+00,  2.934316465635e+01,  3.222021818161e+00
  1.547400000016e+01,  2.000049352646e+00,  2.934312603254e+01,  3.219726085663e+00
  1.557400000002e+01,  1.999995350838e+00,  2.934318003435e+01,  3.216203927994e+00
  1.567400000012e+01,  1.999966859818e+00,  2.934320852537e+01,  3.218107223511e+00
  1.577399999998e+01,  1.999980092049e+00,  2.934319529314e+01,  3.217877864838e+00
  1.587400000007e+01,  1.999988436699e+00,  2.934318694849e+01,  3.215163230896e+00
  1.597400000016e+01,  2.000001907349e+00,  2.934317347784e+01,  3.215013265610e+00
  1.607400000002e+01,  1.999996781349e+00,  2.934317860384e+01,  3.214553833008e+00
  1.617400000012e+01,  1.999978780746e+00,  2.934319660444e+01,  3.213242530823e+00
  1.627399999998e+01,  2.000011682510e+00,  2.934316370268e+01,  3.213888406754e+00
  1.637400000007e+01,  2.000019073486e+00,  2.934315631170e+01,  3.212468624115e+00
  1.647400000016e+01,  2.000028371811e+00,  2.934314701337e+01,  3.213162660599e+00
  1.657400000002e+01,  2.000027894974e+00,  2.934314749021e+01,  3.212826251984e+00
  1.667400000012e+01,  1.999981880188e+00,  2.934319350500e+01,  3.212217569351e+00
  1.677399999998e+01,  1.999981164932e+00,  2.934319422025e+01,  3.210834980011e+00
  1.687400000007e+01,  2.000001430511e+00,  2.934317395467e+01,  3.210298061371e+00
  1.697400000016e+01,  1.999981403351e+00,  2.934319398183e+01,  3.210910320282e+00
  1.707400000002e+01,  1.999971032143e+00,  2.934320435304e+01,  3.209944009781e+00
  1.717400000012e+01,  1.999989509583e+00,  2.934318587560e+01,  3.206864356995e+00
  1.727399999998e+01,  2.000008821487e+00,  2.934316656370e+01,  3.206774234772e+00
  1.737400000007e+01,  2.000004768372e+00,  2.934317061681e+01,  3.206180810928e+00
  1.747400000016e+01,  1.999998688698e+00,  2.934317669649e+01,  3.204753875732e+00
  1.757400000002e+01,  1.999986410141e+00,  2.934318897504e+01,  3.204958915710e+00
  1.767400000012e+01,  1.999982714653e+00,  2.934319267053e+01,  3.203755378723e+00
  1.777399999998e+01,  2.000005006790e+00,  2.934317037840e+01,  3.202909231186e+00
  1.787400000007e+01,  2.000019550323e+00,  2.934315583486e+01,  3.199218273163e+00
  1.797400000016e+01,  2.000008583069e+00,  2.934316680212e+01,  3.203527450562e+00
  1.807400000002e+01,  2.000030040741e+00,  2.934314534444e+01,  3.200325965881e+00
  1.817400000012e+01,  2.000028133392e+00,  2.934314725179e+01,  3.200572490692e+00
  1.827399999998e+01,  2.000033140182e+00,  2.934314224500e+01,  3.200187206268e+00
  1.837400000007e+01,  2.000022411346e+00,  2.934315297384e+01,  3.197208404541e+00
  1.847400000016e+01,  2.000020503998e+00,  2.934315488119e+01,  3.200082540512e+00
  1.857400000002e+01,  2.000004291534e+00,  2.934317109365e+01,  3.195772409439e+00
  1.867400000012e+01,  2.000014781952e+00,  2.934316060323e+01,  3.195883512497e+00
  1.877399999998e+01,  2.000013113022e+00,  2.934316227216e+01,  3.195925474167e+00
  1.887400000007e+01,  1.999990105629e+00,  2.934318527956e+01,  3.195745944977e+00
  1.897400000016e+01,  2.000002145767e+00,  2.934317323942e+01,  3.194625854492e+00
  1.907400000002e+01,  1.999990701675e+00,  2.934318468351e+01,  3.193630456924e+00
  1.917400000012e+01,  1.999991178513e+00,  2.934318420667e+01,  3.194572448730e+00
  1.927399999998e+01,  2.000012874603e+00,  2.934316251058e+01,  3.193343639374e+00
  1.937400000007e+01,  1.999989748001e+00,  2.934318563718e+01,  3.192302703857e+00
  1.947400000016e+01,  2.000001668930e+00,  2.934317371626e+01,  3.193078279495e+00
  1.957400000002e+01,  2.000001907349e+00,  2.934317347784e+01,  3.191358089447e+00
  1.967400000012e+01,  1.999997019768e+00,  2.934317836542e+01,  3.190857172012e+00
  1.977399999998e+01,  1.999996662140e+00,  2.934317872305e+01,  3.187707185745e+00
  1.987400000007e+01,  1.999986767769e+00,  2.934318861742e+01,  3.188794851303e+00
  1.997400000016e+01,  1.999978423119e+00,  2.934319696207e+01,  3.186390399933e+00
  2.007400000002e+01,  2.000017404556e+00,  2.934315798063e+01,  3.187997102737e+00
  2.017400000012e+01,  1.999979138374e+00,  2.934319624681e+01,  3.185819625854e+00
  2.027399999998e+01,  1.999976158142e+00,  2.934319922704e+01,  3.185307979584e+00
  2.037400000007e+01,  1.999985098839e+00,  2.934319028635e+01,  3.183886528015e+00
  2.047400000016e+01,  1.999996304512e+00,  2.934317908067e+01,  3.184195518494e+00
  2.057400000002e+01,  1.999997496605e+00,  2.934317788858e+01,  3.182166814804e+00
  2.067400000012e+01,  2.000006198883e+00,  2.934316918630e+01,  3.182527780533e+00
  2.077399999998e+01,  2.000005006790e+00,  2.934317037840e+01,  3.182157278061e+00
  2.087400000007e+01,  2.000009059906e+00,  2.934316632528e+01,  3.180083036423e+00
  2.097400000016e+01,  2.000036478043e+00,  2.934313890714e+01,  3.181258678436e+00
  2.107400000002e+01,  1.999996423721e+00,  2.934317896146e+01,  3.179070472717e+00
  2.117400000012e+01,  2.000003814697e+00,  2.934317157049e+01,  3.177880048752e+00
  2.127399999998e+01,  2.000005960464e+00,  2.934316942472e+01,  3.178317070007e+00
  2.137400000007e+01,  2.000030755997e+00,  2.934314462919e+01,  3.178304672241e+00
  2.147400000016e+01,  2.000017166138e+00,  2.934315821905e+01,  3.177263975143e+00
  2.157400000002e+01,  1.999977707863e+00,  2.934319767732e+01,  3.177675485611e+00
  2.167400000012e+01,  1.999984264374e+00,  2.934319112081e+01,  3.176523923874e+00
  2.177399999998e+01,  1.999985456467e+00,  2.934318992872e+01,  3.175481319427e+00
  2.187400000007e+01,  2.000022411346e+00,  2.934315297384e+01,  3.174143791199e+00
  2.197400000016e+01,  1.999972581863e+00,  2.934320280332e+01,  3.176226139069e+00
  2.207400000002e+01,  2.000035285950e+00,  2.934314009924e+01,  3.175550699234e+00
  2.217400000012e+01,  1.999993085861e+00,  2.934318229932e+01,  3.172700405121e+00
  2.227399999998e+01,  2.000016212463e+00,  2.934315917272e+01,  3.172465801239e+00
  2.237400000007e+01,  1.999983787537e+00,  2.934319159765e+01,  3.173954725266e+00
  2.247400000016e+01,  1.999990105629e+00,  2.934318527956e+01,  3.171067953110e+00
  2.257400000002e+01,  2.000011444092e+00,  2.934316394109e+01,  3.171800136566e+00
  2.267400000012e+01,  1.999983906746e+00,  2.934319147844e+01,  3.171191930771e+00
  2.277399999998e+01,  2.000028371811e+00,  2.934314701337e+01,  3.168309688568e+00
  2.287400000007e+01,  2.000026941299e+00,  2.934314844389e+01,  3.168251514435e+00
  2.297400000016e+01,  1.999996185303e+00,  2.934317919988e+01,  3.168676614761e+00
  2.307400000002e+01,  2.000005483627e+00,  2.934316990156e+01,  3.166360616684e+00
  2.317400000012e+01,  2.000013589859e+00,  2.934316179533e+01,  3.167837858200e+00
  2.327399999998e+01,  2.000000476837e+00,  2.934317490835e+01,  3.167515516281e+00
  2.337400000007e+01,  1.999983787537e+00,  2.934319159765e+01,  3.164961576462e+00
  2.347400000016e+01,  1.999972820282e+00,  2.934320256490e+01,  3.164824962616e+00
  2.357400000002e+01,  1.999993801117e+00,  2.934318158407e+01,  3.164329051971e+00
  2.367400000012e+01,  2.000008106232e+00,  2.934316727895e+01,  3.161902666092e+00
  2.377399999998e+01,  2.000019788742e+00,  2.934315559644e+01,  3.165050983429e+00
  2.387400000007e+01,  1.999995708466e+00,  2.934317967672e+01,  3.163560628891e+00
  2.397400000016e+01,  2.000031232834e+00,  2.934314415235e+01,  3.165083169937e+00
  2.407400000002e+01,  1.999974012375e+00,  2.934320137281e+01,  3.162529945374e+00
  2.417400000012e+01,  2.000015497208e+00,  2.934315988798e+01,  3.161269903183e+00
  2.427399999998e+01,  1.999987840652e+00,  2.934318754453e+01,  3.163129568100e+00
  2.437400000007e+01,  1.999972343445e+00,  2.934320304174e+01,  3.159953594208e+00
  2.447400000016e+01,  2.000006437302e+00,  2.934316894788e+01,  3.161142587662e+00
  2.457400000002e+01,  2.000001907349e+00,  2.934317347784e+01,  3.155677318573e+00
  2.467400000012e+01,  1.999982237816e+00,  2.934319314737e+01,  3.157262086868e+00
  2.477399999998e+01,  1.999974489212e+00,  2.934320089597e+01,  3.157098293304e+00
  2.487400000007e+01,  2.000007390976e+00,  2.934316799421e+01,  3.157711744308e+00
  2.497400000016e+01,  1.999992847443e+00,  2.934318253774e+01,  3.158030748367e+00
  2.507400000002e+01,  2.000012874603e+00,  2.934316251058e+01,  3.156872749329e+00
  2.517400000012e+01,  2.000006675720e+00,  2.934316870947e+01,  3.156728029251e+00
  2.527399999998e+01,  2.000042676926e+00,  2.934313270826e+01,  3.154615640640e+00
  2.537400000007e+01,  2.000032186508e+00,  2.934314319868e+01,  3.152497768402e+00
  2.547400000016e+01,  2.000029563904e+00,  2.934314582128e+01,  3.155741214752e+00
  2.557400000002e+01,  2.000018835068e+00,  2.934315655012e+01,  3.152695417404e+00
  2.567400000012e+01,  1.999982237816e+00,  2.934319314737e+01,  3.154061794281e+00
  2.577399999998e+01,  1.999984264374e+00,  2.934319112081e+01,  3.154144048691e+00
  2.587400000007e+01,  1.999995231628e+00,  2.934318015356e+01,  3.153819799423e+00
  2.597400000016e+01,  1.999998211861e+00,  2.934317717333e+01,  3.155472993851e+00
  2.607400000002e+01,  2.000021696091e+00,  2.934315368909e+01,  3.152855634689e+00
  2.617400000012e+01,  1.999985337257e+00,  2.934319004793e+01,  3.151183605194e+00
  2.627399999998e+01,  1.999983668327e+00,  2.934319171686e+01,  3.149978399277e+00
  2.637400000007e+01,  2.000020265579e+00,  2.934315511961e+01,  3.148691892624e+00
  2.647400000016e+01,  1.999997735023e+00,  2.934317765016e+01,  3.148146152496e+00
  2.657400000002e+01,  1.999992132187e+00,  2.934318325300e+01,  3.149499177933e+00
  2.667400000012e+01,  2.000017404556e+00,  2.934315798063e+01,  3.146938562393e+00
  2.677399999998e+01,  1.999961137772e+00,  2.934321424741e+01,  3.149009466171e+00
  2.687400000007e+01,  2.000044345856e+00,  2.934313103933e+01,  3.148182392120e+00
  2.697400000016e+01,  1.999999046326e+00,  2.934317633886e+01,  3.146714210510e+00
  2.707400000002e+01,  1.999982833862e+00,  2.934319255132e+01,  3.148103237152e+00
  2.717400000012e+01,  2.000033140182e+00,  2.934314224500e+01,  3.145196437836e+00
  2.727399999998e+01,  2.000010013580e+00,  2.934316537161e+01,  3.145979881287e+00
  2.737400000007e+01,  1.999971151352e+00,  2.934320423383e+01,  3.148516178131e+00
  2.747400000016e+01,  1.999999165535e+00,  2.934317621965e+01,  3.146128654480e+00
  2.757400000002e+01,  1.999993681908e+00,  2.934318170328e+01,  3.141981840134e+00
  2.767400000012e+01,  1.999989748001e+00,  2.934318563718e+01,  3.143579006195e+00
  2.777399999998e+01,  1.999980568886e+00,  2.934319481630e+01,  3.142279386520e+00
  2.787400000007e+01,  2.000010728836e+00,  2.934316465635e+01,  3.144218921661e+00
  2.797400000016e+01,  2.000006675720e+00,  2.934316870947e+01,  3.143475294113e+00
  2.807400000002e+01,  2.000028848648e+00,  2.934314653654e+01,  3.142366409302e+00
  2.817400000012e+01,  2.000014543533e+00,  2.934316084165e+01,  3.141033172607e+00
  2.827399999998e+01,  2.000019073486e+00,  2.934315631170e+01,  3.143063306808e+00
  2.837400000007e+01,  1.999967694283e+00,  2.934320769090e+01,  3.141230106354e+00
  2.847400000016e+01,  1.999998688698e+00,  2.934317669649e+01,  3.139744997025e+00
  2.857400000002e+01,  1.999975562096e+00,  2.934319982309e+01,  3.138693571091e+00
  2.867400000012e+01,  1.999991774559e+00,  2.934318361063e+01,  3.138750076294e+00
  2.877399999998e+01,  2.000010967255e+00,  2.934316441793e+01,  3.139125347137e+00
  2.887400000007e+01,  2.000002384186e+00,  2.934317300100e+01,  3.138332128525e+00
  2.897400000016e+01,  2.000017404556e+00,  2.934315798063e+01,  3.138529062271e+00
  2.907400000002e+01,  1.999995589256e+00,  2.934317979593e+01,  3.135718822479e+00
  2.917400000012e+01,  1.999998092651e+00,  2.934317729253e+01,  3.136114835739e+00
  2.927399999998e+01,  1.999988555908e+00,  2.934318682928e+01,  3.133850097656e+00
  2.937400000007e+01,  1.999995350838e+00,  2.934318003435e+01,  3.131868362427e+00
  2.947400000016e+01,  1.999968051910e+00,  2.934320733328e+01,  3.132551908493e+00
  2.957400000002e+01,  1.999986171722e+00,  2.934318921346e+01,  3.133523464203e+00
  2.967400000012e+01,  2.000037193298e+00,  2.934313819189e+01,  3.134339809418e+00
  2.977399999998e+01,  2.000014543533e+00,  2.934316084165e+01,  3.133606195450e+00
  2.987400000007e+01,  1.999999761581e+00,  2.934317562360e+01,  3.132923841476e+00
  2.997400000016e+01,  2.000009059906e+00,  2.934316632528e+01,  3.134482383728e+00
  3.007400000002e+01,  2.000020980835e+00,  2.934315440435e+01,  3.132040977478e+00
  3.017400000012e+01,  1.999995589256e+00,  2.934317979593e+01,  3.130713224411e+00
  3.027399999998e+01,  2.000015735626e+00,  2.934315964956e+01,  3.129401206970e+00
  3.037400000007e+01,  1.999998927116e+00,  2.934317645807e+01,  3.131099224091e+00
  3.047400000016e+01,  2.000024795532e+00,  2.934315058965e+01,  3.127516984940e+00
  3.057400000002e+01,  2.000015974045e+00,  2.934315941114e+01,  3.129803419113e+00
  3.067400000012e+01,  1.999995231628e+00,  2.934318015356e+01,  3.128766775131e+00
  3.077399999998e+01,  1.999973297119e+00,  2.934320208807e+01,  3.127164840698e+00
  3.087400000007e+01,  2.000045061111e+00,  2.934313032407e+01,  3.128654718399e+00
  3.097400000016e+01,  1.999989986420e+00,  2.934318539877e+01,  3.127688646317e+00
  3.107400000002e+01,  1.999999523163e+00,  2.934317586202e+01,  3.128400087357e+00
  3.117400000012e+01,  1.999994039536e+00,  2.934318134565e+01,  3.125169992447e+00
  3.127399999998e+01,  1.999989032745e+00,  2.934318635244e+01,  3.124213933945e+00
  3.137400000007e+01,  1.999978184700e+00,  2.934319720049e+01,  3.124365091324e+00
  3.147400000016e+01,  1.999992966652e+00,  2.934318241853e+01,  3.127483367920e+00
  3.157400000002e+01,  1.999994397163e+00,  2.934318098802e+01,  3.124789953232e+00
  3.167400000012e+01,  2.000000476837e+00,  2.934317490835e+01,  3.124115943909e+00
  3.177399999998e+01,  1.999984860420e+00,  2.934319052477e+01,  3.122896194458e+00
  3.187400000007e+01,  2.000003337860e+00,  2.934317204733e+01,  3.124478578568e+00
  3.197400000016e+01,  1.999992251396e+00,  2.934318313379e+01,  3.122003793716e+00
  3.207400000002e+01,  2.000034332275e+00,  2.934314105291e+01,  3.123351097107e+00
  3.217400000012e+01,  1.999996185303e+00,  2.934317919988e+01,  3.121004343033e+00
  3.227399999998e+01,  1.999987006187e+00,  2.934318837900e+01,  3.121538400650e+00
  3.237400000007e+01,  1.999980449677e+00,  2.934319493551e+01,  3.122014045715e+00
  3.247400000016e+01,  2.000035524368e+00,  2.934313986082e+01,  3.119389533997e+00
  3.257400000002e+01,  2.000032901764e+00,  2.934314248342e+01,  3.118749618530e+00
  3.267400000012e+01,  1.999973535538e+00,  2.934320184965e+01,  3.119623899460e+00
  3.277399999998e+01,  2.000047206879e+00,  2.934312817831e+01,  3.118000507355e+00
  3.287400000007e+01,  1.999979853630e+00,  2.934319553156e+01,  3.120845794678e+00
  3.297400000016e+01,  2.000034809113e+00,  2.934314057607e+01,  3.117472171783e+00
  3.307400000002e+01,  2.000000476837e+00,  2.934317490835e+01,  3.119577884674e+00
  3.317400000012e+01,  1.999989748001e+00,  2.934318563718e+01,  3.116422176361e+00
  3.327399999998e+01,  1.999990105629e+00,  2.934318527956e+01,  3.118382930756e+00
  3.337400000007e+01,  1.999984622002e+00,  2.934319076318e+01,  3.119997501373e+00
  3.347400000016e+01,  2.000013113022e+00,  2.934316227216e+01,  3.117347002029e+00
  3.357400000002e+01,  2.000004768372e+00,  2.934317061681e+01,  3.116530895233e+00
  3.367400000012e+01,  1.999992489815e+00,  2.934318289537e+01,  3.116739273071e+00
  3.377399999998e+01,  1.999999761581e+00,  2.934317562360e+01,  3.115917205811e+00
  3.387400000007e+01,  2.000027418137e+00,  2.934314796705e+01,  3.112221479416e+00
  3.397400000016e+01,  2.000018358231e+00,  2.934315702696e+01,  3.113676786423e+00
  3.407400000002e+01,  2.000037431717e+00,  2.934313795347e+01,  3.112935066223e+00
  3.417400000012e+01,  2.000031948090e+00,  2.934314343710e+01,  3.117707014084e+00
  3.427399999998e+01,  2.000038385391e+00,  2.934313699979e+01,  3.114342451096e+00
  3.437400000007e+01,  1.999970793724e+00,  2.934320459146e+01,  3.115121126175e+00
  3.447400000016e+01,  1.999991536140e+00,  2.934318384905e+01,  3.112650871277e+00
  3.457400000002e+01,  1.999997973442e+00,  2.934317741174e+01,  3.110753297806e+00
  3.467400000012e+01,  1.999984383583e+00,  2.934319100160e+01,  3.111092567444e+00
  3.477399999998e+01,  2.000035047531e+00,  2.934314033765e+01,  3.109540939331e+00
  3.487400000007e+01,  1.999987363815e+00,  2.934318802137e+01,  3.110820770264e+00
  3.497400000016e+01,  2.000004053116e+00,  2.934317133207e+01,  3.111975669861e+00
  3.507400000002e+01,  1.999996304512e+00,  2.934317908067e+01,  3.107317924500e+00
  3.517400000012e+01,  2.000021457672e+00,  2.934315392751e+01,  3.109847068787e+00
  3.527399999998e+01,  1.999986410141e+00,  2.934318897504e+01,  3.109895944595e+00
  3.537400000007e+01,  1.999984502792e+00,  2.934319088239e+01,  3.108239412308e+00
  3.547400000016e+01,  1.999987006187e+00,  2.934318837900e+01,  3.107247352600e+00
  3.557400000002e+01,  2.000031471252e+00,  2.934314391393e+01,  3.107684850693e+00
  3.567400000012e+01,  1.999983310699e+00,  2.934319207449e+01,  3.108665704727e+00
  3.577399999998e+01,  1.999982118607e+00,  2.934319326658e+01,  3.105515718460e+00
  3.587400000007e+01,  1.999994277954e+00,  2.934318110723e+01,  3.107498168945e+00
  3.597400000016e+01,  1.999998331070e+00,  2.934317705412e+01,  3.105395793915e+00
  3.607400000002e+01,  1.999986290932e+00,  2.934318909425e+01,  3.104324579239e+00
  3.617400000012e+01,  1.999990224838e+00,  2.934318516035e+01,  3.103323221207e+00
  3.627399999998e+01,  1.999980211258e+00,  2.934319517393e+01,  3.105697631836e+00
  3.637400000007e+01,  2.000037193298e+00,  2.934313819189e+01,  3.103641986847e+00
  3.647400000016e+01,  2.000036478043e+00,  2.934313890714e+01,  3.101307392120e+00
  3.657400000002e+01,  2.000010490417e+00,  2.934316489477e+01,  3.101120233536e+00
  3.667400000012e+01,  2.000010013580e+00,  2.934316537161e+01,  3.101570844650e+00
  3.677399999998e+01,  2.000016450882e+00,  2.934315893430e+01,  3.099725723267e+00
  3.687400000007e+01,  1.999983191490e+00,  2.934319219370e+01,  3.100756406784e+00
  3.697400000016e+01,  2.000015497208e+00,  2.934315988798e+01,  3.099904060364e+00
  3.707400000002e+01,  2.000014066696e+00,  2.934316131849e+01,  3.100610017776e+00
  3.717400000012e+01,  2.000020742416e+00,  2.934315464277e+01,  3.098233222961e+00
  3.727399999998e+01,  2.000006198883e+00,  2.934316918630e+01,  3.099099636078e+00
  3.737400000007e+01,  2.000005006790e+00,  2.934317037840e+01,  3.098891258240e+00
  3.747400000016e+01,  2.000007152557e+00,  2.934316823263e+01,  3.098061800003e+00
  3.757400000002e+01,  1.999964356422e+00,  2.934321102876e+01,  3.101094961166e+00
  3.767400000012e+01,  1.999992847443e+00,  2.934318253774e+01,  3.098537206650e+00
  3.777399999998e+01,  2.000007152557e+00,  2.934316823263e+01,  3.101357698441e+00
  3.787400000007e+01,  2.000041961670e+00,  2.934313342352e+01,  3.098879814148e+00
  3.797400000016e+01,  2.000017404556e+00,  2.934315798063e+01,  3.099298715591e+00
  3.807400000002e+01,  1.999978184700e+00,  2.934319720049e+01,  3.098626375198e+00
  3.817400000012e+01,  2.000037431717e+00,  2.934313795347e+01,  3.096960306168e+00
  3.827399999998e+01,  2.000060319901e+00,  2.934311506529e+01,  3.097200155258e+00
  3.837400000007e+01,  2.000025749207e+00,  2.934314963598e+01,  3.096869707108e+00
  3.847400000016e+01,  2.000001192093e+00,  2.934317419309e+01,  3.095197677612e+00
  3.857400000002e+01,  2.000011444092e+00,  2.934316394109e+01,  3.097021341324e+00
  3.867400000012e+01,  1.999995350838e+00,  2.934318003435e+01,  3.094662189484e+00
  3.877399999998e+01,  1.999995708466e+00,  2.934317967672e+01,  3.096225500107e+00
  3.887400000007e+01,  2.000009536743e+00,  2.934316584844e+01,  3.096565246582e+00
  3.897400000016e+01,  2.000018596649e+00,  2.934315678854e+01,  3.095833778381e+00
  3.907400000002e+01,  2.000001907349e+00,  2.934317347784e+01,  3.096091985703e+00
  3.917400000012e+01,  1.999990344048e+00,  2.934318504114e+01,  3.095320701599e+00
  3.927399999998e+01,  2.000031232834e+00,  2.934314415235e+01,  3.092572927475e+00
  3.937400000007e+01,  2.000019073486e+00,  2.934315631170e+01,  3.093329906464e+00
  3.947400000016e+01,  1.999975919724e+00,  2.934319946546e+01,  3.092794418335e+00
  3.957400000002e+01,  2.000004768372e+00,  2.934317061681e+01,  3.091926336288e+00
  3.967400000012e+01,  2.000012159348e+00,  2.934316322584e+01,  3.090698242188e+00
  3.977399999998e+01,  2.000020265579e+00,  2.934315511961e+01,  3.092590332031e+00
  3.987400000007e+01,  1.999996662140e+00,  2.934317872305e+01,  3.092708826065e+00
  3.997400000016e+01,  2.000057458878e+00,  2.934311792631e+01,  3.092904090881e+00
  4.007400000002e+01,  1.999997615814e+00,  2.934317776937e+01,  3.093173027039e+00
  4.017400000012e+01,  2.000011205673e+00,  2.934316417951e+01,  3.089925527573e+00
  4.027399999998e+01,  1.999993801117e+00,  2.934318158407e+01,  3.089936971664e+00
  4.037400000007e+01,  2.000007867813e+00,  2.934316751737e+01,  3.089056491852e+00
  4.047400000016e+01,  2.000005245209e+00,  2.934317013998e+01,  3.088815212250e+00
  4.057400000002e+01,  2.000006675720e+00,  2.934316870947e+01,  3.088455438614e+00
  4.067400000012e+01,  2.000014543533e+00,  2.934316084165e+01,  3.087372064590e+00
  4.077399999998e+01,  1.999981284142e+00,  2.934319410104e+01,  3.087317705154e+00
  4.087400000007e+01,  1.999998688698e+00,  2.934317669649e+01,  3.085863113403e+00
  4.097400000016e+01,  1.999933004379e+00,  2.934324238081e+01,  3.085893869400e+00
  4.107400000002e+01,  1.999990701675e+00,  2.934318468351e+01,  3.085725545883e+00
  4.117400000012e+01,  1.999997377396e+00,  2.934317800779e+01,  3.085143566132e+00
  4.127399999998e+01,  2.000000238419e+00,  2.934317514677e+01,  3.084696531296e+00
  4.137400000007e+01,  1.999988794327e+00,  2.934318659086e+01,  3.085606098175e+00
  4.147400000016e+01,  1.999976634979e+00,  2.934319875021e+01,  3.084374189377e+00
  4.157400000002e+01,  2.000032901764e+00,  2.934314248342e+01,  3.082755327225e+00
  4.167400000012e+01,  1.999990224838e+00,  2.934318516035e+01,  3.084640026093e+00
  4.177399999998e+01,  2.000018596649e+00,  2.934315678854e+01,  3.085553169250e+00
  4.187400000007e+01,  2.000023603439e+00,  2.934315178175e+01,  3.083444118500e+00
  4.197400000016e+01,  1.999988794327e+00,  2.934318659086e+01,  3.085653305054e+00
  4.207400000002e+01,  2.000018596649e+00,  2.934315678854e+01,  3.082767724991e+00
  4.217400000012e+01,  2.000035524368e+00,  2.934313986082e+01,  3.083666086197e+00
  4.227399999998e+01,  2.000012874603e+00,  2.934316251058e+01,  3.080742597580e+00
  4.237400000007e+01,  1.999999761581e+00,  2.934317562360e+01,  3.083199739456e+00
  4.247400000016e+01,  2.000009298325e+00,  2.934316608686e+01,  3.081465005875e+00
  4.257400000002e+01,  2.000022172928e+00,  2.934315321226e+01,  3.081245899200e+00
  4.267400000012e+01,  1.999993205070e+00,  2.934318218012e+01,  3.083276510239e+00
  4.277399999998e+01,  1.999997615814e+00,  2.934317776937e+01,  3.079907655716e+00
  4.287400000007e+01,  2.000005245209e+00,  2.934317013998e+01,  3.080403327942e+00
  4.297400000016e+01,  1.999992489815e+00,  2.934318289537e+01,  3.080707788467e+00
  4.307400000002e+01,  1.999994277954e+00,  2.934318110723e+01,  3.081940889359e+00
  4.317400000012e+01,  2.000002861023e+00,  2.934317252416e+01,  3.078640222549e+00
  4.327399999998e+01,  2.000015020370e+00,  2.934316036482e+01,  3.081010818481e+00
  4.337400000007e+01,  2.000009298325e+00,  2.934316608686e+01,  3.079519987106e+00
  4.347400000016e+01,  2.000030040741e+00,  2.934314534444e+01,  3.078109264374e+00
  4.357400000002e+01,  2.000013589859e+00,  2.934316179533e+01,  3.081142902374e+00
  4.367400000012e+01,  1.999982118607e+00,  2.934319326658e+01,  3.078107833862e+00
  4.377399999998e+01,  1.999953866005e+00,  2.934322151918e+01,  3.078518629074e+00
  4.387400000007e+01,  2.000008344650e+00,  2.934316704054e+01,  3.077066183090e+00
  4.397400000016e+01,  2.000013113022e+00,  2.934316227216e+01,  3.076288700104e+00
  4.407400000002e+01,  1.999995470047e+00,  2.934317991514e+01,  3.079493999481e+00
  4.417400000012e+01,  1.999979972839e+00,  2.934319541235e+01,  3.077423572540e+00
  4.427399999998e+01,  2.000009298325e+00,  2.934316608686e+01,  3.079027414322e+00
  4.437400000007e+01,  2.000017404556e+00,  2.934315798063e+01,  3.077488660812e+00
  4.447400000016e+01,  1.999984025955e+00,  2.934319135923e+01,  3.076754570007e+00
  4.457400000002e+01,  1.999999523163e+00,  2.934317586202e+01,  3.077880382538e+00
  4.467400000012e+01,  2.000024080276e+00,  2.934315130491e+01,  3.077827930450e+00
  4.477399999998e+01,  1.999993681908e+00,  2.934318170328e+01,  3.075287342072e+00
  4.487400000007e+01,  2.000004053116e+00,  2.934317133207e+01,  3.074543476105e+00
  4.497400000016e+01,  1.999986410141e+00,  2.934318897504e+01,  3.076986551285e+00
  4.507400000002e+01,  2.000014781952e+00,  2.934316060323e+01,  3.073131799698e+00
  4.517400000012e+01,  1.999996423721e+00,  2.934317896146e+01,  3.074154853821e+00
  4.527399999998e+01,  2.000024795532e+00,  2.934315058965e+01,  3.073175430298e+00
  4.537400000007e+01,  1.999989390373e+00,  2.934318599481e+01,  3.072583675385e+00
  4.547400000016e+01,  1.999996066093e+00,  2.934317931909e+01,  3.073512315750e+00
  4.557400000002e+01,  1.999985575676e+00,  2.934318980951e+01,  3.070125818253e+00
  4.567400000012e+01,  2.000015020370e+00,  2.934316036482e+01,  3.072425127029e+00
  4.577399999998e+01,  1.999998927116e+00,  2.934317645807e+01,  3.068067789078e+00
  4.587400000007e+01,  1.999982595444e+00,  2.934319278974e+01,  3.071693658829e+00
  4.597400000016e+01,  1.999989867210e+00,  2.934318551798e+01,  3.069133758545e+00
  4.607400000002e+01,  2.000011444092e+00,  2.934316394109e+01,  3.070428609848e+00
  4.617400000012e+01,  2.000025272369e+00,  2.934315011282e+01,  3.070169925690e+00
  4.627399999998e+01,  2.000012397766e+00,  2.934316298742e+01,  3.069193363190e+00
  4.637400000007e+01,  2.000021934509e+00,  2.934315345068e+01,  3.070003271103e+00
  4.647400000016e+01,  1.999974370003e+00,  2.934320101518e+01,  3.068518638611e+00
  4.657400000002e+01,  2.000006198883e+00,  2.934316918630e+01,  3.067512035370e+00
  4.667400000012e+01,  2.000001907349e+00,  2.934317347784e+01,  3.067624807358e+00
  4.677399999998e+01,  1.999984979630e+00,  2.934319040556e+01,  3.067506790161e+00
  4.687400000007e+01,  2.000001668930e+00,  2.934317371626e+01,  3.068497657776e+00
  4.697400000016e+01,  1.999968051910e+00,  2.934320733328e+01,  3.068904399872e+00
  4.707400000002e+01,  1.999994635582e+00,  2.934318074960e+01,  3.070142030716e+00
  4.717400000012e+01,  2.000008583069e+00,  2.934316680212e+01,  3.067360639572e+00
  4.727399999998e+01,  1.999987840652e+00,  2.934318754453e+01,  3.067706346512e+00
  4.737400000007e+01,  1.999990820885e+00,  2.934318456430e+01,  3.068893194199e+00
  4.747400000016e+01,  2.000052452087e+00,  2.934312293310e+01,  3.066192150116e+00
  4.757400000002e+01,  1.999987483025e+00,  2.934318790216e+01,  3.066939592361e+00
  4.767400000012e+01,  1.999988675117e+00,  2.934318671007e+01,  3.066975355148e+00
  4.777399999998e+01,  2.000008583069e+00,  2.934316680212e+01,  3.065608978271e+00
  4.787400000007e+01,  2.000027179718e+00,  2.934314820547e+01,  3.067131042480e+00
  4.797400000016e+01,  2.000015497208e+00,  2.934315988798e+01,  3.069184064865e+00
  4.807400000002e+01,  1.999981284142e+00,  2.934319410104e+01,  3.066580295563e+00
  4.817400000012e+01,  1.999994754791e+00,  2.934318063039e+01,  3.065217971802e+00
  4.827399999998e+01,  1.999994039536e+00,  2.934318134565e+01,  3.065508604050e+00
  4.837400000007e+01,  1.999994397163e+00,  2.934318098802e+01,  3.064496278763e+00
  4.847400000016e+01,  2.000004053116e+00,  2.934317133207e+01,  3.061583995819e+00
  4.857400000002e+01,  2.000021219254e+00,  2.934315416593e+01,  3.061103820801e+00
  4.867400000012e+01,  1.999987959862e+00,  2.934318742532e+01,  3.063978433609e+00
  4.877399999998e+01,  1.999984264374e+00,  2.934319112081e+01,  3.063453435898e+00
  4.887400000007e+01,  1.999958395958e+00,  2.934321698923e+01,  3.061157226563e+00
  4.897400000016e+01,  2.000021696091e+00,  2.934315368909e+01,  3.060967683792e+00
  4.907400000002e+01,  2.000008344650e+00,  2.934316704054e+01,  3.062452077866e+00
  4.917400000012e+01,  2.000008106232e+00,  2.934316727895e+01,  3.060222387314e+00
  4.927399999998e+01,  1.999987721443e+00,  2.934318766374e+01,  3.061250686646e+00
  4.937400000007e+01,  2.000008106232e+00,  2.934316727895e+01,  3.059085369110e+00
  4.947400000016e+01,  1.999975919724e+00,  2.934319946546e+01,  3.061049461365e+00
  4.957400000002e+01,  2.000002384186e+00,  2.934317300100e+01,  3.057471990585e+00
  4.967400000012e+01,  2.000018119812e+00,  2.934315726537e+01,  3.059178352356e+00
  4.977399999998e+01,  2.000019311905e+00,  2.934315607328e+01,  3.060419559479e+00
  4.987400000007e+01,  2.000022888184e+00,  2.934315249700e+01,  3.059746980667e+00
  4.997400000016e+01,  2.000026702881e+00,  2.934314868230e+01,  3.058338165283e+00
  5.007400000002e+01,  1.999988794327e+00,  2.934318659086e+01,  3.062013626099e+00
  5.017400000012e+01,  1.999973893166e+00,  2.934320149202e+01,  3.058746337891e+00
  5.027399999998e+01,  1.999977469444e+00,  2.934319791574e+01,  3.058376789093e+00
  5.037400000007e+01,  1.999997735023e+00,  2.934317765016e+01,  3.058426856995e+00
  5.047400000016e+01,  1.999990463257e+00,  2.934318492193e+01,  3.059056043625e+00
  5.057400000002e+01,  2.000011920929e+00,  2.934316346426e+01,  3.056794643402e+00
  5.067400000012e+01,  2.000005245209e+00,  2.934317013998e+01,  3.055775403976e+00
  5.077399999998e+01,  1.999993443489e+00,  2.934318194170e+01,  3.053742408752e+00
  5.087400000007e+01,  1.999989032745e+00,  2.934318635244e+01,  3.054318189621e+00
  5.097400000016e+01,  1.999991536140e+00,  2.934318384905e+01,  3.054842710495e+00
  5.107400000002e+01,  1.999994993210e+00,  2.934318039198e+01,  3.052786588669e+00
  5.117400000012e+01,  2.000007152557e+00,  2.934316823263e+01,  3.055491209030e+00
  5.127399999998e+01,  1.999975919724e+00,  2.934319946546e+01,  3.053550243378e+00
  5.137400000007e+01,  1.999987602234e+00,  2.934318778295e+01,  3.055335521698e+00
  5.147400000016e+01,  1.999983310699e+00,  2.934319207449e+01,  3.054961204529e+00
  5.157400000002e+01,  2.000018596649e+00,  2.934315678854e+01,  3.052114725113e+00
  5.167400000012e+01,  2.000033855438e+00,  2.934314152975e+01,  3.054910421371e+00
  5.177399999998e+01,  1.999973058701e+00,  2.934320232649e+01,  3.053367614746e+00
  5.187400000007e+01,  1.999984264374e+00,  2.934319112081e+01,  3.052032947540e+00
  5.197400000016e+01,  1.999980926514e+00,  2.934319445867e+01,  3.051744699478e+00
  5.207400000002e+01,  1.999998331070e+00,  2.934317705412e+01,  3.050564050674e+00
  5.217400000012e+01,  1.999974846840e+00,  2.934320053835e+01,  3.053617954254e+00
  5.227399999998e+01,  1.999974131584e+00,  2.934320125360e+01,  3.049931287766e+00
  5.237400000007e+01,  1.999953627586e+00,  2.934322175760e+01,  3.050921440125e+00
  5.247400000016e+01,  2.000020980835e+00,  2.934315440435e+01,  3.048251390457e+00
  5.257400000002e+01,  1.999996781349e+00,  2.934317860384e+01,  3.047613859177e+00
  5.267400000012e+01,  1.999980092049e+00,  2.934319529314e+01,  3.050007343292e+00
  5.277399999998e+01,  1.999973416328e+00,  2.934320196886e+01,  3.048681497574e+00
  5.287400000007e+01,  2.000009775162e+00,  2.934316561002e+01,  3.049849987030e+00
  5.297400000016e+01,  2.000044345856e+00,  2.934313103933e+01,  3.049045801163e+00
  5.307400000002e+01,  2.000027656555e+00,  2.934314772863e+01,  3.051567554474e+00
  5.317400000012e+01,  2.000028371811e+00,  2.934314701337e+01,  3.048753023148e+00
  5.327399999998e+01,  2.000022172928e+00,  2.934315321226e+01,  3.045483112335e+00
  5.337400000007e+01,  2.000020027161e+00,  2.934315535803e+01,  3.047158002853e+00
  5.347400000016e+01,  2.000007867813e+00,  2.934316751737e+01,  3.047482967377e+00
  5.357400000002e+01,  2.000015735626e+00,  2.934315964956e+01,  3.045648574829e+00
  5.367400000012e+01,  1.999989628792e+00,  2.934318575639e+01,  3.048297166824e+00
  5.377399999998e+01,  2.000011444092e+00,  2.934316394109e+01,  3.047574996948e+00
  5.387400000007e+01,  2.000002384186e+00,  2.934317300100e+01,  3.047024965286e+00
  5.397400000016e+01,  2.000040292740e+00,  2.934313509245e+01,  3.045850992203e+00
  5.407400000002e+01,  2.000004291534e+00,  2.934317109365e+01,  3.044811725616e+00
  5.417400000012e+01,  2.000003337860e+00,  2.934317204733e+01,  3.044750452042e+00
  5.427399999998e+01,  2.000013113022e+00,  2.934316227216e+01,  3.045336484909e+00
  5.437400000007e+01,  2.000007152557e+00,  2.934316823263e+01,  3.043191671371e+00
  5.447400000016e+01,  1.999987244606e+00,  2.934318814058e+01,  3.045730590820e+00
  5.457400000002e+01,  1.999998927116e+00,  2.934317645807e+01,  3.044931888580e+00
  5.467400000012e+01,  1.999983072281e+00,  2.934319231290e+01,  3.047119855881e+00
  5.477399999998e+01,  1.999987244606e+00,  2.934318814058e+01,  3.046501874924e+00
  5.487400000007e+01,  1.999998211861e+00,  2.934317717333e+01,  3.044659614563e+00
  5.497400000016e+01,  1.999996662140e+00,  2.934317872305e+01,  3.044428586960e+00
  5.507400000002e+01,  1.999992489815e+00,  2.934318289537e+01,  3.044511795044e+00
  5.517400000012e+01,  1.999980211258e+00,  2.934319517393e+01,  3.043828487396e+00
  5.527399999998e+01,  1.999992370605e+00,  2.934318301458e+01,  3.043156862259e+00
  5.537400000007e+01,  2.000041723251e+00,  2.934313366193e+01,  3.042172193527e+00
  5.547400000016e+01,  2.000025272369e+00,  2.934315011282e+01,  3.042408704758e+00
  5.557400000002e+01,  2.000014781952e+00,  2.934316060323e+01,  3.040348768234e+00
  5.567400000012e+01,  2.000003814697e+00,  2.934317157049e+01,  3.042106151581e+00
  5.577399999998e+01,  2.000030517578e+00,  2.934314486761e+01,  3.041381835938e+00
  5.587400000007e+01,  1.999997854233e+00,  2.934317753095e+01,  3.040664434433e+00
  5.597400000016e+01,  1.999996662140e+00,  2.934317872305e+01,  3.042192935944e+00
  5.607400000002e+01,  2.000037431717e+00,  2.934313795347e+01,  3.037354946136e+00
  5.617400000012e+01,  2.000046014786e+00,  2.934312937040e+01,  3.038922786713e+00
  5.627399999998e+01,  2.000016689301e+00,  2.934315869589e+01,  3.039474964142e+00
  5.637400000007e+01,  1.999987959862e+00,  2.934318742532e+01,  3.039657831192e+00
  5.647400000016e+01,  1.999983787537e+00,  2.934319159765e+01,  3.042006015778e+00
  5.657400000002e+01,  2.000013113022e+00,  2.934316227216e+01,  3.038465976715e+00
  5.667400000012e+01,  2.000002145767e+00,  2.934317323942e+01,  3.040113210678e+00
  5.677399999998e+01,  1.999994397163e+00,  2.934318098802e+01,  3.039533376694e+00
  5.687400000007e+01,  2.000029325485e+00,  2.934314605970e+01,  3.039354801178e+00
  5.697400000016e+01,  1.999975919724e+00,  2.934319946546e+01,  3.037229537964e+00
  5.707400000002e+01,  2.000020027161e+00,  2.934315535803e+01,  3.039590120316e+00
  5.717400000012e+01,  1.999999165535e+00,  2.934317621965e+01,  3.039105892181e+00
  5.727399999998e+01,  1.999948501587e+00,  2.934322688360e+01,  3.039269685745e+00
  5.737400000007e+01,  1.999998569489e+00,  2.934317681570e+01,  3.035488128662e+00
  5.747400000016e+01,  1.999992132187e+00,  2.934318325300e+01,  3.040060997009e+00
  5.757400000002e+01,  2.000010967255e+00,  2.934316441793e+01,  3.037912607193e+00
  5.767400000012e+01,  1.999962925911e+00,  2.934321245927e+01,  3.037009239197e+00
  5.777399999998e+01,  1.999969720840e+00,  2.934320566435e+01,  3.037247180939e+00
  5.787400000007e+01,  1.999982595444e+00,  2.934319278974e+01,  3.033063411713e+00
  5.797400000016e+01,  2.000010490417e+00,  2.934316489477e+01,  3.038917541504e+00
  5.807400000002e+01,  2.000004291534e+00,  2.934317109365e+01,  3.034277200699e+00
  5.817400000012e+01,  2.000016927719e+00,  2.934315845747e+01,  3.036460638046e+00
  5.827399999998e+01,  1.999996066093e+00,  2.934317931909e+01,  3.035669326782e+00
  5.837400000007e+01,  1.999976396561e+00,  2.934319898863e+01,  3.036954402924e+00
  5.847400000016e+01,  2.000008344650e+00,  2.934316704054e+01,  3.033319473267e+00
  5.857400000002e+01,  1.999995827675e+00,  2.934317955751e+01,  3.033864021301e+00
  5.867400000012e+01,  2.000009536743e+00,  2.934316584844e+01,  3.034420251846e+00
  5.877399999998e+01,  2.000011920929e+00,  2.934316346426e+01,  3.034284353256e+00
  5.887400000007e+01,  2.000009059906e+00,  2.934316632528e+01,  3.033320903778e+00
  5.897400000016e+01,  1.999992132187e+00,  2.934318325300e+01,  3.031853437424e+00
  5.907400000002e+01,  1.999991059303e+00,  2.934318432588e+01,  3.033887624741e+00
  5.917400000012e+01,  2.000006437302e+00,  2.934316894788e+01,  3.033237457275e+00
  5.927399999998e+01,  2.000001668930e+00,  2.934317371626e+01,  3.030282497406e+00
  5.937400000007e+01,  2.000022649765e+00,  2.934315273542e+01,  3.032647848129e+00
  5.947400000016e+01,  2.000009536743e+00,  2.934316584844e+01,  3.033278703690e+00
  5.957400000002e+01,  2.000002622604e+00,  2.934317276258e+01,  3.032484292984e+00
  5.967400000012e+01,  2.000021219254e+00,  2.934315416593e+01,  3.031093835831e+00
  5.977399999998e+01,  2.000015735626e+00,  2.934315964956e+01,  3.031500339508e+00
  5.987400000007e+01,  2.000001192093e+00,  2.934317419309e+01,  3.030197620392e+00
  5.997400000016e+01,  2.000017166138e+00,  2.934315821905e+01,  3.028297185898e+00
  6.007400000002e+01,  1.999997973442e+00,  2.934317741174e+01,  3.029945135117e+00
  6.017400000012e+01,  2.000021219254e+00,  2.934315416593e+01,  3.029080390930e+00
  6.027399999998e+01,  2.000007152557e+00,  2.934316823263e+01,  3.027174949646e+00
  6.037400000007e+01,  2.000000953674e+00,  2.934317443151e+01,  3.028392791748e+00
  6.047400000016e+01,  1.999973535538e+00,  2.934320184965e+01,  3.025654792786e+00
  6.057400000002e+01,  2.000006437302e+00,  2.934316894788e+01,  3.028896093369e+00
  6.067400000012e+01,  1.999992847443e+00,  2.934318253774e+01,  3.027074575424e+00
  6.077399999998e+01,  2.000027894974e+00,  2.934314749021e+01,  3.028039216995e+00
  6.087400000007e+01,  1.999995470047e+00,  2.934317991514e+01,  3.026135683060e+00
  6.097400000016e+01,  2.000014305115e+00,  2.934316108007e+01,  3.026770830154e+00
  6.107400000002e+01,  2.000031948090e+00,  2.934314343710e+01,  3.026556968689e+00
  6.117400000012e+01,  2.000044822693e+00,  2.934313056249e+01,  3.026837110519e+00
  6.127399999998e+01,  2.000011920929e+00,  2.934316346426e+01,  3.029242753983e+00
  6.137400000007e+01,  1.999995827675e+00,  2.934317955751e+01,  3.028159141541e+00
  6.147400000016e+01,  2.000018119812e+00,  2.934315726537e+01,  3.028375387192e+00
  6.157400000002e+01,  1.999995827675e+00,  2.934317955751e+01,  3.026704788208e+00
  6.167400000012e+01,  2.000005960464e+00,  2.934316942472e+01,  3.027394771576e+00
  6.177400000021e+01,  2.000021696091e+00,  2.934315368909e+01,  3.023900270462e+00
  6.187400000007e+01,  1.999986052513e+00,  2.934318933267e+01,  3.027316570282e+00
  6.197400000016e+01,  1.999990105629e+00,  2.934318527956e+01,  3.026463747025e+00
  6.207400000002e+01,  2.000012159348e+00,  2.934316322584e+01,  3.025484800339e+00
  6.217400000012e+01,  1.999989628792e+00,  2.934318575639e+01,  3.026628732681e+00
  6.227399999998e+01,  1.999972701073e+00,  2.934320268411e+01,  3.023731470108e+00
  6.237400000007e+01,  1.999996900558e+00,  2.934317848463e+01,  3.029672861099e+00
  6.247400000016e+01,  1.999968051910e+00,  2.934320733328e+01,  3.027465820313e+00
  6.257400000002e+01,  2.000016689301e+00,  2.934315869589e+01,  3.026765346527e+00
  6.267400000012e+01,  2.000032186508e+00,  2.934314319868e+01,  3.025106668472e+00
  6.268800000008e+01,  2.000019311905e+00,  2.934315607328e+01,  3.026508569717e+00
  6.268900000001e+01,  2.000021457672e+00,  2.934315392751e+01,  3.026674509048e+00
  6.269200000004e+01,  2.000017642975e+00,  2.934315774221e+01,  3.026948690414e+00
  6.279200000013e+01,  1.999915122986e+00,  2.934326026220e+01,  3.025054454803e+00
  6.286800000002e+01,  1.989779353142e+00,  2.935339603204e+01,  3.025111198425e+00
  6.289049999998e+01,  1.979512095451e+00,  2.936366328973e+01,  2.998599052429e+00
  6.290150000015e+01,  1.969462275505e+00,  2.937371310968e+01,  2.968939781189e+00
  6.290899999999e+01,  1.959456324577e+00,  2.938371906061e+01,  2.961628913879e+00
  6.291599999997e+01,  1.948675990105e+00,  2.939449939508e+01,  2.948292732239e+00
  6.292250000010e+01,  1.937929987907e+00,  2.940524539728e+01,  2.929745674133e+00
  6.292850000015e+01,  1.927592158318e+00,  2.941558322687e+01,  2.914364814758e+00
  6.293449999997e+01,  1.917178034782e+00,  2.942599735040e+01,  2.897091865540e+00
  6.294050000003e+01,  1.906958460808e+00,  2.943621692438e+01,  2.884221076965e+00
  6.294700000016e+01,  1.896475672722e+00,  2.944669971246e+01,  2.868500709534e+00
  6.295400000014e+01,  1.886469721794e+00,  2.945670566339e+01,  2.852521896362e+00
  6.296250000014e+01,  1.875899195671e+00,  2.946727618951e+01,  2.815839767456e+00
  6.297100000014e+01,  1.865744471550e+00,  2.947743091364e+01,  2.788488388062e+00
  6.297950000013e+01,  1.855269312859e+00,  2.948790607233e+01,  2.761243820190e+00
  6.298750000005e+01,  1.844691157341e+00,  2.949848422784e+01,  2.732481002808e+00
  6.299450000003e+01,  1.834524989128e+00,  2.950865039606e+01,  2.714742660522e+00
  6.300150000001e+01,  1.823881983757e+00,  2.951929340143e+01,  2.701761245728e+00
  6.300850000000e+01,  1.813433527946e+00,  2.952974185724e+01,  2.685976028442e+00
  6.301600000006e+01,  1.802843928337e+00,  2.954033145685e+01,  2.665620803833e+00
  6.302399999998e+01,  1.792525172234e+00,  2.955065021295e+01,  2.645898818970e+00
  6.303300000005e+01,  1.782407164574e+00,  2.956076822061e+01,  2.628310441971e+00
  6.304500000016e+01,  1.772092223167e+00,  2.957108316202e+01,  2.601226091385e+00
  6.305949999997e+01,  1.761929869652e+00,  2.958124551553e+01,  2.563132524490e+00
  6.307200000016e+01,  1.751487135887e+00,  2.959168824930e+01,  2.538638353348e+00
  6.308200000017e+01,  1.741376280785e+00,  2.960179910440e+01,  2.520667314529e+00
  6.309150000010e+01,  1.730840086937e+00,  2.961233529825e+01,  2.504454851151e+00
  6.310050000018e+01,  1.720773100853e+00,  2.962240228433e+01,  2.484740495682e+00
  6.311000000010e+01,  1.710561156273e+00,  2.963261422891e+01,  2.465720415115e+00
  6.312049999996e+01,  1.700179457664e+00,  2.964299592752e+01,  2.444522142410e+00
  6.313199999998e+01,  1.689828276634e+00,  2.965334710855e+01,  2.422255754471e+00
  6.314350000001e+01,  1.679822325706e+00,  2.966335305948e+01,  2.397483110428e+00
  6.315500000003e+01,  1.669412016869e+00,  2.967376336832e+01,  2.374716997147e+00
  6.316550000012e+01,  1.659354567528e+00,  2.968382081766e+01,  2.354247331619e+00
  6.317599999998e+01,  1.648969054222e+00,  2.969420633096e+01,  2.333335161209e+00
  6.318599999999e+01,  1.638875365257e+00,  2.970430001993e+01,  2.314059495926e+00
  6.319600000000e+01,  1.628587126732e+00,  2.971458825845e+01,  2.291949510574e+00
  6.320550000016e+01,  1.618481993675e+00,  2.972469339151e+01,  2.271243333817e+00
  6.321500000008e+01,  1.608216643333e+00,  2.973495874185e+01,  2.248484849930e+00
  6.322450000001e+01,  1.597707152367e+00,  2.974546823282e+01,  2.229335069656e+00
  6.323400000017e+01,  1.587319731712e+00,  2.975585565347e+01,  2.208606004715e+00
  6.324400000018e+01,  1.576810240746e+00,  2.976636514444e+01,  2.188658952713e+00
  6.325450000004e+01,  1.566357970238e+00,  2.977681741495e+01,  2.168505907059e+00
  6.326500000013e+01,  1.556275725365e+00,  2.978689965982e+01,  2.147017717361e+00
  6.327600000007e+01,  1.545810103416e+00,  2.979736528177e+01,  2.121131181717e+00
  6.328650000016e+01,  1.535498380661e+00,  2.980767700452e+01,  2.099396467209e+00
  6.329650000017e+01,  1.525347471237e+00,  2.981782791395e+01,  2.080517530441e+00
  6.330650000018e+01,  1.515040159225e+00,  2.982813522596e+01,  2.062390089035e+00
  6.331649999996e+01,  1.504854917526e+00,  2.983832046766e+01,  2.045021772385e+00
  6.332700000005e+01,  1.494475126266e+00,  2.984870025892e+01,  2.026070356369e+00
  6.333750000014e+01,  1.484286069870e+00,  2.985888931532e+01,  2.004761457443e+00
  6.334800000000e+01,  1.474039793015e+00,  2.986913559217e+01,  1.982723832130e+00
  6.335850000009e+01,  1.463606595993e+00,  2.987956878919e+01,  1.962105393410e+00
  6.336850000010e+01,  1.453467130661e+00,  2.988970825452e+01,  1.944077134132e+00
  6.337850000011e+01,  1.443285703659e+00,  2.989988968153e+01,  1.925968766212e+00
  6.338850000012e+01,  1.433268308640e+00,  2.990990707655e+01,  1.908138871193e+00
  6.339899999998e+01,  1.422980070114e+00,  2.992019531507e+01,  1.888386368752e+00
  6.340950000007e+01,  1.412773847580e+00,  2.993040153761e+01,  1.867119431496e+00
  6.342000000016e+01,  1.402439832687e+00,  2.994073555250e+01,  1.847332596779e+00
  6.343050000002e+01,  1.391976118088e+00,  2.995119926710e+01,  1.828816056252e+00
  6.344100000011e+01,  1.381512403488e+00,  2.996166298170e+01,  1.808861374855e+00
  6.345149999997e+01,  1.371025800705e+00,  2.997214958448e+01,  1.789677262306e+00
  6.346200000006e+01,  1.360668897629e+00,  2.998250648756e+01,  1.769604325294e+00
  6.347250000015e+01,  1.350296735764e+00,  2.999287864942e+01,  1.750008225441e+00
  6.348250000016e+01,  1.340271711349e+00,  3.000290367384e+01,  1.733177781105e+00
  6.349250000017e+01,  1.330116987228e+00,  3.001305839796e+01,  1.717095017433e+00
  6.350250000018e+01,  1.320050001144e+00,  3.002312538404e+01,  1.700455307961e+00
  6.351300000004e+01,  1.309632062912e+00,  3.003354332227e+01,  1.683022141457e+00
  6.352350000013e+01,  1.299397230148e+00,  3.004377815504e+01,  1.662140488625e+00
  6.353399999999e+01,  1.289082884789e+00,  3.005409250040e+01,  1.642309308052e+00
  6.354399999999e+01,  1.279050230980e+00,  3.006412515421e+01,  1.625326275826e+00
  6.355400000000e+01,  1.268891692162e+00,  3.007428369302e+01,  1.608278393745e+00
  6.356400000001e+01,  1.258729338646e+00,  3.008444604654e+01,  1.591650128365e+00
  6.357400000002e+01,  1.248662352562e+00,  3.009451303262e+01,  1.574083447456e+00
  6.358450000011e+01,  1.238248229027e+00,  3.010492715616e+01,  1.553781628609e+00
  6.359499999997e+01,  1.227872252464e+00,  3.011530313272e+01,  1.533208966255e+00
  6.360499999998e+01,  1.217870116234e+00,  3.012530526895e+01,  1.514669537544e+00
  6.361499999999e+01,  1.207753539085e+00,  3.013542184610e+01,  1.496866345406e+00
  6.362500000000e+01,  1.197564482689e+00,  3.014561090250e+01,  1.479234814644e+00
  6.363500000001e+01,  1.187413573265e+00,  3.015576181192e+01,  1.461050152779e+00
  6.364500000002e+01,  1.177354216576e+00,  3.016582116861e+01,  1.440900921822e+00
  6.365500000003e+01,  1.167348265648e+00,  3.017582711954e+01,  1.422117352486e+00
  6.366550000012e+01,  1.156915068626e+00,  3.018626031656e+01,  1.402059674263e+00
  6.367599999998e+01,  1.146584868431e+00,  3.019659051675e+01,  1.382421612740e+00
  6.368650000007e+01,  1.136292815208e+00,  3.020688256998e+01,  1.364454388618e+00
  6.369700000016e+01,  1.126006484032e+00,  3.021716890115e+01,  1.346124768257e+00
  6.370750000002e+01,  1.115653395653e+00,  3.022752198953e+01,  1.325239300728e+00
  6.371750000003e+01,  1.105647444725e+00,  3.023752794046e+01,  1.306299328804e+00
  6.372750000004e+01,  1.095546126366e+00,  3.024762925882e+01,  1.287111401558e+00
  6.373750000005e+01,  1.085456252098e+00,  3.025771913309e+01,  1.268800854683e+00
  6.374750000006e+01,  1.075454115868e+00,  3.026772126932e+01,  1.251310467720e+00
  6.375800000015e+01,  1.065118193626e+00,  3.027805719156e+01,  1.233282208443e+00
  6.376850000001e+01,  1.054850935936e+00,  3.028832444925e+01,  1.212698101997e+00
  6.377900000010e+01,  1.044505834579e+00,  3.029866955061e+01,  1.192224740982e+00
  6.378900000011e+01,  1.034469366074e+00,  3.030870601911e+01,  1.173479318619e+00
  6.379900000012e+01,  1.024268865585e+00,  3.031890651960e+01,  1.154001474380e+00
  6.380900000012e+01,  1.014098882675e+00,  3.032907650251e+01,  1.136240243912e+00
  6.381900000013e+01,  1.004001379013e+00,  3.033917400617e+01,  1.119150400162e+00
  6.382949999999e+01,  9.935796260834e-01,  3.034959575910e+01,  1.100645303726e+00
  6.384000000008e+01,  9.832723140717e-01,  3.035990307111e+01,  1.080362558365e+00
  6.385050000018e+01,  9.729154109955e-01,  3.037025997419e+01,  1.060953378677e+00
  6.386050000018e+01,  9.628102779388e-01,  3.038036510725e+01,  1.043474435806e+00
  6.387049999996e+01,  9.526174068451e-01,  3.039055797834e+01,  1.025808572769e+00
  6.388049999997e+01,  9.424779415131e-01,  3.040069744367e+01,  1.008951425552e+00
  6.389100000006e+01,  9.320523738861e-01,  3.041112301130e+01,  9.896757602692e-01
  6.390150000015e+01,  9.217507839203e-01,  3.042142460127e+01,  9.693281650543e-01
  6.391200000001e+01,  9.114549160004e-01,  3.043172046919e+01,  9.501173496246e-01
  6.392250000010e+01,  9.009950160980e-01,  3.044218036909e+01,  9.316275119781e-01
  6.393250000011e+01,  8.908517360687e-01,  3.045232364912e+01,  9.136488437653e-01
  6.394250000012e+01,  8.806207180023e-01,  3.046255466718e+01,  8.971960544586e-01
  6.395250000013e+01,  8.704736232758e-01,  3.047270176191e+01,  8.817274570465e-01
  6.396250000014e+01,  8.604562282562e-01,  3.048271915693e+01,  8.634893894196e-01
  6.397300000000e+01,  8.500268459320e-01,  3.049314853925e+01,  8.448660373688e-01
  6.398350000009e+01,  8.396317958832e-01,  3.050354358930e+01,  8.268606662750e-01
  6.399400000018e+01,  8.292253017426e-01,  3.051395008344e+01,  8.085043430328e-01
  6.400450000004e+01,  8.187692165375e-01,  3.052440616865e+01,  7.910749912262e-01
  6.401500000013e+01,  8.082749843597e-01,  3.053490040083e+01,  7.729818820953e-01
  6.402500000014e+01,  7.982118129730e-01,  3.054496357221e+01,  7.569944858551e-01
  6.403500000015e+01,  7.881170511246e-01,  3.055505833406e+01,  7.413427829742e-01
  6.404500000016e+01,  7.780843973160e-01,  3.056509098787e+01,  7.258245944977e-01
  6.405550000002e+01,  7.676550149918e-01,  3.057552037019e+01,  7.080214023590e-01
  6.406600000011e+01,  7.572752237320e-01,  3.058590016145e+01,  6.895925998688e-01
  6.407649999997e+01,  7.468534708023e-01,  3.059632191438e+01,  6.710875034332e-01
  6.408700000006e+01,  7.363897562027e-01,  3.060678562898e+01,  6.538183689117e-01
  6.409750000015e+01,  7.258955240250e-01,  3.061727986116e+01,  6.372892856598e-01
  6.410800000001e+01,  7.154165506363e-01,  3.062775883455e+01,  6.203901767731e-01
  6.411850000010e+01,  7.049795389175e-01,  3.063819584627e+01,  6.038725376129e-01
  6.412899999996e+01,  6.945539712906e-01,  3.064862141390e+01,  5.859320163727e-01
  6.413950000005e+01,  6.840940713882e-01,  3.065908131380e+01,  5.691320896149e-01
  6.414950000006e+01,  6.740766763687e-01,  3.066909870882e+01,  5.528624057770e-01
  6.415950000007e+01,  6.640363931656e-01,  3.067913899202e+01,  5.380613803864e-01
  6.416950000008e+01,  6.539961099625e-01,  3.068917927522e+01,  5.228102207184e-01
  6.417950000009e+01,  6.439443826675e-01,  3.069923100252e+01,  5.075399875641e-01
  6.418950000009e+01,  6.339002847672e-01,  3.070927510042e+01,  4.922850131989e-01
  6.419999999995e+01,  6.233984231949e-01,  3.071977696199e+01,  4.744856357574e-01
  6.421050000004e+01,  6.129308938980e-01,  3.073024449129e+01,  4.576895236969e-01
  6.422100000014e+01,  6.024938821793e-01,  3.074068150301e+01,  4.420340061188e-01
  6.423149999999e+01,  5.920454263687e-01,  3.075112995882e+01,  4.264814853668e-01
  6.424150000000e+01,  5.820280313492e-01,  3.076114735384e+01,  4.115431308746e-01
  6.425150000001e+01,  5.720182657242e-01,  3.077115711946e+01,  3.973410129547e-01
  6.426200000010e+01,  5.615316629410e-01,  3.078164372224e+01,  3.803236484528e-01
  6.427249999996e+01,  5.510946512222e-01,  3.079208073396e+01,  3.634779453278e-01
  6.428300000005e+01,  5.406659841537e-01,  3.080250940103e+01,  3.475199639797e-01
  6.429300000006e+01,  5.306409597397e-01,  3.081253442545e+01,  3.335810601711e-01
  6.430300000007e+01,  5.205625295639e-01,  3.082261285562e+01,  3.193331658840e-01
  6.431300000008e+01,  5.104306936264e-01,  3.083274469156e+01,  3.048373162746e-01
  6.432300000009e+01,  5.002340078354e-01,  3.084294137735e+01,  2.895594537258e-01
  6.433300000010e+01,  4.900754690170e-01,  3.085309991617e+01,  2.748919427395e-01
  6.434300000011e+01,  4.800466299057e-01,  3.086312875528e+01,  2.605791985989e-01
  6.435349999997e+01,  4.696401357651e-01,  3.087353524942e+01,  2.464304864407e-01
  6.436400000006e+01,  4.592794179916e-01,  3.088389596719e+01,  2.332697808743e-01
  6.437450000015e+01,  4.489759206772e-01,  3.089419946451e+01,  2.184840142727e-01
  6.438500000001e+01,  4.385732412338e-01,  3.090460214395e+01,  2.029086053371e-01
  6.439500000002e+01,  4.285367727280e-01,  3.091463861246e+01,  1.864596307278e-01
  6.440500000003e+01,  4.183553457260e-01,  3.092482003946e+01,  1.732760369778e-01
  6.441500000004e+01,  4.082006216049e-01,  3.093497476358e+01,  1.613264977932e-01
  6.442500000005e+01,  3.981984853745e-01,  3.094497689981e+01,  1.497641503811e-01
  6.443550000014e+01,  3.878778219223e-01,  3.095529756326e+01,  1.353369653225e-01
  6.444600000000e+01,  3.775209188461e-01,  3.096565446634e+01,  1.216116845608e-01
  6.445650000009e+01,  3.670686483383e-01,  3.097610673685e+01,  1.064635217190e-01
  6.446650000010e+01,  3.570588827133e-01,  3.098611650247e+01,  9.227666258812e-02
  6.447699999996e+01,  3.465799093246e-01,  3.099659547586e+01,  8.065709471703e-02
  6.448750000005e+01,  3.362458944321e-01,  3.100692949075e+01,  6.937894225121e-02
  6.449800000014e+01,  3.259366750717e-01,  3.101723871011e+01,  5.822476744652e-02
  6.450850000000e+01,  3.155072927475e-01,  3.102766809244e+01,  4.732427000999e-02
  6.451850000001e+01,  3.054364919662e-01,  3.103773889322e+01,  3.609189391136e-02
  6.452850000001e+01,  2.952741384506e-01,  3.104790124674e+01,  2.592381648719e-02
  6.453850000002e+01,  2.851298153400e-01,  3.105804556985e+01,  1.819635555148e-02
  6.454900000012e+01,  2.748129665852e-01,  3.106836241860e+01,  8.754979819059e-03
  6.455949999997e+01,  2.647097408772e-01,  3.107846564431e+01, -3.970850724727e-03
  6.457000000007e+01,  2.542898952961e-01,  3.108888548989e+01, -1.304029300809e-02
  6.458000000007e+01,  2.441542446613e-01,  3.109902114052e+01, -2.177022770047e-02
  6.459000000008e+01,  2.339957058430e-01,  3.110917967934e+01, -3.053258731961e-02
  6.460000000009e+01,  2.239096462727e-01,  3.111926573891e+01, -3.914426639676e-02
  6.461050000018e+01,  2.134840786457e-01,  3.112969130654e+01, -4.499410465360e-02
  6.462100000004e+01,  2.032282650471e-01,  3.113994712014e+01, -5.342840030789e-02
  6.463100000005e+01,  1.932146847248e-01,  3.114996070046e+01, -5.483185127378e-02
  6.464100000006e+01,  1.829073727131e-01,  3.116026801247e+01, -4.745613411069e-02
  6.465100000007e+01,  1.725275814533e-01,  3.117064780373e+01, -3.814636543393e-02
  6.466100000008e+01,  1.622889339924e-01,  3.118088645119e+01, -2.758919075131e-02
  6.467150000017e+01,  1.518519222736e-01,  3.119132346291e+01, -1.781212165952e-02
  6.468200000003e+01,  1.415102779865e-01,  3.120166510720e+01, -1.376478001475e-02
  6.469200000004e+01,  1.314013302326e-01,  3.121177405495e+01, -1.191441342235e-02
  6.470200000005e+01,  1.211703121662e-01,  3.122200507302e+01, -1.222978159785e-02
  6.471200000006e+01,  1.109049618244e-01,  3.123227042336e+01, -1.099256798625e-02
  6.472200000007e+01,  1.008684933186e-01,  3.124230689187e+01, -1.039216667414e-02
  6.473250000016e+01,  9.064701199532e-02,  3.125252837319e+01, -1.110906153917e-02
  6.474300000002e+01,  8.033016324043e-02,  3.126284522195e+01, -1.440281420946e-02
  6.475300000003e+01,  7.015255093575e-02,  3.127302283425e+01, -1.265061646700e-02
  6.476300000004e+01,  5.991009250283e-02,  3.128326529268e+01, -1.218628138304e-02
  6.477300000004e+01,  4.979351535439e-02,  3.129338186983e+01, -9.771101176739e-03
  6.478350000014e+01,  3.959988057613e-02,  3.130357550461e+01, -8.345088921487e-03
  6.479450000008e+01,  2.959011495113e-02,  3.131358527023e+01, -8.813909254968e-03
  6.480650000018e+01,  1.937817037106e-02,  3.132379721481e+01, -4.641583655030e-03
  6.482050000015e+01,  9.278759360313e-03,  3.133389662583e+01, -4.519301000983e-03
  6.483100000001e+01,  3.497586119920e-03,  3.133967779907e+01, -3.274279413745e-03
  6.483200000017e+01,  3.046498168260e-03,  3.134012888702e+01, -3.254900919273e-03
  6.484000000008e+01,  8.438573422609e-05,  3.134309099945e+01, -1.989375101402e-03
  6.484300000011e+01, -7.195617072284e-04,  3.134389494689e+01, -2.097348915413e-03
  6.508100000001e+01, -2.242400078103e-03,  3.134541778526e+01, -1.128340233117e-02
  6.508200000017e+01, -2.233757404611e-03,  3.134540914259e+01, -1.113224495202e-02
