           Test time,     Standard travel,     Tool separation,      Standard force
                 0.0,                 0.0,  2.191652835009e+01, -1.425393577665e-02
                 0.0,                 0.0,  2.191652759013e+01, -1.441653724760e-02
                 0.0,                 0.0,  2.191652712819e+01, -1.565288752317e-02
                 0.0,                 0.0,  2.191651107778e+01, -1.567085087299e-02
                 0.0,                 0.0,  2.191651084309e+01, -1.570542156696e-02
                 0.0,                 0.0,  2.194087364705e+01, -1.486412994564e-02
  0.000000000000e+00,  0.000000000000e+00,  2.194087836931e+01, -1.503248326480e-02
  8.000001311302e-03,  1.784414052963e-06,  2.194087658489e+01, -1.551194302738e-02
  1.100000739098e-02, -7.702037692070e-07,  2.194087913951e+01, -1.548786275089e-02
  1.299999654293e-02, -3.929249942303e-06,  2.194088229856e+01, -1.513738743961e-02
  1.399999856949e-02, -6.454996764660e-06,  2.194088482430e+01, -1.500387303531e-02
  1.140000075102e-01, -1.629674807191e-05,  2.194089466606e+01, -1.360628381371e-02
  2.144999951124e-01, -1.480341779825e-05,  2.194089317273e+01, -1.400514319539e-02
  3.145000040531e-01,  1.130347527578e-06,  2.194087723896e+01, -1.387311704457e-02
  4.150000065565e-01, -1.091595731850e-05,  2.194088928526e+01, -1.516708079726e-02
  5.154999941587e-01,  2.361859660596e-03,  2.193851650965e+01, -1.251106616110e-02
  5.555000007153e-01,  1.238283142447e-02,  2.192849553788e+01, -2.694044960663e-04
  5.700000077486e-01,  2.264818176627e-02,  2.191823018754e+01,  1.701117493212e-02
  5.789999961853e-01,  3.300508484244e-02,  2.190787328447e+01,  1.844585873187e-02
  5.865000039339e-01,  4.367097839713e-02,  2.189720739091e+01,  1.430118922144e-02
  5.929999947548e-01,  5.387529358268e-02,  2.188700307572e+01,  1.154888514429e-02
  5.995000004768e-01,  6.451066583395e-02,  2.187636770347e+01,  1.137358788401e-02
  6.060000061989e-01,  7.530244439840e-02,  2.186557592491e+01,  1.155669335276e-02
  6.124999970198e-01,  8.594163507223e-02,  2.185493673424e+01,  1.312149409205e-02
  6.190000027418e-01,  9.619935601950e-02,  2.184467901329e+01,  1.328457240015e-02
  6.260000020266e-01,  1.063617095351e-01,  2.183451665977e+01,  1.938880421221e-02
  6.334999948740e-01,  1.164630278945e-01,  2.182441534141e+01,  3.679526597261e-02
  6.410000026226e-01,  1.264956891537e-01,  2.181438268015e+01,  4.993308335543e-02
  6.484999954700e-01,  1.368101090193e-01,  2.180406826029e+01,  5.902643129230e-02
  6.560000032187e-01,  1.473310440779e-01,  2.179354732523e+01,  6.511659175158e-02
  6.634999960661e-01,  1.577680557966e-01,  2.178311031351e+01,  7.421464473009e-02
  6.710000038147e-01,  1.679952591658e-01,  2.177288311014e+01,  8.185929805040e-02
  6.790000051260e-01,  1.783864945173e-01,  2.176249187479e+01,  9.122819453478e-02
  6.875000000000e-01,  1.886136978865e-01,  2.175226467142e+01,  1.047055199742e-01
  6.969999969006e-01,  1.990049332380e-01,  2.174187343607e+01,  1.188809350133e-01
  7.074999958277e-01,  2.094858139753e-01,  2.173139255533e+01,  1.401936560869e-01
  7.185000032187e-01,  2.198846787214e-01,  2.172099369059e+01,  1.586529761553e-01
  7.294999957085e-01,  2.301404923201e-01,  2.171073787699e+01,  1.762578040361e-01
  7.405000030994e-01,  2.405145615339e-01,  2.170036380777e+01,  1.944615393877e-01
  7.510000020266e-01,  2.505681812763e-01,  2.169031018803e+01,  2.131154090166e-01
  7.615000009537e-01,  2.607953846455e-01,  2.168008298466e+01,  2.329937964678e-01
  7.719999998808e-01,  2.711789906025e-01,  2.166969937871e+01,  2.523114085197e-01
  7.824999988079e-01,  2.815854847431e-01,  2.165929288456e+01,  2.736622691154e-01
  7.929999977350e-01,  2.919309437275e-01,  2.164894742558e+01,  2.953526377678e-01
  8.034999966621e-01,  3.022573292255e-01,  2.163862104008e+01,  3.169667124748e-01
  8.139999955893e-01,  3.126371204853e-01,  2.162824124882e+01,  3.399006724358e-01
  8.240000009537e-01,  3.226583302021e-01,  2.161822003911e+01,  3.615910410881e-01
  8.340000063181e-01,  3.328779041767e-01,  2.160800046513e+01,  3.846012949944e-01
  8.439999967813e-01,  3.432157337666e-01,  2.159766263554e+01,  4.077488780022e-01
  8.540000021458e-01,  3.535192310810e-01,  2.158735913823e+01,  4.321095347404e-01
  8.640000075102e-01,  3.636930286884e-01,  2.157718534062e+01,  4.571949839592e-01
  8.739999979734e-01,  3.737218677998e-01,  2.156715650151e+01,  4.822422862053e-01
  8.844999969006e-01,  3.840864002705e-01,  2.155679196904e+01,  5.101506114006e-01
  8.950000107288e-01,  3.943778276443e-01,  2.154650054166e+01,  5.387198328972e-01
  9.054999947548e-01,  4.047499895096e-01,  2.153612837980e+01,  5.677573084831e-01
  9.155000001192e-01,  4.147673845291e-01,  2.152611098478e+01,  5.954214930534e-01
  9.255000054836e-01,  4.248458147049e-01,  2.151603255460e+01,  6.229407191277e-01
  9.354999959469e-01,  4.348937273026e-01,  2.150598464201e+01,  6.495901942253e-01
  9.459999948740e-01,  4.453917741776e-01,  2.149548659513e+01,  6.782919764519e-01
  9.564999938011e-01,  4.557944536209e-01,  2.148508391569e+01,  7.066275477409e-01
  9.670000076294e-01,  4.661360979080e-01,  2.147474227140e+01,  7.370077967644e-01
  9.775000065565e-01,  4.764472246170e-01,  2.146443114469e+01,  7.681280970573e-01
  9.880000054836e-01,  4.867507219315e-01,  2.145412764738e+01,  7.994696497917e-01
  9.985000044107e-01,  4.970103502274e-01,  2.144386801908e+01,  8.317038416862e-01
  1.009000003338e+00,  5.073004961014e-01,  2.143357787321e+01,  8.644949793816e-01
  1.019500002265e+00,  5.177031755447e-01,  2.142317519376e+01,  8.961111903191e-01
  1.030000001192e+00,  5.281287431717e-01,  2.141274962614e+01,  9.298178553581e-01
  1.040500000119e+00,  5.385009050369e-01,  2.140237746427e+01,  9.639975428581e-01
  1.050999999046e+00,  5.488959550858e-01,  2.139198241422e+01,  9.992148280144e-01
  1.061499997973e+00,  5.593329668045e-01,  2.138154540250e+01,  1.033180952072e+00
  1.071999996901e+00,  5.697280168533e-01,  2.137115035245e+01,  1.067612409592e+00
  1.082499995828e+00,  5.801001787186e-01,  2.136077819059e+01,  1.101189374924e+00
  1.092999994755e+00,  5.905791521072e-01,  2.135029921720e+01,  1.135506391525e+00
  1.103000000119e+00,  6.006232500076e-01,  2.134025511930e+01,  1.167061567307e+00
  1.113499999046e+00,  6.110831499100e-01,  2.132979521940e+01,  1.202255964279e+00
  1.123999997973e+00,  6.215277910233e-01,  2.131935057828e+01,  1.239205121994e+00
  1.134000003338e+00,  6.315451860428e-01,  2.130933318326e+01,  1.274376630783e+00
  1.143999993801e+00,  6.416312456131e-01,  2.129924712369e+01,  1.308502912521e+00
  1.153999999166e+00,  6.517123579979e-01,  2.128916601131e+01,  1.342473268509e+00
  1.164000004530e+00,  6.617907881737e-01,  2.127908758113e+01,  1.377362489700e+00
  1.173999994993e+00,  6.718654036522e-01,  2.126901296566e+01,  1.411900758743e+00
  1.184000000358e+00,  6.819400191307e-01,  2.125893835018e+01,  1.445996522903e+00
  1.194000005722e+00,  6.919726729393e-01,  2.124890569637e+01,  1.480290651321e+00
  1.203999996185e+00,  7.019938826561e-01,  2.123888448665e+01,  1.514333009720e+00
  1.214000001550e+00,  7.119960188866e-01,  2.122888235042e+01,  1.547963380814e+00
  1.224500000477e+00,  7.224940657616e-01,  2.121838430355e+01,  1.583363771439e+00
  1.234999999404e+00,  7.329921126366e-01,  2.120788625667e+01,  1.619878053665e+00
  1.245499998331e+00,  7.434024214745e-01,  2.119747594783e+01,  1.656491518021e+00
  1.255999997258e+00,  7.536639571190e-01,  2.118721441219e+01,  1.694295167923e+00
  1.266499996185e+00,  7.638415694237e-01,  2.117703679988e+01,  1.732228517532e+00
  1.276999995112e+00,  7.740573287010e-01,  2.116682104061e+01,  1.769063234329e+00
  1.287499994040e+00,  7.843837141991e-01,  2.115649465511e+01,  1.804471254349e+00
  1.297499999404e+00,  7.944316267967e-01,  2.114644674251e+01,  1.839619874954e+00
  1.307500004768e+00,  8.046321272850e-01,  2.113624624202e+01,  1.874539613724e+00
  1.317499995232e+00,  8.147715926170e-01,  2.112610677669e+01,  1.908810853958e+00
  1.327999994159e+00,  8.251437544823e-01,  2.111573461483e+01,  1.945569276810e+00
  1.338499993086e+00,  8.352774977684e-01,  2.110560087154e+01,  1.984303712845e+00
  1.349000006914e+00,  8.453826308250e-01,  2.109549573848e+01,  2.020886659622e+00
  1.359500005841e+00,  8.556517958641e-01,  2.108522657344e+01,  2.057942628860e+00
  1.369499996305e+00,  8.657607436180e-01,  2.107511762569e+01,  2.091870546341e+00
  1.379500001669e+00,  8.760642409325e-01,  2.106481412838e+01,  2.127492189407e+00
  1.389500007033e+00,  8.863562941551e-01,  2.105452207515e+01,  2.163121461868e+00
  1.399499997497e+00,  8.963925242424e-01,  2.104448584507e+01,  2.200039148331e+00
  1.409999996424e+00,  9.067494273186e-01,  2.103412894199e+01,  2.238094568253e+00
  1.420499995351e+00,  9.170262217522e-01,  2.102385214756e+01,  2.276348352432e+00
  1.430999994278e+00,  9.274632334709e-01,  2.101341513584e+01,  2.313709497452e+00
  1.440999999642e+00,  9.376179575920e-01,  2.100326041172e+01,  2.349628686905e+00
  1.451000005007e+00,  9.479214549065e-01,  2.099295691440e+01,  2.385158777237e+00
  1.460999995470e+00,  9.580723643303e-01,  2.098280600498e+01,  2.420040369034e+00
  1.471499994397e+00,  9.682347178459e-01,  2.097264365146e+01,  2.455143213272e+00
  1.483500003815e+00,  9.786354899406e-01,  2.096224287937e+01,  2.489795923233e+00
  1.497999995947e+00,  9.886643290520e-01,  2.095221404026e+01,  2.522785425186e+00
  1.518999993801e+00,  9.975859522820e-01,  2.094329241703e+01,  2.551992654800e+00
  1.619000002742e+00,  1.003719210625e+00,  2.093715915868e+01,  2.560398817062e+00
  1.719500005245e+00,  1.003134131432e+00,  2.093774423788e+01,  2.541304349899e+00
  1.820000007749e+00,  1.002265214920e+00,  2.093861315439e+01,  2.527964591980e+00
  1.920499995351e+00,  1.001582145691e+00,  2.093929622362e+01,  2.514470100403e+00
  2.020500004292e+00,  1.001035332680e+00,  2.093984303663e+01,  2.503030061722e+00
  2.121000006795e+00,  1.000647425652e+00,  2.094023094366e+01,  2.491881370544e+00
  2.221499994397e+00,  1.000443816185e+00,  2.094043455312e+01,  2.485795736313e+00
  2.321500003338e+00,  1.000270128250e+00,  2.094060824106e+01,  2.479177713394e+00
  2.422000005841e+00,  1.000178217888e+00,  2.094070015142e+01,  2.473934650421e+00
  2.522499993443e+00,  1.000086069107e+00,  2.094079230020e+01,  2.468616485596e+00
  2.622500002384e+00,  1.000074028969e+00,  2.094080434034e+01,  2.462680578232e+00
  2.723000004888e+00,  1.000057101250e+00,  2.094082126806e+01,  2.455838441849e+00
  2.823500007391e+00,  1.000016450882e+00,  2.094086191843e+01,  2.451738595963e+00
  2.923999994993e+00,  9.999983906746e-01,  2.094087997863e+01,  2.448359251022e+00
  3.024000003934e+00,  1.000039935112e+00,  2.094083843420e+01,  2.441904067993e+00
  3.124500006437e+00,  9.999599456787e-01,  2.094091842363e+01,  2.436219453812e+00
  3.224999994040e+00,  1.000003337860e+00,  2.094087503145e+01,  2.432074308395e+00
  3.325000002980e+00,  1.000001192093e+00,  2.094087717721e+01,  2.428881645203e+00
  3.425500005484e+00,  1.000002980232e+00,  2.094087538908e+01,  2.424278020859e+00
  3.525999993086e+00,  1.000018239021e+00,  2.094086013029e+01,  2.421921730042e+00
  3.626000002027e+00,  1.000004172325e+00,  2.094087419698e+01,  2.418417692184e+00
  3.726500004530e+00,  1.000031471252e+00,  2.094084689806e+01,  2.415589094162e+00
  3.827000007033e+00,  1.000006794930e+00,  2.094087157438e+01,  2.413530111313e+00
  3.927499994636e+00,  1.000030636787e+00,  2.094084773252e+01,  2.410825490952e+00
  4.027500003576e+00,  9.999897480011e-01,  2.094088862131e+01,  2.405230283737e+00
  4.128000006080e+00,  1.000024199486e+00,  2.094085416982e+01,  2.404474258423e+00
  4.228499993682e+00,  1.000036835670e+00,  2.094084153364e+01,  2.402374505997e+00
  4.328500002623e+00,  1.000020265579e+00,  2.094085810373e+01,  2.401336431503e+00
  4.429000005126e+00,  9.999804496765e-01,  2.094089791963e+01,  2.395587682724e+00
  4.529500007629e+00,  1.000009775162e+00,  2.094086859415e+01,  2.391573667526e+00
  4.629999995232e+00,  9.999896287918e-01,  2.094088874052e+01,  2.389189481735e+00
  4.730000004172e+00,  9.999943971634e-01,  2.094088397214e+01,  2.387134075165e+00
  4.830500006676e+00,  9.999853372574e-01,  2.094089303205e+01,  2.387297391891e+00
  4.930999994278e+00,  1.000007510185e+00,  2.094087085912e+01,  2.381935834885e+00
  5.031000003219e+00,  1.000019550323e+00,  2.094085881898e+01,  2.380779266357e+00
  5.131500005722e+00,  1.000008463860e+00,  2.094086990545e+01,  2.377811908722e+00
  5.231999993324e+00,  1.000021576881e+00,  2.094085679243e+01,  2.375613451004e+00
  5.332000002265e+00,  1.000023961067e+00,  2.094085440824e+01,  2.373758554459e+00
  5.432500004768e+00,  9.999895095825e-01,  2.094088885973e+01,  2.372659921646e+00
  5.533000007272e+00,  1.000019788742e+00,  2.094085858057e+01,  2.370753765106e+00
  5.633499994874e+00,  1.000008821487e+00,  2.094086954782e+01,  2.369424819946e+00
  5.733500003815e+00,  1.000028491020e+00,  2.094084987829e+01,  2.366252660751e+00
  5.834000006318e+00,  1.000000596046e+00,  2.094087777326e+01,  2.363177776337e+00
  5.934499993920e+00,  1.000015258789e+00,  2.094086311052e+01,  2.360118865967e+00
  6.034500002861e+00,  1.000021934509e+00,  2.094085643480e+01,  2.358070135117e+00
  6.134499996901e+00,  1.000015258789e+00,  2.094086311052e+01,  2.358924865723e+00
  6.234500005841e+00,  1.000043392181e+00,  2.094083497713e+01,  2.355797767639e+00
  6.334499999881e+00,  9.999841451645e-01,  2.094089422414e+01,  2.353185653687e+00
  6.434499993920e+00,  9.999969601631e-01,  2.094088140914e+01,  2.352366924286e+00
  6.534500002861e+00,  1.000020146370e+00,  2.094085822294e+01,  2.348809719086e+00
  6.634499996901e+00,  1.000006794930e+00,  2.094087157438e+01,  2.346439361572e+00
  6.734500005841e+00,  1.000012159348e+00,  2.094086620996e+01,  2.345104455948e+00
  6.834499999881e+00,  1.000013232231e+00,  2.094086513708e+01,  2.344097137451e+00
  6.934499993920e+00,  9.999828338623e-01,  2.094089553545e+01,  2.342029333115e+00
  7.034500002861e+00,  1.000001668930e+00,  2.094087670038e+01,  2.341288805008e+00
  7.134499996901e+00,  9.999976158142e-01,  2.094088075349e+01,  2.339931726456e+00
  7.234500005841e+00,  9.999858736992e-01,  2.094089249561e+01,  2.337492465973e+00
  7.334499999881e+00,  1.000014424324e+00,  2.094086394498e+01,  2.338310480118e+00
  7.434499993920e+00,  1.000007033348e+00,  2.094087133596e+01,  2.334702253342e+00
  7.534500002861e+00,  1.000013828278e+00,  2.094086454103e+01,  2.332040786743e+00
  7.634499996901e+00,  1.000007867813e+00,  2.094087050149e+01,  2.330636501312e+00
  7.734500005841e+00,  9.999925494194e-01,  2.094088581989e+01,  2.330726385117e+00
  7.834499999881e+00,  9.999908208847e-01,  2.094088754842e+01,  2.327400445938e+00
  7.934499993920e+00,  1.000016212463e+00,  2.094086215684e+01,  2.325681924820e+00
  8.034500002861e+00,  1.000025987625e+00,  2.094085238168e+01,  2.326421737671e+00
  8.134499996901e+00,  9.999980330467e-01,  2.094088033626e+01,  2.324634075165e+00
  8.234500005841e+00,  1.000026464462e+00,  2.094085190485e+01,  2.323249578476e+00
  8.334499999881e+00,  1.000050544739e+00,  2.094082782457e+01,  2.319671392441e+00
  8.434499993920e+00,  1.000017642975e+00,  2.094086072633e+01,  2.320796728134e+00
  8.534500002861e+00,  1.000013470650e+00,  2.094086489866e+01,  2.319296360016e+00
  8.634499996901e+00,  1.000029802322e+00,  2.094084856699e+01,  2.318670034409e+00
  8.734500005841e+00,  9.999934434891e-01,  2.094088492582e+01,  2.317289113998e+00
  8.834499999881e+00,  9.999970793724e-01,  2.094088128994e+01,  2.311309814453e+00
  8.934499993920e+00,  9.999869465828e-01,  2.094089142272e+01,  2.311702728271e+00
  9.034500002861e+00,  1.000020742416e+00,  2.094085762689e+01,  2.312185049057e+00
  9.134499996901e+00,  1.000005364418e+00,  2.094087300489e+01,  2.309398889542e+00
  9.234500005841e+00,  1.000027537346e+00,  2.094085083196e+01,  2.309916734695e+00
  9.334499999881e+00,  9.999995231628e-01,  2.094087884614e+01,  2.307762384415e+00
  9.434499993920e+00,  1.000015735626e+00,  2.094086263368e+01,  2.310728549957e+00
  9.534500002861e+00,  1.000040173531e+00,  2.094083819578e+01,  2.304945468903e+00
  9.634499996901e+00,  1.000059485435e+00,  2.094081888387e+01,  2.305684566498e+00
  9.734500005841e+00,  1.000045061111e+00,  2.094083330820e+01,  2.304413795471e+00
  9.834499999881e+00,  1.000046133995e+00,  2.094083223531e+01,  2.301124572754e+00
  9.934499993920e+00,  1.000003576279e+00,  2.094087479303e+01,  2.301267385483e+00
  1.003450000286e+01,  1.000000953674e+00,  2.094087741563e+01,  2.302939414978e+00
  1.013449999690e+01,  1.000022053719e+00,  2.094085631559e+01,  2.295666933060e+00
  1.023450000584e+01,  9.999865293503e-01,  2.094089183996e+01,  2.295835971832e+00
  1.033449999988e+01,  1.000011324883e+00,  2.094086704443e+01,  2.296106815338e+00
  1.043449999392e+01,  1.000005364418e+00,  2.094087300489e+01,  2.296134710312e+00
  1.053450000286e+01,  1.000000357628e+00,  2.094087801168e+01,  2.292546749115e+00
  1.063449999690e+01,  9.999853968620e-01,  2.094089297245e+01,  2.291847944260e+00
  1.073450000584e+01,  1.000021576881e+00,  2.094085679243e+01,  2.291567087173e+00
  1.083449999988e+01,  1.000017285347e+00,  2.094086108396e+01,  2.293907642365e+00
  1.093449999392e+01,  9.999890923500e-01,  2.094088927696e+01,  2.292125225067e+00
  1.103450000286e+01,  9.999961853027e-01,  2.094088218400e+01,  2.286158561707e+00
  1.113449999690e+01,  9.999879002571e-01,  2.094089046905e+01,  2.286114215851e+00
  1.123450000584e+01,  1.000040531158e+00,  2.094083783815e+01,  2.286421060562e+00
  1.133449999988e+01,  1.000006198883e+00,  2.094087217042e+01,  2.287722826004e+00
  1.143449999392e+01,  1.000013470650e+00,  2.094086489866e+01,  2.287465333939e+00
  1.153450000286e+01,  1.000026583672e+00,  2.094085178564e+01,  2.281778335571e+00
  1.163449999690e+01,  1.000015139580e+00,  2.094086322973e+01,  2.279498577118e+00
  1.173450000584e+01,  9.999861717224e-01,  2.094089219759e+01,  2.281279325485e+00
  1.183449999988e+01,  9.999971389771e-01,  2.094088123033e+01,  2.285688400269e+00
  1.193449999392e+01,  1.000025749207e+00,  2.094085262010e+01,  2.279978036880e+00
  1.203450000286e+01,  9.999883770943e-01,  2.094088999221e+01,  2.274725437164e+00
  1.213449999690e+01,  9.999892711639e-01,  2.094088909814e+01,  2.276379108429e+00
  1.223450000584e+01,  9.999848008156e-01,  2.094089356849e+01,  2.278147697449e+00
  1.233449999988e+01,  9.999834299088e-01,  2.094089493940e+01,  2.277568578720e+00
  1.243449999392e+01,  9.999808669090e-01,  2.094089750240e+01,  2.274310827255e+00
  1.253450000286e+01,  9.999833703041e-01,  2.094089499900e+01,  2.268152952194e+00
  1.263449999690e+01,  1.000016331673e+00,  2.094086203763e+01,  2.270642042160e+00
  1.273450000584e+01,  1.000036597252e+00,  2.094084177206e+01,  2.274614810944e+00
  1.283449999988e+01,  1.000038981438e+00,  2.094083938787e+01,  2.271216869354e+00
  1.293449999392e+01,  9.999932050705e-01,  2.094088516424e+01,  2.269101142883e+00
  1.303450000286e+01,  9.999766349792e-01,  2.094090173433e+01,  2.267687797546e+00
  1.313449999690e+01,  1.000016570091e+00,  2.094086179922e+01,  2.268375635147e+00
  1.323450000584e+01,  1.000013232231e+00,  2.094086513708e+01,  2.268759012222e+00
  1.333449999988e+01,  1.000018358231e+00,  2.094086001108e+01,  2.266414165497e+00
  1.343449999392e+01,  1.000011801720e+00,  2.094086656759e+01,  2.263798475266e+00
  1.353450000286e+01,  1.000006198883e+00,  2.094087217042e+01,  2.263721466064e+00
  1.363449999690e+01,  1.000032901764e+00,  2.094084546754e+01,  2.260885238647e+00
  1.373450000584e+01,  9.999957084656e-01,  2.094088266084e+01,  2.262449979782e+00
  1.383449999988e+01,  9.999958872795e-01,  2.094088248203e+01,  2.260047197342e+00
  1.393449999392e+01,  1.000053882599e+00,  2.094082448671e+01,  2.259378910065e+00
  1.403450000286e+01,  1.000008702278e+00,  2.094086966703e+01,  2.258555412292e+00
  1.413449999690e+01,  1.000006318092e+00,  2.094087205122e+01,  2.259306669235e+00
  1.423450000584e+01,  9.999727010727e-01,  2.094090566823e+01,  2.257717370987e+00
  1.433449999988e+01,  1.000014185905e+00,  2.094086418340e+01,  2.257191658020e+00
  1.443449999392e+01,  1.000021576881e+00,  2.094085679243e+01,  2.254952430725e+00
  1.453450000286e+01,  1.000029683113e+00,  2.094084868619e+01,  2.254090070724e+00
  1.463449999690e+01,  9.999668002129e-01,  2.094091156909e+01,  2.253809213638e+00
  1.473450000584e+01,  9.999694824219e-01,  2.094090888689e+01,  2.251398086548e+00
  1.483449999988e+01,  1.000015377998e+00,  2.094086299131e+01,  2.248492956161e+00
  1.493449999392e+01,  1.000028610229e+00,  2.094084975908e+01,  2.248357057571e+00
  1.503450000286e+01,  1.000010013580e+00,  2.094086835573e+01,  2.248855829239e+00
  1.513449999690e+01,  9.999743700027e-01,  2.094090399930e+01,  2.246113777161e+00
  1.523450000584e+01,  9.999940991402e-01,  2.094088427017e+01,  2.245968103409e+00
  1.533449999988e+01,  9.999926090240e-01,  2.094088576028e+01,  2.243018627167e+00
  1.543449999392e+01,  9.999898672104e-01,  2.094088850210e+01,  2.245908737183e+00
  1.553450000286e+01,  9.999848604202e-01,  2.094089350889e+01,  2.245349645615e+00
  1.563449999690e+01,  9.999907016754e-01,  2.094088766763e+01,  2.243316650391e+00
  1.573450000584e+01,  9.999971985817e-01,  2.094088117073e+01,  2.243946790695e+00
  1.583449999988e+01,  1.000009655952e+00,  2.094086871336e+01,  2.244452714920e+00
  1.593449999392e+01,  1.000018239021e+00,  2.094086013029e+01,  2.242010354996e+00
  1.603450000286e+01,  1.000026941299e+00,  2.094085142801e+01,  2.243153810501e+00
  1.613449999690e+01,  1.000022888184e+00,  2.094085548112e+01,  2.240496635437e+00
  1.623450000584e+01,  9.999944567680e-01,  2.094088391254e+01,  2.236740589142e+00
  1.633449999988e+01,  9.999806284904e-01,  2.094089774082e+01,  2.238838195801e+00
  1.643449999392e+01,  9.999893903732e-01,  2.094088897893e+01,  2.239168882370e+00
  1.653450000286e+01,  9.999831318855e-01,  2.094089523742e+01,  2.238830327988e+00
  1.663449999690e+01,  1.000019550323e+00,  2.094085881898e+01,  2.235987186432e+00
  1.673450000584e+01,  9.999961853027e-01,  2.094088218400e+01,  2.234343767166e+00
  1.683449999988e+01,  9.999873638153e-01,  2.094089100549e+01,  2.235125303268e+00
  1.693449999392e+01,  1.000023245811e+00,  2.094085512350e+01,  2.236464738846e+00
  1.703450000286e+01,  9.999874234200e-01,  2.094089094589e+01,  2.235954999924e+00
  1.713449999690e+01,  1.000023365021e+00,  2.094085500429e+01,  2.233057975769e+00
  1.723450000584e+01,  1.000012159348e+00,  2.094086620996e+01,  2.232006072998e+00
  1.733449999988e+01,  1.000000834465e+00,  2.094087753484e+01,  2.231562614441e+00
  1.743449999392e+01,  9.999971985817e-01,  2.094088117073e+01,  2.235203742981e+00
  1.753450000286e+01,  9.999832510948e-01,  2.094089511821e+01,  2.232403278351e+00
  1.763449999690e+01,  1.000017166138e+00,  2.094086120317e+01,  2.226457118988e+00
  1.773450000584e+01,  1.000019311905e+00,  2.094085905740e+01,  2.222448348999e+00
  1.783449999988e+01,  1.000008225441e+00,  2.094087014387e+01,  2.226927757263e+00
  1.793449999392e+01,  1.000022292137e+00,  2.094085607717e+01,  2.228251934052e+00
  1.803450000286e+01,  1.000015974045e+00,  2.094086239526e+01,  2.227160453796e+00
  1.813449999690e+01,  9.999614953995e-01,  2.094091687391e+01,  2.225739240646e+00
  1.823450000584e+01,  1.000024557114e+00,  2.094085381219e+01,  2.221634864807e+00
  1.833449999988e+01,  9.999799728394e-01,  2.094089839647e+01,  2.223172664642e+00
  1.843449999392e+01,  9.999978542328e-01,  2.094088051507e+01,  2.226501464844e+00
  1.853450000286e+01,  1.000012159348e+00,  2.094086620996e+01,  2.224137544632e+00
  1.863449999690e+01,  1.000011801720e+00,  2.094086656759e+01,  2.224001407623e+00
  1.873450000584e+01,  1.000007390976e+00,  2.094087097833e+01,  2.221457958221e+00
  1.883449999988e+01,  1.000014305115e+00,  2.094086406419e+01,  2.220756769180e+00
  1.893449999392e+01,  1.000025987625e+00,  2.094085238168e+01,  2.219949007034e+00
  1.903450000286e+01,  1.000006437302e+00,  2.094087193201e+01,  2.220227003098e+00
  1.913449999690e+01,  1.000027894974e+00,  2.094085047433e+01,  2.218944549561e+00
  1.923450000584e+01,  9.999934434891e-01,  2.094088492582e+01,  2.217491149902e+00
  1.933449999988e+01,  1.000011801720e+00,  2.094086656759e+01,  2.219463586807e+00
  1.943449999392e+01,  9.999747872353e-01,  2.094090358207e+01,  2.216956853867e+00
  1.953450000286e+01,  9.999991655350e-01,  2.094087920377e+01,  2.218675374985e+00
  1.963449999690e+01,  1.000007867813e+00,  2.094087050149e+01,  2.215302467346e+00
  1.973450000584e+01,  1.000011086464e+00,  2.094086728284e+01,  2.214725732803e+00
  1.983449999988e+01,  1.000037550926e+00,  2.094084081838e+01,  2.215183973312e+00
  1.993449999392e+01,  1.000000596046e+00,  2.094087777326e+01,  2.213907957077e+00
  2.003450000286e+01,  1.000027298927e+00,  2.094085107038e+01,  2.213427782059e+00
  2.013449999690e+01,  1.000013828278e+00,  2.094086454103e+01,  2.210309028625e+00
  2.023450000584e+01,  9.999871253967e-01,  2.094089124391e+01,  2.209498643875e+00
  2.033449999988e+01,  9.999917745590e-01,  2.094088659475e+01,  2.210829257965e+00
  2.043449999392e+01,  1.000005960464e+00,  2.094087240884e+01,  2.207717180252e+00
  2.053450000286e+01,  1.000017762184e+00,  2.094086060712e+01,  2.207332134247e+00
  2.063449999690e+01,  1.000019073486e+00,  2.094085929582e+01,  2.209947586060e+00
  2.073450000584e+01,  1.000010609627e+00,  2.094086775968e+01,  2.207786560059e+00
  2.083449999988e+01,  1.000006794930e+00,  2.094087157438e+01,  2.207780361176e+00
  2.093449999392e+01,  1.000026822090e+00,  2.094085154722e+01,  2.206667900085e+00
  2.103450000286e+01,  1.000005364418e+00,  2.094087300489e+01,  2.205668449402e+00
  2.113449999690e+01,  1.000016093254e+00,  2.094086227605e+01,  2.207782506943e+00
  2.123450000584e+01,  1.000003457069e+00,  2.094087491224e+01,  2.206377506256e+00
  2.133449999988e+01,  9.999859333038e-01,  2.094089243600e+01,  2.204797267914e+00
  2.143449999392e+01,  1.000003814697e+00,  2.094087455461e+01,  2.203386783600e+00
  2.153450000286e+01,  9.999935030937e-01,  2.094088486621e+01,  2.202115297318e+00
  2.163449999690e+01,  9.999957084656e-01,  2.094088266084e+01,  2.202333211899e+00
  2.173450000584e+01,  1.000024318695e+00,  2.094085405061e+01,  2.201165199280e+00
  2.183449999988e+01,  9.999929070473e-01,  2.094088546226e+01,  2.202218770981e+00
  2.193449999392e+01,  1.000023961067e+00,  2.094085440824e+01,  2.200175762177e+00
  2.203450000286e+01,  9.999982118607e-01,  2.094088015745e+01,  2.199227333069e+00
  2.213449999690e+01,  1.000020861626e+00,  2.094085750768e+01,  2.199130296707e+00
  2.223450000584e+01,  9.999985694885e-01,  2.094087979982e+01,  2.201101779938e+00
  2.233449999988e+01,  1.000012874603e+00,  2.094086549470e+01,  2.198778867722e+00
  2.243449999392e+01,  9.999698996544e-01,  2.094090846965e+01,  2.195668220520e+00
  2.253450000286e+01,  9.999814033508e-01,  2.094089696596e+01,  2.196589708328e+00
  2.263449999690e+01,  9.999784231186e-01,  2.094089994619e+01,  2.197583913803e+00
  2.273450000584e+01,  1.000010013580e+00,  2.094086835573e+01,  2.197278022766e+00
  2.283449999988e+01,  1.000008702278e+00,  2.094086966703e+01,  2.194155931473e+00
  2.293449999392e+01,  1.000041961670e+00,  2.094083640764e+01,  2.192307710648e+00
  2.303450000286e+01,  1.000016450882e+00,  2.094086191843e+01,  2.194567441940e+00
  2.313449999690e+01,  1.000019073486e+00,  2.094085929582e+01,  2.192694664001e+00
  2.323450000584e+01,  1.000023245811e+00,  2.094085512350e+01,  2.192216634750e+00
  2.333449999988e+01,  9.999812245369e-01,  2.094089714477e+01,  2.188031435013e+00
  2.343449999392e+01,  9.999971389771e-01,  2.094088123033e+01,  2.191671133041e+00
  2.353450000286e+01,  9.999939203262e-01,  2.094088444898e+01,  2.186932563782e+00
  2.363449999690e+01,  1.000000596046e+00,  2.094087777326e+01,  2.189347982407e+00
  2.373450000584e+01,  1.000027179718e+00,  2.094085118959e+01,  2.185693502426e+00
  2.383449999988e+01,  9.999862313271e-01,  2.094089213798e+01,  2.190418243408e+00
  2.393449999392e+01,  1.000012636185e+00,  2.094086573312e+01,  2.189235687256e+00
  2.403450000286e+01,  9.999796748161e-01,  2.094089869449e+01,  2.186209917068e+00
  2.413449999690e+01,  1.000023603439e+00,  2.094085476587e+01,  2.186735153198e+00
  2.423450000584e+01,  1.000007152557e+00,  2.094087121675e+01,  2.184956073761e+00
  2.433449999988e+01,  1.000018477440e+00,  2.094085989187e+01,  2.184057235718e+00
  2.443449999392e+01,  9.999731183052e-01,  2.094090525100e+01,  2.185568094254e+00
  2.453450000286e+01,  9.999893903732e-01,  2.094088897893e+01,  2.182211637497e+00
  2.463449999690e+01,  9.999924898148e-01,  2.094088587949e+01,  2.182731389999e+00
  2.473450000584e+01,  1.000004410744e+00,  2.094087395856e+01,  2.182965517044e+00
  2.483449999988e+01,  9.999852180481e-01,  2.094089315126e+01,  2.182761192322e+00
  2.493449999392e+01,  1.000023365021e+00,  2.094085500429e+01,  2.182426929474e+00
  2.503450000286e+01,  1.000001311302e+00,  2.094087705801e+01,  2.180369615555e+00
  2.513449999690e+01,  1.000017762184e+00,  2.094086060712e+01,  2.179739952087e+00
  2.523450000584e+01,  9.999754428864e-01,  2.094090292642e+01,  2.181302309036e+00
  2.533449999988e+01,  9.999938607216e-01,  2.094088450859e+01,  2.180647134781e+00
  2.543449999392e+01,  1.000025868416e+00,  2.094085250089e+01,  2.178523778915e+00
  2.553450000286e+01,  1.000018000603e+00,  2.094086036870e+01,  2.179481744766e+00
  2.563449999690e+01,  9.999885559082e-01,  2.094088981340e+01,  2.177658319473e+00
  2.573450000584e+01,  1.000018000603e+00,  2.094086036870e+01,  2.177752494812e+00
  2.583449999988e+01,  9.999932646751e-01,  2.094088510463e+01,  2.178430795670e+00
  2.593449999392e+01,  9.999904036522e-01,  2.094088796566e+01,  2.178164005280e+00
  2.603450000286e+01,  1.000001072884e+00,  2.094087729642e+01,  2.174554347992e+00
  2.613449999690e+01,  1.000015258789e+00,  2.094086311052e+01,  2.174923896790e+00
  2.623450000584e+01,  9.999940395355e-01,  2.094088432977e+01,  2.174645662308e+00
  2.633449999988e+01,  1.000002145767e+00,  2.094087622354e+01,  2.171929836273e+00
  2.643449999392e+01,  1.000009179115e+00,  2.094086919019e+01,  2.175294876099e+00
  2.653450000286e+01,  1.000007510185e+00,  2.094087085912e+01,  2.175296783447e+00
  2.663449999690e+01,  1.000014424324e+00,  2.094086394498e+01,  2.173354387283e+00
  2.673450000584e+01,  9.999869465828e-01,  2.094089142272e+01,  2.169350862503e+00
  2.683449999988e+01,  1.000002861023e+00,  2.094087550828e+01,  2.170235395432e+00
  2.693449999392e+01,  9.999987483025e-01,  2.094087962101e+01,  2.166995525360e+00
  2.703450000286e+01,  9.999806880951e-01,  2.094089768121e+01,  2.170176744461e+00
  2.713449999690e+01,  9.999966025352e-01,  2.094088176677e+01,  2.168162584305e+00
  2.723450000584e+01,  1.000004768372e+00,  2.094087360094e+01,  2.166614294052e+00
  2.733449999988e+01,  1.000012755394e+00,  2.094086561391e+01,  2.167160987854e+00
  2.743449999392e+01,  9.999982714653e-01,  2.094088009784e+01,  2.167817592621e+00
  2.753450000286e+01,  9.999676942825e-01,  2.094091067503e+01,  2.169230222702e+00
  2.763449999690e+01,  9.999612569809e-01,  2.094091711233e+01,  2.165920734406e+00
  2.773450000584e+01,  9.999822974205e-01,  2.094089607189e+01,  2.167806386948e+00
  2.783449999988e+01,  1.000021815300e+00,  2.094085655401e+01,  2.165465354919e+00
  2.793449999392e+01,  1.000000238419e+00,  2.094087813089e+01,  2.167450904846e+00
  2.803450000286e+01,  9.999797344208e-01,  2.094089863489e+01,  2.165064096451e+00
  2.813449999690e+01,  9.999864697456e-01,  2.094089189956e+01,  2.163242101669e+00
  2.823450000584e+01,  1.000039815903e+00,  2.094083855340e+01,  2.163405895233e+00
  2.833449999988e+01,  1.000020742416e+00,  2.094085762689e+01,  2.162108421326e+00
  2.843449999392e+01,  9.999871253967e-01,  2.094089124391e+01,  2.160365104675e+00
  2.853450000286e+01,  1.000014662743e+00,  2.094086370657e+01,  2.162513494492e+00
  2.863449999690e+01,  1.000014901161e+00,  2.094086346815e+01,  2.162287235260e+00
  2.873450000584e+01,  9.999982714653e-01,  2.094088009784e+01,  2.160872459412e+00
  2.883449999988e+01,  9.999924898148e-01,  2.094088587949e+01,  2.160646438599e+00
  2.893449999392e+01,  1.000007629395e+00,  2.094087073991e+01,  2.159363269806e+00
  2.903450000286e+01,  9.999758601189e-01,  2.094090250919e+01,  2.158305168152e+00
  2.913449999690e+01,  1.000007390976e+00,  2.094087097833e+01,  2.159234523773e+00
  2.923450000584e+01,  1.000040888786e+00,  2.094083748052e+01,  2.157713413239e+00
  2.933449999988e+01,  1.000022649765e+00,  2.094085571954e+01,  2.157512187958e+00
  2.943449999392e+01,  9.999934434891e-01,  2.094088492582e+01,  2.156912565231e+00
  2.953450000286e+01,  1.000008583069e+00,  2.094086978624e+01,  2.155668258667e+00
  2.963449999690e+01,  1.000002861023e+00,  2.094087550828e+01,  2.155710220337e+00
  2.973450000584e+01,  9.999934434891e-01,  2.094088492582e+01,  2.157559156418e+00
  2.983449999988e+01,  9.999857544899e-01,  2.094089261482e+01,  2.157515764236e+00
  2.993449999392e+01,  9.999983906746e-01,  2.094087997863e+01,  2.154086589813e+00
  3.003450000286e+01,  1.000044226646e+00,  2.094083414266e+01,  2.154343128204e+00
  3.013449999690e+01,  9.999891519547e-01,  2.094088921735e+01,  2.154843568802e+00
  3.023450000584e+01,  9.999908208847e-01,  2.094088754842e+01,  2.152738809586e+00
  3.033449999988e+01,  1.000011801720e+00,  2.094086656759e+01,  2.152460336685e+00
  3.043449999392e+01,  1.000032305717e+00,  2.094084606359e+01,  2.151224374771e+00
  3.053450000286e+01,  1.000004291534e+00,  2.094087407777e+01,  2.153846263885e+00
  3.063449999690e+01,  1.000010848045e+00,  2.094086752126e+01,  2.149949550629e+00
  3.073450000584e+01,  9.999895691872e-01,  2.094088880012e+01,  2.150062322617e+00
  3.083449999988e+01,  9.999788999557e-01,  2.094089946935e+01,  2.147540569305e+00
  3.093449999392e+01,  1.000019431114e+00,  2.094085893819e+01,  2.150563955307e+00
  3.103450000286e+01,  9.999968409538e-01,  2.094088152835e+01,  2.148592948914e+00
  3.113449999690e+01,  1.000013113022e+00,  2.094086525629e+01,  2.148589611053e+00
  3.123450000584e+01,  1.000000119209e+00,  2.094087825010e+01,  2.147678613663e+00
  3.133449999988e+01,  1.000005841255e+00,  2.094087252805e+01,  2.148174762726e+00
  3.143449999392e+01,  9.999902844429e-01,  2.094088808486e+01,  2.148914098740e+00
  3.153450000286e+01,  9.999892115593e-01,  2.094088915775e+01,  2.145473957062e+00
  3.163449999690e+01,  1.000004172325e+00,  2.094087419698e+01,  2.147867202759e+00
  3.173450000584e+01,  1.000005364418e+00,  2.094087300489e+01,  2.146812677383e+00
  3.183449999988e+01,  9.999943971634e-01,  2.094088397214e+01,  2.145476818085e+00
  3.193449999392e+01,  1.000011324883e+00,  2.094086704443e+01,  2.147125959396e+00
  3.203450000286e+01,  1.000002026558e+00,  2.094087634275e+01,  2.141538619995e+00
  3.213449999690e+01,  9.999921321869e-01,  2.094088623712e+01,  2.144874572754e+00
  3.223450000584e+01,  1.000036954880e+00,  2.094084141443e+01,  2.143261194229e+00
  3.233449999988e+01,  1.000016570091e+00,  2.094086179922e+01,  2.142824172974e+00
  3.243449999392e+01,  9.999802708626e-01,  2.094089809845e+01,  2.143936395645e+00
  3.253450000286e+01,  9.999921321869e-01,  2.094088623712e+01,  2.142757654190e+00
  3.263449999690e+01,  9.999755024910e-01,  2.094090286682e+01,  2.142392873764e+00
  3.273450000584e+01,  9.999954700470e-01,  2.094088289926e+01,  2.141619443893e+00
  3.283449999988e+01,  9.999787807465e-01,  2.094089958856e+01,  2.141199111938e+00
  3.293449999392e+01,  9.999945163727e-01,  2.094088385293e+01,  2.138087272644e+00
  3.303450000286e+01,  1.000039696693e+00,  2.094083867261e+01,  2.140522480011e+00
  3.313449999690e+01,  1.000005006790e+00,  2.094087336252e+01,  2.139009475708e+00
  3.323450000584e+01,  9.999911189079e-01,  2.094088725040e+01,  2.140425682068e+00
  3.333449999988e+01,  1.000019073486e+00,  2.094085929582e+01,  2.136068344116e+00
  3.343449999392e+01,  9.999946355820e-01,  2.094088373373e+01,  2.137614488602e+00
  3.353450000286e+01,  9.999817013741e-01,  2.094089666793e+01,  2.137362957001e+00
  3.363449999690e+01,  1.000032305717e+00,  2.094084606359e+01,  2.137063264847e+00
  3.373450000584e+01,  1.000010013580e+00,  2.094086835573e+01,  2.137370109558e+00
  3.383449999988e+01,  9.999918937683e-01,  2.094088647554e+01,  2.135621547699e+00
  3.393449999392e+01,  1.000002026558e+00,  2.094087634275e+01,  2.134579420090e+00
  3.403450000286e+01,  1.000001311302e+00,  2.094087705801e+01,  2.135023117065e+00
  3.413449999690e+01,  9.999890923500e-01,  2.094088927696e+01,  2.133865833282e+00
  3.423450000584e+01,  9.999867677689e-01,  2.094089160154e+01,  2.135147333145e+00
  3.433449999988e+01,  9.999913573265e-01,  2.094088701198e+01,  2.134742021561e+00
  3.443449999392e+01,  9.999998211861e-01,  2.094087854812e+01,  2.133069753647e+00
  3.453450000286e+01,  1.000029563904e+00,  2.094084880540e+01,  2.135817527771e+00
  3.463449999690e+01,  9.999970197678e-01,  2.094088134954e+01,  2.133387804031e+00
  3.473450000584e+01,  9.999988079071e-01,  2.094087956140e+01,  2.132462978363e+00
  3.483449999988e+01,  9.999911189079e-01,  2.094088725040e+01,  2.132275104523e+00
  3.493449999392e+01,  1.000011205673e+00,  2.094086716363e+01,  2.132525444031e+00
  3.503450000286e+01,  9.999758005142e-01,  2.094090256879e+01,  2.130676269531e+00
  3.513449999690e+01,  9.999827742577e-01,  2.094089559505e+01,  2.131850004196e+00
  3.523450000584e+01,  9.999940991402e-01,  2.094088427017e+01,  2.131576299667e+00
  3.533449999988e+01,  1.000004887581e+00,  2.094087348173e+01,  2.132632732391e+00
  3.543449999392e+01,  9.999635815620e-01,  2.094091478775e+01,  2.132713317871e+00
  3.553450000286e+01,  9.999837875366e-01,  2.094089458177e+01,  2.132280349731e+00
  3.563449999690e+01,  9.999962449074e-01,  2.094088212440e+01,  2.131640672684e+00
  3.573450000584e+01,  9.999714493752e-01,  2.094090691993e+01,  2.129367113113e+00
  3.583449999988e+01,  9.999847412109e-01,  2.094089362810e+01,  2.129128932953e+00
  3.593449999392e+01,  1.000014305115e+00,  2.094086406419e+01,  2.129077434540e+00
  3.603450000286e+01,  9.999679923058e-01,  2.094091037700e+01,  2.127959489822e+00
  3.613449999690e+01,  9.999987483025e-01,  2.094087962101e+01,  2.127477645874e+00
  3.623450000584e+01,  1.000014662743e+00,  2.094086370657e+01,  2.127634525299e+00
  3.633449999988e+01,  1.000003695488e+00,  2.094087467382e+01,  2.125581502914e+00
  3.643449999392e+01,  9.999794363976e-01,  2.094089893291e+01,  2.124397277832e+00
  3.653450000286e+01,  9.999909996986e-01,  2.094088736961e+01,  2.123718261719e+00
  3.663449999690e+01,  9.999755620956e-01,  2.094090280721e+01,  2.122444629669e+00
  3.673450000584e+01,  9.999945759773e-01,  2.094088379333e+01,  2.123253107071e+00
  3.683449999988e+01,  9.999968409538e-01,  2.094088152835e+01,  2.122748136520e+00
  3.693449999392e+01,  9.999786019325e-01,  2.094089976738e+01,  2.121713161469e+00
  3.703450000286e+01,  9.999738335609e-01,  2.094090453575e+01,  2.121874809265e+00
  3.713449999690e+01,  9.999744892120e-01,  2.094090388010e+01,  2.122290611267e+00
  3.723450000584e+01,  1.000002861023e+00,  2.094087550828e+01,  2.119061470032e+00
  3.733449999988e+01,  1.000006437302e+00,  2.094087193201e+01,  2.121546983719e+00
  3.743449999392e+01,  1.000009298325e+00,  2.094086907098e+01,  2.119931936264e+00
  3.753450000286e+01,  9.999988079071e-01,  2.094087956140e+01,  2.121883869171e+00
  3.763449999690e+01,  1.000007271767e+00,  2.094087109754e+01,  2.120223999023e+00
  3.773450000584e+01,  1.000021815300e+00,  2.094085655401e+01,  2.118449926376e+00
  3.783449999988e+01,  1.000023961067e+00,  2.094085440824e+01,  2.118088483810e+00
  3.793449999392e+01,  1.000001072884e+00,  2.094087729642e+01,  2.115797519684e+00
  3.803450000286e+01,  1.000015974045e+00,  2.094086239526e+01,  2.116939783096e+00
  3.813449999690e+01,  1.000017523766e+00,  2.094086084554e+01,  2.116436719894e+00
  3.823450000584e+01,  1.000012636185e+00,  2.094086573312e+01,  2.116874456406e+00
  3.833449999988e+01,  1.000010967255e+00,  2.094086740205e+01,  2.117302656174e+00
  3.843449999392e+01,  9.999899864197e-01,  2.094088838289e+01,  2.116107463837e+00
  3.853450000286e+01,  9.999762177467e-01,  2.094090215156e+01,  2.116311788559e+00
  3.863449999690e+01,  1.000029563904e+00,  2.094084880540e+01,  2.116177320480e+00
  3.873450000584e+01,  1.000023603439e+00,  2.094085476587e+01,  2.114270925522e+00
  3.883449999988e+01,  1.000021100044e+00,  2.094085726926e+01,  2.114354610443e+00
  3.893449999392e+01,  9.999935626984e-01,  2.094088480661e+01,  2.117993593216e+00
  3.903450000286e+01,  1.000000238419e+00,  2.094087813089e+01,  2.114512205124e+00
  3.913449999690e+01,  1.000007390976e+00,  2.094087097833e+01,  2.113810777664e+00
  3.923450000584e+01,  1.000000476837e+00,  2.094087789247e+01,  2.113245964050e+00
  3.933449999988e+01,  9.999788403511e-01,  2.094089952896e+01,  2.113747358322e+00
  3.943449999392e+01,  1.000025391579e+00,  2.094085297773e+01,  2.113463640213e+00
  3.953450000286e+01,  9.999800920486e-01,  2.094089827726e+01,  2.113049983978e+00
  3.963449999690e+01,  1.000007748604e+00,  2.094087062070e+01,  2.109156608582e+00
  3.973450000584e+01,  1.000004053116e+00,  2.094087431619e+01,  2.112395763397e+00
  3.983449999988e+01,  1.000007867813e+00,  2.094087050149e+01,  2.112547159195e+00
  3.993449999392e+01,  1.000018835068e+00,  2.094085953424e+01,  2.112294435501e+00
  4.003450000286e+01,  1.000006318092e+00,  2.094087205122e+01,  2.111826896667e+00
  4.013449999690e+01,  9.999991655350e-01,  2.094087920377e+01,  2.107832908630e+00
  4.023450000584e+01,  9.999894499779e-01,  2.094088891933e+01,  2.109532594681e+00
  4.033449999988e+01,  1.000008344650e+00,  2.094087002466e+01,  2.109778642654e+00
  4.043449999392e+01,  1.000029325485e+00,  2.094084904382e+01,  2.107879638672e+00
  4.053450000286e+01,  1.000017642975e+00,  2.094086072633e+01,  2.105802536011e+00
  4.063449999690e+01,  1.000010371208e+00,  2.094086799810e+01,  2.106297254562e+00
  4.073450000584e+01,  9.999978542328e-01,  2.094088051507e+01,  2.105115413666e+00
  4.083449999988e+01,  1.000029444695e+00,  2.094084892461e+01,  2.104729890823e+00
  4.093449999392e+01,  1.000002980232e+00,  2.094087538908e+01,  2.104833364487e+00
  4.103450000286e+01,  9.999893307686e-01,  2.094088903854e+01,  2.104394674301e+00
  4.113449999690e+01,  1.000002861023e+00,  2.094087550828e+01,  2.106289863586e+00
  4.123450000584e+01,  9.999967813492e-01,  2.094088158796e+01,  2.103122472763e+00
  4.133449999988e+01,  1.000022888184e+00,  2.094085548112e+01,  2.103646993637e+00
  4.143449999392e+01,  1.000031471252e+00,  2.094084689806e+01,  2.104327440262e+00
  4.153450000286e+01,  1.000018835068e+00,  2.094085953424e+01,  2.102548360825e+00
  4.163449999690e+01,  9.999875426292e-01,  2.094089082668e+01,  2.104321002960e+00
  4.173450000584e+01,  1.000007748604e+00,  2.094087062070e+01,  2.104186534882e+00
  4.183449999988e+01,  9.999954700470e-01,  2.094088289926e+01,  2.103707075119e+00
  4.193449999392e+01,  1.000014901161e+00,  2.094086346815e+01,  2.101425647736e+00
  4.203450000286e+01,  1.000010013580e+00,  2.094086835573e+01,  2.103583812714e+00
  4.213449999690e+01,  9.999704957008e-01,  2.094090787361e+01,  2.099831819534e+00
  4.223450000584e+01,  1.000014781952e+00,  2.094086358736e+01,  2.102829933167e+00
  4.233449999988e+01,  9.999896883965e-01,  2.094088868091e+01,  2.100597620010e+00
  4.243449999392e+01,  1.000013470650e+00,  2.094086489866e+01,  2.103202104568e+00
  4.253450000286e+01,  1.000006198883e+00,  2.094087217042e+01,  2.100460529327e+00
  4.263449999690e+01,  1.000005960464e+00,  2.094087240884e+01,  2.099013090134e+00
  4.273450000584e+01,  9.999797940254e-01,  2.094089857528e+01,  2.098602533340e+00
  4.283449999988e+01,  9.999907612801e-01,  2.094088760803e+01,  2.098757743835e+00
  4.293449999392e+01,  1.000024318695e+00,  2.094085405061e+01,  2.101220846176e+00
  4.303450000286e+01,  1.000001549721e+00,  2.094087681959e+01,  2.098785877228e+00
  4.313449999690e+01,  1.000010251999e+00,  2.094086811731e+01,  2.100185155869e+00
  4.323450000584e+01,  9.999822974205e-01,  2.094089607189e+01,  2.097871780396e+00
  4.333449999988e+01,  1.000006198883e+00,  2.094087217042e+01,  2.095577955246e+00
  4.343449999392e+01,  9.999753236771e-01,  2.094090304563e+01,  2.097902536392e+00
  4.353450000286e+01,  1.000009179115e+00,  2.094086919019e+01,  2.097639083862e+00
  4.363449999690e+01,  9.999951720238e-01,  2.094088319728e+01,  2.098166942596e+00
  4.373450000584e+01,  1.000013470650e+00,  2.094086489866e+01,  2.097652196884e+00
  4.383449999988e+01,  9.999892711639e-01,  2.094088909814e+01,  2.098178863525e+00
  4.393449999392e+01,  9.999935030937e-01,  2.094088486621e+01,  2.095468997955e+00
  4.403450000286e+01,  1.000001549721e+00,  2.094087681959e+01,  2.097630023956e+00
  4.413449999690e+01,  1.000006437302e+00,  2.094087193201e+01,  2.093662977219e+00
  4.423450000584e+01,  1.000014066696e+00,  2.094086430261e+01,  2.096291303635e+00
  4.433449999988e+01,  1.000026226044e+00,  2.094085214326e+01,  2.095627307892e+00
  4.443449999392e+01,  1.000009298325e+00,  2.094086907098e+01,  2.093594551086e+00
  4.453450000286e+01,  1.000000476837e+00,  2.094087789247e+01,  2.096655130386e+00
  4.463449999690e+01,  9.999920129776e-01,  2.094088635633e+01,  2.096356868744e+00
  4.473450000584e+01,  1.000013589859e+00,  2.094086477945e+01,  2.093767166138e+00
  4.483449999988e+01,  9.999778866768e-01,  2.094090048263e+01,  2.092059373856e+00
  4.493449999392e+01,  1.000022172928e+00,  2.094085619638e+01,  2.095337152481e+00
  4.503450000286e+01,  1.000011563301e+00,  2.094086680601e+01,  2.091348886490e+00
  4.513449999690e+01,  9.999779462814e-01,  2.094090042303e+01,  2.091754436493e+00
  4.523450000584e+01,  9.999930858612e-01,  2.094088528345e+01,  2.092391490936e+00
  4.533449999988e+01,  1.000000834465e+00,  2.094087753484e+01,  2.091262817383e+00
  4.543449999392e+01,  1.000028967857e+00,  2.094084940145e+01,  2.092269182205e+00
  4.553450000286e+01,  9.999887943268e-01,  2.094088957498e+01,  2.091168403625e+00
  4.563449999690e+01,  9.999917745590e-01,  2.094088659475e+01,  2.091182470322e+00
  4.573450000584e+01,  1.000008702278e+00,  2.094086966703e+01,  2.093221187592e+00
  4.583449999988e+01,  9.999822378159e-01,  2.094089613149e+01,  2.088093042374e+00
  4.593449999392e+01,  1.000023245811e+00,  2.094085512350e+01,  2.089540719986e+00
  4.603450000286e+01,  1.000015497208e+00,  2.094086287210e+01,  2.088846206665e+00
  4.613449999690e+01,  1.000003576279e+00,  2.094087479303e+01,  2.089509010315e+00
  4.623450000584e+01,  9.999848604202e-01,  2.094089350889e+01,  2.087676763535e+00
  4.633449999988e+01,  9.999947547913e-01,  2.094088361452e+01,  2.087613821030e+00
  4.643449999392e+01,  9.999928474426e-01,  2.094088552187e+01,  2.087794780731e+00
  4.653450000286e+01,  1.000007629395e+00,  2.094087073991e+01,  2.085319757462e+00
  4.663449999690e+01,  1.000021815300e+00,  2.094085655401e+01,  2.086560964584e+00
  4.673450000584e+01,  1.000018000603e+00,  2.094086036870e+01,  2.088021278381e+00
  4.683449999988e+01,  1.000042557716e+00,  2.094083581159e+01,  2.086037874222e+00
  4.693449999392e+01,  1.000021100044e+00,  2.094085726926e+01,  2.086789131165e+00
  4.703450000286e+01,  1.000011920929e+00,  2.094086644838e+01,  2.089244127274e+00
  4.713449999690e+01,  1.000011682510e+00,  2.094086668680e+01,  2.085071802139e+00
  4.723450000584e+01,  1.000001430511e+00,  2.094087693880e+01,  2.084688663483e+00
  4.733449999988e+01,  1.000015616417e+00,  2.094086275289e+01,  2.083338737488e+00
  4.743449999392e+01,  1.000026106834e+00,  2.094085226247e+01,  2.083474159241e+00
  4.753450000286e+01,  9.999827146530e-01,  2.094089565465e+01,  2.082070589066e+00
  4.763449999690e+01,  9.999851584435e-01,  2.094089321086e+01,  2.083657264709e+00
  4.773450000584e+01,  1.000001788139e+00,  2.094087658117e+01,  2.083184719086e+00
  4.783449999988e+01,  9.999822378159e-01,  2.094089613149e+01,  2.079302549362e+00
  4.793449999392e+01,  1.000011205673e+00,  2.094086716363e+01,  2.082833528519e+00
  4.803450000286e+01,  1.000021338463e+00,  2.094085703084e+01,  2.081260442734e+00
  4.813449999690e+01,  9.999951720238e-01,  2.094088319728e+01,  2.082596540451e+00
  4.823450000584e+01,  9.999932050705e-01,  2.094088516424e+01,  2.081408977509e+00
  4.833449999988e+01,  1.000005841255e+00,  2.094087252805e+01,  2.079469680786e+00
  4.843449999392e+01,  9.999935626984e-01,  2.094088480661e+01,  2.080579280853e+00
  4.853450000286e+01,  9.999579787254e-01,  2.094092039058e+01,  2.079531908035e+00
  4.863449999690e+01,  9.999792575836e-01,  2.094089911172e+01,  2.080591917038e+00
  4.873450000584e+01,  1.000008821487e+00,  2.094086954782e+01,  2.079779624939e+00
  4.883449999988e+01,  1.000009894371e+00,  2.094086847494e+01,  2.081180095673e+00
  4.893449999392e+01,  9.999582767487e-01,  2.094092009256e+01,  2.079951763153e+00
  4.903450000286e+01,  9.999813437462e-01,  2.094089702556e+01,  2.078741550446e+00
  4.913449999690e+01,  9.999881982803e-01,  2.094089017103e+01,  2.079468250275e+00
  4.923450000584e+01,  9.999777674675e-01,  2.094090060184e+01,  2.078523159027e+00
  4.933449999988e+01,  9.999983310699e-01,  2.094088003824e+01,  2.078462600708e+00
  4.943449999392e+01,  1.000004410744e+00,  2.094087395856e+01,  2.076378583908e+00
  4.953450000286e+01,  1.000003576279e+00,  2.094087479303e+01,  2.079476356506e+00
  4.963449999690e+01,  9.999778866768e-01,  2.094090048263e+01,  2.077088594437e+00
  4.973450000584e+01,  9.999710321426e-01,  2.094090733717e+01,  2.078435182571e+00
  4.983449999988e+01,  9.999942183495e-01,  2.094088415096e+01,  2.077909946442e+00
  4.993449999392e+01,  1.000002264977e+00,  2.094087610433e+01,  2.076972007751e+00
  5.003450000286e+01,  1.000002026558e+00,  2.094087634275e+01,  2.076809883118e+00
  5.013449999690e+01,  9.999952912331e-01,  2.094088307807e+01,  2.076752185822e+00
  5.023450000584e+01,  9.999895095825e-01,  2.094088885973e+01,  2.073568820953e+00
  5.033449999988e+01,  1.000022888184e+00,  2.094085548112e+01,  2.077084064484e+00
  5.043449999392e+01,  1.000009536743e+00,  2.094086883256e+01,  2.073830842972e+00
  5.053450000286e+01,  9.999877810478e-01,  2.094089058826e+01,  2.077130079269e+00
  5.063449999690e+01,  9.999979734421e-01,  2.094088039587e+01,  2.074172496796e+00
  5.073450000584e+01,  1.000010728836e+00,  2.094086764047e+01,  2.075017690659e+00
  5.083449999988e+01,  1.000000119209e+00,  2.094087825010e+01,  2.073905229568e+00
  5.093449999392e+01,  1.000020623207e+00,  2.094085774610e+01,  2.074289083481e+00
  5.103450000286e+01,  1.000023007393e+00,  2.094085536191e+01,  2.072310924530e+00
  5.113449999690e+01,  9.999945163727e-01,  2.094088385293e+01,  2.072669267654e+00
  5.123450000584e+01,  9.999878406525e-01,  2.094089052866e+01,  2.071868419647e+00
  5.133449999988e+01,  1.000015974045e+00,  2.094086239526e+01,  2.071274757385e+00
  5.143449999392e+01,  1.000026226044e+00,  2.094085214326e+01,  2.073416709900e+00
  5.153450000286e+01,  1.000015974045e+00,  2.094086239526e+01,  2.070994377136e+00
  5.163449999690e+01,  9.999680519104e-01,  2.094091031740e+01,  2.069353342056e+00
  5.173450000584e+01,  1.000023722649e+00,  2.094085464666e+01,  2.070653200150e+00
  5.183449999988e+01,  9.999984502792e-01,  2.094087991903e+01,  2.069322109222e+00
  5.193449999392e+01,  1.000024318695e+00,  2.094085405061e+01,  2.071380376816e+00
  5.203450000286e+01,  1.000016450882e+00,  2.094086191843e+01,  2.068680047989e+00
  5.213449999690e+01,  9.999744892120e-01,  2.094090388010e+01,  2.069930076599e+00
  5.223450000584e+01,  1.000002145767e+00,  2.094087622354e+01,  2.069883108139e+00
  5.233449999988e+01,  9.999898672104e-01,  2.094088850210e+01,  2.069746494293e+00
  5.243449999392e+01,  9.999961853027e-01,  2.094088218400e+01,  2.069001913071e+00
  5.253450000286e+01,  9.999973773956e-01,  2.094088099191e+01,  2.069483757019e+00
  5.263449999690e+01,  1.000019431114e+00,  2.094085893819e+01,  2.069399356842e+00
  5.273450000584e+01,  9.999799728394e-01,  2.094089839647e+01,  2.068409919739e+00
  5.283449999988e+01,  1.000026702881e+00,  2.094085166643e+01,  2.067700624466e+00
  5.293449999392e+01,  9.999961853027e-01,  2.094088218400e+01,  2.067563056946e+00
  5.303450000286e+01,  1.000005602837e+00,  2.094087276647e+01,  2.067874431610e+00
  5.313449999690e+01,  1.000000357628e+00,  2.094087801168e+01,  2.066960573196e+00
  5.323450000584e+01,  1.000030398369e+00,  2.094084797094e+01,  2.066983938217e+00
  5.333449999988e+01,  9.999953508377e-01,  2.094088301847e+01,  2.067623138428e+00
  5.343449999392e+01,  9.999762773514e-01,  2.094090209196e+01,  2.065074920654e+00
  5.353450000286e+01,  9.999857544899e-01,  2.094089261482e+01,  2.065007686615e+00
  5.363449999690e+01,  9.999865889549e-01,  2.094089178035e+01,  2.065284490585e+00
  5.373450000584e+01,  9.999944567680e-01,  2.094088391254e+01,  2.063637256622e+00
  5.383449999988e+01,  1.000027656555e+00,  2.094085071275e+01,  2.063991069794e+00
  5.393449999392e+01,  9.999874830246e-01,  2.094089088628e+01,  2.065618038177e+00
  5.403450000286e+01,  1.000019431114e+00,  2.094085893819e+01,  2.062702655792e+00
  5.413449999690e+01,  9.999973773956e-01,  2.094088099191e+01,  2.064873218536e+00
  5.423450000584e+01,  1.000012993813e+00,  2.094086537550e+01,  2.065428256989e+00
  5.433449999988e+01,  1.000015377998e+00,  2.094086299131e+01,  2.064278364182e+00
  5.443449999392e+01,  1.000007748604e+00,  2.094087062070e+01,  2.063425779343e+00
  5.453450000286e+01,  1.000000596046e+00,  2.094087777326e+01,  2.063054561615e+00
  5.463449999690e+01,  9.999892115593e-01,  2.094088915775e+01,  2.063266277313e+00
  5.473450000584e+01,  9.999871850014e-01,  2.094089118431e+01,  2.061089515686e+00
  5.483449999988e+01,  1.000003695488e+00,  2.094087467382e+01,  2.061616420746e+00
  5.493449999392e+01,  9.999994635582e-01,  2.094087890575e+01,  2.060114383698e+00
  5.503450000286e+01,  9.999939799309e-01,  2.094088438938e+01,  2.060720682144e+00
  5.513449999690e+01,  1.000026106834e+00,  2.094085226247e+01,  2.061229467392e+00
  5.523450000584e+01,  1.000000596046e+00,  2.094087777326e+01,  2.062252044678e+00
  5.533449999988e+01,  1.000018119812e+00,  2.094086024950e+01,  2.060992002487e+00
  5.543449999392e+01,  1.000032901764e+00,  2.094084546754e+01,  2.057755947113e+00
  5.553450000286e+01,  1.000006437302e+00,  2.094087193201e+01,  2.056458234787e+00
  5.563449999690e+01,  9.999688863754e-01,  2.094090948293e+01,  2.056292295456e+00
  5.573450000584e+01,  9.999859929085e-01,  2.094089237640e+01,  2.057658672333e+00
  5.583449999988e+01,  1.000008821487e+00,  2.094086954782e+01,  2.059047222137e+00
  5.593449999392e+01,  1.000037431717e+00,  2.094084093759e+01,  2.056921482086e+00
  5.603450000286e+01,  9.999722838402e-01,  2.094090608547e+01,  2.057566642761e+00
  5.613449999690e+01,  9.999724030495e-01,  2.094090596626e+01,  2.057850837708e+00
  5.623450000584e+01,  9.999852776527e-01,  2.094089309165e+01,  2.056217193604e+00
  5.633449999988e+01,  9.999510049820e-01,  2.094092736433e+01,  2.055433988571e+00
  5.643449999392e+01,  1.000004172325e+00,  2.094087419698e+01,  2.056054115295e+00
  5.653450000286e+01,  1.000003457069e+00,  2.094087491224e+01,  2.054232358932e+00
  5.663449999690e+01,  1.000025749207e+00,  2.094085262010e+01,  2.054993867874e+00
  5.673450000584e+01,  1.000011563301e+00,  2.094086680601e+01,  2.055673122406e+00
  5.683449999988e+01,  1.000010132790e+00,  2.094086823652e+01,  2.052746295929e+00
  5.693449999392e+01,  1.000006198883e+00,  2.094087217042e+01,  2.054028749466e+00
  5.703450000286e+01,  9.999779462814e-01,  2.094090042303e+01,  2.050976276398e+00
  5.713449999690e+01,  9.999873638153e-01,  2.094089100549e+01,  2.052216768265e+00
  5.723450000584e+01,  9.999989271164e-01,  2.094087944219e+01,  2.052930593491e+00
  5.733449999988e+01,  1.000012993813e+00,  2.094086537550e+01,  2.052848815918e+00
  5.743449999392e+01,  9.999842047691e-01,  2.094089416454e+01,  2.054277658463e+00
  5.753450000286e+01,  1.000002026558e+00,  2.094087634275e+01,  2.052821636200e+00
  5.763449999690e+01,  1.000006556511e+00,  2.094087181280e+01,  2.051523685455e+00
  5.773450000584e+01,  9.999921321869e-01,  2.094088623712e+01,  2.052462816238e+00
  5.783449999988e+01,  1.000010609627e+00,  2.094086775968e+01,  2.052466392517e+00
  5.793449999392e+01,  1.000013709068e+00,  2.094086466024e+01,  2.049551010132e+00
  5.803450000286e+01,  1.000017762184e+00,  2.094086060712e+01,  2.050226449966e+00
  5.813449999690e+01,  9.999831914902e-01,  2.094089517782e+01,  2.049101352692e+00
  5.823450000584e+01,  1.000028014183e+00,  2.094085035512e+01,  2.048935651779e+00
  5.833449999988e+01,  1.000028967857e+00,  2.094084940145e+01,  2.050683736801e+00
  5.843449999392e+01,  1.000021576881e+00,  2.094085679243e+01,  2.050441265106e+00
  5.853450000286e+01,  9.999982118607e-01,  2.094088015745e+01,  2.049743652344e+00
  5.863449999690e+01,  1.000009894371e+00,  2.094086847494e+01,  2.049491643906e+00
  5.873450000584e+01,  9.999988079071e-01,  2.094087956140e+01,  2.048935413361e+00
  5.883449999988e+01,  1.000018239021e+00,  2.094086013029e+01,  2.051026344299e+00
  5.893449999392e+01,  1.000015020370e+00,  2.094086334894e+01,  2.049022912979e+00
  5.903450000286e+01,  1.000017762184e+00,  2.094086060712e+01,  2.050002336502e+00
  5.913449999690e+01,  1.000016450882e+00,  2.094086191843e+01,  2.049123764038e+00
  5.923450000584e+01,  1.000009179115e+00,  2.094086919019e+01,  2.050709724426e+00
  5.933449999988e+01,  1.000008344650e+00,  2.094087002466e+01,  2.048124790192e+00
  5.943449999392e+01,  1.000002384186e+00,  2.094087598512e+01,  2.048824548721e+00
  5.953450000286e+01,  9.999970793724e-01,  2.094088128994e+01,  2.049450159073e+00
  5.963449999690e+01,  1.000037074089e+00,  2.094084129522e+01,  2.048952341080e+00
  5.973450000584e+01,  9.999964833260e-01,  2.094088188598e+01,  2.048545360565e+00
  5.983449999988e+01,  9.999865889549e-01,  2.094089178035e+01,  2.047456502914e+00
  5.993449999392e+01,  1.000020742416e+00,  2.094085762689e+01,  2.046889305115e+00
  6.003450000286e+01,  1.000007748604e+00,  2.094087062070e+01,  2.045029640198e+00
  6.013449999690e+01,  9.999901652336e-01,  2.094088820407e+01,  2.045583486557e+00
  6.023450000584e+01,  9.999900460243e-01,  2.094088832328e+01,  2.046120166779e+00
  6.033449999988e+01,  1.000006318092e+00,  2.094087205122e+01,  2.045455217361e+00
  6.043449999392e+01,  9.999773502350e-01,  2.094090101907e+01,  2.045519113541e+00
  6.053450000286e+01,  1.000004410744e+00,  2.094087395856e+01,  2.046612024307e+00
  6.063449999690e+01,  1.000018119812e+00,  2.094086024950e+01,  2.042977094650e+00
  6.073450000584e+01,  9.999952912331e-01,  2.094088307807e+01,  2.042422771454e+00
  6.083449999988e+01,  9.999924898148e-01,  2.094088587949e+01,  2.043458223343e+00
  6.093449999392e+01,  9.999992251396e-01,  2.094087914417e+01,  2.041297435760e+00
  6.103450000286e+01,  9.999941587448e-01,  2.094088421056e+01,  2.040560960770e+00
  6.113449999690e+01,  9.999901056290e-01,  2.094088826368e+01,  2.039173841476e+00
  6.123450000584e+01,  1.000008821487e+00,  2.094086954782e+01,  2.039550065994e+00
  6.133449999988e+01,  1.000016808510e+00,  2.094086156080e+01,  2.042626142502e+00
  6.143449999392e+01,  1.000006914139e+00,  2.094087145517e+01,  2.039857864380e+00
  6.153450000286e+01,  1.000026941299e+00,  2.094085142801e+01,  2.041185855865e+00
  6.162600000203e+01,  9.999884366989e-01,  2.094088993261e+01,  2.039595842361e+00
  6.162700000405e+01,  9.999901652336e-01,  2.094088820407e+01,  2.039696693420e+00
  6.162999999523e+01,  9.999813437462e-01,  2.094089702556e+01,  2.040157794952e+00
  6.173000000417e+01,  9.999406933784e-01,  2.094093767593e+01,  2.040771007538e+00
  6.181299999356e+01,  9.897707104683e-01,  2.095110765884e+01,  2.028968334198e+00
  6.183149999380e+01,  9.796569943428e-01,  2.096122137496e+01,  1.988114953041e+00
  6.184100000560e+01,  9.695003628731e-01,  2.097137800643e+01,  1.951943993568e+00
  6.184849999845e+01,  9.590633511543e-01,  2.098181501815e+01,  1.924790978432e+00
  6.185500000417e+01,  9.490459561348e-01,  2.099183241317e+01,  1.891420006752e+00
  6.186149999499e+01,  9.384372830391e-01,  2.100244108627e+01,  1.856553673744e+00
  6.186750000715e+01,  9.283817410469e-01,  2.101249662826e+01,  1.821321129799e+00
  6.187350000441e+01,  9.183452725410e-01,  2.102253309677e+01,  1.787965416908e+00
  6.187999999523e+01,  9.079349637032e-01,  2.103294340560e+01,  1.752076745033e+00
  6.188699999452e+01,  8.977916836739e-01,  2.104308668563e+01,  1.721490502357e+00
  6.189550000429e+01,  8.872211575508e-01,  2.105365721176e+01,  1.668878197670e+00
  6.190450000763e+01,  8.766811490059e-01,  2.106419722030e+01,  1.620263695717e+00
  6.191300000250e+01,  8.665226101875e-01,  2.107435575912e+01,  1.577951073647e+00
  6.192100000381e+01,  8.564594388008e-01,  2.108441893051e+01,  1.540322899818e+00
  6.192849999666e+01,  8.464458584785e-01,  2.109443251083e+01,  1.495492577553e+00
  6.193549999595e+01,  8.362758755684e-01,  2.110460249374e+01,  1.459588646889e+00
  6.194249999523e+01,  8.257434964180e-01,  2.111513487289e+01,  1.428506493568e+00
  6.194949999452e+01,  8.155239224434e-01,  2.112535444686e+01,  1.391122460365e+00
  6.195700000226e+01,  8.052738308907e-01,  2.113560453842e+01,  1.352731347084e+00
  6.196549999714e+01,  7.947414517403e-01,  2.114613691757e+01,  1.312829613686e+00
  6.197499999404e+01,  7.845409512520e-01,  2.115633741806e+01,  1.273568749428e+00
  6.198700000346e+01,  7.742698788643e-01,  2.116660849044e+01,  1.228868126869e+00
  6.200049999356e+01,  7.639148831367e-01,  2.117696348617e+01,  1.177484154701e+00
  6.201199999452e+01,  7.537639737129e-01,  2.118711439559e+01,  1.140878319740e+00
  6.202249999344e+01,  7.432814836502e-01,  2.119759688566e+01,  1.105473041534e+00
  6.203200000525e+01,  7.331229448318e-01,  2.120775542448e+01,  1.072231769562e+00
  6.204150000215e+01,  7.228881120682e-01,  2.121799025724e+01,  1.035976886749e+00
  6.205150000751e+01,  7.124701738358e-01,  2.122840819547e+01,  9.992642998695e-01
  6.206200000644e+01,  7.021571397781e-01,  2.123872122953e+01,  9.606748223305e-01
  6.207299999893e+01,  6.918154954910e-01,  2.124906287382e+01,  9.214597344398e-01
  6.208400000632e+01,  6.816798448563e-01,  2.125919852445e+01,  8.848767876625e-01
  6.209499999881e+01,  6.713305711746e-01,  2.126954779813e+01,  8.458982110023e-01
  6.210549999774e+01,  6.608172655106e-01,  2.128006110380e+01,  8.102384209633e-01
  6.211550000310e+01,  6.503192186356e-01,  2.129055915067e+01,  7.736936211586e-01
  6.212500000000e+01,  6.402064561844e-01,  2.130067191312e+01,  7.394147515297e-01
  6.213449999690e+01,  6.300898790359e-01,  2.131078849027e+01,  7.044568657875e-01
  6.214399999380e+01,  6.199847459793e-01,  2.132089362333e+01,  6.692548394203e-01
  6.215350000560e+01,  6.099444627762e-01,  2.133093390653e+01,  6.347470879555e-01
  6.216349999607e+01,  5.995799303055e-01,  2.134129843900e+01,  6.008344292641e-01
  6.217350000143e+01,  5.894633531570e-01,  2.135141501615e+01,  5.671506524086e-01
  6.218400000036e+01,  5.790187120438e-01,  2.136185965726e+01,  5.302167534828e-01
  6.219449999928e+01,  5.686770677567e-01,  2.137220130155e+01,  4.968686401844e-01
  6.220499999821e+01,  5.583983659744e-01,  2.138248000333e+01,  4.630933105946e-01
  6.221549999714e+01,  5.480242967606e-01,  2.139285407255e+01,  4.298901855946e-01
  6.222550000250e+01,  5.379649400711e-01,  2.140291342924e+01,  3.990445435047e-01
  6.223550000787e+01,  5.278674364090e-01,  2.141301093290e+01,  3.689847290516e-01
  6.224549999833e+01,  5.178347826004e-01,  2.142304358671e+01,  3.377347290516e-01
  6.225599999726e+01,  5.074168443680e-01,  2.143346152494e+01,  3.050580322742e-01
  6.226649999619e+01,  4.970447123051e-01,  2.144383365700e+01,  2.714734375477e-01
  6.227699999511e+01,  4.866123795509e-01,  2.145426598976e+01,  2.398444116116e-01
  6.228700000048e+01,  4.765682816505e-01,  2.146431008766e+01,  2.116156518459e-01
  6.229700000584e+01,  4.664936661720e-01,  2.147438470314e+01,  1.844778954983e-01
  6.230699999630e+01,  4.564228653908e-01,  2.148445550392e+01,  1.590948998928e-01
  6.231700000167e+01,  4.463749527931e-01,  2.149450341651e+01,  1.350089013577e-01
  6.232700000703e+01,  4.362660050392e-01,  2.150461236427e+01,  1.133566722274e-01
  6.233699999750e+01,  4.260807633400e-01,  2.151479760597e+01,  9.530933946371e-02
  6.234700000286e+01,  4.158421158791e-01,  2.152503625343e+01,  7.986363023520e-02
  6.235699999332e+01,  4.056835770607e-01,  2.153519479225e+01,  6.454380601645e-02
  6.236699999869e+01,  3.956242203712e-01,  2.154525414894e+01,  5.042180046439e-02
  6.237749999762e+01,  3.852062821388e-01,  2.155567208717e+01,  3.651722893119e-02
  6.238799999654e+01,  3.748531937599e-01,  2.156602517555e+01,  2.331265248358e-02
  6.239849999547e+01,  3.645077347755e-01,  2.157637063453e+01,  1.506527792662e-02
  6.240899999440e+01,  3.541050553322e-01,  2.158677331398e+01,  9.921158663929e-03
  6.241949999332e+01,  3.436222672462e-01,  2.159725610206e+01,  7.770145777613e-03
  6.242949999869e+01,  3.336048722267e-01,  2.160727349708e+01,  5.707229021937e-03
  6.243950000405e+01,  3.236027359962e-01,  2.161727563331e+01,  3.482071217149e-03
  6.244949999452e+01,  3.135967850685e-01,  2.162728158424e+01, -2.043567947112e-04
  6.245999999344e+01,  3.031368851662e-01,  2.163774148414e+01, -4.092010203749e-03
  6.247050000727e+01,  2.927952408791e-01,  2.164808312843e+01, -8.829863741994e-03
  6.248100000620e+01,  2.825203537941e-01,  2.165835801551e+01, -1.173427887261e-02
  6.249150000513e+01,  2.723026871681e-01,  2.166857568214e+01, -1.329457946122e-02
  6.250200000405e+01,  2.619667649269e-01,  2.167891160438e+01, -1.426512189209e-02
  6.251199999452e+01,  2.519493699074e-01,  2.168892899940e+01, -1.306575722992e-02
  6.252199999988e+01,  2.418738156557e-01,  2.169900455365e+01, -1.143693178892e-02
  6.253249999881e+01,  2.313795834780e-01,  2.170949878583e+01, -1.076849550009e-02
  6.254299999774e+01,  2.210264950991e-01,  2.171985187421e+01, -1.091835647821e-02
  6.255349999666e+01,  2.107764035463e-01,  2.173010196576e+01, -1.257155090570e-02
  6.256399999559e+01,  2.005053311586e-01,  2.174037303815e+01, -1.365242153406e-02
  6.257449999452e+01,  1.901369839907e-01,  2.175074138532e+01, -1.342711597681e-02
  6.258449999988e+01,  1.801310330629e-01,  2.176074733624e+01, -1.366017013788e-02
  6.259450000525e+01,  1.700487881899e-01,  2.177082958112e+01, -1.334942132235e-02
  6.260449999571e+01,  1.599932461977e-01,  2.178088512311e+01, -1.290173083544e-02
  6.261499999464e+01,  1.495295315981e-01,  2.179134883771e+01, -1.237231120467e-02
  6.262549999356e+01,  1.391840726137e-01,  2.180169429669e+01, -1.236265525222e-02
  6.263600000739e+01,  1.288309842348e-01,  2.181204738507e+01, -1.163118705153e-02
  6.264650000632e+01,  1.183443814516e-01,  2.182253398786e+01, -1.107763871551e-02
  6.265649999678e+01,  1.082926541567e-01,  2.183258571515e+01, -1.102801784873e-02
  6.266650000215e+01,  9.817226231098e-02,  2.184270610700e+01, -1.202472671866e-02
  6.267650000751e+01,  8.794505894184e-02,  2.185293331037e+01, -1.233008131385e-02
  6.268649999797e+01,  7.766826450825e-02,  2.186321010480e+01, -1.221242174506e-02
  6.269650000334e+01,  6.746394932270e-02,  2.187341441998e+01, -1.185024902225e-02
  6.270649999380e+01,  5.740077421069e-02,  2.188347759510e+01, -1.006652042270e-02
  6.271700000763e+01,  4.700190946460e-02,  2.189387645984e+01, -9.448062628508e-03
  6.272750000656e+01,  3.677279874682e-02,  2.190410557056e+01, -7.500123232603e-03
  6.273849999905e+01,  2.659900113940e-02,  2.191427936817e+01, -4.921387881041e-03
  6.275100000203e+01,  1.645190641284e-02,  2.192442646289e+01, -3.075011074543e-03
  6.276749999821e+01,  6.445001810789e-03,  2.193443336750e+01, -1.925237360410e-03
  6.277699999511e+01,  2.745012519881e-03,  2.193813335679e+01, -3.093496430665e-03
  6.277799999714e+01,  2.442697761580e-03,  2.193843567155e+01, -3.329053986818e-03
  6.278599999845e+01,  4.805129719898e-04,  2.194039785634e+01, -4.741922486573e-03
  6.278900000453e+01, -6.308140291367e-05,  2.194094145071e+01, -6.009355653077e-03
  6.307099999487e+01, -2.267854986712e-03,  2.194314622429e+01, -1.153489202261e-02
  6.307199999690e+01, -2.260613022372e-03,  2.194313898233e+01, -1.144453138113e-02
