           Test time,     Standard travel,     Tool separation,      Standard force
                 0.0,                 0.0,  2.280374318003e+01, -1.115217804909e-02
                 0.0,                 0.0,  2.280374108642e+01, -1.112464070320e-02
                 0.0,                 0.0,  2.280374591758e+01, -1.143375039101e-02
                 0.0,                 0.0,  2.280376000477e+01, -1.175659894943e-02
                 0.0,                 0.0,  2.280375930441e+01, -1.170176267624e-02
                 0.0,                 0.0,  2.280373742605e+01, -1.474273204803e-02
  0.000000000000e+00,  0.000000000000e+00,  2.280373456409e+01, -1.501476764679e-02
  7.999986410141e-03,  9.727664291859e-06,  2.280372483643e+01, -1.526671648026e-02
  1.099999248981e-02,  1.060822978616e-05,  2.280372395586e+01, -1.510268449783e-02
  1.299999654293e-02,  9.080860763788e-06,  2.280372548323e+01, -1.514354348183e-02
  1.399999856949e-02,  9.347219020128e-06,  2.280372521687e+01, -1.506593823433e-02
  1.144999861717e-01,  3.448474308243e-05,  2.280370007935e+01, -1.347848679870e-02
  2.144999951124e-01,  5.568897904595e-06,  2.280372899519e+01, -1.159645989537e-02
  3.149999976158e-01,  5.989622877678e-06,  2.280372857447e+01, -1.202194765210e-02
  4.155000001192e-01,  7.437593885697e-04,  2.280299080470e+01, -1.463466417044e-02
  4.724999964237e-01,  1.075257174671e-02,  2.279298199234e+01, -6.742130499333e-03
  4.909999966621e-01,  2.102269046009e-02,  2.278271187363e+01,  4.686702508479e-03
  5.009999871254e-01,  3.104580752552e-02,  2.277268875657e+01,  1.495884824544e-02
  5.084999948740e-01,  4.119290038943e-02,  2.276254166370e+01,  5.818833131343e-03
  5.154999941587e-01,  5.194653198123e-02,  2.275178803211e+01, -1.343260752037e-03
  5.219999998808e-01,  6.259717047215e-02,  2.274113739362e+01, -7.618437986821e-03
  5.279999971390e-01,  7.267178595066e-02,  2.273106277814e+01, -1.138163637370e-02
  5.339999943972e-01,  8.274640142918e-02,  2.272098816266e+01, -1.821566745639e-02
  5.405000001192e-01,  9.330166876316e-02,  2.271043289533e+01, -1.824713870883e-02
  5.469999909401e-01,  1.033800989389e-01,  2.270035446515e+01, -2.718998119235e-02
  5.544999986887e-01,  1.138132959604e-01,  2.268992126813e+01, -2.227522060275e-02
  5.625000000000e-01,  1.240786463022e-01,  2.267965591779e+01, -1.250387262553e-02
  5.704999864101e-01,  1.341189295053e-01,  2.266961563459e+01, -9.069691412151e-03
  5.789999961853e-01,  1.447390466928e-01,  2.265899551740e+01, -4.471551161259e-03
  5.869999974966e-01,  1.548479944468e-01,  2.264888656964e+01, -2.128134714440e-03
  5.949999988079e-01,  1.652544885874e-01,  2.263848007550e+01,  9.184350259602e-03
  6.024999916553e-01,  1.758631616831e-01,  2.262787140241e+01,  8.634199388325e-03
  6.094999909401e-01,  1.862086206675e-01,  2.261752594342e+01, -8.262500632554e-04
  6.164999902248e-01,  1.962412744761e-01,  2.260749328962e+01, -3.305445658043e-03
  6.239999979734e-01,  2.063197046518e-01,  2.259741485944e+01, -3.265845822170e-03
  6.324999928474e-01,  2.167834192514e-01,  2.258695114484e+01, -3.384757088497e-03
  6.419999897480e-01,  2.270029932261e-01,  2.257673157087e+01, -4.623937886208e-03
  6.544999927282e-01,  2.371148616076e-01,  2.256661970248e+01,  3.419520333409e-03
  6.694999933243e-01,  2.474908381701e-01,  2.255624372592e+01,  2.421915717423e-02
  6.814999878407e-01,  2.576551139355e-01,  2.254607945016e+01,  3.151810169220e-02
  6.919999867678e-01,  2.681417167187e-01,  2.253559284737e+01,  3.284059837461e-02
  7.014999985695e-01,  2.784681022167e-01,  2.252526646187e+01,  3.453444316983e-02
  7.109999954700e-01,  2.888669669628e-01,  2.251486759713e+01,  3.613041713834e-02
  7.209999859333e-01,  2.993077933788e-01,  2.250442677071e+01,  4.341076686978e-02
  7.314999997616e-01,  3.096494376659e-01,  2.249408512643e+01,  4.796503856778e-02
  7.424999922514e-01,  3.197774589062e-01,  2.248395710519e+01,  5.586718395352e-02
  7.539999932051e-01,  3.300981223583e-01,  2.247363644173e+01,  6.597613543272e-02
  7.650000005960e-01,  3.402547538280e-01,  2.246347981026e+01,  7.484530657530e-02
  7.754999995232e-01,  3.502568900585e-01,  2.245347767403e+01,  8.293627947569e-02
  7.859999984503e-01,  3.604783713818e-01,  2.244325619271e+01,  9.327220171690e-02
  7.959999889135e-01,  3.705415427685e-01,  2.243319302132e+01,  1.029710695148e-01
  8.059999942780e-01,  3.809785544872e-01,  2.242275600960e+01,  1.114892885089e-01
  8.154999911785e-01,  3.911637961864e-01,  2.241257076790e+01,  1.213693544269e-01
  8.249999880791e-01,  4.015893638134e-01,  2.240214520028e+01,  1.313371509314e-01
  8.339999914169e-01,  4.116334617138e-01,  2.239210110238e+01,  1.405019611120e-01
  8.434999883175e-01,  4.221696555614e-01,  2.238156490853e+01,  1.490545123816e-01
  8.530000001192e-01,  4.322480857372e-01,  2.237148647835e+01,  1.600904315710e-01
  8.629999905825e-01,  4.423761069775e-01,  2.236135845711e+01,  1.723203510046e-01
  8.734999895096e-01,  4.526681602001e-01,  2.235106640389e+01,  1.860227435827e-01
  8.839999884367e-01,  4.628972709179e-01,  2.234083729317e+01,  1.978978961706e-01
  8.944999873638e-01,  4.730672538280e-01,  2.233066731026e+01,  2.105855792761e-01
  9.049999862909e-01,  4.833231866360e-01,  2.232041137746e+01,  2.238222807646e-01
  9.155000001192e-01,  4.936266839504e-01,  2.231010788014e+01,  2.375857084990e-01
  9.259999990463e-01,  5.039644837379e-01,  2.229977008035e+01,  2.497469633818e-01
  9.364999979734e-01,  5.142889618874e-01,  2.228944560220e+01,  2.642427980900e-01
  9.469999969006e-01,  5.247374176979e-01,  2.227899714639e+01,  2.782160341740e-01
  9.569999873638e-01,  5.348425507545e-01,  2.226889201334e+01,  2.912241518497e-01
  9.669999927282e-01,  5.450506806374e-01,  2.225868388345e+01,  3.050791323185e-01
  9.769999980927e-01,  5.552397370338e-01,  2.224849482706e+01,  3.198267519474e-01
  9.869999885559e-01,  5.653601288795e-01,  2.223837443521e+01,  3.345896303654e-01
  9.969999939203e-01,  5.753851532936e-01,  2.222834941080e+01,  3.500353395939e-01
  1.007499992847e+00,  5.858488678932e-01,  2.221788569620e+01,  3.650270998478e-01
  1.017999991775e+00,  5.962820649147e-01,  2.220745249918e+01,  3.794428408146e-01
  1.028499990702e+00,  6.066580414772e-01,  2.219707652261e+01,  3.945299685001e-01
  1.038999989629e+00,  6.170302033424e-01,  2.218670436075e+01,  4.106661379337e-01
  1.049499988556e+00,  6.274901032448e-01,  2.217624446085e+01,  4.255091249943e-01
  1.059499993920e+00,  6.375570893288e-01,  2.216617747476e+01,  4.370867311954e-01
  1.069499999285e+00,  6.476050019264e-01,  2.215612956216e+01,  4.535166323185e-01
  1.079499989748e+00,  6.576109528542e-01,  2.214612361124e+01,  4.690653383732e-01
  1.089499995112e+00,  6.676169037819e-01,  2.213611766031e+01,  4.834963381290e-01
  1.099999994040e+00,  6.781111359596e-01,  2.212562342813e+01,  4.998041689396e-01
  1.110499992967e+00,  6.885939240456e-01,  2.211514064005e+01,  5.163027644157e-01
  1.120999991894e+00,  6.990576386452e-01,  2.210467692545e+01,  5.296999812126e-01
  1.131499990821e+00,  7.095060944557e-01,  2.209422846964e+01,  5.454470515251e-01
  1.141999989748e+00,  7.199431061745e-01,  2.208379145792e+01,  5.612627863884e-01
  1.152500003576e+00,  7.303255200386e-01,  2.207340904405e+01,  5.772609710693e-01
  1.162999987602e+00,  7.406862378120e-01,  2.206304832628e+01,  5.930156707764e-01
  1.173499986529e+00,  7.511003613472e-01,  2.205263420274e+01,  6.085834503174e-01
  1.184000000358e+00,  7.614954113960e-01,  2.204223915270e+01,  6.244373321533e-01
  1.194499999285e+00,  7.718675732613e-01,  2.203186699083e+01,  6.401691436768e-01
  1.204999998212e+00,  7.822206616402e-01,  2.202151390245e+01,  6.564121246338e-01
  1.215499997139e+00,  7.926042675972e-01,  2.201113029649e+01,  6.731243133545e-01
  1.225499987602e+00,  8.026140332222e-01,  2.200112053087e+01,  6.887454986572e-01
  1.235499992967e+00,  8.127763867378e-01,  2.199095817735e+01,  7.043972015381e-01
  1.245499998331e+00,  8.229578137398e-01,  2.198077675035e+01,  7.211971282959e-01
  1.255499988794e+00,  8.331201672554e-01,  2.197061439684e+01,  7.395229339600e-01
  1.265499994159e+00,  8.432939648628e-01,  2.196044059923e+01,  7.546901702881e-01
  1.275499999523e+00,  8.534906506538e-01,  2.195024391344e+01,  7.709217071533e-01
  1.285499989986e+00,  8.636758923531e-01,  2.194005867174e+01,  7.864818572998e-01
  1.295499995351e+00,  8.738344311714e-01,  2.192990013292e+01,  8.030910491943e-01
  1.305499985814e+00,  8.839929699898e-01,  2.191974159410e+01,  8.176593780518e-01
  1.315499991179e+00,  8.940981030464e-01,  2.190963646104e+01,  8.347492218018e-01
  1.325999990106e+00,  9.045808911324e-01,  2.189915367296e+01,  8.521785736084e-01
  1.336499989033e+00,  9.150179028511e-01,  2.188871666124e+01,  8.699092864990e-01
  1.346999987960e+00,  9.254968762398e-01,  2.187823768785e+01,  8.873119354248e-01
  1.357499986887e+00,  9.359949231148e-01,  2.186773964098e+01,  9.039592742920e-01
  1.367999985814e+00,  9.464891552925e-01,  2.185724540880e+01,  9.202823638916e-01
  1.378499999642e+00,  9.569490551949e-01,  2.184678550890e+01,  9.357128143311e-01
  1.388999998569e+00,  9.670656323433e-01,  2.183666893175e+01,  9.491825103760e-01
  1.400499999523e+00,  9.772260785103e-01,  2.182650848558e+01,  9.620838165283e-01
  1.414499998093e+00,  9.874262213707e-01,  2.181630834272e+01,  9.756234884262e-01
  1.436999991536e+00,  9.974169135094e-01,  2.180631765058e+01,  9.912122488022e-01
  1.537000000477e+00,  1.003554701805e+00,  2.180017986229e+01,  9.956231117249e-01
  1.637499988079e+00,  1.002888083458e+00,  2.180084648063e+01,  9.849544763565e-01
  1.737499997020e+00,  1.002110242844e+00,  2.180162432125e+01,  9.792505502701e-01
  1.837999999523e+00,  1.001474738121e+00,  2.180225982597e+01,  9.741672277451e-01
  1.938499987125e+00,  1.000977873802e+00,  2.180275669029e+01,  9.687263369560e-01
  2.038499996066e+00,  1.000630974770e+00,  2.180310358932e+01,  9.647479653358e-01
  2.138999998569e+00,  1.000389814377e+00,  2.180334474971e+01,  9.615086913109e-01
  2.239499986172e+00,  1.000263214111e+00,  2.180347134998e+01,  9.575061798096e-01
  2.339499995112e+00,  1.000135064125e+00,  2.180359949997e+01,  9.546446204185e-01
  2.439999997616e+00,  1.000089049339e+00,  2.180364551475e+01,  9.510395526886e-01
  2.540500000119e+00,  1.000057101250e+00,  2.180367746284e+01,  9.506540894508e-01
  2.640999987721e+00,  1.000055074692e+00,  2.180367948940e+01,  9.474638700485e-01
  2.740999996662e+00,  1.000024080276e+00,  2.180371048381e+01,  9.413986802101e-01
  2.841499999166e+00,  1.000008106232e+00,  2.180372645786e+01,  9.424448013306e-01
  2.941999986768e+00,  1.000010967255e+00,  2.180372359684e+01,  9.390934109688e-01
  3.041999995708e+00,  9.999759793282e-01,  2.180375858476e+01,  9.395523667336e-01
  3.142499998212e+00,  9.999879598618e-01,  2.180374660423e+01,  9.388886690140e-01
  3.242999985814e+00,  9.999881386757e-01,  2.180374642542e+01,  9.360748529434e-01
  3.342999994755e+00,  9.999988675117e-01,  2.180373569658e+01,  9.375733137131e-01
  3.443499997258e+00,  1.000013828278e+00,  2.180372073581e+01,  9.372704625130e-01
  3.543999999762e+00,  1.000009536743e+00,  2.180372502735e+01,  9.327756166458e-01
  3.644499987364e+00,  1.000006437302e+00,  2.180372812679e+01,  9.310792088509e-01
  3.744499996305e+00,  1.000012636185e+00,  2.180372192791e+01,  9.316460490227e-01
  3.844999998808e+00,  9.999908208847e-01,  2.180374374321e+01,  9.299110770226e-01
  3.945499986410e+00,  1.000029206276e+00,  2.180370535782e+01,  9.310081005096e-01
  4.045499995351e+00,  1.000017642975e+00,  2.180371692112e+01,  9.299462437630e-01
  4.145999997854e+00,  1.000011086464e+00,  2.180372347763e+01,  9.278546571732e-01
  4.246500000358e+00,  1.000017166138e+00,  2.180371739795e+01,  9.260991811752e-01
  4.346999987960e+00,  1.000010013580e+00,  2.180372455051e+01,  9.218898415565e-01
  4.446999996901e+00,  1.000024437904e+00,  2.180371012619e+01,  9.234284162521e-01
  4.547499999404e+00,  1.000018596649e+00,  2.180371596744e+01,  9.228559136391e-01
  4.647999987006e+00,  1.000024318695e+00,  2.180371024540e+01,  9.197085499763e-01
  4.747999995947e+00,  1.000050067902e+00,  2.180368449619e+01,  9.185596108437e-01
  4.848499998450e+00,  9.999814033508e-01,  2.180375316074e+01,  9.209464788437e-01
  4.948999986053e+00,  1.000043988228e+00,  2.180369057586e+01,  9.203051328659e-01
  5.048999994993e+00,  1.000033259392e+00,  2.180370130470e+01,  9.176637530327e-01
  5.149499997497e+00,  1.000043630600e+00,  2.180369093349e+01,  9.136323332787e-01
  5.250000000000e+00,  1.000035405159e+00,  2.180369915893e+01,  9.145802855492e-01
  5.350499987602e+00,  1.000028133392e+00,  2.180370643070e+01,  9.171134829521e-01
  5.450499996543e+00,  1.000007271767e+00,  2.180372729232e+01,  9.152746200562e-01
  5.550999999046e+00,  1.000015139580e+00,  2.180371942451e+01,  9.160201549530e-01
  5.651499986649e+00,  1.000030636787e+00,  2.180370392730e+01,  9.138224124908e-01
  5.751499995589e+00,  9.999932646751e-01,  2.180374129942e+01,  9.145374298096e-01
  5.851999998093e+00,  9.999822974205e-01,  2.180375226667e+01,  9.112616777420e-01
  5.952500000596e+00,  1.000007748604e+00,  2.180372681549e+01,  9.122877120972e-01
  6.052499994636e+00,  1.000034570694e+00,  2.180369999340e+01,  9.131887555122e-01
  6.152499988675e+00,  1.000025868416e+00,  2.180370869568e+01,  9.116606116295e-01
  6.252499997616e+00,  9.999992251396e-01,  2.180373533895e+01,  9.101053476334e-01
  6.352499991655e+00,  1.000017523766e+00,  2.180371704033e+01,  9.109565019608e-01
  6.452500000596e+00,  1.000003457069e+00,  2.180373110702e+01,  9.083921909332e-01
  6.552499994636e+00,  1.000010848045e+00,  2.180372371605e+01,  9.062227606773e-01
  6.652499988675e+00,  1.000001311302e+00,  2.180373325279e+01,  9.058579206467e-01
  6.752499997616e+00,  1.000009059906e+00,  2.180372550419e+01,  9.060395956039e-01
  6.852499991655e+00,  1.000009059906e+00,  2.180372550419e+01,  9.054155349731e-01
  6.952500000596e+00,  9.999994039536e-01,  2.180373516014e+01,  9.050959348679e-01
  7.052499994636e+00,  1.000012278557e+00,  2.180372228553e+01,  9.035359621048e-01
  7.152499988675e+00,  1.000015735626e+00,  2.180371882847e+01,  9.016195535660e-01
  7.252499997616e+00,  1.000028729439e+00,  2.180370583465e+01,  9.057806730270e-01
  7.352499991655e+00,  9.999787807465e-01,  2.180375578334e+01,  9.039158225060e-01
  7.452500000596e+00,  1.000033497810e+00,  2.180370106628e+01,  9.038634300232e-01
  7.552499994636e+00,  1.000020265579e+00,  2.180371429851e+01,  8.997996449471e-01
  7.652499988675e+00,  1.000005125999e+00,  2.180372943809e+01,  9.011947512627e-01
  7.752499997616e+00,  9.999899864197e-01,  2.180374457767e+01,  9.002795815468e-01
  7.852499991655e+00,  1.000006437302e+00,  2.180372812679e+01,  8.999561071396e-01
  7.952500000596e+00,  1.000038146973e+00,  2.180369641712e+01,  8.993492126465e-01
  8.052499994636e+00,  1.000013351440e+00,  2.180372121265e+01,  8.974926471710e-01
  8.152499988675e+00,  1.000012040138e+00,  2.180372252395e+01,  8.996964097023e-01
  8.252499997616e+00,  1.000002980232e+00,  2.180373158386e+01,  9.006651043892e-01
  8.352499991655e+00,  1.000020027161e+00,  2.180371453693e+01,  8.990359306335e-01
  8.452500000596e+00,  1.000008702278e+00,  2.180372586181e+01,  8.967537283897e-01
  8.552499994636e+00,  1.000026464462e+00,  2.180370809963e+01,  8.972060680389e-01
  8.652499988675e+00,  1.000017404556e+00,  2.180371715954e+01,  8.983275294304e-01
  8.752499997616e+00,  1.000002622604e+00,  2.180373194149e+01,  8.962159156799e-01
  8.852499991655e+00,  1.000005483627e+00,  2.180372908046e+01,  8.979769945145e-01
  8.952500000596e+00,  1.000022053719e+00,  2.180371251037e+01,  8.958386182785e-01
  9.052499994636e+00,  1.000019311905e+00,  2.180371525219e+01,  8.958457708359e-01
  9.152499988675e+00,  1.000016331673e+00,  2.180371823242e+01,  8.956571817398e-01
  9.252499997616e+00,  9.999957084656e-01,  2.180373885563e+01,  8.957229852676e-01
  9.352499991655e+00,  9.999877810478e-01,  2.180374678304e+01,  8.974375724792e-01
  9.452500000596e+00,  9.999942183495e-01,  2.180374034574e+01,  8.949032425880e-01
  9.552499994636e+00,  1.000017404556e+00,  2.180371715954e+01,  8.956575989723e-01
  9.652499988675e+00,  1.000016808510e+00,  2.180371775558e+01,  8.966543674469e-01
  9.752499997616e+00,  1.000015616417e+00,  2.180371894767e+01,  8.941181898117e-01
  9.852499991655e+00,  1.000018239021e+00,  2.180371632507e+01,  8.928928375244e-01
  9.952500000596e+00,  1.000002264977e+00,  2.180373229911e+01,  8.910797834396e-01
  1.005249999464e+01,  1.000012040138e+00,  2.180372252395e+01,  8.931471109390e-01
  1.015249998868e+01,  9.999970793724e-01,  2.180373748472e+01,  8.910898566246e-01
  1.025249999762e+01,  9.999915957451e-01,  2.180374296835e+01,  8.926929235458e-01
  1.035249999166e+01,  1.000000596046e+00,  2.180373396804e+01,  8.910511732101e-01
  1.045250000060e+01,  9.999917149544e-01,  2.180374284914e+01,  8.884335160255e-01
  1.055249999464e+01,  1.000007510185e+00,  2.180372705391e+01,  8.888136148453e-01
  1.065249998868e+01,  1.000034332275e+00,  2.180370023182e+01,  8.905843496323e-01
  1.075249999762e+01,  1.000052809715e+00,  2.180368175438e+01,  8.902012109756e-01
  1.085249999166e+01,  9.999955296516e-01,  2.180373903444e+01,  8.907433748245e-01
  1.095250000060e+01,  9.999970793724e-01,  2.180373748472e+01,  8.900766372681e-01
  1.105249999464e+01,  1.000004410744e+00,  2.180373015335e+01,  8.885138034821e-01
  1.115249998868e+01,  1.000004291534e+00,  2.180373027256e+01,  8.862532377243e-01
  1.125249999762e+01,  9.999922513962e-01,  2.180374231270e+01,  8.892708420753e-01
  1.135249999166e+01,  9.999894499779e-01,  2.180374511411e+01,  8.888477683067e-01
  1.145250000060e+01,  1.000000953674e+00,  2.180373361042e+01,  8.892630338669e-01
  1.155249999464e+01,  1.000003218651e+00,  2.180373134544e+01,  8.875575661659e-01
  1.165249998868e+01,  1.000027537346e+00,  2.180370702675e+01,  8.863904476166e-01
  1.175249999762e+01,  1.000001788139e+00,  2.180373277595e+01,  8.855690956116e-01
  1.185249999166e+01,  9.999722242355e-01,  2.180376233986e+01,  8.862443566322e-01
  1.195250000060e+01,  9.999657273293e-01,  2.180376883676e+01,  8.863544464111e-01
  1.205249999464e+01,  1.000003337860e+00,  2.180373122623e+01,  8.872191905975e-01
  1.215249998868e+01,  1.000010848045e+00,  2.180372371605e+01,  8.855059742928e-01
  1.225249999762e+01,  1.000028371811e+00,  2.180370619228e+01,  8.830933570862e-01
  1.235249999166e+01,  1.000019311905e+00,  2.180371525219e+01,  8.849143385887e-01
  1.245250000060e+01,  1.000013232231e+00,  2.180372133186e+01,  8.831950426102e-01
  1.255249999464e+01,  1.000025987625e+00,  2.180370857647e+01,  8.836787343025e-01
  1.265249998868e+01,  1.000018358231e+00,  2.180371620586e+01,  8.840083479881e-01
  1.275249999762e+01,  1.000049710274e+00,  2.180368485382e+01,  8.852263092995e-01
  1.285249999166e+01,  1.000015854836e+00,  2.180371870926e+01,  8.835778236389e-01
  1.295250000060e+01,  1.000012159348e+00,  2.180372240474e+01,  8.839235305786e-01
  1.305249999464e+01,  1.000046730042e+00,  2.180368783405e+01,  8.831147551537e-01
  1.315249998868e+01,  1.000012516975e+00,  2.180372204712e+01,  8.827404975891e-01
  1.325249999762e+01,  9.999917745590e-01,  2.180374278953e+01,  8.813638091087e-01
  1.335249999166e+01,  1.000007987022e+00,  2.180372657707e+01,  8.795939683914e-01
  1.345250000060e+01,  1.000003337860e+00,  2.180373122623e+01,  8.810873627663e-01
  1.355249999464e+01,  1.000034332275e+00,  2.180370023182e+01,  8.803260326385e-01
  1.365249998868e+01,  1.000012159348e+00,  2.180372240474e+01,  8.793615698814e-01
  1.375249999762e+01,  9.999942183495e-01,  2.180374034574e+01,  8.779415488243e-01
  1.385249999166e+01,  1.000017046928e+00,  2.180371751716e+01,  8.783294558525e-01
  1.395250000060e+01,  9.999971985817e-01,  2.180373736551e+01,  8.809714913368e-01
  1.405249999464e+01,  1.000006437302e+00,  2.180372812679e+01,  8.776341676712e-01
  1.415249998868e+01,  9.999972581863e-01,  2.180373730591e+01,  8.799380064011e-01
  1.425249999762e+01,  1.000014662743e+00,  2.180371990135e+01,  8.786087632179e-01
  1.435249999166e+01,  1.000016689301e+00,  2.180371787479e+01,  8.798183202744e-01
  1.445250000060e+01,  1.000007629395e+00,  2.180372693470e+01,  8.796165585518e-01
  1.455249999464e+01,  9.999852180481e-01,  2.180374934604e+01,  8.763125538826e-01
  1.465249998868e+01,  1.000002145767e+00,  2.180373241832e+01,  8.777606487274e-01
  1.475249999762e+01,  1.000039219856e+00,  2.180369534424e+01,  8.757237792015e-01
  1.485249999166e+01,  1.000027179718e+00,  2.180370738437e+01,  8.766973614693e-01
  1.495250000060e+01,  1.000004291534e+00,  2.180373027256e+01,  8.770306706429e-01
  1.505249999464e+01,  9.999850392342e-01,  2.180374952486e+01,  8.746394515038e-01
  1.515249998868e+01,  1.000023365021e+00,  2.180371119907e+01,  8.755564093590e-01
  1.525249999762e+01,  1.000019550323e+00,  2.180371501377e+01,  8.742045760155e-01
  1.535249999166e+01,  1.000010251999e+00,  2.180372431209e+01,  8.746806383133e-01
  1.545250000060e+01,  1.000001311302e+00,  2.180373325279e+01,  8.720469474792e-01
  1.555249999464e+01,  1.000030040741e+00,  2.180370452335e+01,  8.750683665276e-01
  1.565249998868e+01,  1.000014781952e+00,  2.180371978214e+01,  8.729512691498e-01
  1.575249999762e+01,  1.000018715858e+00,  2.180371584823e+01,  8.714157342911e-01
  1.585249999166e+01,  1.000005960464e+00,  2.180372860363e+01,  8.735083341599e-01
  1.595250000060e+01,  1.000007390976e+00,  2.180372717312e+01,  8.735610246658e-01
  1.605249999464e+01,  9.999883770943e-01,  2.180374618700e+01,  8.726494312286e-01
  1.615249998868e+01,  9.999752640724e-01,  2.180375930002e+01,  8.706154227257e-01
  1.625249999762e+01,  1.000004768372e+00,  2.180372979572e+01,  8.717243671417e-01
  1.635249999166e+01,  1.000015497208e+00,  2.180371906688e+01,  8.717191815376e-01
  1.645250000060e+01,  1.000028967857e+00,  2.180370559623e+01,  8.703405261040e-01
  1.655249999464e+01,  1.000015616417e+00,  2.180371894767e+01,  8.704267144203e-01
  1.665249998868e+01,  1.000036835670e+00,  2.180369772842e+01,  8.696848154068e-01
  1.675249999762e+01,  9.999940395355e-01,  2.180374052456e+01,  8.718427419662e-01
  1.685249999166e+01,  1.000005364418e+00,  2.180372919967e+01,  8.699614405632e-01
  1.695250000060e+01,  1.000004410744e+00,  2.180373015335e+01,  8.696120381355e-01
  1.705249999464e+01,  1.000002503395e+00,  2.180373206070e+01,  8.687134385109e-01
  1.715249998868e+01,  9.999877810478e-01,  2.180374678304e+01,  8.703373670578e-01
  1.725249999762e+01,  9.999897480011e-01,  2.180374481609e+01,  8.709850311279e-01
  1.735249999166e+01,  9.999833106995e-01,  2.180375125339e+01,  8.690214753151e-01
  1.745250000060e+01,  1.000023365021e+00,  2.180371119907e+01,  8.678351044655e-01
  1.755249999464e+01,  9.999920129776e-01,  2.180374255111e+01,  8.705363869667e-01
  1.765249998868e+01,  9.999908804893e-01,  2.180374368360e+01,  8.681907653809e-01
  1.775249999762e+01,  1.000003695488e+00,  2.180373086860e+01,  8.670889139175e-01
  1.785249999166e+01,  1.000048995018e+00,  2.180368556907e+01,  8.681439161301e-01
  1.795250000060e+01,  1.000008940697e+00,  2.180372562339e+01,  8.684375286102e-01
  1.805249999464e+01,  1.000043034554e+00,  2.180369152954e+01,  8.683738708496e-01
  1.815249998868e+01,  1.000021338463e+00,  2.180371322563e+01,  8.693272471428e-01
  1.825249999762e+01,  9.999986886978e-01,  2.180373587539e+01,  8.697713613510e-01
  1.835249999166e+01,  1.000026226044e+00,  2.180370833805e+01,  8.665133118629e-01
  1.845250000060e+01,  9.999791979790e-01,  2.180375536611e+01,  8.684501647949e-01
  1.855249999464e+01,  1.000001549721e+00,  2.180373301437e+01,  8.692485690117e-01
  1.865249998868e+01,  1.000029444695e+00,  2.180370511940e+01,  8.686631321907e-01
  1.875249999762e+01,  1.000036239624e+00,  2.180369832447e+01,  8.670181035995e-01
  1.885249999166e+01,  1.000026345253e+00,  2.180370821884e+01,  8.690361380577e-01
  1.895250000060e+01,  1.000015258789e+00,  2.180371930530e+01,  8.675637841225e-01
  1.905249999464e+01,  1.000007390976e+00,  2.180372717312e+01,  8.669996857643e-01
  1.915249998868e+01,  1.000018239021e+00,  2.180371632507e+01,  8.679502606392e-01
  1.925249999762e+01,  1.000009417534e+00,  2.180372514656e+01,  8.660927414894e-01
  1.935249999166e+01,  1.000022292137e+00,  2.180371227195e+01,  8.654503226280e-01
  1.945250000060e+01,  9.999783635139e-01,  2.180375620058e+01,  8.644038438797e-01
  1.955249999464e+01,  1.000036001205e+00,  2.180369856289e+01,  8.651295304298e-01
  1.965249998868e+01,  9.999976158142e-01,  2.180373694828e+01,  8.638028502464e-01
  1.975249999762e+01,  1.000025153160e+00,  2.180370941093e+01,  8.646836280823e-01
  1.985249999166e+01,  1.000010848045e+00,  2.180372371605e+01,  8.613432049751e-01
  1.995250000060e+01,  9.999935030937e-01,  2.180374106100e+01,  8.626595139503e-01
  2.005249999464e+01,  1.000010490417e+00,  2.180372407367e+01,  8.621764779091e-01
  2.015249998868e+01,  9.999970793724e-01,  2.180373748472e+01,  8.638338446617e-01
  2.025249999762e+01,  9.999965429306e-01,  2.180373802116e+01,  8.624391555786e-01
  2.035249999166e+01,  1.000006079674e+00,  2.180372848442e+01,  8.620538711548e-01
  2.045250000060e+01,  1.000011801720e+00,  2.180372276237e+01,  8.627196550369e-01
  2.055249999464e+01,  1.000016093254e+00,  2.180371847084e+01,  8.611950874329e-01
  2.065249998868e+01,  1.000015854836e+00,  2.180371870926e+01,  8.614447712898e-01
  2.075249999762e+01,  1.000008225441e+00,  2.180372633865e+01,  8.623731136322e-01
  2.085249999166e+01,  9.999937415123e-01,  2.180374082258e+01,  8.622822761536e-01
  2.095250000060e+01,  1.000020146370e+00,  2.180371441772e+01,  8.625915646553e-01
  2.105249999464e+01,  1.000007748604e+00,  2.180372681549e+01,  8.610661625862e-01
  2.115249998868e+01,  1.000018715858e+00,  2.180371584823e+01,  8.600642085075e-01
  2.125249999762e+01,  9.999787807465e-01,  2.180375578334e+01,  8.602870106697e-01
  2.135249999166e+01,  1.000019073486e+00,  2.180371549061e+01,  8.606418967247e-01
  2.145250000060e+01,  9.999583363533e-01,  2.180377622774e+01,  8.612532019615e-01
  2.155249999464e+01,  9.999921321869e-01,  2.180374243190e+01,  8.607812523842e-01
  2.165249998868e+01,  1.000005722046e+00,  2.180372884205e+01,  8.618154525757e-01
  2.175249999762e+01,  1.000002384186e+00,  2.180373217991e+01,  8.582293987274e-01
  2.185249999166e+01,  9.999403953552e-01,  2.180379416874e+01,  8.608402609825e-01
  2.195250000060e+01,  9.999627470970e-01,  2.180377181699e+01,  8.590965270996e-01
  2.205249999464e+01,  9.999945759773e-01,  2.180373998811e+01,  8.603915572166e-01
  2.215249998868e+01,  1.000011444092e+00,  2.180372312000e+01,  8.600704669952e-01
  2.225249999762e+01,  1.000007867813e+00,  2.180372669628e+01,  8.585296273232e-01
  2.235249999166e+01,  9.999846816063e-01,  2.180374988249e+01,  8.616315126419e-01
  2.245250000060e+01,  9.999620914459e-01,  2.180377247265e+01,  8.571484684944e-01
  2.255249999464e+01,  1.000013709068e+00,  2.180372085502e+01,  8.611755371094e-01
  2.265249998868e+01,  1.000018358231e+00,  2.180371620586e+01,  8.597986102104e-01
  2.275249999762e+01,  9.999921917915e-01,  2.180374237230e+01,  8.598015308380e-01
  2.285249999166e+01,  9.999753832817e-01,  2.180375918081e+01,  8.603460788727e-01
  2.295250000060e+01,  9.999691843987e-01,  2.180376537969e+01,  8.584546446800e-01
  2.305249999464e+01,  1.000005841255e+00,  2.180372872284e+01,  8.599970936775e-01
  2.315249998868e+01,  9.999977946281e-01,  2.180373676946e+01,  8.571575880051e-01
  2.325249999762e+01,  1.000008225441e+00,  2.180372633865e+01,  8.586720824242e-01
  2.335249999166e+01,  1.000001668930e+00,  2.180373289516e+01,  8.571704626083e-01
  2.345250000060e+01,  9.999833703041e-01,  2.180375119379e+01,  8.584005236626e-01
  2.355249999464e+01,  9.999976158142e-01,  2.180373694828e+01,  8.590223193169e-01
  2.365249998868e+01,  9.999813437462e-01,  2.180375322035e+01,  8.569099307060e-01
  2.375249999762e+01,  9.999958276749e-01,  2.180373873642e+01,  8.556144833565e-01
  2.385249999166e+01,  9.999924302101e-01,  2.180374213388e+01,  8.564628958702e-01
  2.395250000060e+01,  9.999784231186e-01,  2.180375614097e+01,  8.559543490410e-01
  2.405249999464e+01,  1.000023603439e+00,  2.180371096065e+01,  8.552264571190e-01
  2.415249998868e+01,  1.000014066696e+00,  2.180372049740e+01,  8.588153123856e-01
  2.425249999762e+01,  1.000021934509e+00,  2.180371262958e+01,  8.569458127022e-01
  2.435249999166e+01,  9.999961256981e-01,  2.180373843839e+01,  8.560636639595e-01
  2.445250000060e+01,  1.000037789345e+00,  2.180369677475e+01,  8.571185469627e-01
  2.455249999464e+01,  1.000015854836e+00,  2.180371870926e+01,  8.548174500465e-01
  2.465249998868e+01,  1.000005245209e+00,  2.180372931888e+01,  8.570817708969e-01
  2.475249999762e+01,  1.000005125999e+00,  2.180372943809e+01,  8.535378575325e-01
  2.485249999166e+01,  1.000005602837e+00,  2.180372896125e+01,  8.544285893440e-01
  2.495250000060e+01,  1.000014901161e+00,  2.180371966293e+01,  8.546164631844e-01
  2.505249999464e+01,  1.000005364418e+00,  2.180372919967e+01,  8.539738059044e-01
  2.515249998868e+01,  1.000050425529e+00,  2.180368413856e+01,  8.524940013885e-01
  2.525249999762e+01,  1.000037193298e+00,  2.180369737079e+01,  8.539096713066e-01
  2.535249999166e+01,  1.000019431114e+00,  2.180371513298e+01,  8.535674810410e-01
  2.545250000060e+01,  9.999964833260e-01,  2.180373808077e+01,  8.531109094620e-01
  2.555249999464e+01,  9.999854564667e-01,  2.180374910762e+01,  8.562372922897e-01
  2.565249998868e+01,  1.000001311302e+00,  2.180373325279e+01,  8.535984158516e-01
  2.575249999762e+01,  1.000016689301e+00,  2.180371787479e+01,  8.520718812943e-01
  2.585249999166e+01,  1.000029087067e+00,  2.180370547702e+01,  8.507761359215e-01
  2.595250000060e+01,  9.999911189079e-01,  2.180374344518e+01,  8.512124419212e-01
  2.605249999464e+01,  9.999973177910e-01,  2.180373724630e+01,  8.529926538467e-01
  2.615249998868e+01,  9.999781847000e-01,  2.180375637939e+01,  8.494634628296e-01
  2.625249999762e+01,  1.000006556511e+00,  2.180372800758e+01,  8.484681844711e-01
  2.635249999166e+01,  9.999966621399e-01,  2.180373790195e+01,  8.508473634720e-01
  2.645250000060e+01,  9.999776482582e-01,  2.180375691583e+01,  8.486314415932e-01
  2.655249999464e+01,  9.999794363976e-01,  2.180375512769e+01,  8.520009517670e-01
  2.665249998868e+01,  1.000001192093e+00,  2.180373337200e+01,  8.488457202911e-01
  2.675249999762e+01,  1.000034093857e+00,  2.180370047023e+01,  8.506311178207e-01
  2.685249999166e+01,  1.000020384789e+00,  2.180371417930e+01,  8.504775762558e-01
  2.695250000060e+01,  1.000007748604e+00,  2.180372681549e+01,  8.507975339890e-01
  2.705249999464e+01,  1.000026464462e+00,  2.180370809963e+01,  8.517259955406e-01
  2.715249998868e+01,  1.000009179115e+00,  2.180372538498e+01,  8.499820828438e-01
  2.725249999762e+01,  1.000008344650e+00,  2.180372621944e+01,  8.501031994820e-01
  2.735249999166e+01,  9.999817609787e-01,  2.180375280311e+01,  8.506008982658e-01
  2.745250000060e+01,  9.999981522560e-01,  2.180373641184e+01,  8.489232063293e-01
  2.755249999464e+01,  1.000024795532e+00,  2.180370976856e+01,  8.484272360802e-01
  2.765249998868e+01,  1.000023245811e+00,  2.180371131828e+01,  8.514820337296e-01
  2.775249999762e+01,  1.000003337860e+00,  2.180373122623e+01,  8.493060469627e-01
  2.785249999166e+01,  1.000025391579e+00,  2.180370917251e+01,  8.505960702896e-01
  2.795250000060e+01,  1.000028133392e+00,  2.180370643070e+01,  8.488457202911e-01
  2.805249999464e+01,  1.000005245209e+00,  2.180372931888e+01,  8.472149968147e-01
  2.815249998868e+01,  9.999870657921e-01,  2.180374749830e+01,  8.463640213013e-01
  2.825249999762e+01,  1.000034451485e+00,  2.180370011261e+01,  8.462148308754e-01
  2.835249999166e+01,  9.999850988388e-01,  2.180374946525e+01,  8.473942279816e-01
  2.845250000060e+01,  9.999745488167e-01,  2.180376001527e+01,  8.477879166603e-01
  2.855249999464e+01,  9.999721050262e-01,  2.180376245907e+01,  8.458266258240e-01
  2.865249998868e+01,  9.999870657921e-01,  2.180374749830e+01,  8.477786779404e-01
  2.875249999762e+01,  1.000010967255e+00,  2.180372359684e+01,  8.487606644630e-01
  2.885249999166e+01,  9.999741315842e-01,  2.180376043251e+01,  8.478391170502e-01
  2.895250000060e+01,  1.000005006790e+00,  2.180372955730e+01,  8.467658162117e-01
  2.905249999464e+01,  1.000051498413e+00,  2.180368306568e+01,  8.461146354675e-01
  2.915249998868e+01,  1.000008702278e+00,  2.180372586181e+01,  8.486663103104e-01
  2.925249999762e+01,  1.000007867813e+00,  2.180372669628e+01,  8.450404405594e-01
  2.935249999166e+01,  9.999670982361e-01,  2.180376746586e+01,  8.474233746529e-01
  2.945250000060e+01,  1.000008225441e+00,  2.180372633865e+01,  8.465340733528e-01
  2.955249999464e+01,  9.999697804451e-01,  2.180376478365e+01,  8.467262387276e-01
  2.965249998868e+01,  1.000022530556e+00,  2.180371203354e+01,  8.463122844696e-01
  2.975249999762e+01,  1.000007390976e+00,  2.180372717312e+01,  8.477385640144e-01
  2.985249999166e+01,  1.000001430511e+00,  2.180373313358e+01,  8.451323509216e-01
  2.995250000060e+01,  9.999953508377e-01,  2.180373921325e+01,  8.466340303421e-01
  3.005249999464e+01,  1.000002264977e+00,  2.180373229911e+01,  8.433635830879e-01
  3.015249998868e+01,  1.000002384186e+00,  2.180373217991e+01,  8.459385037422e-01
  3.025249999762e+01,  1.000000238419e+00,  2.180373432567e+01,  8.446217179298e-01
  3.035249999166e+01,  1.000037789345e+00,  2.180369677475e+01,  8.433834910393e-01
  3.045250000060e+01,  1.000004887581e+00,  2.180372967651e+01,  8.440387248993e-01
  3.055249999464e+01,  1.000001668930e+00,  2.180373289516e+01,  8.451877236366e-01
  3.065249998868e+01,  9.999877214432e-01,  2.180374684265e+01,  8.435745835304e-01
  3.075249999762e+01,  9.999774694443e-01,  2.180375709465e+01,  8.446903824806e-01
  3.085249999166e+01,  9.999676942825e-01,  2.180376686981e+01,  8.441756367683e-01
  3.095250000060e+01,  1.000008583069e+00,  2.180372598102e+01,  8.440296649933e-01
  3.105249999464e+01,  1.000027894974e+00,  2.180370666912e+01,  8.463426828384e-01
  3.115249998868e+01,  9.999829530716e-01,  2.180375161102e+01,  8.446317911148e-01
  3.125249999762e+01,  9.999961256981e-01,  2.180373843839e+01,  8.414812088013e-01
  3.135249999166e+01,  1.000017523766e+00,  2.180371704033e+01,  8.412691354752e-01
  3.145250000060e+01,  1.000041723251e+00,  2.180369284084e+01,  8.453645110130e-01
  3.155249999464e+01,  9.999911785126e-01,  2.180374338558e+01,  8.441011309624e-01
  3.165249998868e+01,  1.000004649162e+00,  2.180372991493e+01,  8.434332013130e-01
  3.175249999762e+01,  9.999937415123e-01,  2.180374082258e+01,  8.410827517509e-01
  3.185249999166e+01,  1.000008106232e+00,  2.180372645786e+01,  8.420218229294e-01
  3.195250000060e+01,  9.999963641167e-01,  2.180373819997e+01,  8.427845835686e-01
  3.205249999464e+01,  9.999879598618e-01,  2.180374660423e+01,  8.414172530174e-01
  3.215249998868e+01,  1.000014185905e+00,  2.180372037819e+01,  8.413347601891e-01
  3.225249999762e+01,  9.999914169312e-01,  2.180374314716e+01,  8.427559733391e-01
  3.235249999166e+01,  1.000011682510e+00,  2.180372288158e+01,  8.421356678009e-01
  3.245250000060e+01,  9.999970197678e-01,  2.180373754432e+01,  8.431329727173e-01
  3.255249999464e+01,  9.999917149544e-01,  2.180374284914e+01,  8.427251577377e-01
  3.265249998868e+01,  1.000019907951e+00,  2.180371465614e+01,  8.410226106644e-01
  3.275249999762e+01,  1.000025272369e+00,  2.180370929172e+01,  8.413508534431e-01
  3.285249999166e+01,  1.000000357628e+00,  2.180373420646e+01,  8.411805629730e-01
  3.295250000060e+01,  1.000011324883e+00,  2.180372323921e+01,  8.418220877647e-01
  3.305249999464e+01,  9.999986290932e-01,  2.180373593500e+01,  8.419504761696e-01
  3.315249998868e+01,  9.999845027924e-01,  2.180375006130e+01,  8.392614126205e-01
  3.325249999762e+01,  1.000006794930e+00,  2.180372776916e+01,  8.385699987411e-01
  3.335249999166e+01,  1.000021338463e+00,  2.180371322563e+01,  8.418375849724e-01
  3.345250000060e+01,  9.999845623970e-01,  2.180375000169e+01,  8.411579728127e-01
  3.355249999464e+01,  9.999911189079e-01,  2.180374344518e+01,  8.395893573761e-01
  3.365249998868e+01,  9.999929666519e-01,  2.180374159744e+01,  8.405186533928e-01
  3.375249999762e+01,  1.000009655952e+00,  2.180372490814e+01,  8.405401706696e-01
  3.385249999166e+01,  9.999841451645e-01,  2.180375041893e+01,  8.410466909409e-01
  3.395250000060e+01,  1.000014662743e+00,  2.180371990135e+01,  8.416672348976e-01
  3.405249999464e+01,  1.000004649162e+00,  2.180372991493e+01,  8.400723338127e-01
  3.415249998868e+01,  1.000011205673e+00,  2.180372335842e+01,  8.373048305511e-01
  3.425249999762e+01,  9.999887347221e-01,  2.180374582937e+01,  8.408257365227e-01
  3.435249999166e+01,  9.999902248383e-01,  2.180374433925e+01,  8.386479020119e-01
  3.445250000060e+01,  1.000010251999e+00,  2.180372431209e+01,  8.420264720917e-01
  3.455249999464e+01,  9.999990463257e-01,  2.180373551777e+01,  8.410263657570e-01
  3.465249998868e+01,  1.000009179115e+00,  2.180372538498e+01,  8.380414843559e-01
  3.475249999762e+01,  1.000017642975e+00,  2.180371692112e+01,  8.365509510040e-01
  3.485249999166e+01,  9.999918937683e-01,  2.180374267032e+01,  8.365648388863e-01
  3.495250000060e+01,  1.000005364418e+00,  2.180372919967e+01,  8.371015787125e-01
  3.505249999464e+01,  1.000017881393e+00,  2.180371668270e+01,  8.371986746788e-01
  3.515249998868e+01,  1.000022411346e+00,  2.180371215274e+01,  8.363597393036e-01
  3.525249999762e+01,  1.000011324883e+00,  2.180372323921e+01,  8.370930552483e-01
  3.535249999166e+01,  1.000009655952e+00,  2.180372490814e+01,  8.356416225433e-01
  3.545250000060e+01,  9.999916553497e-01,  2.180374290874e+01,  8.366029858589e-01
  3.555249999464e+01,  9.999976158142e-01,  2.180373694828e+01,  8.372943997383e-01
  3.565249998868e+01,  9.999775886536e-01,  2.180375697544e+01,  8.347060680389e-01
  3.575249999762e+01,  9.999919533730e-01,  2.180374261072e+01,  8.363282680511e-01
  3.585249999166e+01,  1.000022530556e+00,  2.180371203354e+01,  8.362534046173e-01
  3.595250000060e+01,  1.000000834465e+00,  2.180373372963e+01,  8.334774971008e-01
  3.605249999464e+01,  1.000047087669e+00,  2.180368747642e+01,  8.355861306190e-01
  3.615249998868e+01,  1.000022172928e+00,  2.180371239116e+01,  8.367714285851e-01
  3.625249999762e+01,  9.999913573265e-01,  2.180374320676e+01,  8.360790014267e-01
  3.635249999166e+01,  9.999896883965e-01,  2.180374487569e+01,  8.345730304718e-01
  3.645250000060e+01,  9.999905824661e-01,  2.180374398163e+01,  8.357666134834e-01
  3.655249999464e+01,  9.999952912331e-01,  2.180373927286e+01,  8.354243636131e-01
  3.665249998868e+01,  1.000013947487e+00,  2.180372061660e+01,  8.345726132393e-01
  3.675249999762e+01,  9.999983906746e-01,  2.180373617342e+01,  8.359611630440e-01
  3.685249999166e+01,  9.999981522560e-01,  2.180373641184e+01,  8.332473635674e-01
  3.695250000060e+01,  9.999597072601e-01,  2.180377485683e+01,  8.348410129547e-01
  3.705249999464e+01,  1.000014066696e+00,  2.180372049740e+01,  8.350210785866e-01
  3.715249998868e+01,  9.999936819077e-01,  2.180374088218e+01,  8.346333503723e-01
  3.725249999762e+01,  9.999634623528e-01,  2.180377110174e+01,  8.329761624336e-01
  3.735249999166e+01,  1.000010490417e+00,  2.180372407367e+01,  8.331413865089e-01
  3.745250000060e+01,  9.999867677689e-01,  2.180374779632e+01,  8.324272632599e-01
  3.755249999464e+01,  1.000012755394e+00,  2.180372180870e+01,  8.322556018829e-01
  3.765249998868e+01,  9.999824166298e-01,  2.180375214746e+01,  8.326483964920e-01
  3.775249999762e+01,  1.000013828278e+00,  2.180372073581e+01,  8.307682871819e-01
  3.785249999166e+01,  9.999921917915e-01,  2.180374237230e+01,  8.343575000763e-01
  3.795250000060e+01,  1.000018596649e+00,  2.180371596744e+01,  8.328609466553e-01
  3.805249999464e+01,  1.000006675720e+00,  2.180372788837e+01,  8.360316753387e-01
  3.815249998868e+01,  9.999998807907e-01,  2.180373468330e+01,  8.316479921341e-01
  3.825249999762e+01,  9.999878406525e-01,  2.180374672344e+01,  8.355662822723e-01
  3.835249999166e+01,  9.999708533287e-01,  2.180376371076e+01,  8.335939645767e-01
  3.845250000060e+01,  9.999533295631e-01,  2.180378123453e+01,  8.337830901146e-01
  3.855249999464e+01,  9.999891519547e-01,  2.180374541214e+01,  8.303126096725e-01
  3.865249998868e+01,  1.000009417534e+00,  2.180372514656e+01,  8.331111073494e-01
  3.875249999762e+01,  9.999865889549e-01,  2.180374797514e+01,  8.318756222725e-01
  3.885249999166e+01,  9.999881982803e-01,  2.180374636581e+01,  8.321325778961e-01
  3.895250000060e+01,  1.000007390976e+00,  2.180372717312e+01,  8.313797116280e-01
  3.905249999464e+01,  9.999960660934e-01,  2.180373849800e+01,  8.318523168564e-01
  3.915249998868e+01,  9.999948740005e-01,  2.180373969009e+01,  8.324875235558e-01
  3.925249999762e+01,  1.000028967857e+00,  2.180370559623e+01,  8.318249583244e-01
  3.935249999166e+01,  9.999768733978e-01,  2.180375769069e+01,  8.338154554367e-01
  3.945250000060e+01,  1.000017285347e+00,  2.180371727874e+01,  8.330497145653e-01
  3.955249999464e+01,  1.000017166138e+00,  2.180371739795e+01,  8.295271396637e-01
  3.965249998868e+01,  9.999939203262e-01,  2.180374064377e+01,  8.295028805733e-01
  3.975249999762e+01,  9.999838471413e-01,  2.180375071695e+01,  8.304056525230e-01
  3.985249999166e+01,  1.000022172928e+00,  2.180371239116e+01,  8.299979567528e-01
  3.995250000060e+01,  1.000016212463e+00,  2.180371835163e+01,  8.295331597328e-01
  4.005249999464e+01,  1.000018835068e+00,  2.180371572902e+01,  8.302316665649e-01
  4.015249998868e+01,  1.000028967857e+00,  2.180370559623e+01,  8.324141502380e-01
  4.025249999762e+01,  9.999814629555e-01,  2.180375310114e+01,  8.322316408157e-01
  4.035249999166e+01,  1.000016808510e+00,  2.180371775558e+01,  8.296848535538e-01
  4.045250000060e+01,  1.000010967255e+00,  2.180372359684e+01,  8.300806879997e-01
  4.055249999464e+01,  9.999856352806e-01,  2.180374892881e+01,  8.298321366310e-01
  4.065249998868e+01,  9.999996423721e-01,  2.180373492172e+01,  8.299857378006e-01
  4.075249999762e+01,  1.000027418137e+00,  2.180370714595e+01,  8.280000686646e-01
  4.085249999166e+01,  1.000023841858e+00,  2.180371072223e+01,  8.292042613029e-01
  4.095250000060e+01,  1.000007510185e+00,  2.180372705391e+01,  8.271968364716e-01
  4.105249999464e+01,  1.000027060509e+00,  2.180370750358e+01,  8.273831605911e-01
  4.115249998868e+01,  1.000016450882e+00,  2.180371811321e+01,  8.302047252655e-01
  4.125249999762e+01,  9.999825954437e-01,  2.180375196865e+01,  8.255689144135e-01
  4.135249999166e+01,  9.999927878380e-01,  2.180374177625e+01,  8.276172876358e-01
  4.145250000060e+01,  1.000017762184e+00,  2.180371680191e+01,  8.274810314178e-01
  4.155249999464e+01,  1.000005245209e+00,  2.180372931888e+01,  8.256010413170e-01
  4.165249998868e+01,  1.000035881996e+00,  2.180369868210e+01,  8.297725319862e-01
  4.175249999762e+01,  9.999753832817e-01,  2.180375918081e+01,  8.263622522354e-01
  4.185249999166e+01,  9.999997019768e-01,  2.180373486211e+01,  8.272797465324e-01
  4.195250000060e+01,  1.000019907951e+00,  2.180371465614e+01,  8.253590464592e-01
  4.205249999464e+01,  1.000015258789e+00,  2.180371930530e+01,  8.277151584625e-01
  4.215249998868e+01,  9.999995231628e-01,  2.180373504093e+01,  8.263222575188e-01
  4.225249999762e+01,  1.000001907349e+00,  2.180373265674e+01,  8.289377093315e-01
  4.235249999166e+01,  1.000028014183e+00,  2.180370654991e+01,  8.272246718407e-01
  4.245250000060e+01,  1.000007629395e+00,  2.180372693470e+01,  8.250159025192e-01
  4.255249999464e+01,  9.999841451645e-01,  2.180375041893e+01,  8.248584270477e-01
  4.265249998868e+01,  9.999802708626e-01,  2.180375429323e+01,  8.240946531296e-01
  4.275249999762e+01,  9.999869465828e-01,  2.180374761751e+01,  8.253772854805e-01
  4.285249999166e+01,  1.000001311302e+00,  2.180373325279e+01,  8.230956196785e-01
  4.295250000060e+01,  1.000016093254e+00,  2.180371847084e+01,  8.263921141624e-01
  4.305249999464e+01,  1.000022649765e+00,  2.180371191433e+01,  8.274031281471e-01
  4.315249998868e+01,  1.000007033348e+00,  2.180372753074e+01,  8.267264962196e-01
  4.325249999762e+01,  1.000006794930e+00,  2.180372776916e+01,  8.263956904411e-01
  4.335249999166e+01,  9.999912977219e-01,  2.180374326637e+01,  8.248025178909e-01
  4.345250000060e+01,  1.000031471252e+00,  2.180370309284e+01,  8.243103027344e-01
  4.355249999464e+01,  9.999597072601e-01,  2.180377485683e+01,  8.255639672279e-01
  4.365249998868e+01,  9.999891519547e-01,  2.180374541214e+01,  8.254014253616e-01
  4.375249999762e+01,  1.000014066696e+00,  2.180372049740e+01,  8.242381215096e-01
  4.385249999166e+01,  9.999908804893e-01,  2.180374368360e+01,  8.247349262238e-01
  4.395250000060e+01,  9.999889135361e-01,  2.180374565056e+01,  8.251046538353e-01
  4.405249999464e+01,  9.999840259552e-01,  2.180375053814e+01,  8.241156339645e-01
  4.415249998868e+01,  1.000013232231e+00,  2.180372133186e+01,  8.230273127556e-01
  4.425249999762e+01,  9.999853968620e-01,  2.180374916723e+01,  8.229563236237e-01
  4.435249999166e+01,  1.000002264977e+00,  2.180373229911e+01,  8.219070434570e-01
  4.445250000060e+01,  1.000004053116e+00,  2.180373051098e+01,  8.235132098198e-01
  4.455249999464e+01,  9.999794363976e-01,  2.180375512769e+01,  8.205682039261e-01
  4.465249998868e+01,  9.999927282333e-01,  2.180374183586e+01,  8.232896327972e-01
  4.475249999762e+01,  1.000022530556e+00,  2.180371203354e+01,  8.207960128784e-01
  4.485249999166e+01,  9.999982118607e-01,  2.180373635223e+01,  8.240345716476e-01
  4.495250000060e+01,  9.999925494194e-01,  2.180374201467e+01,  8.233226537704e-01
  4.505249999464e+01,  1.000022292137e+00,  2.180371227195e+01,  8.233597874641e-01
  4.515249998868e+01,  1.000033736229e+00,  2.180370082786e+01,  8.244779109955e-01
  4.525249999762e+01,  9.999676942825e-01,  2.180376686981e+01,  8.246260881424e-01
  4.535249999166e+01,  1.000006318092e+00,  2.180372824600e+01,  8.239574432373e-01
  4.545250000060e+01,  1.000000953674e+00,  2.180373361042e+01,  8.228964805603e-01
  4.555249999464e+01,  1.000034213066e+00,  2.180370035103e+01,  8.240947127342e-01
  4.565249998868e+01,  1.000000715256e+00,  2.180373384884e+01,  8.213214874268e-01
  4.575249999762e+01,  1.000042319298e+00,  2.180369224479e+01,  8.230932354927e-01
  4.585249999166e+01,  9.999999403954e-01,  2.180373462370e+01,  8.215963840485e-01
  4.595250000060e+01,  1.000032782555e+00,  2.180370178154e+01,  8.202100992203e-01
  4.605249999464e+01,  1.000025987625e+00,  2.180370857647e+01,  8.208371996880e-01
  4.615249998868e+01,  1.000049948692e+00,  2.180368461540e+01,  8.218682408333e-01
  4.625249999762e+01,  1.000013709068e+00,  2.180372085502e+01,  8.217016458511e-01
  4.635249999166e+01,  9.999798536301e-01,  2.180375471046e+01,  8.225333690643e-01
  4.645250000060e+01,  1.000010371208e+00,  2.180372419288e+01,  8.201496601105e-01
  4.655249999464e+01,  1.000021576881e+00,  2.180371298721e+01,  8.191971778870e-01
  4.665249998868e+01,  9.999981522560e-01,  2.180373641184e+01,  8.191215991974e-01
  4.675249999762e+01,  9.999986290932e-01,  2.180373593500e+01,  8.206125497818e-01
  4.685249999166e+01,  1.000033259392e+00,  2.180370130470e+01,  8.201852440834e-01
  4.695250000060e+01,  1.000034451485e+00,  2.180370011261e+01,  8.195935487747e-01
  4.705249999464e+01,  9.999929666519e-01,  2.180374159744e+01,  8.181076645851e-01
  4.715249998868e+01,  9.999854564667e-01,  2.180374910762e+01,  8.194112181664e-01
  4.725249999762e+01,  1.000009894371e+00,  2.180372466972e+01,  8.205732107162e-01
  4.735249999166e+01,  9.999946951866e-01,  2.180373986890e+01,  8.197300434113e-01
  4.745250000060e+01,  9.999592900276e-01,  2.180377527406e+01,  8.197800517082e-01
  4.755249999464e+01,  1.000009059906e+00,  2.180372550419e+01,  8.195353150368e-01
  4.765249998868e+01,  1.000005245209e+00,  2.180372931888e+01,  8.221836090088e-01
  4.775249999762e+01,  1.000017166138e+00,  2.180371739795e+01,  8.188999891281e-01
  4.785249999166e+01,  1.000000119209e+00,  2.180373444488e+01,  8.197800517082e-01
  4.795250000060e+01,  1.000026822090e+00,  2.180370774200e+01,  8.187419176102e-01
  4.805249999464e+01,  9.999904632568e-01,  2.180374410083e+01,  8.189452290535e-01
  4.815249998868e+01,  1.000021696091e+00,  2.180371286800e+01,  8.188617229462e-01
  4.825249999762e+01,  1.000018954277e+00,  2.180371560981e+01,  8.183653354645e-01
  4.835249999166e+01,  1.000002384186e+00,  2.180373217991e+01,  8.223174214363e-01
  4.845250000060e+01,  1.000038623810e+00,  2.180369594028e+01,  8.199151754379e-01
  4.855249999464e+01,  1.000030636787e+00,  2.180370392730e+01,  8.193144202232e-01
  4.865249998868e+01,  9.999850988388e-01,  2.180374946525e+01,  8.199555277824e-01
  4.875249999762e+01,  1.000038623810e+00,  2.180369594028e+01,  8.191023468971e-01
  4.885249999166e+01,  1.000016927719e+00,  2.180371763637e+01,  8.185235857964e-01
  4.895250000060e+01,  1.000016450882e+00,  2.180371811321e+01,  8.176878690720e-01
  4.905249999464e+01,  1.000028252602e+00,  2.180370631149e+01,  8.178683519363e-01
  4.915249998868e+01,  1.000003337860e+00,  2.180373122623e+01,  8.185117840767e-01
  4.925249999762e+01,  1.000029206276e+00,  2.180370535782e+01,  8.173785805702e-01
  4.935249999166e+01,  9.999871253967e-01,  2.180374743869e+01,  8.174481391907e-01
  4.945250000060e+01,  1.000023126602e+00,  2.180371143749e+01,  8.182900547981e-01
  4.955249999464e+01,  1.000008225441e+00,  2.180372633865e+01,  8.167710900307e-01
  4.965249998868e+01,  1.000007152557e+00,  2.180372741153e+01,  8.153025507927e-01
  4.975249999762e+01,  9.999988079071e-01,  2.180373575618e+01,  8.169289827347e-01
  4.985249999166e+01,  1.000003099442e+00,  2.180373146465e+01,  8.176682591438e-01
  4.995250000060e+01,  9.999974966049e-01,  2.180373706749e+01,  8.150811791420e-01
  5.005249999464e+01,  9.999979138374e-01,  2.180373665025e+01,  8.156872391701e-01
  5.015249998868e+01,  1.000056147575e+00,  2.180367841652e+01,  8.153989315033e-01
  5.025249999762e+01,  9.999951720238e-01,  2.180373939207e+01,  8.163432478905e-01
  5.035249999166e+01,  1.000028610229e+00,  2.180370595386e+01,  8.163884282112e-01
  5.045250000060e+01,  1.000041246414e+00,  2.180369331768e+01,  8.178001642227e-01
  5.055249999464e+01,  1.000002980232e+00,  2.180373158386e+01,  8.163990974426e-01
  5.065249998868e+01,  1.000021696091e+00,  2.180371286800e+01,  8.163700699806e-01
  5.075249999762e+01,  9.999890923500e-01,  2.180374547174e+01,  8.174459934235e-01
  5.085249999166e+01,  1.000022888184e+00,  2.180371167591e+01,  8.179093003273e-01
  5.095250000060e+01,  9.999828934669e-01,  2.180375167062e+01,  8.159444928169e-01
  5.105249999464e+01,  1.000002145767e+00,  2.180373241832e+01,  8.158445954323e-01
  5.115249998868e+01,  9.999700188637e-01,  2.180376454523e+01,  8.168014883995e-01
  5.125249999762e+01,  9.999758005142e-01,  2.180375876358e+01,  8.173726797104e-01
  5.135249999166e+01,  9.999898076057e-01,  2.180374475649e+01,  8.141515851021e-01
  5.145250000060e+01,  1.000013470650e+00,  2.180372109344e+01,  8.144667744637e-01
  5.155249999464e+01,  9.999724626541e-01,  2.180376210144e+01,  8.145519495010e-01
  5.165249998868e+01,  1.000009894371e+00,  2.180372466972e+01,  8.144051432610e-01
  5.175249999762e+01,  1.000016570091e+00,  2.180371799400e+01,  8.159300684929e-01
  5.185249999166e+01,  1.000009894371e+00,  2.180372466972e+01,  8.181512355804e-01
  5.195250000060e+01,  1.000028967857e+00,  2.180370559623e+01,  8.159394264221e-01
  5.205249999464e+01,  1.000026583672e+00,  2.180370798042e+01,  8.131251335144e-01
  5.215249998868e+01,  1.000005960464e+00,  2.180372860363e+01,  8.157401680946e-01
  5.225249999762e+01,  9.999907612801e-01,  2.180374380281e+01,  8.144507408142e-01
  5.235249999166e+01,  9.999790191650e-01,  2.180375554493e+01,  8.157499432564e-01
  5.245250000060e+01,  1.000004291534e+00,  2.180373027256e+01,  8.139193654060e-01
  5.255249999464e+01,  1.000027060509e+00,  2.180370750358e+01,  8.172240853310e-01
  5.265249998868e+01,  1.000006794930e+00,  2.180372776916e+01,  8.143551349640e-01
  5.275249999762e+01,  1.000012397766e+00,  2.180372216633e+01,  8.145220279694e-01
  5.285249999166e+01,  1.000007033348e+00,  2.180372753074e+01,  8.142235875130e-01
  5.295250000060e+01,  9.999964237213e-01,  2.180373814037e+01,  8.144532442093e-01
  5.305249999464e+01,  9.999910593033e-01,  2.180374350479e+01,  8.130878210068e-01
  5.315249998868e+01,  9.999734163284e-01,  2.180376114776e+01,  8.118396997452e-01
  5.325249999762e+01,  9.999941587448e-01,  2.180374040535e+01,  8.128656148911e-01
  5.335249999166e+01,  1.000002622604e+00,  2.180373194149e+01,  8.131282329559e-01
  5.345250000060e+01,  1.000008463860e+00,  2.180372610023e+01,  8.114480972290e-01
  5.355249999464e+01,  1.000014662743e+00,  2.180371990135e+01,  8.123326897621e-01
  5.365249998868e+01,  1.000026583672e+00,  2.180370798042e+01,  8.136883974075e-01
  5.375249999762e+01,  1.000000476837e+00,  2.180373408725e+01,  8.122503757477e-01
  5.385249999166e+01,  1.000036478043e+00,  2.180369808605e+01,  8.126258850098e-01
  5.395250000060e+01,  1.000016450882e+00,  2.180371811321e+01,  8.127294182777e-01
  5.405249999464e+01,  1.000017166138e+00,  2.180371739795e+01,  8.127171993256e-01
  5.415249998868e+01,  9.999616742134e-01,  2.180377288988e+01,  8.120815157890e-01
  5.425249999762e+01,  1.000022292137e+00,  2.180371227195e+01,  8.132252693176e-01
  5.435249999166e+01,  1.000029325485e+00,  2.180370523861e+01,  8.109353184700e-01
  5.445250000060e+01,  1.000014185905e+00,  2.180372037819e+01,  8.123603463173e-01
  5.455249999464e+01,  1.000049710274e+00,  2.180368485382e+01,  8.118368983269e-01
  5.465249998868e+01,  9.999690055847e-01,  2.180376555851e+01,  8.100642561913e-01
  5.475249999762e+01,  1.000010013580e+00,  2.180372455051e+01,  8.119942545891e-01
  5.485249999166e+01,  1.000024080276e+00,  2.180371048381e+01,  8.117113113403e-01
  5.495250000060e+01,  9.999788403511e-01,  2.180375572374e+01,  8.099340200424e-01
  5.505249999464e+01,  1.000023007393e+00,  2.180371155670e+01,  8.112384080887e-01
  5.515249998868e+01,  9.999768137932e-01,  2.180375775030e+01,  8.094850778580e-01
  5.525249999762e+01,  9.999854564667e-01,  2.180374910762e+01,  8.098450303078e-01
  5.535249999166e+01,  9.999772906303e-01,  2.180375727346e+01,  8.102825880051e-01
  5.545250000060e+01,  1.000006318092e+00,  2.180372824600e+01,  8.096559047699e-01
  5.555249999464e+01,  1.000000476837e+00,  2.180373408725e+01,  8.108292818069e-01
  5.565249998868e+01,  9.999996423721e-01,  2.180373492172e+01,  8.093338608742e-01
  5.575249999762e+01,  9.999908208847e-01,  2.180374374321e+01,  8.104384541512e-01
  5.585249999166e+01,  9.999917149544e-01,  2.180374284914e+01,  8.093607425690e-01
  5.595250000060e+01,  1.000022292137e+00,  2.180371227195e+01,  8.110410571098e-01
  5.605249999464e+01,  9.999952912331e-01,  2.180373927286e+01,  8.091972470284e-01
  5.615249998868e+01,  9.999857544899e-01,  2.180374880960e+01,  8.093984127045e-01
  5.625249999762e+01,  1.000005602837e+00,  2.180372896125e+01,  8.117825388908e-01
  5.635249999166e+01,  9.999820590019e-01,  2.180375250509e+01,  8.099837303162e-01
  5.645250000060e+01,  1.000008344650e+00,  2.180372621944e+01,  8.106673359871e-01
  5.655249999464e+01,  1.000022292137e+00,  2.180371227195e+01,  8.083731532097e-01
  5.665249998868e+01,  9.999781250954e-01,  2.180375643900e+01,  8.086321353912e-01
  5.675249999762e+01,  9.999909996986e-01,  2.180374356439e+01,  8.116424679756e-01
  5.685249999166e+01,  9.999862313271e-01,  2.180374833276e+01,  8.092651963234e-01
  5.695250000060e+01,  9.999933838844e-01,  2.180374118021e+01,  8.099019527435e-01
  5.705249999464e+01,  1.000007629395e+00,  2.180372693470e+01,  8.086422085762e-01
  5.715249998868e+01,  1.000004649162e+00,  2.180372991493e+01,  8.093269467354e-01
  5.725249999762e+01,  1.000009536743e+00,  2.180372502735e+01,  8.099724650383e-01
  5.735249999166e+01,  9.999881386757e-01,  2.180374642542e+01,  8.079931735992e-01
  5.745250000060e+01,  9.999955892563e-01,  2.180373897484e+01,  8.103086948395e-01
  5.755249999464e+01,  9.999662637711e-01,  2.180376830032e+01,  8.071267604828e-01
  5.765249998868e+01,  9.999948740005e-01,  2.180373969009e+01,  8.066408634186e-01
  5.775249999762e+01,  1.000009894371e+00,  2.180372466972e+01,  8.072862029076e-01
  5.785249999166e+01,  1.000004768372e+00,  2.180372979572e+01,  8.085522055626e-01
  5.795250000060e+01,  9.999892115593e-01,  2.180374535253e+01,  8.068135380745e-01
  5.805249999464e+01,  1.000007987022e+00,  2.180372657707e+01,  8.084229826927e-01
  5.815249998868e+01,  9.999870061874e-01,  2.180374755790e+01,  8.087936639786e-01
  5.825249999762e+01,  1.000019311905e+00,  2.180371525219e+01,  8.050546646118e-01
  5.835249999166e+01,  1.000001192093e+00,  2.180373337200e+01,  8.064075708389e-01
  5.845250000060e+01,  1.000003933907e+00,  2.180373063018e+01,  8.069873452187e-01
  5.855249999464e+01,  1.000033497810e+00,  2.180370106628e+01,  8.074406981468e-01
  5.865249998868e+01,  1.000020503998e+00,  2.180371406009e+01,  8.053090572357e-01
  5.875249999762e+01,  9.999723434448e-01,  2.180376222065e+01,  8.065599203110e-01
  5.885249999166e+01,  9.999910593033e-01,  2.180374350479e+01,  8.053830265999e-01
  5.895250000060e+01,  9.999964833260e-01,  2.180373808077e+01,  8.053027987480e-01
  5.905249999464e+01,  9.999914169312e-01,  2.180374314716e+01,  8.076307773590e-01
  5.915249998868e+01,  1.000004053116e+00,  2.180373051098e+01,  8.058162927628e-01
  5.925249999762e+01,  1.000008106232e+00,  2.180372645786e+01,  8.057665228844e-01
  5.935249999166e+01,  1.000002026558e+00,  2.180373253753e+01,  8.036963939667e-01
  5.945250000060e+01,  9.999739527702e-01,  2.180376061132e+01,  8.055536150932e-01
  5.955249999464e+01,  9.999709725380e-01,  2.180376359155e+01,  8.041693568230e-01
  5.965249998868e+01,  1.000036835670e+00,  2.180369772842e+01,  8.045144081116e-01
  5.975249999762e+01,  9.999911785126e-01,  2.180374338558e+01,  8.040364384651e-01
  5.985249999166e+01,  1.000021457672e+00,  2.180371310642e+01,  8.044999241829e-01
  5.995250000060e+01,  9.999821782112e-01,  2.180375238588e+01,  8.054125308990e-01
  6.005249999464e+01,  1.000025033951e+00,  2.180370953014e+01,  8.024571537971e-01
  6.015249998868e+01,  9.999936223030e-01,  2.180374094179e+01,  8.051091432571e-01
  6.025249999762e+01,  1.000013113022e+00,  2.180372145107e+01,  8.044709563255e-01
  6.035249999166e+01,  1.000019788742e+00,  2.180371477535e+01,  8.043775558472e-01
  6.045250000060e+01,  9.999947547913e-01,  2.180373980930e+01,  8.070742487907e-01
  6.055249999464e+01,  9.999842047691e-01,  2.180375035932e+01,  8.039087057114e-01
  6.065249998868e+01,  9.999925494194e-01,  2.180374201467e+01,  8.060200214386e-01
  6.075249999762e+01,  1.000033974648e+00,  2.180370058944e+01,  8.031614422798e-01
  6.085249999166e+01,  1.000015735626e+00,  2.180371882847e+01,  8.028077483177e-01
  6.095250000060e+01,  9.999526143074e-01,  2.180378194978e+01,  8.029690980911e-01
  6.105249999464e+01,  9.999697208405e-01,  2.180376484325e+01,  8.036709427834e-01
  6.115249998868e+01,  1.000025153160e+00,  2.180370941093e+01,  8.045698404312e-01
  6.125249999762e+01,  1.000008821487e+00,  2.180372574260e+01,  8.038884997368e-01
  6.135249999166e+01,  1.000018835068e+00,  2.180371572902e+01,  8.038377165794e-01
  6.145250000060e+01,  9.999896287918e-01,  2.180374493530e+01,  8.016395568848e-01
  6.154199999571e+01,  1.000031828880e+00,  2.180370273521e+01,  8.000961542130e-01
  6.154299999774e+01,  1.000034689903e+00,  2.180369987419e+01,  8.001318573952e-01
  6.154599998891e+01,  1.000039815903e+00,  2.180369474819e+01,  8.004589676857e-01
  6.164599999785e+01,  9.999950528145e-01,  2.180373951128e+01,  8.037284016609e-01
  6.173299999535e+01,  9.899271726608e-01,  2.181380739143e+01,  7.965067028999e-01
  6.175249999762e+01,  9.796694517136e-01,  2.182406511238e+01,  7.699049115181e-01
  6.176249998808e+01,  9.691160917282e-01,  2.183461847236e+01,  7.486227154732e-01
  6.176999999583e+01,  9.584578275681e-01,  2.184527673652e+01,  7.433326840401e-01
  6.177649998665e+01,  9.481350779533e-01,  2.185559948614e+01,  7.308299541473e-01
  6.178249999881e+01,  9.380070567131e-01,  2.186572750738e+01,  7.193706035614e-01
  6.178849999607e+01,  9.276120066643e-01,  2.187612255743e+01,  7.046992778778e-01
  6.179449999332e+01,  9.171482920647e-01,  2.188658627203e+01,  6.940829753876e-01
  6.180049999058e+01,  9.070546030998e-01,  2.189667996099e+01,  6.811435222626e-01
  6.180699999630e+01,  8.968426585197e-01,  2.190689190557e+01,  6.730372905731e-01
  6.181449998915e+01,  8.866116404533e-01,  2.191712292364e+01,  6.479671001434e-01
  6.182299999893e+01,  8.760182261467e-01,  2.192771633794e+01,  6.164958477020e-01
  6.183100000024e+01,  8.658635020256e-01,  2.193787106207e+01,  5.940806865692e-01
  6.183849999309e+01,  8.558079600334e-01,  2.194792660406e+01,  5.714671611786e-01
  6.184549999237e+01,  8.455883860588e-01,  2.195814617803e+01,  5.557849407196e-01
  6.185249999166e+01,  8.348805308342e-01,  2.196885403326e+01,  5.472362041473e-01
  6.185949999094e+01,  8.244091868401e-01,  2.197932537725e+01,  5.353496074677e-01
  6.186699999869e+01,  8.138653635979e-01,  2.198986920049e+01,  5.208957195282e-01
  6.187500000000e+01,  8.036839365959e-01,  2.200005062750e+01,  5.064647197723e-01
  6.188449999690e+01,  7.932698130608e-01,  2.201046475103e+01,  4.907405376434e-01
  6.189649999142e+01,  7.830044627190e-01,  2.202073010137e+01,  4.707553386688e-01
  6.191049998999e+01,  7.728859782219e-01,  2.203084858587e+01,  4.374721050262e-01
  6.192249999940e+01,  7.626931071281e-01,  2.204104145696e+01,  4.189364910126e-01
  6.193299999833e+01,  7.523285746574e-01,  2.205140598943e+01,  4.033229351044e-01
  6.194249999523e+01,  7.421242594719e-01,  2.206161030462e+01,  3.903834819794e-01
  6.195199999213e+01,  7.317520976067e-01,  2.207198246648e+01,  3.791110515594e-01
  6.196199999750e+01,  7.212883830070e-01,  2.208244618108e+01,  3.645846843719e-01
  6.197249999642e+01,  7.110230326653e-01,  2.209271153143e+01,  3.473765850067e-01
  6.198349998891e+01,  7.008129954338e-01,  2.210292156866e+01,  3.299548625946e-01
  6.199449999630e+01,  6.907441020012e-01,  2.211299046209e+01,  3.128077983856e-01
  6.200549998879e+01,  6.804749369621e-01,  2.212325962713e+01,  2.957789897919e-01
  6.201599998772e+01,  6.702801585197e-01,  2.213345440557e+01,  2.782886028290e-01
  6.202599999309e+01,  6.602330803871e-01,  2.214350148370e+01,  2.635599076748e-01
  6.203599999845e+01,  6.500173211098e-01,  2.215371724298e+01,  2.469926774502e-01
  6.204599998891e+01,  6.396985650063e-01,  2.216403599909e+01,  2.300439774990e-01
  6.205599999428e+01,  6.292081475258e-01,  2.217452641657e+01,  2.132326066494e-01
  6.206549999118e+01,  6.190839409828e-01,  2.218465062311e+01,  1.975236833096e-01
  6.207499998808e+01,  6.088643670082e-01,  2.219487019708e+01,  1.826959550381e-01
  6.208449999988e+01,  5.987210869789e-01,  2.220501347711e+01,  1.680551469326e-01
  6.209449999034e+01,  5.882726311684e-01,  2.221546193292e+01,  1.540094316006e-01
  6.210449999571e+01,  5.781903862953e-01,  2.222554417780e+01,  1.370531022549e-01
  6.211499999464e+01,  5.678945183754e-01,  2.223584004572e+01,  1.206231936812e-01
  6.212549999356e+01,  5.576997399330e-01,  2.224603482416e+01,  1.027742251754e-01
  6.213599999249e+01,  5.473771691322e-01,  2.225635739496e+01,  8.653887361288e-02
  6.214649999142e+01,  5.369325280190e-01,  2.226680203607e+01,  7.156237214804e-02
  6.215649999678e+01,  5.269303917885e-01,  2.227680417230e+01,  5.644473060966e-02
  6.216699999571e+01,  5.164781212807e-01,  2.228725644281e+01,  4.045351967216e-02
  6.217749999464e+01,  5.060945153236e-01,  2.229764004877e+01,  2.559527382255e-02
  6.218799999356e+01,  4.957967400551e-01,  2.230793782404e+01,  8.020963519812e-03
  6.219849999249e+01,  4.853292107582e-01,  2.231840535333e+01, -9.129915386438e-03
  6.220849999785e+01,  4.752202630043e-01,  2.232851430109e+01, -2.221814170480e-02
  6.221849998832e+01,  4.651723504066e-01,  2.233856221368e+01, -3.610363975167e-02
  6.222899998724e+01,  4.547658562660e-01,  2.234896870783e+01, -5.162182822824e-02
  6.223949998617e+01,  4.444814324379e-01,  2.235925313165e+01, -6.698743253946e-02
  6.225000000000e+01,  4.343419671059e-01,  2.236939259699e+01, -8.328381925821e-02
  6.226049999893e+01,  4.241700768471e-01,  2.237956448724e+01, -9.885922819376e-02
  6.227099999785e+01,  4.137788414955e-01,  2.238995572260e+01, -1.150449886918e-01
  6.228099998832e+01,  4.036808311939e-01,  2.240005373290e+01, -1.293679624796e-01
  6.229099999368e+01,  3.934955894947e-01,  2.241023897460e+01, -1.436540037394e-01
  6.230099999905e+01,  3.833141624928e-01,  2.242042040160e+01, -1.582948118448e-01
  6.231099998951e+01,  3.731746971607e-01,  2.243055986693e+01, -1.720429807901e-01
  6.232149998844e+01,  3.626919090748e-01,  2.244104265502e+01, -1.850701719522e-01
  6.233199998736e+01,  3.524380028248e-01,  2.245129656127e+01, -2.008706480265e-01
  6.234249998629e+01,  3.422642052174e-01,  2.246147035887e+01, -2.173730283976e-01
  6.235300000012e+01,  3.319320976734e-01,  2.247180246642e+01, -2.335168272257e-01
  6.236299999058e+01,  3.218574821949e-01,  2.248187708190e+01, -2.497216612101e-01
  6.237299999595e+01,  3.115768730640e-01,  2.249215769103e+01, -2.635117769241e-01
  6.238299998641e+01,  3.012771904469e-01,  2.250245737364e+01, -2.778702974319e-01
  6.239299999177e+01,  2.910843193531e-01,  2.251265024474e+01, -2.907983064651e-01
  6.240349999070e+01,  2.805977165699e-01,  2.252313684752e+01, -3.068581819534e-01
  6.241399998963e+01,  2.701607048512e-01,  2.253357385924e+01, -3.206559419632e-01
  6.242449998856e+01,  2.597084343433e-01,  2.254402612975e+01, -3.349877595901e-01
  6.243499998748e+01,  2.493019551039e-01,  2.255443260899e+01, -3.479348421097e-01
  6.244549998641e+01,  2.390003651381e-01,  2.256473419895e+01, -3.611146211624e-01
  6.245600000024e+01,  2.287559956312e-01,  2.257497856846e+01, -3.729287385941e-01
  6.246649999917e+01,  2.186146229506e-01,  2.258511994114e+01, -3.875886201859e-01
  6.247699999809e+01,  2.082634419203e-01,  2.259547112217e+01, -4.023934602737e-01
  6.248699998856e+01,  1.980476826429e-01,  2.260568688145e+01, -4.147073030472e-01
  6.249699999392e+01,  1.876945942640e-01,  2.261603996983e+01, -4.271546602249e-01
  6.250699999928e+01,  1.773910969496e-01,  2.262634346714e+01, -4.398728609085e-01
  6.251699998975e+01,  1.672859638929e-01,  2.263644860020e+01, -4.515668153763e-01
  6.252749998868e+01,  1.569513380527e-01,  2.264678322604e+01, -4.646837413311e-01
  6.253799998760e+01,  1.468252241611e-01,  2.265690933993e+01, -4.770471751690e-01
  6.254849998653e+01,  1.367334425449e-01,  2.266700112155e+01, -4.895975291729e-01
  6.255900000036e+01,  1.265386641026e-01,  2.267719589999e+01, -5.020601153374e-01
  6.256949999928e+01,  1.161893829703e-01,  2.268754518112e+01, -5.136300921440e-01
  6.257999999821e+01,  1.057256683707e-01,  2.269800889572e+01, -5.272447466850e-01
  6.258999998868e+01,  9.559001773596e-02,  2.270814454636e+01, -5.388681292534e-01
  6.259999999404e+01,  8.531703799963e-02,  2.271841752609e+01, -5.493051409721e-01
  6.260999999940e+01,  7.513179630041e-02,  2.272860276779e+01, -5.610887408257e-01
  6.262049999833e+01,  6.464519351721e-02,  2.273908937057e+01, -5.731088519096e-01
  6.263099999726e+01,  5.438175424933e-02,  2.274935280984e+01, -5.863038897514e-01
  6.264149999619e+01,  4.422512277961e-02,  2.275950944131e+01, -5.981332659721e-01
  6.265249998868e+01,  3.384723886847e-02,  2.276988732522e+01, -6.079675555229e-01
  6.266399998963e+01,  2.373256720603e-02,  2.278000199689e+01, -6.145069003105e-01
  6.267799998820e+01,  1.349010504782e-02,  2.279024445904e+01, -6.211788058281e-01
  6.270099999011e+01,  3.468895796686e-03,  2.280026566829e+01, -6.303007006645e-01
  6.270699998736e+01,  2.124215010554e-03,  2.280161034908e+01, -6.314327120781e-01
  6.270799998939e+01,  1.943016774021e-03,  2.280179154732e+01, -6.316878199577e-01
  6.271599999070e+01,  7.218368118629e-04,  2.280301272728e+01, -6.327694654465e-01
  6.271899999678e+01,  3.713615005836e-04,  2.280336320259e+01, -6.326576471329e-01
  6.299099999666e+01, -2.107586013153e-03,  2.280584215010e+01, -5.559991598129e-01
  6.299199999869e+01, -2.105179475620e-03,  2.280583974357e+01, -5.556825399399e-01
