           Test time,     Standard travel,     Tool separation,      Standard force
                 0.0,                 0.0,  8.250230164828e+00,  3.788616880774e-02
                 0.0,                 0.0,  8.250233025851e+00,  3.776123747230e-02
                 0.0,                 0.0,  8.250235886874e+00,  3.806241974235e-02
                 0.0,                 0.0,  8.250237794223e+00,  3.806207701564e-02
                 0.0,                 0.0,  8.250240655246e+00,  3.803796693683e-02
                 0.0,                 0.0,  1.827084978680e+01,  3.983888402581e-02
  0.000000000000e+00,  0.000000000000e+00,  1.827085527928e+01,  3.989301994443e-02
  8.000001311302e-03, -2.793967723846e-09,  1.827085528207e+01,  3.948848322034e-02
  1.100000739098e-02,  7.264316082001e-08,  1.827085520663e+01,  3.930239751935e-02
  1.299999654293e-02, -4.237517714500e-06,  1.827085951680e+01,  3.921132162213e-02
  1.399999856949e-02, -4.043802618980e-06,  1.827085932308e+01,  3.916244581342e-02
  1.140000075102e-01, -5.693640559912e-06,  1.827086097292e+01,  3.877057880163e-02
  2.145000100136e-01,  1.807370608731e-05,  1.827083720557e+01,  3.929510340095e-02
  3.149999976158e-01, -1.629223879718e-05,  1.827087157152e+01,  3.816613182425e-02
  4.150000065565e-01,  6.994320079684e-03,  1.826386095920e+01,  5.029771104455e-02
  4.345000088215e-01,  1.726253144443e-02,  1.825359274783e+01,  6.435984373093e-02
  4.450000077486e-01,  2.732379548252e-02,  1.824353148380e+01,  7.409662008286e-02
  4.530000090599e-01,  3.740603849292e-02,  1.823344924078e+01,  6.861490011215e-02
  4.605000019073e-01,  4.788119718432e-02,  1.822297408209e+01,  6.703907251358e-02
  4.675000011921e-01,  5.808932706714e-02,  1.821276595221e+01,  6.843477487564e-02
  4.745000004768e-01,  6.848056614399e-02,  1.820237471313e+01,  6.740802526474e-02
  4.814999997616e-01,  7.866199314594e-02,  1.819219328613e+01,  7.047030329704e-02
  4.890000075102e-01,  8.913333714008e-02,  1.818172194214e+01,  6.594106554985e-02
  4.970000088215e-01,  9.920413792133e-02,  1.817165114136e+01,  7.518294453621e-02
  5.059999972582e-01,  1.097784787416e-01,  1.816107680054e+01,  8.802321553230e-02
  5.150000005960e-01,  1.203757077456e-01,  1.815047957153e+01,  9.581854939461e-02
  5.234999954700e-01,  1.306639462709e-01,  1.814019133301e+01,  1.038618385792e-01
  5.314999967813e-01,  1.408377438784e-01,  1.813001753540e+01,  1.076679527760e-01
  5.390000045300e-01,  1.508436948061e-01,  1.812001158447e+01,  1.142293512821e-01
  5.464999973774e-01,  1.612425595522e-01,  1.810961271973e+01,  1.115387976170e-01
  5.540000051260e-01,  1.715307980776e-01,  1.809932448120e+01,  1.109654307365e-01
  5.620000064373e-01,  1.818762570620e-01,  1.808897902222e+01,  1.134790778160e-01
  5.705000013113e-01,  1.919165402651e-01,  1.807893873901e+01,  1.172201037407e-01
  5.805000066757e-01,  2.022581845522e-01,  1.806859709473e+01,  1.232272982597e-01
  5.920000076294e-01,  2.122813016176e-01,  1.805857397766e+01,  1.319729685783e-01
  6.050000041723e-01,  2.225134968758e-01,  1.804834178240e+01,  1.493097841740e-01
  6.169999986887e-01,  2.329314351082e-01,  1.803792384417e+01,  1.550590097904e-01
  6.274999976158e-01,  2.430918812752e-01,  1.802776339800e+01,  1.572031080723e-01
  6.375000029802e-01,  2.533496022224e-01,  1.801750567706e+01,  1.604598462582e-01
  6.475000083447e-01,  2.637217640877e-01,  1.800713351519e+01,  1.631399095058e-01
  6.574999988079e-01,  2.739184498787e-01,  1.799693682940e+01,  1.691318452358e-01
  6.679999977350e-01,  2.843402028084e-01,  1.798651507647e+01,  1.765075623989e-01
  6.784999966621e-01,  2.945883870125e-01,  1.797626689227e+01,  1.834855973721e-01
  6.889999955893e-01,  3.047316670418e-01,  1.796612361224e+01,  1.890655457973e-01
  6.995000094175e-01,  3.148310780525e-01,  1.795602420123e+01,  1.953283250332e-01
  7.100000083447e-01,  3.250048756599e-01,  1.794585040362e+01,  1.995292603970e-01
  7.205000072718e-01,  3.353274464607e-01,  1.793552783282e+01,  2.050529420376e-01
  7.304999977350e-01,  3.453372120857e-01,  1.792551806719e+01,  2.118736207485e-01
  7.405000030994e-01,  3.556178212166e-01,  1.791523745806e+01,  2.185302674770e-01
  7.500000000000e-01,  3.656542897224e-01,  1.790520098956e+01,  2.234369218349e-01
  7.594999969006e-01,  3.758242726326e-01,  1.789503100665e+01,  2.301317155361e-01
  7.690000087023e-01,  3.860095143318e-01,  1.788484576495e+01,  2.356306016445e-01
  7.785000056028e-01,  3.960688710213e-01,  1.787478640826e+01,  2.408071458340e-01
  7.884999960661e-01,  4.063952565193e-01,  1.786446002276e+01,  2.467580735683e-01
  7.985000014305e-01,  4.164393544197e-01,  1.785441592486e+01,  2.540861070156e-01
  8.090000003576e-01,  4.267409443855e-01,  1.784411433489e+01,  2.617393434048e-01
  8.194999992847e-01,  4.368861317635e-01,  1.783396914751e+01,  2.694545686245e-01
  8.299999982119e-01,  4.469645619392e-01,  1.782389071734e+01,  2.770362794399e-01
  8.404999971390e-01,  4.570868611336e-01,  1.781376841814e+01,  2.850528657436e-01
  8.509999960661e-01,  4.673826098442e-01,  1.780347266943e+01,  2.919730246067e-01
  8.615000098944e-01,  4.778653979301e-01,  1.779298988135e+01,  2.986821234226e-01
  8.715000003576e-01,  4.880277514458e-01,  1.778282752783e+01,  3.053235113621e-01
  8.815000057220e-01,  4.982282519341e-01,  1.777262702734e+01,  3.113116323948e-01
  8.914999961853e-01,  5.083295702934e-01,  1.776252570898e+01,  3.185099661350e-01
  9.020000100136e-01,  5.187208056450e-01,  1.775213447363e+01,  3.266429007053e-01
  9.125000089407e-01,  5.289728045464e-01,  1.774188247473e+01,  3.362540304661e-01
  9.230000078678e-01,  5.392610430717e-01,  1.773159423621e+01,  3.450774252415e-01
  9.335000067949e-01,  5.497362017632e-01,  1.772111907751e+01,  3.531188070774e-01
  9.434999972582e-01,  5.598222613335e-01,  1.771103301794e+01,  3.611659109592e-01
  9.535000026226e-01,  5.699731707573e-01,  1.770088210852e+01,  3.692740499973e-01
  9.635000079870e-01,  5.801393389702e-01,  1.769071594031e+01,  3.757399618626e-01
  9.734999984503e-01,  5.901986956596e-01,  1.768065658362e+01,  3.835810720921e-01
  9.839999973774e-01,  6.006662249565e-01,  1.767018905432e+01,  3.926219046116e-01
  9.940000027418e-01,  6.106798052788e-01,  1.766017547400e+01,  4.010809957981e-01
  1.004000008106e+00,  6.208078265190e-01,  1.765004745276e+01,  4.092406332493e-01
  1.013999998569e+00,  6.310235857964e-01,  1.763983169348e+01,  4.183425009251e-01
  1.024000003934e+00,  6.412546038628e-01,  1.762960067541e+01,  4.269808828831e-01
  1.034000009298e+00,  6.514627337456e-01,  1.761939254553e+01,  4.348239004612e-01
  1.043999999762e+00,  6.615983843803e-01,  1.760925689490e+01,  4.425410330296e-01
  1.054000005126e+00,  6.716043353081e-01,  1.759925094397e+01,  4.500807821751e-01
  1.064500004053e+00,  6.820108294487e-01,  1.758884444983e+01,  4.604739248753e-01
  1.075000002980e+00,  6.924821734428e-01,  1.757837310583e+01,  4.709052145481e-01
  1.085000008345e+00,  7.025606036186e-01,  1.756829467566e+01,  4.805869162083e-01
  1.094999998808e+00,  7.127305865288e-01,  1.755812469275e+01,  4.897917807102e-01
  1.105000004172e+00,  7.230443358421e-01,  1.754781094344e+01,  4.989725351334e-01
  1.115000009537e+00,  7.333135008812e-01,  1.753754177840e+01,  5.061937570572e-01
  1.125000000000e+00,  7.433499693871e-01,  1.752750530989e+01,  5.147291421890e-01
  1.135499998927e+00,  7.536591887474e-01,  1.751719609053e+01,  5.246378183365e-01
  1.145999997854e+00,  7.638577818871e-01,  1.750699749739e+01,  5.357805490494e-01
  1.156499996781e+00,  7.741326689720e-01,  1.749672261031e+01,  5.473238229752e-01
  1.166500002146e+00,  7.841615080833e-01,  1.748669377119e+01,  5.573564767838e-01
  1.176500007510e+00,  7.943887114525e-01,  1.747646656783e+01,  5.653082132339e-01
  1.186499997973e+00,  8.045930266380e-01,  1.746626225264e+01,  5.736662149429e-01
  1.196500003338e+00,  8.146256804466e-01,  1.745622959883e+01,  5.818258523941e-01
  1.207000002265e+00,  8.248662352562e-01,  1.744598904402e+01,  5.911165475845e-01
  1.217500001192e+00,  8.348912596703e-01,  1.743596401961e+01,  6.029611825943e-01
  1.228000000119e+00,  8.450059294701e-01,  1.742584934981e+01,  6.145349740982e-01
  1.238499999046e+00,  8.553914427757e-01,  1.741546383650e+01,  6.251455545425e-01
  1.248500004411e+00,  8.655118346214e-01,  1.740534344466e+01,  6.354089975357e-01
  1.258500009775e+00,  8.757504820824e-01,  1.739510479720e+01,  6.450620889664e-01
  1.268500000238e+00,  8.859471678734e-01,  1.738490811140e+01,  6.545435190201e-01
  1.278500005603e+00,  8.959531188011e-01,  1.737490216048e+01,  6.660333871841e-01
  1.289000004530e+00,  9.063004851341e-01,  1.736455479414e+01,  6.770139932632e-01
  1.299500003457e+00,  9.165887236595e-01,  1.735426655562e+01,  6.884027719498e-01
  1.310000002384e+00,  9.269303679466e-01,  1.734392491133e+01,  6.984125375748e-01
  1.320500001311e+00,  9.373940825462e-01,  1.733346119673e+01,  7.101083993912e-01
  1.330500006676e+00,  9.475030303001e-01,  1.732335224898e+01,  7.200762033463e-01
  1.340499997139e+00,  9.576081633568e-01,  1.731324711592e+01,  7.307058572769e-01
  1.350999996066e+00,  9.678614735603e-01,  1.730299380572e+01,  7.399573326111e-01
  1.362499997020e+00,  9.780371785164e-01,  1.729281810076e+01,  7.480368614197e-01
  1.376499995589e+00,  9.880583882332e-01,  1.728279689104e+01,  7.560076713562e-01
  1.398000001907e+00,  9.973967671394e-01,  1.727345851214e+01,  7.635211944580e-01
  1.498500004411e+00,  1.003414392471e+00,  1.726744088681e+01,  7.642235159874e-01
  1.599000006914e+00,  1.002816677094e+00,  1.726803860218e+01,  7.526714205742e-01
  1.699500009418e+00,  1.002087950706e+00,  1.726876732857e+01,  7.478207945824e-01
  1.799999997020e+00,  1.001403927803e+00,  1.726945135147e+01,  7.433764934540e-01
  1.900000005960e+00,  1.000941157341e+00,  1.726991412194e+01,  7.360558509827e-01
  2.000500008464e+00,  1.000592827797e+00,  1.727026245148e+01,  7.347607016563e-01
  2.100999996066e+00,  1.000349640846e+00,  1.727050563843e+01,  7.285045981407e-01
  2.201000005007e+00,  1.000222325325e+00,  1.727063295395e+01,  7.272512912750e-01
  2.301500007510e+00,  1.000147104263e+00,  1.727070817501e+01,  7.229226827621e-01
  2.402000010014e+00,  1.000061869621e+00,  1.727079340966e+01,  7.219127416611e-01
  2.502499997616e+00,  1.000023722649e+00,  1.727083155663e+01,  7.231128215790e-01
  2.602500006557e+00,  1.000025987625e+00,  1.727082929165e+01,  7.176766395569e-01
  2.703000009060e+00,  9.999961256981e-01,  1.727085915358e+01,  7.163356542587e-01
  2.803499996662e+00,  1.000025749207e+00,  1.727082953007e+01,  7.144258618355e-01
  2.903500005603e+00,  1.000004410744e+00,  1.727085086853e+01,  7.132470011711e-01
  3.004000008106e+00,  9.999650716782e-01,  1.727089020760e+01,  7.099313735962e-01
  3.104499995708e+00,  9.999920725822e-01,  1.727086320670e+01,  7.074229121208e-01
  3.204500004649e+00,  1.000005602837e+00,  1.727084967644e+01,  7.069806456566e-01
  3.305000007153e+00,  9.999907612801e-01,  1.727086451800e+01,  7.061494588852e-01
  3.405500009656e+00,  1.000029444695e+00,  1.727082583458e+01,  7.042480111122e-01
  3.505999997258e+00,  1.000001430511e+00,  1.727085384877e+01,  7.043231129646e-01
  3.606000006199e+00,  1.000016570091e+00,  1.727083870919e+01,  7.031805515289e-01
  3.706500008702e+00,  9.999842643738e-01,  1.727087101490e+01,  7.013892531395e-01
  3.806999996305e+00,  9.999876022339e-01,  1.727086767704e+01,  7.022226452827e-01
  3.907000005245e+00,  1.000012159348e+00,  1.727084311993e+01,  6.980295181274e-01
  4.007500007749e+00,  1.000011205673e+00,  1.727084407360e+01,  6.990487575531e-01
  4.108000010252e+00,  1.000001430511e+00,  1.727085384877e+01,  6.992395520210e-01
  4.208499997854e+00,  9.999834895134e-01,  1.727087178976e+01,  6.980711221695e-01
  4.308500006795e+00,  1.000031352043e+00,  1.727082392723e+01,  6.946064829826e-01
  4.409000009298e+00,  1.000005722046e+00,  1.727084955723e+01,  6.944576501846e-01
  4.509499996901e+00,  1.000007390976e+00,  1.727084788830e+01,  6.935101747513e-01
  4.609500005841e+00,  1.000002264977e+00,  1.727085301430e+01,  6.910668611526e-01
  4.710000008345e+00,  1.000009775162e+00,  1.727084550412e+01,  6.913645863533e-01
  4.810499995947e+00,  1.000018835068e+00,  1.727083644421e+01,  6.905024647713e-01
  4.910500004888e+00,  1.000038862228e+00,  1.727081641705e+01,  6.903191804886e-01
  5.011000007391e+00,  1.000039815903e+00,  1.727081546337e+01,  6.874994039536e-01
  5.111500009894e+00,  1.000025749207e+00,  1.727082953007e+01,  6.868409514427e-01
  5.211999997497e+00,  1.000024676323e+00,  1.727083060295e+01,  6.871702671051e-01
  5.312000006437e+00,  1.000016450882e+00,  1.727083882840e+01,  6.880336999893e-01
  5.412500008941e+00,  1.000029206276e+00,  1.727082607300e+01,  6.850923895836e-01
  5.512999996543e+00,  1.000005125999e+00,  1.727085015328e+01,  6.846919655800e-01
  5.613000005484e+00,  1.000014662743e+00,  1.727084061654e+01,  6.833503246307e-01
  5.713500007987e+00,  1.000013709068e+00,  1.727084157021e+01,  6.834574937820e-01
  5.813999995589e+00,  1.000043272972e+00,  1.727081200631e+01,  6.829491853714e-01
  5.914000004530e+00,  1.000028491020e+00,  1.727082678826e+01,  6.847470998764e-01
  6.013999998569e+00,  1.000028133392e+00,  1.727082714589e+01,  6.816425919533e-01
  6.114000007510e+00,  1.000028491020e+00,  1.727082678826e+01,  6.789196729660e-01
  6.214000001550e+00,  1.000024795532e+00,  1.727083048375e+01,  6.782985329628e-01
  6.313999995589e+00,  1.000025749207e+00,  1.727082953007e+01,  6.783600449562e-01
  6.414000004530e+00,  9.999919533730e-01,  1.727086332590e+01,  6.778631210327e-01
  6.513999998569e+00,  1.000010848045e+00,  1.727084443123e+01,  6.768475174904e-01
  6.614000007510e+00,  1.000034928322e+00,  1.727082035096e+01,  6.774041056633e-01
  6.714000001550e+00,  1.000032544136e+00,  1.727082273514e+01,  6.747472286224e-01
  6.813999995589e+00,  9.999929070473e-01,  1.727086237223e+01,  6.758621931076e-01
  6.914000004530e+00,  1.000012516975e+00,  1.727084276230e+01,  6.764881014824e-01
  7.013999998569e+00,  9.999989867210e-01,  1.727085629256e+01,  6.756935119629e-01
  7.114000007510e+00,  1.000020265579e+00,  1.727083501370e+01,  6.726097464561e-01
  7.214000001550e+00,  9.999936819077e-01,  1.727086159737e+01,  6.727288365364e-01
  7.313999995589e+00,  9.999696612358e-01,  1.727088561804e+01,  6.727003455162e-01
  7.414000004530e+00,  9.999996423721e-01,  1.727085563691e+01,  6.730432510376e-01
  7.513999998569e+00,  1.000015974045e+00,  1.727083930523e+01,  6.726142764091e-01
  7.614000007510e+00,  9.999965429306e-01,  1.727085873635e+01,  6.711166501045e-01
  7.714000001550e+00,  1.000026583672e+00,  1.727082869561e+01,  6.722708344460e-01
  7.813999995589e+00,  1.000012636185e+00,  1.727084264309e+01,  6.709040403366e-01
  7.914000004530e+00,  1.000055313110e+00,  1.727079996617e+01,  6.690431237221e-01
  8.013999998569e+00,  1.000002741814e+00,  1.727085253746e+01,  6.682826280594e-01
  8.114000007510e+00,  1.000034689903e+00,  1.727082058937e+01,  6.681977510452e-01
  8.214000001550e+00,  9.999997019768e-01,  1.727085557730e+01,  6.670544147491e-01
  8.313999995589e+00,  1.000020384789e+00,  1.727083489449e+01,  6.676839590073e-01
  8.414000004530e+00,  1.000003933907e+00,  1.727085134537e+01,  6.689935326576e-01
  8.513999998569e+00,  9.999780058861e-01,  1.727087727339e+01,  6.674066185951e-01
  8.614000007510e+00,  1.000004887581e+00,  1.727085039170e+01,  6.654890179634e-01
  8.714000001550e+00,  1.000008463860e+00,  1.727084681542e+01,  6.648272275925e-01
  8.813999995589e+00,  1.000014066696e+00,  1.727084121258e+01,  6.643022298813e-01
  8.914000004530e+00,  1.000012397766e+00,  1.727084288151e+01,  6.631929874420e-01
  9.013999998569e+00,  9.999920725822e-01,  1.727086320670e+01,  6.641729474068e-01
  9.114000007510e+00,  1.000000834465e+00,  1.727085444481e+01,  6.629127264023e-01
  9.214000001550e+00,  1.000011205673e+00,  1.727084407360e+01,  6.627506613731e-01
  9.313999995589e+00,  9.999845623970e-01,  1.727087071688e+01,  6.619336605072e-01
  9.414000004530e+00,  1.000002026558e+00,  1.727085325272e+01,  6.618760228157e-01
  9.513999998569e+00,  1.000005245209e+00,  1.727085003407e+01,  6.630993485451e-01
  9.614000007510e+00,  1.000004053116e+00,  1.727085122616e+01,  6.606507897377e-01
  9.714000001550e+00,  9.999755620956e-01,  1.727087971718e+01,  6.608248353004e-01
  9.813999995589e+00,  1.000025510788e+00,  1.727082976849e+01,  6.617663502693e-01
  9.914000004530e+00,  1.000013351440e+00,  1.727084192784e+01,  6.614915728569e-01
  1.001399999857e+01,  1.000010132790e+00,  1.727084514649e+01,  6.616915464401e-01
  1.011400000751e+01,  1.000004768372e+00,  1.727085051091e+01,  6.601192355156e-01
  1.021400000155e+01,  1.000002264977e+00,  1.727085301430e+01,  6.605840921402e-01
  1.031399999559e+01,  9.999954700470e-01,  1.727085980923e+01,  6.584744453430e-01
  1.041400000453e+01,  1.000000953674e+00,  1.727085432560e+01,  6.582748293877e-01
  1.051399999857e+01,  9.999966621399e-01,  1.727085861714e+01,  6.591069102287e-01
  1.061400000751e+01,  9.999982118607e-01,  1.727085706742e+01,  6.575645804405e-01
  1.071400000155e+01,  1.000000476837e+00,  1.727085480244e+01,  6.576578021049e-01
  1.081399999559e+01,  9.999987483025e-01,  1.727085653098e+01,  6.557152867317e-01
  1.091400000453e+01,  1.000008702278e+00,  1.727084657700e+01,  6.556537151337e-01
  1.101399999857e+01,  1.000000715256e+00,  1.727085456402e+01,  6.536664366722e-01
  1.111400000751e+01,  1.000002861023e+00,  1.727085241825e+01,  6.549612879753e-01
  1.121400000155e+01,  9.999779462814e-01,  1.727087733300e+01,  6.527299880981e-01
  1.131399999559e+01,  9.999962449074e-01,  1.727085903437e+01,  6.551390290260e-01
  1.141400000453e+01,  1.000009536743e+00,  1.727084574253e+01,  6.579787135124e-01
  1.151399999857e+01,  9.999840259552e-01,  1.727087125332e+01,  6.573655605316e-01
  1.161400000751e+01,  1.000001430511e+00,  1.727085384877e+01,  6.556923985481e-01
  1.171400000155e+01,  9.999870061874e-01,  1.727086827309e+01,  6.550292968750e-01
  1.181399999559e+01,  1.000010251999e+00,  1.727084502728e+01,  6.528204083443e-01
  1.191400000453e+01,  1.000016689301e+00,  1.727083858998e+01,  6.520205140114e-01
  1.201399999857e+01,  1.000005245209e+00,  1.727085003407e+01,  6.537903547287e-01
  1.211400000751e+01,  9.999712705612e-01,  1.727088400872e+01,  6.517540812492e-01
  1.221400000155e+01,  1.000015735626e+00,  1.727083954365e+01,  6.512619853020e-01
  1.231399999559e+01,  1.000036597252e+00,  1.727081868203e+01,  6.516897678375e-01
  1.241400000453e+01,  1.000009179115e+00,  1.727084610016e+01,  6.544205546379e-01
  1.251399999857e+01,  1.000017404556e+00,  1.727083787472e+01,  6.520543098450e-01
  1.261400000751e+01,  1.000008463860e+00,  1.727084681542e+01,  6.508367061615e-01
  1.271400000155e+01,  9.999849200249e-01,  1.727087035925e+01,  6.491163372993e-01
  1.281399999559e+01,  9.999954700470e-01,  1.727085980923e+01,  6.501305103302e-01
  1.291400000453e+01,  9.999860525131e-01,  1.727086922676e+01,  6.508564352989e-01
  1.301399999857e+01,  1.000010609627e+00,  1.727084466965e+01,  6.507431864738e-01
  1.311400000751e+01,  9.999907612801e-01,  1.727086451800e+01,  6.451296806335e-01
  1.321400000155e+01,  9.999672174454e-01,  1.727088806183e+01,  6.463493704796e-01
  1.331399999559e+01,  9.999871850014e-01,  1.727086809428e+01,  6.457417011261e-01
  1.341400000453e+01,  1.000021934509e+00,  1.727083334477e+01,  6.447806954384e-01
  1.351399999857e+01,  1.000045061111e+00,  1.727081021817e+01,  6.497892737389e-01
  1.361400000751e+01,  1.000036597252e+00,  1.727081868203e+01,  6.472792625427e-01
  1.371400000155e+01,  9.999840259552e-01,  1.727087125332e+01,  6.479979753494e-01
  1.381399999559e+01,  1.000013232231e+00,  1.727084204705e+01,  6.449249982834e-01
  1.391400000453e+01,  1.000031232834e+00,  1.727082404644e+01,  6.465828418732e-01
  1.401399999857e+01,  1.000036358833e+00,  1.727081892044e+01,  6.456150412560e-01
  1.411400000751e+01,  1.000016212463e+00,  1.727083906681e+01,  6.436825394630e-01
  1.421400000155e+01,  1.000019550323e+00,  1.727083572895e+01,  6.456156373024e-01
  1.431399999559e+01,  1.000023961067e+00,  1.727083131821e+01,  6.435302495956e-01
  1.441400000453e+01,  1.000005125999e+00,  1.727085015328e+01,  6.444668769836e-01
  1.451399999857e+01,  9.999926090240e-01,  1.727086267025e+01,  6.434942483902e-01
  1.461400000751e+01,  9.999961256981e-01,  1.727085915358e+01,  6.425862908363e-01
  1.471400000155e+01,  1.000020980835e+00,  1.727083429844e+01,  6.396497488022e-01
  1.481399999559e+01,  9.999938607216e-01,  1.727086141856e+01,  6.411287188530e-01
  1.491400000453e+01,  1.000005960464e+00,  1.727084931881e+01,  6.416968703270e-01
  1.501399999857e+01,  1.000017642975e+00,  1.727083763630e+01,  6.409020423889e-01
  1.511400000751e+01,  9.999985098839e-01,  1.727085676939e+01,  6.413802504539e-01
  1.521400000155e+01,  9.999967813492e-01,  1.727085849793e+01,  6.379016637802e-01
  1.531399999559e+01,  1.000000119209e+00,  1.727085516007e+01,  6.386328339577e-01
  1.541400000453e+01,  9.999996423721e-01,  1.727085563691e+01,  6.365050077438e-01
  1.551399999857e+01,  9.999983310699e-01,  1.727085694821e+01,  6.380177140236e-01
  1.561400000751e+01,  1.000008940697e+00,  1.727084633858e+01,  6.374213099480e-01
  1.571400000155e+01,  9.999851584435e-01,  1.727087012083e+01,  6.359962224960e-01
  1.581399999559e+01,  1.000012040138e+00,  1.727084323914e+01,  6.371747255325e-01
  1.591400000453e+01,  9.999828338623e-01,  1.727087244542e+01,  6.358695626259e-01
  1.601399999857e+01,  9.999907016754e-01,  1.727086457760e+01,  6.366876363754e-01
  1.611400000751e+01,  9.999802708626e-01,  1.727087500842e+01,  6.363337039948e-01
  1.621400000155e+01,  1.000008463860e+00,  1.727084681542e+01,  6.351662874222e-01
  1.631399999559e+01,  1.000004768372e+00,  1.727085051091e+01,  6.361811161041e-01
  1.641400000453e+01,  1.000001072884e+00,  1.727085420639e+01,  6.373996734619e-01
  1.651399999857e+01,  1.000027537346e+00,  1.727082774193e+01,  6.372277736664e-01
  1.661400000751e+01,  1.000011563301e+00,  1.727084371598e+01,  6.367426514626e-01
  1.671400000155e+01,  1.000008106232e+00,  1.727084717305e+01,  6.357143521309e-01
  1.681399999559e+01,  1.000014305115e+00,  1.727084097416e+01,  6.363075971603e-01
  1.691400000453e+01,  9.999692440033e-01,  1.727088603527e+01,  6.344812512398e-01
  1.701399999857e+01,  9.999958872795e-01,  1.727085939200e+01,  6.321257948875e-01
  1.711400000751e+01,  9.999870657921e-01,  1.727086821349e+01,  6.322770118713e-01
  1.721400000155e+01,  9.999790787697e-01,  1.727087620051e+01,  6.340947151184e-01
  1.731399999559e+01,  9.999775886536e-01,  1.727087769062e+01,  6.322377920151e-01
  1.741400000453e+01,  1.000010490417e+00,  1.727084478886e+01,  6.321802735329e-01
  1.751399999857e+01,  1.000028848648e+00,  1.727082643063e+01,  6.321442127228e-01
  1.761400000751e+01,  1.000016331673e+00,  1.727083894760e+01,  6.325197219849e-01
  1.771400000155e+01,  1.000002622604e+00,  1.727085265667e+01,  6.310740113258e-01
  1.781399999559e+01,  9.999973177910e-01,  1.727085796149e+01,  6.322960257530e-01
  1.791400000453e+01,  9.999761581421e-01,  1.727087912114e+01,  6.314178705215e-01
  1.801399999857e+01,  1.000026822090e+00,  1.727082845719e+01,  6.318489909172e-01
  1.811400000751e+01,  1.000020980835e+00,  1.727083429844e+01,  6.323341727257e-01
  1.821400000155e+01,  1.000024199486e+00,  1.727083107979e+01,  6.308985352516e-01
  1.831399999559e+01,  1.000006198883e+00,  1.727084908039e+01,  6.319063901901e-01
  1.841400000453e+01,  1.000021934509e+00,  1.727083334477e+01,  6.291185021400e-01
  1.851399999857e+01,  1.000028729439e+00,  1.727082654984e+01,  6.295208334923e-01
  1.861400000751e+01,  1.000015616417e+00,  1.727083966286e+01,  6.299755573273e-01
  1.871400000155e+01,  9.999884963036e-01,  1.727086678297e+01,  6.287895441055e-01
  1.881399999559e+01,  1.000010371208e+00,  1.727084490807e+01,  6.313867568970e-01
  1.891400000453e+01,  9.999891519547e-01,  1.727086612732e+01,  6.282728910446e-01
  1.901399999857e+01,  1.000007510185e+00,  1.727084776909e+01,  6.298668980598e-01
  1.911400000751e+01,  9.999719858170e-01,  1.727088329346e+01,  6.263141036034e-01
  1.921400000155e+01,  9.999932646751e-01,  1.727086201460e+01,  6.299772858620e-01
  1.931399999559e+01,  1.000000715256e+00,  1.727085456402e+01,  6.282284855843e-01
  1.941400000453e+01,  1.000004053116e+00,  1.727085122616e+01,  6.274722218513e-01
  1.951399999857e+01,  9.999974370003e-01,  1.727085784228e+01,  6.269182562828e-01
  1.961400000751e+01,  1.000027418137e+00,  1.727082786114e+01,  6.266541481018e-01
  1.971400000155e+01,  9.999879598618e-01,  1.727086731942e+01,  6.276947259903e-01
  1.981399999559e+01,  1.000021934509e+00,  1.727083334477e+01,  6.250149607658e-01
  1.991400000453e+01,  9.999938011169e-01,  1.727086147816e+01,  6.279492974281e-01
  2.001399999857e+01,  9.999917149544e-01,  1.727086356432e+01,  6.274694204330e-01
  2.011400000751e+01,  9.999874830246e-01,  1.727086779625e+01,  6.278026700020e-01
  2.021400000155e+01,  9.999995231628e-01,  1.727085575611e+01,  6.284536123276e-01
  2.031399999559e+01,  1.000019788742e+00,  1.727083549054e+01,  6.257119774818e-01
  2.041400000453e+01,  9.999897480011e-01,  1.727086553128e+01,  6.267384290695e-01
  2.051399999857e+01,  9.999936819077e-01,  1.727086159737e+01,  6.252952814102e-01
  2.061400000751e+01,  1.000002861023e+00,  1.727085241825e+01,  6.251817941666e-01
  2.071400000155e+01,  1.000002622604e+00,  1.727085265667e+01,  6.225905418396e-01
  2.081399999559e+01,  9.999799728394e-01,  1.727087530644e+01,  6.253547072411e-01
  2.091400000453e+01,  9.999821782112e-01,  1.727087310107e+01,  6.254517436028e-01
  2.101399999857e+01,  9.999826550484e-01,  1.727087262423e+01,  6.238903999329e-01
  2.111400000751e+01,  1.000020265579e+00,  1.727083501370e+01,  6.222330331802e-01
  2.121400000155e+01,  1.000006437302e+00,  1.727084884198e+01,  6.222151517868e-01
  2.131399999559e+01,  9.999908208847e-01,  1.727086445839e+01,  6.227813959122e-01
  2.141400000453e+01,  9.999684095383e-01,  1.727088686974e+01,  6.202866435051e-01
  2.151399999857e+01,  9.999915361404e-01,  1.727086374314e+01,  6.202122569084e-01
  2.161400000751e+01,  9.999912381172e-01,  1.727086404116e+01,  6.216135025024e-01
  2.171400000155e+01,  9.999920725822e-01,  1.727086320670e+01,  6.211721301079e-01
  2.181399999559e+01,  1.000020265579e+00,  1.727083501370e+01,  6.226090192795e-01
  2.191400000453e+01,  1.000002384186e+00,  1.727085289509e+01,  6.220501065254e-01
  2.201399999857e+01,  1.000015497208e+00,  1.727083978207e+01,  6.215537190437e-01
  2.211400000751e+01,  1.000028610229e+00,  1.727082666905e+01,  6.229493618011e-01
  2.221400000155e+01,  9.999962449074e-01,  1.727085903437e+01,  6.212464570999e-01
  2.231399999559e+01,  9.999997615814e-01,  1.727085551770e+01,  6.209061145782e-01
  2.241400000453e+01,  1.000005602837e+00,  1.727084967644e+01,  6.197257041931e-01
  2.251399999857e+01,  1.000031352043e+00,  1.727082392723e+01,  6.205190420151e-01
  2.261400000751e+01,  1.000031709671e+00,  1.727082356961e+01,  6.216832399368e-01
  2.271400000155e+01,  1.000034570694e+00,  1.727082070858e+01,  6.217866539955e-01
  2.281399999559e+01,  1.000024795532e+00,  1.727083048375e+01,  6.205192208290e-01
  2.291400000453e+01,  1.000045537949e+00,  1.727080974133e+01,  6.198573708534e-01
  2.301399999857e+01,  9.999956488609e-01,  1.727085963042e+01,  6.210272908211e-01
  2.311400000751e+01,  9.999732971191e-01,  1.727088198216e+01,  6.185865402222e-01
  2.321400000155e+01,  1.000001549721e+00,  1.727085372956e+01,  6.197718977928e-01
  2.331399999559e+01,  9.999797344208e-01,  1.727087554486e+01,  6.193358302116e-01
  2.341400000453e+01,  9.999933838844e-01,  1.727086189539e+01,  6.198140978813e-01
  2.351399999857e+01,  9.999912381172e-01,  1.727086404116e+01,  6.199374198914e-01
  2.361400000751e+01,  9.999718666077e-01,  1.727088341267e+01,  6.186025142670e-01
  2.371400000155e+01,  9.999939203262e-01,  1.727086135895e+01,  6.177130341530e-01
  2.381399999559e+01,  1.000021815300e+00,  1.727083346398e+01,  6.177659034729e-01
  2.391400000453e+01,  9.999846816063e-01,  1.727087059767e+01,  6.187636852264e-01
  2.401399999857e+01,  1.000003218651e+00,  1.727085206063e+01,  6.148790717125e-01
  2.411400000751e+01,  1.000017285347e+00,  1.727083799393e+01,  6.156892180443e-01
  2.421400000155e+01,  1.000000357628e+00,  1.727085492165e+01,  6.154315471649e-01
  2.431399999559e+01,  1.000010371208e+00,  1.727084490807e+01,  6.170151233673e-01
  2.441400000453e+01,  9.999986290932e-01,  1.727085665018e+01,  6.142457723618e-01
  2.451399999857e+01,  9.999943375587e-01,  1.727086094172e+01,  6.143180131912e-01
  2.461400000751e+01,  1.000005841255e+00,  1.727084943802e+01,  6.126586198807e-01
  2.471400000155e+01,  1.000012516975e+00,  1.727084276230e+01,  6.146537661552e-01
  2.481399999559e+01,  1.000018000603e+00,  1.727083727867e+01,  6.138594746590e-01
  2.491400000453e+01,  9.999638795853e-01,  1.727089139969e+01,  6.156688332558e-01
  2.501399999857e+01,  1.000014662743e+00,  1.727084061654e+01,  6.150578856468e-01
  2.511400000751e+01,  1.000001072884e+00,  1.727085420639e+01,  6.122564673424e-01
  2.521400000155e+01,  1.000015139580e+00,  1.727084013970e+01,  6.134599447250e-01
  2.531399999559e+01,  1.000000238419e+00,  1.727085504086e+01,  6.129493117332e-01
  2.541400000453e+01,  9.999927282333e-01,  1.727086255104e+01,  6.140289902687e-01
  2.551399999857e+01,  1.000000953674e+00,  1.727085432560e+01,  6.144031882286e-01
  2.561400000751e+01,  1.000027060509e+00,  1.727082821877e+01,  6.128705143929e-01
  2.571400000155e+01,  1.000005364418e+00,  1.727084991486e+01,  6.153913140297e-01
  2.581399999559e+01,  1.000007867813e+00,  1.727084741146e+01,  6.154406070709e-01
  2.591400000453e+01,  9.999797344208e-01,  1.727087554486e+01,  6.132097840309e-01
  2.601399999857e+01,  1.000013589859e+00,  1.727084168942e+01,  6.127505898476e-01
  2.611400000751e+01,  9.999927878380e-01,  1.727086249144e+01,  6.116682291031e-01
  2.621400000155e+01,  9.999859333038e-01,  1.727086934597e+01,  6.123591065407e-01
  2.631399999559e+01,  1.000016689301e+00,  1.727083858998e+01,  6.086179614067e-01
  2.641400000453e+01,  1.000008940697e+00,  1.727084633858e+01,  6.097582578659e-01
  2.651399999857e+01,  9.999921917915e-01,  1.727086308749e+01,  6.109033823013e-01
  2.661400000751e+01,  1.000016689301e+00,  1.727083858998e+01,  6.096770763397e-01
  2.671400000155e+01,  1.000024318695e+00,  1.727083096058e+01,  6.062815189362e-01
  2.681399999559e+01,  1.000007152557e+00,  1.727084812672e+01,  6.098614931107e-01
  2.691400000453e+01,  1.000032424927e+00,  1.727082285435e+01,  6.074860692024e-01
  2.701399999857e+01,  1.000002861023e+00,  1.727085241825e+01,  6.086768507957e-01
  2.711400000751e+01,  9.999963045120e-01,  1.727085897477e+01,  6.069605350494e-01
  2.721400000155e+01,  1.000002503395e+00,  1.727085277588e+01,  6.074847579002e-01
  2.731399999559e+01,  9.999915361404e-01,  1.727086374314e+01,  6.082357764244e-01
  2.741400000453e+01,  9.999815821648e-01,  1.727087369711e+01,  6.069047451019e-01
  2.751399999857e+01,  1.000012159348e+00,  1.727084311993e+01,  6.077619194984e-01
  2.761400000751e+01,  9.999978542328e-01,  1.727085742504e+01,  6.076176762581e-01
  2.771400000155e+01,  9.999879598618e-01,  1.727086731942e+01,  6.076338291168e-01
  2.781399999559e+01,  9.999611973763e-01,  1.727089408190e+01,  6.073243021965e-01
  2.791400000453e+01,  9.999986290932e-01,  1.727085665018e+01,  6.070165038109e-01
  2.801399999857e+01,  9.999701976776e-01,  1.727088508160e+01,  6.056061983109e-01
  2.811400000751e+01,  1.000016093254e+00,  1.727083918602e+01,  6.071882247925e-01
  2.821400000155e+01,  1.000040531158e+00,  1.727081474812e+01,  6.073539853096e-01
  2.831399999559e+01,  1.000025510788e+00,  1.727082976849e+01,  6.091893911362e-01
  2.841400000453e+01,  1.000026941299e+00,  1.727082833798e+01,  6.063267588615e-01
  2.851399999857e+01,  9.999963045120e-01,  1.727085897477e+01,  6.050447821617e-01
  2.861400000751e+01,  1.000021934509e+00,  1.727083334477e+01,  6.087060570717e-01
  2.871400000155e+01,  1.000007271767e+00,  1.727084800751e+01,  6.082168221474e-01
  2.881399999559e+01,  1.000025272369e+00,  1.727083000691e+01,  6.050404906273e-01
  2.891400000453e+01,  9.999954104424e-01,  1.727085986884e+01,  6.064938902855e-01
  2.901399999857e+01,  9.999857544899e-01,  1.727086952479e+01,  6.069647669792e-01
  2.911400000751e+01,  9.999960660934e-01,  1.727085921318e+01,  6.067613959312e-01
  2.921400000155e+01,  9.999929666519e-01,  1.727086231263e+01,  6.047936677933e-01
  2.931399999559e+01,  1.000019192696e+00,  1.727083608658e+01,  6.040961146355e-01
  2.941400000453e+01,  1.000010967255e+00,  1.727084431202e+01,  6.047756075859e-01
  2.951399999857e+01,  9.999856352806e-01,  1.727086964400e+01,  6.056444644928e-01
  2.961400000751e+01,  9.999899268150e-01,  1.727086535246e+01,  6.040765643120e-01
  2.971400000155e+01,  9.999742507935e-01,  1.727088102848e+01,  6.045971512794e-01
  2.981399999559e+01,  1.000005364418e+00,  1.727084991486e+01,  6.037908792496e-01
  2.991400000453e+01,  1.000024676323e+00,  1.727083060295e+01,  6.040641069412e-01
  3.001399999857e+01,  1.000002145767e+00,  1.727085313351e+01,  6.027555465698e-01
  3.011400000751e+01,  1.000005006790e+00,  1.727085027249e+01,  6.036915779114e-01
  3.021400000155e+01,  9.999880790710e-01,  1.727086720021e+01,  6.035122871399e-01
  3.031399999559e+01,  9.999815821648e-01,  1.727087369711e+01,  6.008223295212e-01
  3.041400000453e+01,  9.999997615814e-01,  1.727085551770e+01,  5.997911691666e-01
  3.051399999857e+01,  1.000004291534e+00,  1.727085098774e+01,  6.000043153763e-01
  3.061400000751e+01,  9.999792575836e-01,  1.727087602169e+01,  6.011573076248e-01
  3.071400000155e+01,  1.000010609627e+00,  1.727084466965e+01,  6.003490686417e-01
  3.081399999559e+01,  9.999960064888e-01,  1.727085927279e+01,  6.010753512383e-01
  3.091400000453e+01,  1.000026345253e+00,  1.727082893402e+01,  6.012050509453e-01
  3.101399999857e+01,  9.999898076057e-01,  1.727086547167e+01,  5.985884666443e-01
  3.111400000751e+01,  1.000023007393e+00,  1.727083227188e+01,  5.998682975769e-01
  3.121400000155e+01,  9.999818205833e-01,  1.727087345869e+01,  5.974071621895e-01
  3.131399999559e+01,  9.999867081642e-01,  1.727086857111e+01,  5.989459156990e-01
  3.141400000453e+01,  9.999894499779e-01,  1.727086582930e+01,  5.980166196823e-01
  3.151399999857e+01,  1.000006437302e+00,  1.727084884198e+01,  5.993906259537e-01
  3.161400000751e+01,  1.000013470650e+00,  1.727084180863e+01,  5.981197953224e-01
  3.171400000155e+01,  9.999853372574e-01,  1.727086994202e+01,  5.989117026329e-01
  3.181399999559e+01,  9.999799728394e-01,  1.727087530644e+01,  5.971589684486e-01
  3.191400000453e+01,  1.000033617020e+00,  1.727082166226e+01,  5.957361459732e-01
  3.201399999857e+01,  9.999738931656e-01,  1.727088138611e+01,  5.971810817719e-01
  3.211400000751e+01,  1.000020980835e+00,  1.727083429844e+01,  5.980482101440e-01
  3.221400000155e+01,  1.000020027161e+00,  1.727083525212e+01,  5.984123945236e-01
  3.231399999559e+01,  1.000023961067e+00,  1.727083131821e+01,  5.978554487228e-01
  3.241400000453e+01,  9.999928474426e-01,  1.727086243184e+01,  5.988886952400e-01
  3.251399999857e+01,  9.999603033066e-01,  1.727089497597e+01,  5.958363413811e-01
  3.261400000751e+01,  9.999965429306e-01,  1.727085873635e+01,  5.964402556419e-01
  3.271400000155e+01,  1.000002384186e+00,  1.727085289509e+01,  5.950935482979e-01
  3.281399999559e+01,  9.999897480011e-01,  1.727086553128e+01,  5.939953923225e-01
  3.291400000453e+01,  1.000012874603e+00,  1.727084240467e+01,  5.955638885498e-01
  3.301399999857e+01,  1.000025629997e+00,  1.727082964928e+01,  5.945159792900e-01
  3.311400000751e+01,  1.000004768372e+00,  1.727085051091e+01,  5.968728661537e-01
  3.321400000155e+01,  1.000037670135e+00,  1.727081760914e+01,  5.951025485992e-01
  3.331399999559e+01,  9.999908208847e-01,  1.727086445839e+01,  5.965440869331e-01
  3.341400000453e+01,  1.000026583672e+00,  1.727082869561e+01,  5.940649509430e-01
  3.351399999857e+01,  9.999972581863e-01,  1.727085802109e+01,  5.942620038986e-01
  3.361400000751e+01,  1.000016689301e+00,  1.727083858998e+01,  5.956540107727e-01
  3.371400000155e+01,  9.999995231628e-01,  1.727085575611e+01,  5.939333438873e-01
  3.381399999559e+01,  9.999853372574e-01,  1.727086994202e+01,  5.947433114052e-01
  3.391400000453e+01,  1.000009417534e+00,  1.727084586174e+01,  5.947688817978e-01
  3.401399999857e+01,  9.999859929085e-01,  1.727086928637e+01,  5.967391729355e-01
  3.411400000751e+01,  1.000012993813e+00,  1.727084228547e+01,  5.940772294998e-01
  3.421400000155e+01,  9.999988675117e-01,  1.727085641177e+01,  5.950480699539e-01
  3.431399999559e+01,  1.000001788139e+00,  1.727085349114e+01,  5.918186306953e-01
  3.441400000453e+01,  1.000027894974e+00,  1.727082738430e+01,  5.919439196587e-01
  3.451399999857e+01,  9.999876022339e-01,  1.727086767704e+01,  5.925849676132e-01
  3.461400000751e+01,  1.000031590462e+00,  1.727082368882e+01,  5.939311385155e-01
  3.471400000155e+01,  1.000004768372e+00,  1.727085051091e+01,  5.922591090202e-01
  3.481399999559e+01,  1.000010728836e+00,  1.727084455044e+01,  5.925556421280e-01
  3.491400000453e+01,  9.999986886978e-01,  1.727085659058e+01,  5.916628837585e-01
  3.501399999857e+01,  9.999811649323e-01,  1.727087411435e+01,  5.925073623657e-01
  3.511400000751e+01,  1.000026941299e+00,  1.727082833798e+01,  5.914183259010e-01
  3.521400000155e+01,  9.999887943268e-01,  1.727086648495e+01,  5.905410051346e-01
  3.531399999559e+01,  9.999843835831e-01,  1.727087089569e+01,  5.935454368591e-01
  3.541400000453e+01,  9.999989271164e-01,  1.727085635216e+01,  5.910363197327e-01
  3.551399999857e+01,  1.000001788139e+00,  1.727085349114e+01,  5.919663906097e-01
  3.561400000751e+01,  1.000030517578e+00,  1.727082476170e+01,  5.915014147758e-01
  3.571400000155e+01,  1.000002145767e+00,  1.727085313351e+01,  5.893454551697e-01
  3.581399999559e+01,  9.999925494194e-01,  1.727086272986e+01,  5.891669988632e-01
  3.591400000453e+01,  9.999873638153e-01,  1.727086791546e+01,  5.928933024406e-01
  3.601399999857e+01,  9.999948740005e-01,  1.727086040528e+01,  5.900100469589e-01
  3.611400000751e+01,  9.999772310257e-01,  1.727087804825e+01,  5.893593430519e-01
  3.621400000155e+01,  9.999979734421e-01,  1.727085730584e+01,  5.900549888611e-01
  3.631399999559e+01,  9.999966621399e-01,  1.727085861714e+01,  5.889652371407e-01
  3.641400000453e+01,  9.999909996986e-01,  1.727086427958e+01,  5.900917649269e-01
  3.651399999857e+01,  1.000004649162e+00,  1.727085063012e+01,  5.919445753098e-01
  3.661400000751e+01,  1.000023007393e+00,  1.727083227188e+01,  5.905829668045e-01
  3.671400000155e+01,  1.000021219254e+00,  1.727083406002e+01,  5.909380912781e-01
  3.681399999559e+01,  9.999986290932e-01,  1.727085665018e+01,  5.906472206116e-01
  3.691400000453e+01,  9.999983310699e-01,  1.727085694821e+01,  5.891886949539e-01
  3.701399999857e+01,  1.000017642975e+00,  1.727083763630e+01,  5.907698273659e-01
  3.711400000751e+01,  9.999955892563e-01,  1.727085969002e+01,  5.892605185509e-01
  3.721400000155e+01,  1.000023484230e+00,  1.727083179505e+01,  5.880104899406e-01
  3.731399999559e+01,  1.000005483627e+00,  1.727084979565e+01,  5.888948440552e-01
  3.741400000453e+01,  1.000012040138e+00,  1.727084323914e+01,  5.871069431305e-01
  3.751399999857e+01,  9.999878406525e-01,  1.727086743863e+01,  5.877463221550e-01
  3.761400000751e+01,  9.999979138374e-01,  1.727085736544e+01,  5.880533456802e-01
  3.771400000155e+01,  9.999920725822e-01,  1.727086320670e+01,  5.890257358551e-01
  3.781399999559e+01,  9.999984502792e-01,  1.727085682900e+01,  5.858948230743e-01
  3.791400000453e+01,  9.999934434891e-01,  1.727086183579e+01,  5.860163569450e-01
  3.801399999857e+01,  9.999917149544e-01,  1.727086356432e+01,  5.843315720558e-01
  3.811400000751e+01,  9.999755620956e-01,  1.727087971718e+01,  5.844022035599e-01
  3.821400000155e+01,  1.000008940697e+00,  1.727084633858e+01,  5.871409177780e-01
  3.831399999559e+01,  9.999929666519e-01,  1.727086231263e+01,  5.861175060272e-01
  3.841400000453e+01,  9.999540448189e-01,  1.727090123446e+01,  5.865877270699e-01
  3.851399999857e+01,  9.999811649323e-01,  1.727087411435e+01,  5.861393213272e-01
  3.861400000751e+01,  1.000018835068e+00,  1.727083644421e+01,  5.875397920609e-01
  3.871400000155e+01,  9.999800324440e-01,  1.727087524683e+01,  5.851421952248e-01
  3.881399999559e+01,  1.000028610229e+00,  1.727082666905e+01,  5.837999582291e-01
  3.891400000453e+01,  9.999928474426e-01,  1.727086243184e+01,  5.837202668190e-01
  3.901399999857e+01,  9.999977350235e-01,  1.727085754425e+01,  5.859910249710e-01
  3.911400000751e+01,  1.000025749207e+00,  1.727082953007e+01,  5.852097868919e-01
  3.921400000155e+01,  1.000010251999e+00,  1.727084502728e+01,  5.849796533585e-01
  3.931399999559e+01,  9.999840259552e-01,  1.727087125332e+01,  5.846209526062e-01
  3.941400000453e+01,  9.999915361404e-01,  1.727086374314e+01,  5.851424336433e-01
  3.951399999857e+01,  1.000012636185e+00,  1.727084264309e+01,  5.853203535080e-01
  3.961400000751e+01,  1.000005960464e+00,  1.727084931881e+01,  5.860149860382e-01
  3.971400000155e+01,  9.999904036522e-01,  1.727086487563e+01,  5.839890241623e-01
  3.981399999559e+01,  1.000000238419e+00,  1.727085504086e+01,  5.851781368256e-01
  3.991400000453e+01,  9.999960064888e-01,  1.727085927279e+01,  5.813907384872e-01
  4.001399999857e+01,  9.999802708626e-01,  1.727087500842e+01,  5.832480788231e-01
  4.011400000751e+01,  9.999704957008e-01,  1.727088478358e+01,  5.833197236061e-01
  4.021400000155e+01,  1.000033974648e+00,  1.727082130463e+01,  5.824106335640e-01
  4.031399999559e+01,  9.999901652336e-01,  1.727086511404e+01,  5.843961238861e-01
  4.041400000453e+01,  1.000014662743e+00,  1.727084061654e+01,  5.820421576500e-01
  4.051399999857e+01,  9.999833106995e-01,  1.727087196858e+01,  5.817649364471e-01
  4.061400000751e+01,  9.999940991402e-01,  1.727086118014e+01,  5.823532938957e-01
  4.071400000155e+01,  1.000021219254e+00,  1.727083406002e+01,  5.831726193428e-01
  4.081399999559e+01,  9.999983310699e-01,  1.727085694821e+01,  5.794346332550e-01
  4.091400000453e+01,  9.999957084656e-01,  1.727085957081e+01,  5.821809172630e-01
  4.101399999857e+01,  9.999974370003e-01,  1.727085784228e+01,  5.813025236130e-01
  4.111400000751e+01,  1.000013470650e+00,  1.727084180863e+01,  5.799584388733e-01
  4.121400000155e+01,  1.000029087067e+00,  1.727082619221e+01,  5.796541571617e-01
  4.131399999559e+01,  9.999957680702e-01,  1.727085951121e+01,  5.811218619347e-01
  4.141400000453e+01,  1.000005960464e+00,  1.727084931881e+01,  5.813143849373e-01
  4.151399999857e+01,  1.000010013580e+00,  1.727084526570e+01,  5.820618867874e-01
  4.161400000751e+01,  9.999830722809e-01,  1.727087220700e+01,  5.802134275436e-01
  4.171400000155e+01,  1.000034570694e+00,  1.727082070858e+01,  5.777980089188e-01
  4.181399999559e+01,  1.000013947487e+00,  1.727084133179e+01,  5.796897411346e-01
  4.191400000453e+01,  9.999767541885e-01,  1.727087852509e+01,  5.781103968620e-01
  4.201399999857e+01,  9.999871253967e-01,  1.727086815388e+01,  5.796425938606e-01
  4.211400000751e+01,  9.999896883965e-01,  1.727086559088e+01,  5.788114070892e-01
  4.221400000155e+01,  9.999784231186e-01,  1.727087685616e+01,  5.775949954987e-01
  4.231399999559e+01,  9.999870061874e-01,  1.727086827309e+01,  5.791980028152e-01
  4.241400000453e+01,  9.999884963036e-01,  1.727086678297e+01,  5.790553689003e-01
  4.251399999857e+01,  9.999729990959e-01,  1.727088228018e+01,  5.793969035149e-01
  4.261400000751e+01,  9.999968409538e-01,  1.727085843832e+01,  5.773292183876e-01
  4.271400000155e+01,  9.999910593033e-01,  1.727086421997e+01,  5.791490674019e-01
  4.281399999559e+01,  9.999770522118e-01,  1.727087822707e+01,  5.779827237129e-01
  4.291400000453e+01,  1.000011324883e+00,  1.727084395440e+01,  5.805422067642e-01
  4.301399999857e+01,  1.000019788742e+00,  1.727083549054e+01,  5.785239934921e-01
  4.311400000751e+01,  1.000016331673e+00,  1.727083894760e+01,  5.768041610718e-01
  4.321400000155e+01,  1.000008702278e+00,  1.727084657700e+01,  5.774156451225e-01
  4.331399999559e+01,  9.999752640724e-01,  1.727088001521e+01,  5.770998001099e-01
  4.341400000453e+01,  1.000020742416e+00,  1.727083453686e+01,  5.743098258972e-01
  4.351399999857e+01,  1.000020503998e+00,  1.727083477528e+01,  5.752125382423e-01
  4.361400000751e+01,  1.000026464462e+00,  1.727082881482e+01,  5.749800801277e-01
  4.371400000155e+01,  9.999927282333e-01,  1.727086255104e+01,  5.741888284683e-01
  4.381399999559e+01,  9.999855160713e-01,  1.727086976321e+01,  5.746381878853e-01
  4.391400000453e+01,  1.000005841255e+00,  1.727084943802e+01,  5.739143490791e-01
  4.401399999857e+01,  9.999728202820e-01,  1.727088245900e+01,  5.744099020958e-01
  4.411400000751e+01,  9.999899268150e-01,  1.727086535246e+01,  5.744501352310e-01
  4.421400000155e+01,  1.000028133392e+00,  1.727082714589e+01,  5.730060338974e-01
  4.431399999559e+01,  9.999918937683e-01,  1.727086338551e+01,  5.738223195076e-01
  4.441400000453e+01,  1.000000238419e+00,  1.727085504086e+01,  5.756037235260e-01
  4.451399999857e+01,  9.999924302101e-01,  1.727086284907e+01,  5.733155608177e-01
  4.461400000751e+01,  9.999783635139e-01,  1.727087691576e+01,  5.742996335030e-01
  4.471400000155e+01,  9.999878406525e-01,  1.727086743863e+01,  5.738828182220e-01
  4.481399999559e+01,  1.000020265579e+00,  1.727083501370e+01,  5.745335817337e-01
  4.491400000453e+01,  9.999973177910e-01,  1.727085796149e+01,  5.739460587502e-01
  4.501399999857e+01,  9.999848008156e-01,  1.727087047846e+01,  5.729865431786e-01
  4.511400000751e+01,  9.999811649323e-01,  1.727087411435e+01,  5.751743316650e-01
  4.521400000155e+01,  9.999850392342e-01,  1.727087024004e+01,  5.732558965683e-01
  4.531399999559e+01,  9.999942183495e-01,  1.727086106093e+01,  5.724150538445e-01
  4.541400000453e+01,  9.999989867210e-01,  1.727085629256e+01,  5.735956430435e-01
  4.551399999857e+01,  9.999672770500e-01,  1.727088800223e+01,  5.719063878059e-01
  4.561400000751e+01,  1.000006437302e+00,  1.727084884198e+01,  5.715349316597e-01
  4.571400000155e+01,  1.000019669533e+00,  1.727083560974e+01,  5.731166005135e-01
  4.581399999559e+01,  1.000035762787e+00,  1.727081951649e+01,  5.707926154137e-01
  4.591400000453e+01,  9.999870657921e-01,  1.727086821349e+01,  5.710759162903e-01
  4.601399999857e+01,  1.000021815300e+00,  1.727083346398e+01,  5.706285238266e-01
  4.611400000751e+01,  1.000010728836e+00,  1.727084455044e+01,  5.695545673370e-01
  4.621400000155e+01,  1.000004649162e+00,  1.727085063012e+01,  5.716707110405e-01
  4.631399999559e+01,  1.000001311302e+00,  1.727085396798e+01,  5.730561614037e-01
  4.641400000453e+01,  1.000003218651e+00,  1.727085206063e+01,  5.704427957535e-01
  4.651399999857e+01,  9.999826550484e-01,  1.727087262423e+01,  5.705222487450e-01
  4.661400000751e+01,  9.999886155128e-01,  1.727086666376e+01,  5.700869560242e-01
  4.671400000155e+01,  1.000002980232e+00,  1.727085229905e+01,  5.693975090981e-01
  4.681399999559e+01,  9.999902844429e-01,  1.727086499483e+01,  5.697510838509e-01
  4.691400000453e+01,  9.999719858170e-01,  1.727088329346e+01,  5.723034143448e-01
  4.701399999857e+01,  1.000019073486e+00,  1.727083620579e+01,  5.685250163078e-01
  4.711400000751e+01,  1.000010728836e+00,  1.727084455044e+01,  5.706812143326e-01
  4.721400000155e+01,  1.000023722649e+00,  1.727083155663e+01,  5.703216195107e-01
  4.731399999559e+01,  1.000040173531e+00,  1.727081510575e+01,  5.672895312309e-01
  4.741400000453e+01,  1.000005245209e+00,  1.727085003407e+01,  5.671814084053e-01
  4.751399999857e+01,  1.000025749207e+00,  1.727082953007e+01,  5.693457126617e-01
  4.761400000751e+01,  9.999691843987e-01,  1.727088609488e+01,  5.689499378204e-01
  4.771400000155e+01,  1.000008940697e+00,  1.727084633858e+01,  5.686770081520e-01
  4.781399999559e+01,  9.999923706055e-01,  1.727086290867e+01,  5.686597228050e-01
  4.791400000453e+01,  1.000007510185e+00,  1.727084776909e+01,  5.656985640526e-01
  4.801399999857e+01,  9.999932646751e-01,  1.727086201460e+01,  5.645698308945e-01
  4.811400000751e+01,  9.999858736992e-01,  1.727086940558e+01,  5.685533881187e-01
  4.821400000155e+01,  9.999870061874e-01,  1.727086827309e+01,  5.674105286598e-01
  4.831399999559e+01,  1.000017762184e+00,  1.727083751709e+01,  5.680487155914e-01
  4.841400000453e+01,  9.999773502350e-01,  1.727087792904e+01,  5.657755732536e-01
  4.851399999857e+01,  1.000003218651e+00,  1.727085206063e+01,  5.678265094757e-01
  4.861400000751e+01,  1.000002384186e+00,  1.727085289509e+01,  5.682312846184e-01
  4.871400000155e+01,  1.000001907349e+00,  1.727085337193e+01,  5.683888792992e-01
  4.881399999559e+01,  9.999935030937e-01,  1.727086177618e+01,  5.688921213150e-01
  4.891400000453e+01,  9.999935030937e-01,  1.727086177618e+01,  5.687245130539e-01
  4.901399999857e+01,  9.999910593033e-01,  1.727086421997e+01,  5.674408078194e-01
  4.911400000751e+01,  9.999841451645e-01,  1.727087113411e+01,  5.669994950294e-01
  4.921400000155e+01,  1.000004529953e+00,  1.727085074932e+01,  5.675076842308e-01
  4.931399999559e+01,  1.000006318092e+00,  1.727084896119e+01,  5.672048330307e-01
  4.941400000453e+01,  1.000013589859e+00,  1.727084168942e+01,  5.682295560837e-01
  4.951399999857e+01,  9.999863505363e-01,  1.727086892874e+01,  5.673557519913e-01
  4.961400000751e+01,  1.000024199486e+00,  1.727083107979e+01,  5.677291750908e-01
  4.971400000155e+01,  9.999938011169e-01,  1.727086147816e+01,  5.682003498077e-01
  4.981399999559e+01,  1.000007033348e+00,  1.727084824593e+01,  5.666906237602e-01
  4.991400000453e+01,  1.000001311302e+00,  1.727085396798e+01,  5.678740143776e-01
  5.001399999857e+01,  1.000003218651e+00,  1.727085206063e+01,  5.670776367188e-01
  5.011400000751e+01,  1.000012159348e+00,  1.727084311993e+01,  5.688077807426e-01
  5.021400000155e+01,  9.999995827675e-01,  1.727085569651e+01,  5.659358501434e-01
  5.031399999559e+01,  9.999989867210e-01,  1.727085629256e+01,  5.689488053322e-01
  5.041400000453e+01,  1.000017523766e+00,  1.727083775551e+01,  5.652054548264e-01
  5.051399999857e+01,  1.000005960464e+00,  1.727084931881e+01,  5.650993585587e-01
  5.061400000751e+01,  9.999999403954e-01,  1.727085533888e+01,  5.665088295937e-01
  5.071400000155e+01,  1.000008344650e+00,  1.727084693463e+01,  5.637127757072e-01
  5.081399999559e+01,  9.999968409538e-01,  1.727085843832e+01,  5.643700361252e-01
  5.091400000453e+01,  9.999741911888e-01,  1.727088108809e+01,  5.642861723900e-01
  5.101399999857e+01,  9.999833703041e-01,  1.727087190897e+01,  5.663851499557e-01
  5.111400000751e+01,  1.000006198883e+00,  1.727084908039e+01,  5.653615593910e-01
  5.121400000155e+01,  1.000005125999e+00,  1.727085015328e+01,  5.659806728363e-01
  5.131399999559e+01,  9.999887943268e-01,  1.727086648495e+01,  5.653730630875e-01
  5.141400000453e+01,  1.000005125999e+00,  1.727085015328e+01,  5.641463398933e-01
  5.151399999857e+01,  1.000002026558e+00,  1.727085325272e+01,  5.628182888031e-01
  5.161400000751e+01,  9.999991059303e-01,  1.727085617335e+01,  5.632786750793e-01
  5.171400000155e+01,  1.000002026558e+00,  1.727085325272e+01,  5.646162629128e-01
  5.181399999559e+01,  1.000007152557e+00,  1.727084812672e+01,  5.643678903580e-01
  5.191400000453e+01,  9.999996423721e-01,  1.727085563691e+01,  5.648314356804e-01
  5.201399999857e+01,  9.999659061432e-01,  1.727088937313e+01,  5.654109716415e-01
  5.211400000751e+01,  9.999742507935e-01,  1.727088102848e+01,  5.639649033546e-01
  5.221400000155e+01,  9.999859929085e-01,  1.727086928637e+01,  5.629554986954e-01
  5.231399999559e+01,  9.999760985374e-01,  1.727087918074e+01,  5.629025697708e-01
  5.241400000453e+01,  9.999908208847e-01,  1.727086445839e+01,  5.601177811623e-01
  5.251399999857e+01,  1.000007271767e+00,  1.727084800751e+01,  5.641140341759e-01
  5.261400000751e+01,  1.000015377998e+00,  1.727083990128e+01,  5.639080405235e-01
  5.271400000155e+01,  1.000009655952e+00,  1.727084562333e+01,  5.634378194809e-01
  5.281399999559e+01,  1.000023245811e+00,  1.727083203347e+01,  5.633131265640e-01
  5.291400000453e+01,  1.000020146370e+00,  1.727083513291e+01,  5.644583106041e-01
  5.301399999857e+01,  9.999986886978e-01,  1.727085659058e+01,  5.657461881638e-01
  5.311400000751e+01,  9.999921321869e-01,  1.727086314709e+01,  5.651577115059e-01
  5.321400000155e+01,  9.999750256538e-01,  1.727088025362e+01,  5.627211332321e-01
  5.331399999559e+01,  9.999897480011e-01,  1.727086553128e+01,  5.624039173126e-01
  5.341400000453e+01,  9.999854564667e-01,  1.727086982281e+01,  5.611550807953e-01
  5.351399999857e+01,  1.000002384186e+00,  1.727085289509e+01,  5.616595745087e-01
  5.361400000751e+01,  1.000012397766e+00,  1.727084288151e+01,  5.623031258583e-01
  5.371400000155e+01,  9.999852180481e-01,  1.727087006123e+01,  5.580371618271e-01
  5.381399999559e+01,  1.000017762184e+00,  1.727083751709e+01,  5.586348176003e-01
  5.391400000453e+01,  1.000028133392e+00,  1.727082714589e+01,  5.594390034676e-01
  5.401399999857e+01,  9.999942183495e-01,  1.727086106093e+01,  5.600714683533e-01
  5.411400000751e+01,  9.999992847443e-01,  1.727085599453e+01,  5.592998862267e-01
  5.421400000155e+01,  1.000015854836e+00,  1.727083942444e+01,  5.583857893944e-01
  5.431399999559e+01,  1.000027179718e+00,  1.727082809956e+01,  5.586840510368e-01
  5.441400000453e+01,  9.999879598618e-01,  1.727086731942e+01,  5.605463385582e-01
  5.451399999857e+01,  9.999785423279e-01,  1.727087673695e+01,  5.596414208412e-01
  5.461400000751e+01,  9.999964237213e-01,  1.727085885556e+01,  5.588153004646e-01
  5.471400000155e+01,  9.999880790710e-01,  1.727086720021e+01,  5.599403977394e-01
  5.481399999559e+01,  9.999831318855e-01,  1.727087214739e+01,  5.610731244087e-01
  5.491400000453e+01,  9.999881386757e-01,  1.727086714060e+01,  5.615159869194e-01
  5.501399999857e+01,  9.999966025352e-01,  1.727085867674e+01,  5.596327185631e-01
  5.511400000751e+01,  9.999763369560e-01,  1.727087894232e+01,  5.588402748108e-01
  5.521400000155e+01,  9.999870657921e-01,  1.727086821349e+01,  5.586189627647e-01
  5.531399999559e+01,  1.000035524368e+00,  1.727081975491e+01,  5.584598779678e-01
  5.541400000453e+01,  9.999964833260e-01,  1.727085879595e+01,  5.578190684319e-01
  5.551399999857e+01,  9.999980926514e-01,  1.727085718663e+01,  5.577158927917e-01
  5.561400000751e+01,  1.000000238419e+00,  1.727085504086e+01,  5.584601759911e-01
  5.571400000155e+01,  1.000009179115e+00,  1.727084610016e+01,  5.575291514397e-01
  5.581399999559e+01,  1.000021219254e+00,  1.727083406002e+01,  5.574002861977e-01
  5.591400000453e+01,  1.000002980232e+00,  1.727085229905e+01,  5.574399232864e-01
  5.601399999857e+01,  9.999786019325e-01,  1.727087667735e+01,  5.565572977066e-01
  5.611400000751e+01,  9.999877810478e-01,  1.727086749823e+01,  5.569556951523e-01
  5.621400000155e+01,  1.000029206276e+00,  1.727082607300e+01,  5.565862059593e-01
  5.631399999559e+01,  9.999810457230e-01,  1.727087423355e+01,  5.575031042099e-01
  5.641400000453e+01,  1.000003218651e+00,  1.727085206063e+01,  5.580988526344e-01
  5.651399999857e+01,  1.000012159348e+00,  1.727084311993e+01,  5.552107095718e-01
  5.661400000751e+01,  1.000001907349e+00,  1.727085337193e+01,  5.546903610229e-01
  5.671400000155e+01,  9.999984502792e-01,  1.727085682900e+01,  5.556318759918e-01
  5.681399999559e+01,  1.000005006790e+00,  1.727085027249e+01,  5.551397204399e-01
  5.691400000453e+01,  1.000017642975e+00,  1.727083763630e+01,  5.530703663826e-01
  5.701399999857e+01,  9.999923110008e-01,  1.727086296828e+01,  5.564650893211e-01
  5.711400000751e+01,  1.000016808510e+00,  1.727083847077e+01,  5.552517175674e-01
  5.721400000155e+01,  9.999623298645e-01,  1.727089294941e+01,  5.555328130722e-01
  5.731399999559e+01,  9.999859333038e-01,  1.727086934597e+01,  5.543367862701e-01
  5.741400000453e+01,  1.000002980232e+00,  1.727085229905e+01,  5.526179671288e-01
  5.751399999857e+01,  1.000009894371e+00,  1.727084538491e+01,  5.565438866615e-01
  5.761400000751e+01,  9.999946355820e-01,  1.727086064370e+01,  5.518237948418e-01
  5.771400000155e+01,  9.999817609787e-01,  1.727087351830e+01,  5.560308098793e-01
  5.781399999559e+01,  9.999879598618e-01,  1.727086731942e+01,  5.529160499573e-01
  5.791400000453e+01,  9.999911189079e-01,  1.727086416037e+01,  5.551639199257e-01
  5.801399999857e+01,  9.999872446060e-01,  1.727086803467e+01,  5.534164309502e-01
  5.811400000751e+01,  9.999874830246e-01,  1.727086779625e+01,  5.543069243431e-01
  5.821400000155e+01,  1.000015020370e+00,  1.727084025891e+01,  5.543422698975e-01
  5.831399999559e+01,  9.999954104424e-01,  1.727085986884e+01,  5.529617071152e-01
  5.841400000453e+01,  9.999769330025e-01,  1.727087834628e+01,  5.557892322540e-01
  5.851399999857e+01,  9.999939203262e-01,  1.727086135895e+01,  5.564403533936e-01
  5.861400000751e+01,  1.000031352043e+00,  1.727082392723e+01,  5.552984476089e-01
  5.871400000155e+01,  1.000027418137e+00,  1.727082786114e+01,  5.545997619629e-01
  5.881399999559e+01,  9.999963641167e-01,  1.727085891516e+01,  5.528248548508e-01
  5.891400000453e+01,  1.000027894974e+00,  1.727082738430e+01,  5.543128848076e-01
  5.901399999857e+01,  1.000016808510e+00,  1.727083847077e+01,  5.525749921799e-01
  5.911400000751e+01,  9.999986886978e-01,  1.727085659058e+01,  5.530077815056e-01
  5.921400000155e+01,  9.999807476997e-01,  1.727087453158e+01,  5.517025589943e-01
  5.931399999559e+01,  1.000002622604e+00,  1.727085265667e+01,  5.521020293236e-01
  5.941400000453e+01,  1.000013589859e+00,  1.727084168942e+01,  5.533464550972e-01
  5.951399999857e+01,  1.000015616417e+00,  1.727083966286e+01,  5.530464649200e-01
  5.961400000751e+01,  9.999638795853e-01,  1.727089139969e+01,  5.531576871872e-01
  5.971400000155e+01,  1.000009775162e+00,  1.727084550412e+01,  5.510259866714e-01
  5.981399999559e+01,  9.999840259552e-01,  1.727087125332e+01,  5.509558320045e-01
  5.991400000453e+01,  9.999965429306e-01,  1.727085873635e+01,  5.510978102684e-01
  6.001399999857e+01,  9.999931454659e-01,  1.727086213381e+01,  5.503861904144e-01
  6.011400000751e+01,  9.999581575394e-01,  1.727089712174e+01,  5.518029928207e-01
  6.021400000155e+01,  9.999594688416e-01,  1.727089581044e+01,  5.528234243393e-01
  6.031399999559e+01,  1.000007748604e+00,  1.727084753067e+01,  5.506007671356e-01
  6.041400000453e+01,  9.999876022339e-01,  1.727086767704e+01,  5.506152510643e-01
  6.051399999857e+01,  1.000016570091e+00,  1.727083870919e+01,  5.508259534836e-01
  6.061400000751e+01,  1.000015497208e+00,  1.727083978207e+01,  5.514370203018e-01
  6.071400000155e+01,  9.999907016754e-01,  1.727086457760e+01,  5.517244338989e-01
  6.081399999559e+01,  1.000029563904e+00,  1.727082571537e+01,  5.500981807709e-01
  6.091400000453e+01,  1.000004410744e+00,  1.727085086853e+01,  5.512262582779e-01
  6.101399999857e+01,  1.000013589859e+00,  1.727084168942e+01,  5.503442287445e-01
  6.111400000751e+01,  1.000020146370e+00,  1.727083513291e+01,  5.522267222404e-01
  6.121400000155e+01,  1.000016212463e+00,  1.727083906681e+01,  5.481639504433e-01
  6.131399999559e+01,  1.000006556511e+00,  1.727084872277e+01,  5.515003204346e-01
  6.141400000453e+01,  9.999885559082e-01,  1.727086672337e+01,  5.512156486511e-01
  6.148200000823e+01,  1.000001907349e+00,  1.727085337193e+01,  5.479934811592e-01
  6.148300001025e+01,  9.999998211861e-01,  1.727085545809e+01,  5.479794740677e-01
  6.148600000143e+01,  1.000000476837e+00,  1.727085480244e+01,  5.477579832077e-01
  6.158599999547e+01,  1.000025153160e+00,  1.727083012612e+01,  5.491387248039e-01
  6.168600000441e+01,  1.000009775162e+00,  1.727084550412e+01,  5.496105551720e-01
  6.178599999845e+01,  9.914781451225e-01,  1.727937713416e+01,  5.457190275192e-01
  6.180799999833e+01,  9.813291430473e-01,  1.728952613623e+01,  5.208472013474e-01
  6.181849999726e+01,  9.711343646049e-01,  1.729972091467e+01,  5.000199079514e-01
  6.182600000501e+01,  9.610330462456e-01,  1.730982223303e+01,  4.981237351894e-01
  6.183300000429e+01,  9.503824114799e-01,  1.732047286780e+01,  4.899526536465e-01
  6.183950001001e+01,  9.398195147514e-01,  1.733103576453e+01,  4.811788499355e-01
  6.184550000727e+01,  9.297563433647e-01,  1.734109893591e+01,  4.706960618496e-01
  6.185150000453e+01,  9.196130633354e-01,  1.735124221594e+01,  4.631219804287e-01
  6.185800001025e+01,  9.089433550835e-01,  1.736191192419e+01,  4.539037644863e-01
  6.186500000954e+01,  8.982583880424e-01,  1.737259689124e+01,  4.500336349010e-01
  6.187299999595e+01,  8.876726031303e-01,  1.738318267615e+01,  4.276070296764e-01
  6.188150000572e+01,  8.772699236870e-01,  1.739358535559e+01,  4.058098495007e-01
  6.189000000060e+01,  8.666650652885e-01,  1.740419021399e+01,  3.911499679089e-01
  6.189800000191e+01,  8.563234210014e-01,  1.741453185828e+01,  3.781876266003e-01
  6.190550000966e+01,  8.463060259819e-01,  1.742454925330e+01,  3.621048629284e-01
  6.191300000250e+01,  8.356859087944e-01,  1.743516937048e+01,  3.477596938610e-01
  6.192000000179e+01,  8.253290057182e-01,  1.744552627356e+01,  3.423218429089e-01
  6.192700000107e+01,  8.150941729546e-01,  1.745576110632e+01,  3.343128859997e-01
  6.193450000882e+01,  8.047639727592e-01,  1.746609130652e+01,  3.263134658337e-01
  6.194300000370e+01,  7.943040728569e-01,  1.747655120642e+01,  3.146481215954e-01
  6.195250000060e+01,  7.841417193413e-01,  1.748671355994e+01,  3.031525313854e-01
  6.196400000155e+01,  7.740632891655e-01,  1.749679199011e+01,  2.933311164379e-01
  6.197750000656e+01,  7.640554904938e-01,  1.750679978878e+01,  2.693234384060e-01
  6.198950000107e+01,  7.539198398590e-01,  1.751693543942e+01,  2.546254098415e-01
  6.200000000000e+01,  7.435266971588e-01,  1.752732858212e+01,  2.462960034609e-01
  6.200949999690e+01,  7.332880496979e-01,  1.753756722958e+01,  2.400341778994e-01
  6.201900000870e+01,  7.229387760162e-01,  1.754791650326e+01,  2.332802563906e-01
  6.202899999917e+01,  7.124712467194e-01,  1.755838403256e+01,  2.242413312197e-01
  6.203949999809e+01,  7.022058963776e-01,  1.756864938290e+01,  2.139969617128e-01
  6.205050000548e+01,  6.921465396881e-01,  1.757870873959e+01,  2.031594067812e-01
  6.206200000644e+01,  6.819384098053e-01,  1.758891686947e+01,  1.906529217958e-01
  6.207299999893e+01,  6.718771457672e-01,  1.759897813351e+01,  1.800289899111e-01
  6.208349999785e+01,  6.618502140045e-01,  1.760900506527e+01,  1.710282117128e-01
  6.209350000322e+01,  6.518366336823e-01,  1.761901864560e+01,  1.631031781435e-01
  6.210300000012e+01,  6.418230533600e-01,  1.762903222592e+01,  1.546211987734e-01
  6.211249999702e+01,  6.314966678619e-01,  1.763935861142e+01,  1.480255872011e-01
  6.212200000882e+01,  6.210596561432e-01,  1.764979562313e+01,  1.414948254824e-01
  6.213150000572e+01,  6.106302738190e-01,  1.766022500546e+01,  1.341877728701e-01
  6.214100000262e+01,  6.004221439362e-01,  1.767043313534e+01,  1.280060559511e-01
  6.215100000799e+01,  5.902292728424e-01,  1.768062600644e+01,  1.189804896712e-01
  6.216150000691e+01,  5.799963474274e-01,  1.769085893185e+01,  1.090069636703e-01
  6.217200000584e+01,  5.698969364166e-01,  1.770095834286e+01,  9.809311479330e-02
  6.218250000477e+01,  5.597040653229e-01,  1.771115121395e+01,  8.867462724447e-02
  6.219300000370e+01,  5.494158267975e-01,  1.772143945248e+01,  7.916649430990e-02
  6.220350000262e+01,  5.390398502350e-01,  1.773181542904e+01,  7.097824662924e-02
  6.221400000155e+01,  5.286867618561e-01,  1.774216851742e+01,  6.250771135092e-02
  6.222450000048e+01,  5.183899998665e-01,  1.775246527941e+01,  5.505859106779e-02
  6.223499999940e+01,  5.081055760384e-01,  1.776274970324e+01,  4.659377783537e-02
  6.224549999833e+01,  4.977372288704e-01,  1.777311805041e+01,  3.845321387053e-02
  6.225550000370e+01,  4.877198338509e-01,  1.778313544543e+01,  3.091155551374e-02
  6.226550000906e+01,  4.775689244270e-01,  1.779328635485e+01,  2.490149997175e-02
  6.227549999952e+01,  4.674447178841e-01,  1.780341056139e+01,  1.811133883893e-02
  6.228599999845e+01,  4.569581151009e-01,  1.781389716418e+01,  9.747615084052e-03
  6.229649999738e+01,  4.465592503548e-01,  1.782429602892e+01,  2.675166353583e-03
  6.230699999630e+01,  4.361413121223e-01,  1.783471396716e+01, -5.120167508721e-03
  6.231700000167e+01,  4.261353611946e-01,  1.784471991808e+01, -1.202476955950e-02
  6.232700000703e+01,  4.160454869270e-01,  1.785480979235e+01, -1.769913174212e-02
  6.233699999750e+01,  4.059556126595e-01,  1.786489966662e+01, -2.424133755267e-02
  6.234700000286e+01,  3.959267735481e-01,  1.787492850573e+01, -3.066528774798e-02
  6.235750000179e+01,  3.855050206184e-01,  1.788535025866e+01, -3.565920144320e-02
  6.236800000072e+01,  3.752225041389e-01,  1.789563277514e+01, -4.173982888460e-02
  6.237849999964e+01,  3.649438023567e-01,  1.790591147692e+01, -4.868448525667e-02
  6.238899999857e+01,  3.544724583626e-01,  1.791638282092e+01, -5.278909951448e-02
  6.239900000393e+01,  3.443329930305e-01,  1.792652228625e+01, -5.763185769320e-02
  6.240900000930e+01,  3.341286778450e-01,  1.793672660143e+01, -6.173456460238e-02
  6.241899999976e+01,  3.239968419075e-01,  1.794685843737e+01, -6.702841073275e-02
  6.242949999869e+01,  3.135636448860e-01,  1.795729163439e+01, -7.135618478060e-02
  6.243999999762e+01,  3.033497929573e-01,  1.796750548632e+01, -7.713068276644e-02
  6.245049999654e+01,  2.932084202766e-01,  1.797764685900e+01, -8.377970010042e-02
  6.246099999547e+01,  2.829812169075e-01,  1.798787406237e+01, -9.022272378206e-02
  6.247150000930e+01,  2.725593447685e-01,  1.799829593451e+01, -9.478532522917e-02
  6.248149999976e+01,  2.624885439873e-01,  1.800836673529e+01, -9.926282614470e-02
  6.249150000513e+01,  2.524139285088e-01,  1.801844135077e+01, -1.040779277682e-01
  6.250200000405e+01,  2.419349700212e-01,  1.802892030926e+01, -1.081310436130e-01
  6.251250000298e+01,  2.315284758806e-01,  1.803932680340e+01, -1.123596355319e-01
  6.252300000191e+01,  2.210876494646e-01,  1.804976762981e+01, -1.162997409701e-01
  6.253300000727e+01,  2.110740691423e-01,  1.805978121014e+01, -1.186216995120e-01
  6.254299999774e+01,  2.009918242693e-01,  1.806986345501e+01, -1.213096305728e-01
  6.255300000310e+01,  1.908981353045e-01,  1.807995714397e+01, -1.242569610476e-01
  6.256300000846e+01,  1.808387786150e-01,  1.809001650066e+01, -1.269708722830e-01
  6.257350000739e+01,  1.703598052263e-01,  1.810049547405e+01, -1.301847547293e-01
  6.258400000632e+01,  1.598960906267e-01,  1.811095918865e+01, -1.342459768057e-01
  6.259399999678e+01,  1.498367339373e-01,  1.812101854534e+01, -1.373978704214e-01
  6.260400000215e+01,  1.396705657244e-01,  1.813118471355e+01, -1.382703930140e-01
  6.261400000751e+01,  1.294853240252e-01,  1.814136995525e+01, -1.392486542463e-01
  6.262399999797e+01,  1.193649247289e-01,  1.815149035455e+01, -1.400992721319e-01
  6.263449999690e+01,  1.088783219457e-01,  1.816197695733e+01, -1.410048156977e-01
  6.264499999583e+01,  9.846038371325e-02,  1.817239489556e+01, -1.408041417599e-01
  6.265550000966e+01,  8.796233683825e-02,  1.818289294244e+01, -1.426311880350e-01
  6.266550000012e+01,  7.778090983629e-02,  1.819307436944e+01, -1.426978558302e-01
  6.267550000548e+01,  6.754607707262e-02,  1.820330920221e+01, -1.430053859949e-01
  6.268549999595e+01,  5.736465379596e-02,  1.821349062548e+01, -1.438341587782e-01
  6.269550000131e+01,  4.732055589557e-02,  1.822353472338e+01, -1.442800611258e-01
  6.270600000024e+01,  3.710861131549e-02,  1.823374666796e+01, -1.423697918653e-01
  6.271750000119e+01,  2.675361372530e-02,  1.824410166555e+01, -1.404552906752e-01
  6.273049999774e+01,  1.658527180552e-02,  1.825427000747e+01, -1.378844976425e-01
  6.274799999595e+01,  6.544988136739e-03,  1.826431029114e+01, -1.331373453140e-01
  6.276000000536e+01,  2.413670765236e-03,  1.826844160851e+01, -1.318875700235e-01
  6.276100000739e+01,  2.159039722756e-03,  1.826869623955e+01, -1.319189220667e-01
  6.276900000870e+01,  5.182431195863e-04,  1.827033703616e+01, -1.316952705383e-01
  6.277199999988e+01,  5.952576248092e-05,  1.827079575352e+01, -1.315834969282e-01
  6.300100000203e+01, -2.245791722089e-03,  1.827310107100e+01, -9.195823967457e-02
  6.300200000405e+01, -2.244264353067e-03,  1.827309954363e+01, -9.172458946705e-02
