           Test time,     Standard travel,     Tool separation,      Standard force
                 0.0,                 0.0,  1.356889564553e+01, -1.530034840107e-02
                 0.0,                 0.0,  1.356889580944e+01, -1.516397297382e-02
                 0.0,                 0.0,  1.356890544677e+01, -1.536088064313e-02
                 0.0,                 0.0,  1.356891102725e+01, -1.525466516614e-02
                 0.0,                 0.0,  1.356890885541e+01, -1.520185545087e-02
                 0.0,                 0.0,  1.361294312239e+01, -1.314370334148e-02
  0.000000000000e+00,  0.000000000000e+00,  1.361293857925e+01, -1.313624903560e-02
  8.000001311302e-03, -1.486856490374e-06,  1.361294006610e+01, -1.330843195319e-02
  1.099999248981e-02, -3.885943442583e-06,  1.361294246519e+01, -1.306750997901e-02
  1.299999654293e-02, -6.596092134714e-06,  1.361294517534e+01, -1.289072260261e-02
  1.399999856949e-02, -1.143151894212e-05,  1.361295001077e+01, -1.288236305118e-02
  1.145000010729e-01,  5.910898380534e-06,  1.361293266835e+01, -1.374443713576e-02
  2.150000035763e-01, -6.520424449263e-06,  1.361294509967e+01, -1.468900311738e-02
  3.154999911785e-01,  1.676964075159e-06,  1.361293690228e+01, -1.401199866086e-02
  4.155000001192e-01,  8.879153938324e-06,  1.361292970009e+01, -1.377413049340e-02
  5.160000026226e-01,  1.283811987378e-03,  1.361165476726e+01, -1.233753748238e-02
  5.639999955893e-01,  1.128880959004e-02,  1.360164976966e+01, -4.115493968129e-03
  5.820000022650e-01,  2.130429632962e-02,  1.359163428292e+01,  9.784309193492e-03
  5.925000011921e-01,  3.144310042262e-02,  1.358149547883e+01,  2.200458198786e-02
  6.005000025034e-01,  4.199455305934e-02,  1.357094402619e+01,  1.554057747126e-02
  6.075000017881e-01,  5.248878523707e-02,  1.356044979401e+01,  1.017520576715e-02
  6.139999926090e-01,  6.286476552486e-02,  1.355007381372e+01,  8.523441851139e-03
  6.204999983311e-01,  7.350395619869e-02,  1.353943462305e+01,  7.328964769840e-03
  6.270000040531e-01,  8.417747914791e-02,  1.352876110010e+01,  5.499817430973e-03
  6.334999948740e-01,  9.453056752682e-02,  1.351840801172e+01,  6.660975515842e-03
  6.404999941587e-01,  1.049866527319e-01,  1.350795192652e+01,  1.917399582453e-03
  6.484999954700e-01,  1.155915111303e-01,  1.349734706812e+01,  1.569608598948e-02
  6.569999903440e-01,  1.261963695288e-01,  1.348674220972e+01,  3.319791704416e-02
  6.649999916553e-01,  1.365876048803e-01,  1.347635097437e+01,  4.207662492990e-02
  6.724999994040e-01,  1.469712108374e-01,  1.346596736841e+01,  4.822019487619e-02
  6.794999986887e-01,  1.572136729956e-01,  1.345572490625e+01,  5.302432924509e-02
  6.864999979734e-01,  1.679100841284e-01,  1.344502849512e+01,  5.102179199457e-02
  6.934999972582e-01,  1.784691661596e-01,  1.343446941309e+01,  4.892668873072e-02
  7.010000050068e-01,  1.891579478979e-01,  1.342378063135e+01,  5.143771320581e-02
  7.089999914169e-01,  1.995034068823e-01,  1.341343517237e+01,  5.158644914627e-02
  7.185000032187e-01,  2.097916454077e-01,  1.340314693384e+01,  5.952912569046e-02
  7.304999977350e-01,  2.200245708227e-01,  1.339291400843e+01,  6.890183687210e-02
  7.450000047684e-01,  2.302365154028e-01,  1.338270206385e+01,  9.486657381058e-02
  7.574999928474e-01,  2.404198497534e-01,  1.337251872949e+01,  1.034229397774e-01
  7.679999917746e-01,  2.504639327526e-01,  1.336247464650e+01,  1.066327691078e-01
  7.779999971390e-01,  2.608818709850e-01,  1.335205670826e+01,  1.118798851967e-01
  7.874999940395e-01,  2.710480391979e-01,  1.334189054005e+01,  1.155095696449e-01
  7.974999994040e-01,  2.814812362194e-01,  1.333145734303e+01,  1.216045022011e-01
  8.079999983311e-01,  2.919125258923e-01,  1.332102605336e+01,  1.298347115517e-01
  8.189999908209e-01,  3.022808730602e-01,  1.331065770619e+01,  1.405406594276e-01
  8.299999982119e-01,  3.124184310436e-01,  1.330052014820e+01,  1.519580483437e-01
  8.409999907017e-01,  3.229024410248e-01,  1.329003613822e+01,  1.653397232294e-01
  8.509999960661e-01,  3.331525325775e-01,  1.327978604667e+01,  1.757939010859e-01
  8.604999929667e-01,  3.435437679291e-01,  1.326939481132e+01,  1.844189316034e-01
  8.694999963045e-01,  3.536450862885e-01,  1.325929349296e+01,  1.926014572382e-01
  8.784999996424e-01,  3.636624813080e-01,  1.324927609794e+01,  2.002766281366e-01
  8.879999965429e-01,  3.739011287689e-01,  1.323903745048e+01,  2.091896682978e-01
  8.980000019073e-01,  3.840863704681e-01,  1.322885220878e+01,  2.200672775507e-01
  9.085000008345e-01,  3.941361904144e-01,  1.321880238883e+01,  2.369129806757e-01
  9.194999933243e-01,  4.045197963715e-01,  1.320841878288e+01,  2.523129284382e-01
  9.299999922514e-01,  4.147431850433e-01,  1.319819539421e+01,  2.666485607624e-01
  9.399999976158e-01,  4.247910976410e-01,  1.318814748161e+01,  2.789776623249e-01
  9.500000029802e-01,  4.349954128265e-01,  1.317794316642e+01,  2.899868786335e-01
  9.599999934435e-01,  4.451158046722e-01,  1.316782277458e+01,  3.014042675495e-01
  9.704999923706e-01,  4.555070400238e-01,  1.315743153922e+01,  3.160908520222e-01
  9.809999912977e-01,  4.656808376312e-01,  1.314725774162e+01,  3.316204845905e-01
  9.915000051260e-01,  4.758126735687e-01,  1.313712590568e+01,  3.479512035847e-01
  1.002000004053e+00,  4.861085414886e-01,  1.312683003776e+01,  3.641789257526e-01
  1.012500002980e+00,  4.965493679047e-01,  1.311638921134e+01,  3.813603222370e-01
  1.022499993443e+00,  5.066125392914e-01,  1.310632603996e+01,  3.974087536335e-01
  1.032499998808e+00,  5.166833400726e-01,  1.309625523918e+01,  4.139454662800e-01
  1.042999997735e+00,  5.271317958832e-01,  1.308580678337e+01,  4.321797192097e-01
  1.053499996662e+00,  5.374066829681e-01,  1.307553189628e+01,  4.524433910847e-01
  1.063999995589e+00,  5.475594997406e-01,  1.306537907951e+01,  4.718334972858e-01
  1.074499994516e+00,  5.576398372650e-01,  1.305529874198e+01,  4.928295910358e-01
  1.085000008345e+00,  5.678172111511e-01,  1.304512136810e+01,  5.148131847382e-01
  1.095499992371e+00,  5.781512260437e-01,  1.303478735320e+01,  5.357673168182e-01
  1.105999991298e+00,  5.885996818542e-01,  1.302433889739e+01,  5.581901073456e-01
  1.115999996662e+00,  5.986323356628e-01,  1.301430624359e+01,  5.809714794159e-01
  1.126000002027e+00,  6.087603569031e-01,  1.300417822235e+01,  6.042563915253e-01
  1.135999992490e+00,  6.189188957214e-01,  1.299401968353e+01,  6.269233226776e-01
  1.145999997854e+00,  6.289706230164e-01,  1.298396795623e+01,  6.504142284393e-01
  1.156499996781e+00,  6.393923759460e-01,  1.297354620330e+01,  6.759040355682e-01
  1.166999995708e+00,  6.497988700867e-01,  1.296313970916e+01,  6.996543407440e-01
  1.177499994636e+00,  6.601977348328e-01,  1.295274084442e+01,  7.260291576385e-01
  1.187999993563e+00,  6.706004142761e-01,  1.294233816497e+01,  7.532966136932e-01
  1.198499992490e+00,  6.810793876648e-01,  1.293185919158e+01,  7.831275463104e-01
  1.208499997854e+00,  6.911616325378e-01,  1.292177694671e+01,  8.098609447479e-01
  1.218500003219e+00,  7.012476921082e-01,  1.291169088714e+01,  8.387229442596e-01
  1.228499993682e+00,  7.112536430359e-01,  1.290168493621e+01,  8.667609691620e-01
  1.238999992609e+00,  7.216982841492e-01,  1.289124029510e+01,  8.975074291229e-01
  1.249499991536e+00,  7.321619987488e-01,  1.288077658050e+01,  9.275748729706e-01
  1.259499996901e+00,  7.421984672546e-01,  1.287074011199e+01,  9.584662914276e-01
  1.269500002265e+00,  7.523036003113e-01,  1.286063497894e+01,  9.894034862518e-01
  1.279499992728e+00,  7.624773979187e-01,  1.285046118133e+01,  1.020203351974e+00
  1.289499998093e+00,  7.725939750671e-01,  1.284034460418e+01,  1.051438093185e+00
  1.299999997020e+00,  7.830729484558e-01,  1.282986563079e+01,  1.085037946701e+00
  1.310499995947e+00,  7.934641838074e-01,  1.281947439544e+01,  1.119049787521e+00
  1.320999994874e+00,  8.037981987000e-01,  1.280914038055e+01,  1.152405500412e+00
  1.331499993801e+00,  8.140845298767e-01,  1.279885404937e+01,  1.187561750412e+00
  1.341999992728e+00,  8.243681192398e-01,  1.278857046001e+01,  1.222504377365e+00
  1.352499991655e+00,  8.346182107925e-01,  1.277832036846e+01,  1.258538007736e+00
  1.362999990582e+00,  8.448778390884e-01,  1.276806074016e+01,  1.293396711349e+00
  1.373500004411e+00,  8.552423715591e-01,  1.275769620769e+01,  1.330712080002e+00
  1.383499994874e+00,  8.652635812759e-01,  1.274767499797e+01,  1.366150617599e+00
  1.393500000238e+00,  8.753916025162e-01,  1.273754697673e+01,  1.401703596115e+00
  1.403499990702e+00,  8.855577707291e-01,  1.272738080852e+01,  1.438111066818e+00
  1.413499996066e+00,  8.956285715103e-01,  1.271731000774e+01,  1.476486921310e+00
  1.423999994993e+00,  9.060846567154e-01,  1.270685392253e+01,  1.514405012131e+00
  1.434499993920e+00,  9.164301156998e-01,  1.269650846355e+01,  1.551857709885e+00
  1.444999992847e+00,  9.268594980240e-01,  1.268607908122e+01,  1.591316938400e+00
  1.454999998212e+00,  9.369493722916e-01,  1.267598920696e+01,  1.628670454025e+00
  1.465000003576e+00,  9.471460580826e-01,  1.266579252117e+01,  1.666550397873e+00
  1.474999994040e+00,  9.572435617447e-01,  1.265569501750e+01,  1.704582929611e+00
  1.485499992967e+00,  9.674745798111e-01,  1.264546399944e+01,  1.743798017502e+00
  1.496999993920e+00,  9.775892496109e-01,  1.263534932964e+01,  1.780365705490e+00
  1.511500000954e+00,  9.878374338150e-01,  1.262510114543e+01,  1.818688154221e+00
  1.534999996424e+00,  9.977518320084e-01,  1.261518674724e+01,  1.857128858566e+00
  1.635499998927e+00,  1.003659844398e+00,  1.260927873485e+01,  1.880555868149e+00
  1.736000001431e+00,  1.002937555313e+00,  1.261000102394e+01,  1.873860359192e+00
  1.836500003934e+00,  1.002067685127e+00,  1.261087089412e+01,  1.867235302925e+00
  1.936999991536e+00,  1.001423001289e+00,  1.261151557796e+01,  1.861422061920e+00
  2.037000000477e+00,  1.000894069672e+00,  1.261204450958e+01,  1.856387138367e+00
  2.137500002980e+00,  1.000595688820e+00,  1.261234289043e+01,  1.853822588921e+00
  2.237999990582e+00,  1.000334858894e+00,  1.261260372035e+01,  1.850471615791e+00
  2.337999999523e+00,  1.000226378441e+00,  1.261271220081e+01,  1.847358465195e+00
  2.438500002027e+00,  1.000131726265e+00,  1.261280685298e+01,  1.843233108521e+00
  2.539000004530e+00,  1.000062346458e+00,  1.261287623279e+01,  1.841153264046e+00
  2.639499992132e+00,  1.000027179718e+00,  1.261291139953e+01,  1.839285850525e+00
  2.739500001073e+00,  1.000037193298e+00,  1.261290138595e+01,  1.835866689682e+00
  2.840000003576e+00,  9.999969005585e-01,  1.261294167869e+01,  1.832956075668e+00
  2.940499991179e+00,  1.000027894974e+00,  1.261291068427e+01,  1.830819129944e+00
  3.040500000119e+00,  1.000036478043e+00,  1.261290210121e+01,  1.827933073044e+00
  3.141000002623e+00,  9.999993443489e-01,  1.261293923490e+01,  1.826303839684e+00
  3.241500005126e+00,  9.999998211861e-01,  1.261293875806e+01,  1.825662493706e+00
  3.341999992728e+00,  1.000001430511e+00,  1.261293714874e+01,  1.822211503983e+00
  3.442000001669e+00,  1.000006675720e+00,  1.261293190353e+01,  1.822425365448e+00
  3.542500004172e+00,  9.999994039536e-01,  1.261293917529e+01,  1.817775368690e+00
  3.642999991775e+00,  9.999961256981e-01,  1.261294245355e+01,  1.816526770592e+00
  3.743000000715e+00,  9.999890327454e-01,  1.261294954650e+01,  1.817056179047e+00
  3.843500003219e+00,  1.000016212463e+00,  1.261292236678e+01,  1.815411686897e+00
  3.943999990821e+00,  1.000009655952e+00,  1.261292892330e+01,  1.816462755203e+00
  4.043999999762e+00,  1.000037193298e+00,  1.261290138595e+01,  1.809945583344e+00
  4.144500002265e+00,  1.000002026558e+00,  1.261293655269e+01,  1.810111999512e+00
  4.245000004768e+00,  1.000007152557e+00,  1.261293142669e+01,  1.813299179077e+00
  4.345499992371e+00,  1.000034451485e+00,  1.261290412776e+01,  1.812468409538e+00
  4.445500001311e+00,  1.000017762184e+00,  1.261292081706e+01,  1.806371450424e+00
  4.546000003815e+00,  1.000022649765e+00,  1.261291592948e+01,  1.805603504181e+00
  4.646499991417e+00,  1.000012159348e+00,  1.261292641990e+01,  1.803377747536e+00
  4.746500000358e+00,  1.000025153160e+00,  1.261291342609e+01,  1.801641702652e+00
  4.847000002861e+00,  9.999908208847e-01,  1.261294775836e+01,  1.803938388824e+00
  4.947499990463e+00,  1.000023722649e+00,  1.261291485660e+01,  1.801690101624e+00
  5.047499999404e+00,  1.000001430511e+00,  1.261293714874e+01,  1.798246860504e+00
  5.148000001907e+00,  1.000017046928e+00,  1.261292153232e+01,  1.798392772675e+00
  5.248500004411e+00,  1.000010728836e+00,  1.261292785041e+01,  1.798245906830e+00
  5.348999992013e+00,  1.000019073486e+00,  1.261291950576e+01,  1.798460960388e+00
  5.449000000954e+00,  1.000002026558e+00,  1.261293655269e+01,  1.795655846596e+00
  5.549500003457e+00,  1.000035881996e+00,  1.261290269725e+01,  1.792886734009e+00
  5.649999991059e+00,  1.000008463860e+00,  1.261293011539e+01,  1.791661381721e+00
  5.750000000000e+00,  1.000015020370e+00,  1.261292355888e+01,  1.791704773903e+00
  5.850500002503e+00,  1.000036954880e+00,  1.261290162437e+01,  1.790594696999e+00
  5.951000005007e+00,  1.000036835670e+00,  1.261290174358e+01,  1.788156270981e+00
  6.050999999046e+00,  1.000012636185e+00,  1.261292594306e+01,  1.788598299026e+00
  6.150999993086e+00,  1.000009417534e+00,  1.261292916171e+01,  1.787267923355e+00
  6.251000002027e+00,  1.000033140182e+00,  1.261290543907e+01,  1.788086056709e+00
  6.350999996066e+00,  1.000033497810e+00,  1.261290508144e+01,  1.783541917801e+00
  6.451000005007e+00,  1.000047683716e+00,  1.261289089553e+01,  1.784073829651e+00
  6.550999999046e+00,  1.000013947487e+00,  1.261292463176e+01,  1.788195133209e+00
  6.650999993086e+00,  1.000007987022e+00,  1.261293059223e+01,  1.786392807961e+00
  6.751000002027e+00,  1.000024080276e+00,  1.261291449897e+01,  1.783454179764e+00
  6.850999996066e+00,  1.000007867813e+00,  1.261293071144e+01,  1.781012296677e+00
  6.951000005007e+00,  1.000010251999e+00,  1.261292832725e+01,  1.780966758728e+00
  7.050999999046e+00,  9.999906420708e-01,  1.261294793718e+01,  1.781401991844e+00
  7.150999993086e+00,  9.999930262566e-01,  1.261294555299e+01,  1.780689954758e+00
  7.251000002027e+00,  9.999856352806e-01,  1.261295294397e+01,  1.779950857162e+00
  7.350999996066e+00,  9.999744296074e-01,  1.261296414964e+01,  1.778413534164e+00
  7.451000005007e+00,  1.000012636185e+00,  1.261292594306e+01,  1.778018712997e+00
  7.550999999046e+00,  1.000032424927e+00,  1.261290615432e+01,  1.776823759079e+00
  7.650999993086e+00,  1.000009655952e+00,  1.261292892330e+01,  1.776540398598e+00
  7.751000002027e+00,  1.000026226044e+00,  1.261291235320e+01,  1.775454282761e+00
  7.850999996066e+00,  1.000030636787e+00,  1.261290794246e+01,  1.773709297180e+00
  7.951000005007e+00,  1.000010132790e+00,  1.261292844646e+01,  1.773737668991e+00
  8.050999999046e+00,  1.000015974045e+00,  1.261292260520e+01,  1.774591565132e+00
  8.150999993086e+00,  9.999836683273e-01,  1.261295491092e+01,  1.772650122643e+00
  8.251000002027e+00,  1.000016689301e+00,  1.261292188995e+01,  1.770679354668e+00
  8.350999996066e+00,  1.000005125999e+00,  1.261293345325e+01,  1.771818637848e+00
  8.451000005007e+00,  1.000016212463e+00,  1.261292236678e+01,  1.772204875946e+00
  8.550999999046e+00,  1.000016927719e+00,  1.261292165153e+01,  1.770675182343e+00
  8.650999993086e+00,  1.000005722046e+00,  1.261293285720e+01,  1.766773581505e+00
  8.751000002027e+00,  1.000002980232e+00,  1.261293559902e+01,  1.766786932945e+00
  8.850999996066e+00,  1.000022888184e+00,  1.261291569106e+01,  1.768460988998e+00
  8.951000005007e+00,  9.999850392342e-01,  1.261295354001e+01,  1.767039895058e+00
  9.050999999046e+00,  1.000019907951e+00,  1.261291867130e+01,  1.767376422882e+00
  9.150999993086e+00,  1.000015020370e+00,  1.261292355888e+01,  1.767305493355e+00
  9.251000002027e+00,  1.000006794930e+00,  1.261293178432e+01,  1.765134572983e+00
  9.350999996066e+00,  1.000000238419e+00,  1.261293834083e+01,  1.765591502190e+00
  9.451000005007e+00,  9.999963045120e-01,  1.261294227474e+01,  1.763960361481e+00
  9.550999999046e+00,  1.000006675720e+00,  1.261293190353e+01,  1.762611985207e+00
  9.650999993086e+00,  9.999824762344e-01,  1.261295610301e+01,  1.763522267342e+00
  9.751000002027e+00,  9.999928474426e-01,  1.261294573181e+01,  1.760460615158e+00
  9.850999996066e+00,  1.000011920929e+00,  1.261292665832e+01,  1.761885643005e+00
  9.951000005007e+00,  1.000033974648e+00,  1.261290460460e+01,  1.757871508598e+00
  1.005099999905e+01,  1.000028967857e+00,  1.261290961139e+01,  1.759256601334e+00
  1.015099999309e+01,  9.999995231628e-01,  1.261293905609e+01,  1.756446719170e+00
  1.025100000203e+01,  1.000006318092e+00,  1.261293226116e+01,  1.757564425468e+00
  1.035099999607e+01,  1.000014543533e+00,  1.261292403572e+01,  1.758349537849e+00
  1.045100000501e+01,  1.000007271767e+00,  1.261293130748e+01,  1.758637785912e+00
  1.055099999905e+01,  1.000012159348e+00,  1.261292641990e+01,  1.759883761406e+00
  1.065099999309e+01,  9.999821782112e-01,  1.261295640104e+01,  1.756269693375e+00
  1.075100000203e+01,  9.999971985817e-01,  1.261294138067e+01,  1.755447506905e+00
  1.085099999607e+01,  1.000011801720e+00,  1.261292677753e+01,  1.754616498947e+00
  1.095100000501e+01,  1.000000953674e+00,  1.261293762557e+01,  1.755878925323e+00
  1.105099999905e+01,  1.000011086464e+00,  1.261292749278e+01,  1.755047202110e+00
  1.115099999309e+01,  1.000021457672e+00,  1.261291712158e+01,  1.753418922424e+00
  1.125100000203e+01,  1.000017404556e+00,  1.261292117469e+01,  1.753348946571e+00
  1.135099999607e+01,  9.999775290489e-01,  1.261296105020e+01,  1.751923561096e+00
  1.145100000501e+01,  1.000013589859e+00,  1.261292498939e+01,  1.752353429794e+00
  1.155099999905e+01,  9.999958276749e-01,  1.261294275157e+01,  1.752207279205e+00
  1.165099999309e+01,  9.999780654907e-01,  1.261296051376e+01,  1.751989126205e+00
  1.175100000203e+01,  9.999765753746e-01,  1.261296200387e+01,  1.749436259270e+00
  1.185099999607e+01,  1.000017762184e+00,  1.261292081706e+01,  1.750576019287e+00
  1.195100000501e+01,  1.000041723251e+00,  1.261289685600e+01,  1.747590899467e+00
  1.205099999905e+01,  9.999929666519e-01,  1.261294561260e+01,  1.748044610023e+00
  1.215099999309e+01,  9.999884963036e-01,  1.261295008294e+01,  1.748599529266e+00
  1.225100000203e+01,  9.999688267708e-01,  1.261296975248e+01,  1.746025085449e+00
  1.235099999607e+01,  9.999887943268e-01,  1.261294978492e+01,  1.747278094292e+00
  1.245100000501e+01,  9.999962449074e-01,  1.261294233434e+01,  1.743435025215e+00
  1.255099999905e+01,  9.999914169312e-01,  1.261294716232e+01,  1.745990276337e+00
  1.265099999309e+01,  9.999982714653e-01,  1.261294030778e+01,  1.744036078453e+00
  1.275100000203e+01,  1.000002622604e+00,  1.261293595664e+01,  1.741893768311e+00
  1.285099999607e+01,  1.000007510185e+00,  1.261293106906e+01,  1.741857409477e+00
  1.295100000501e+01,  1.000039935112e+00,  1.261289864414e+01,  1.740859508514e+00
  1.305099999905e+01,  9.999921917915e-01,  1.261294638746e+01,  1.743104696274e+00
  1.315099999309e+01,  1.000002145767e+00,  1.261293643348e+01,  1.741133213043e+00
  1.325100000203e+01,  9.999964833260e-01,  1.261294209592e+01,  1.741920709610e+00
  1.335099999607e+01,  1.000012636185e+00,  1.261292594306e+01,  1.739997625351e+00
  1.345100000501e+01,  9.999990463257e-01,  1.261293953292e+01,  1.741227507591e+00
  1.355099999905e+01,  9.999955892563e-01,  1.261294298999e+01,  1.740663170815e+00
  1.365099999309e+01,  1.000012278557e+00,  1.261292630069e+01,  1.739145994186e+00
  1.375100000203e+01,  1.000026941299e+00,  1.261291163795e+01,  1.738705039024e+00
  1.385099999607e+01,  9.999976754189e-01,  1.261294090383e+01,  1.738478899002e+00
  1.395100000501e+01,  1.000003933907e+00,  1.261293464534e+01,  1.737557649612e+00
  1.405099999905e+01,  1.000007271767e+00,  1.261293130748e+01,  1.736554980278e+00
  1.415099999309e+01,  1.000037550926e+00,  1.261290102832e+01,  1.735908746719e+00
  1.425100000203e+01,  9.999943375587e-01,  1.261294424169e+01,  1.737135648727e+00
  1.435099999607e+01,  1.000004768372e+00,  1.261293381088e+01,  1.735290527344e+00
  1.445100000501e+01,  9.999808669090e-01,  1.261295771234e+01,  1.734845161438e+00
  1.455099999905e+01,  1.000034451485e+00,  1.261290412776e+01,  1.735419631004e+00
  1.465099999309e+01,  1.000014901161e+00,  1.261292367809e+01,  1.734604239464e+00
  1.475100000203e+01,  1.000000834465e+00,  1.261293774478e+01,  1.734040141106e+00
  1.485099999607e+01,  9.999746084213e-01,  1.261296397083e+01,  1.734525918961e+00
  1.495100000501e+01,  1.000036120415e+00,  1.261290245883e+01,  1.732271790504e+00
  1.505099999905e+01,  1.000004172325e+00,  1.261293440692e+01,  1.732527256012e+00
  1.515099999309e+01,  9.999811053276e-01,  1.261295747392e+01,  1.731827139854e+00
  1.525100000203e+01,  1.000006198883e+00,  1.261293238037e+01,  1.729602813721e+00
  1.535099999607e+01,  1.000003814697e+00,  1.261293476455e+01,  1.729282021523e+00
  1.545100000501e+01,  1.000003814697e+00,  1.261293476455e+01,  1.730400323868e+00
  1.555099999905e+01,  1.000025272369e+00,  1.261291330688e+01,  1.731975317001e+00
  1.565099999309e+01,  1.000013947487e+00,  1.261292463176e+01,  1.731572985649e+00
  1.575100000203e+01,  1.000020503998e+00,  1.261291807525e+01,  1.729667067528e+00
  1.585099999607e+01,  9.999980330467e-01,  1.261294054620e+01,  1.729964137077e+00
  1.595100000501e+01,  1.000000596046e+00,  1.261293798320e+01,  1.727929711342e+00
  1.605099999905e+01,  9.999921917915e-01,  1.261294638746e+01,  1.727858066559e+00
  1.615099999309e+01,  1.000015377998e+00,  1.261292320125e+01,  1.726635575294e+00
  1.625100000203e+01,  9.999893307686e-01,  1.261294924848e+01,  1.727625608444e+00
  1.635099999607e+01,  1.000000834465e+00,  1.261293774478e+01,  1.726555943489e+00
  1.645100000501e+01,  9.999846816063e-01,  1.261295389764e+01,  1.727597475052e+00
  1.655099999905e+01,  9.999791383743e-01,  1.261295944087e+01,  1.727398157120e+00
  1.665099999309e+01,  9.999991655350e-01,  1.261293941371e+01,  1.726847648621e+00
  1.675100000203e+01,  9.999961256981e-01,  1.261294245355e+01,  1.727986693382e+00
  1.685099999607e+01,  1.000006794930e+00,  1.261293178432e+01,  1.727436423302e+00
  1.695100000501e+01,  1.000006914139e+00,  1.261293166511e+01,  1.727979660034e+00
  1.705099999905e+01,  9.999966621399e-01,  1.261294191711e+01,  1.725046515465e+00
  1.715099999309e+01,  1.000005006790e+00,  1.261293357246e+01,  1.725870847702e+00
  1.725100000203e+01,  9.999992847443e-01,  1.261293929450e+01,  1.724998474121e+00
  1.735099999607e+01,  1.000002861023e+00,  1.261293571823e+01,  1.723575830460e+00
  1.745100000501e+01,  1.000014066696e+00,  1.261292451255e+01,  1.723823666573e+00
  1.755099999905e+01,  9.999967813492e-01,  1.261294179790e+01,  1.723472833633e+00
  1.765099999309e+01,  1.000021219254e+00,  1.261291735999e+01,  1.723596215248e+00
  1.775100000203e+01,  1.000011920929e+00,  1.261292665832e+01,  1.722108840942e+00
  1.785099999607e+01,  1.000010490417e+00,  1.261292808883e+01,  1.722169160843e+00
  1.795100000501e+01,  1.000001788139e+00,  1.261293679111e+01,  1.720760226250e+00
  1.805099999905e+01,  1.000013232231e+00,  1.261292534702e+01,  1.723816633224e+00
  1.815099999309e+01,  1.000010490417e+00,  1.261292808883e+01,  1.721824884415e+00
  1.825100000203e+01,  1.000012993813e+00,  1.261292558544e+01,  1.721462607384e+00
  1.835099999607e+01,  9.999909400940e-01,  1.261294763915e+01,  1.719668388367e+00
  1.845100000501e+01,  9.999811053276e-01,  1.261295747392e+01,  1.719903349876e+00
  1.855099999905e+01,  9.999790787697e-01,  1.261295950048e+01,  1.719942450523e+00
  1.865099999309e+01,  1.000006318092e+00,  1.261293226116e+01,  1.716301798820e+00
  1.875100000203e+01,  1.000006914139e+00,  1.261293166511e+01,  1.717200636864e+00
  1.885099999607e+01,  9.999820590019e-01,  1.261295652025e+01,  1.719188094139e+00
  1.895100000501e+01,  9.999751448631e-01,  1.261296343439e+01,  1.718602776527e+00
  1.905099999905e+01,  9.999809861183e-01,  1.261295759313e+01,  1.718531370163e+00
  1.915099999309e+01,  1.000007867813e+00,  1.261293071144e+01,  1.718765974045e+00
  1.925100000203e+01,  1.000007033348e+00,  1.261293154590e+01,  1.717818975449e+00
  1.935099999607e+01,  9.999891519547e-01,  1.261294942729e+01,  1.716039776802e+00
  1.945100000501e+01,  1.000007033348e+00,  1.261293154590e+01,  1.716746687889e+00
  1.955099999905e+01,  9.999879598618e-01,  1.261295061939e+01,  1.714815020561e+00
  1.965099999309e+01,  1.000001549721e+00,  1.261293702953e+01,  1.713942885399e+00
  1.975100000203e+01,  9.999763965607e-01,  1.261296218269e+01,  1.712944626808e+00
  1.985099999607e+01,  1.000028014183e+00,  1.261291056507e+01,  1.713499069214e+00
  1.995100000501e+01,  9.999977350235e-01,  1.261294084422e+01,  1.713379025459e+00
  2.005099999905e+01,  9.999875426292e-01,  1.261295103662e+01,  1.713026523590e+00
  2.015099999309e+01,  9.999876022339e-01,  1.261295097701e+01,  1.714172363281e+00
  2.025100000203e+01,  1.000004172325e+00,  1.261293440692e+01,  1.712723255157e+00
  2.035099999607e+01,  1.000001072884e+00,  1.261293750636e+01,  1.713742494583e+00
  2.045100000501e+01,  1.000002861023e+00,  1.261293571823e+01,  1.713388323784e+00
  2.055099999905e+01,  9.999933838844e-01,  1.261294519536e+01,  1.711524367332e+00
  2.065099999309e+01,  1.000015020370e+00,  1.261292355888e+01,  1.713795423508e+00
  2.075100000203e+01,  9.999947547913e-01,  1.261294382446e+01,  1.709904789925e+00
  2.085099999607e+01,  1.000002145767e+00,  1.261293643348e+01,  1.711674571037e+00
  2.095100000501e+01,  9.999991655350e-01,  1.261293941371e+01,  1.709866404533e+00
  2.105099999905e+01,  9.999641776085e-01,  1.261297440164e+01,  1.709756970406e+00
  2.115099999309e+01,  1.000010371208e+00,  1.261292820804e+01,  1.707921266556e+00
  2.125100000203e+01,  1.000002026558e+00,  1.261293655269e+01,  1.709665894508e+00
  2.135099999607e+01,  9.999709129333e-01,  1.261296766632e+01,  1.709390163422e+00
  2.145100000501e+01,  9.999848604202e-01,  1.261295371883e+01,  1.706516742706e+00
  2.155099999905e+01,  1.000013113022e+00,  1.261292546623e+01,  1.708250164986e+00
  2.165099999309e+01,  1.000035285950e+00,  1.261290329330e+01,  1.708236098289e+00
  2.175100000203e+01,  1.000001311302e+00,  1.261293726795e+01,  1.707164883614e+00
  2.185099999607e+01,  1.000008463860e+00,  1.261293011539e+01,  1.705353021622e+00
  2.195100000501e+01,  1.000014424324e+00,  1.261292415492e+01,  1.706176280975e+00
  2.205099999905e+01,  1.000001668930e+00,  1.261293691032e+01,  1.706779956818e+00
  2.215099999309e+01,  1.000006437302e+00,  1.261293214195e+01,  1.705105781555e+00
  2.225100000203e+01,  1.000005006790e+00,  1.261293357246e+01,  1.704621672630e+00
  2.235099999607e+01,  1.000020623207e+00,  1.261291795604e+01,  1.706795215607e+00
  2.245100000501e+01,  1.000010967255e+00,  1.261292761199e+01,  1.706151962280e+00
  2.255099999905e+01,  9.999566078186e-01,  1.261298197143e+01,  1.705560207367e+00
  2.265099999309e+01,  1.000000357628e+00,  1.261293822162e+01,  1.706021904945e+00
  2.275100000203e+01,  1.000010609627e+00,  1.261292796962e+01,  1.703045010567e+00
  2.285099999607e+01,  1.000011682510e+00,  1.261292689674e+01,  1.704592108727e+00
  2.295100000501e+01,  1.000005245209e+00,  1.261293333404e+01,  1.704204440117e+00
  2.305099999905e+01,  9.999942779541e-01,  1.261294430129e+01,  1.704435944557e+00
  2.315099999309e+01,  1.000009894371e+00,  1.261292868488e+01,  1.703385233879e+00
  2.325100000203e+01,  9.999726414680e-01,  1.261296593778e+01,  1.703459262848e+00
  2.335099999607e+01,  9.999857544899e-01,  1.261295282476e+01,  1.703752636909e+00
  2.345100000501e+01,  9.999945759773e-01,  1.261294400327e+01,  1.701495766640e+00
  2.355099999905e+01,  9.999902844429e-01,  1.261294829481e+01,  1.703974246979e+00
  2.365099999309e+01,  9.999819993973e-01,  1.261295657985e+01,  1.703043699265e+00
  2.375100000203e+01,  9.999982714653e-01,  1.261294030778e+01,  1.703744888306e+00
  2.385099999607e+01,  9.999752640724e-01,  1.261296331518e+01,  1.701787471771e+00
  2.395100000501e+01,  1.000027537346e+00,  1.261291104190e+01,  1.700399637222e+00
  2.405099999905e+01,  1.000008106232e+00,  1.261293047302e+01,  1.700221300125e+00
  2.415099999309e+01,  9.999883174896e-01,  1.261295026176e+01,  1.698069334030e+00
  2.425100000203e+01,  9.999774694443e-01,  1.261296110980e+01,  1.699380993843e+00
  2.435099999607e+01,  1.000006318092e+00,  1.261293226116e+01,  1.698005437851e+00
  2.445100000501e+01,  9.999976754189e-01,  1.261294090383e+01,  1.696399211884e+00
  2.455099999905e+01,  1.000041484833e+00,  1.261289709442e+01,  1.698802113533e+00
  2.465099999309e+01,  1.000007033348e+00,  1.261293154590e+01,  1.698433399200e+00
  2.475100000203e+01,  1.000003218651e+00,  1.261293536060e+01,  1.697918653488e+00
  2.485099999607e+01,  1.000004172325e+00,  1.261293440692e+01,  1.696257233620e+00
  2.495100000501e+01,  9.999677538872e-01,  1.261297082536e+01,  1.698910474777e+00
  2.505099999905e+01,  1.000006794930e+00,  1.261293178432e+01,  1.698053717613e+00
  2.515099999309e+01,  1.000004172325e+00,  1.261293440692e+01,  1.699971199036e+00
  2.525100000203e+01,  9.999848008156e-01,  1.261295377843e+01,  1.696532607079e+00
  2.535099999607e+01,  9.999677538872e-01,  1.261297082536e+01,  1.696972608566e+00
  2.545100000501e+01,  9.999917745590e-01,  1.261294680469e+01,  1.696401238441e+00
  2.555099999905e+01,  1.000001430511e+00,  1.261293714874e+01,  1.697236418724e+00
  2.565099999309e+01,  1.000024080276e+00,  1.261291449897e+01,  1.695414543152e+00
  2.575100000203e+01,  1.000033140182e+00,  1.261290543907e+01,  1.693459749222e+00
  2.585099999607e+01,  9.999853372574e-01,  1.261295324199e+01,  1.693619251251e+00
  2.595100000501e+01,  9.999979138374e-01,  1.261294066541e+01,  1.693328738213e+00
  2.605099999905e+01,  9.999791979790e-01,  1.261295938127e+01,  1.692134261131e+00
  2.615099999309e+01,  9.999768137932e-01,  1.261296176546e+01,  1.691062927246e+00
  2.625100000203e+01,  9.999884963036e-01,  1.261295008294e+01,  1.690670847893e+00
  2.635099999607e+01,  1.000015735626e+00,  1.261292284362e+01,  1.692429304123e+00
  2.645100000501e+01,  9.999758601189e-01,  1.261296271913e+01,  1.690281629562e+00
  2.655099999905e+01,  1.000024318695e+00,  1.261291426055e+01,  1.692888855934e+00
  2.665099999309e+01,  1.000002980232e+00,  1.261293559902e+01,  1.688336491585e+00
  2.675100000203e+01,  9.999816417694e-01,  1.261295693748e+01,  1.689003229141e+00
  2.685099999607e+01,  1.000012755394e+00,  1.261292582385e+01,  1.687116742134e+00
  2.695100000501e+01,  1.000008940697e+00,  1.261292963855e+01,  1.687424540520e+00
  2.705099999905e+01,  9.999788999557e-01,  1.261295967929e+01,  1.689545989037e+00
  2.715099999309e+01,  9.999785423279e-01,  1.261296003692e+01,  1.690641045570e+00
  2.725100000203e+01,  9.999779462814e-01,  1.261296063297e+01,  1.689448714256e+00
  2.735099999607e+01,  1.000007390976e+00,  1.261293118827e+01,  1.688930511475e+00
  2.745100000501e+01,  9.999868273735e-01,  1.261295175187e+01,  1.689259767532e+00
  2.755099999905e+01,  9.999920725822e-01,  1.261294650667e+01,  1.687325596809e+00
  2.765099999309e+01,  9.999932050705e-01,  1.261294537418e+01,  1.687361121178e+00
  2.775100000203e+01,  1.000032424927e+00,  1.261290615432e+01,  1.688954949379e+00
  2.785099999607e+01,  9.999878406525e-01,  1.261295073860e+01,  1.685921430588e+00
  2.795100000501e+01,  9.999825954437e-01,  1.261295598380e+01,  1.687782883644e+00
  2.805099999905e+01,  1.000028252602e+00,  1.261291032665e+01,  1.685495495796e+00
  2.815099999309e+01,  9.999751448631e-01,  1.261296343439e+01,  1.687497138977e+00
  2.825100000203e+01,  1.000022888184e+00,  1.261291569106e+01,  1.685584306717e+00
  2.835099999607e+01,  9.999768137932e-01,  1.261296176546e+01,  1.685253262520e+00
  2.845100000501e+01,  9.999808669090e-01,  1.261295771234e+01,  1.684531450272e+00
  2.855099999905e+01,  9.999785423279e-01,  1.261296003692e+01,  1.686208605766e+00
  2.865099999309e+01,  1.000034809113e+00,  1.261290377014e+01,  1.685212612152e+00
  2.875100000203e+01,  9.999881982803e-01,  1.261295038097e+01,  1.685797572136e+00
  2.885099999607e+01,  1.000013113022e+00,  1.261292546623e+01,  1.686876535416e+00
  2.895100000501e+01,  1.000000596046e+00,  1.261293798320e+01,  1.683524727821e+00
  2.905099999905e+01,  9.999735951424e-01,  1.261296498411e+01,  1.684969663620e+00
  2.915099999309e+01,  1.000008225441e+00,  1.261293035381e+01,  1.685147285461e+00
  2.925100000203e+01,  1.000006318092e+00,  1.261293226116e+01,  1.682464957237e+00
  2.935099999607e+01,  1.000023126602e+00,  1.261291545265e+01,  1.683985710144e+00
  2.945100000501e+01,  9.999842643738e-01,  1.261295431487e+01,  1.682928562164e+00
  2.955099999905e+01,  9.999977946281e-01,  1.261294078462e+01,  1.684392452240e+00
  2.965099999309e+01,  9.999961256981e-01,  1.261294245355e+01,  1.682979941368e+00
  2.975100000203e+01,  9.999998211861e-01,  1.261293875806e+01,  1.683103680611e+00
  2.985099999607e+01,  1.000005364418e+00,  1.261293321483e+01,  1.680889129639e+00
  2.995100000501e+01,  9.999979734421e-01,  1.261294060581e+01,  1.681948065758e+00
  3.005099999905e+01,  1.000026941299e+00,  1.261291163795e+01,  1.682339787483e+00
  3.015099999309e+01,  9.999885559082e-01,  1.261295002334e+01,  1.681298375130e+00
  3.025100000203e+01,  1.000002026558e+00,  1.261293655269e+01,  1.682494521141e+00
  3.035099999607e+01,  9.999901056290e-01,  1.261294847362e+01,  1.681510329247e+00
  3.045100000501e+01,  9.999979734421e-01,  1.261294060581e+01,  1.682448029518e+00
  3.055099999905e+01,  9.999862909317e-01,  1.261295228832e+01,  1.679249644279e+00
  3.065099999309e+01,  1.000011086464e+00,  1.261292749278e+01,  1.682492971420e+00
  3.075100000203e+01,  1.000019788742e+00,  1.261291879051e+01,  1.680782794952e+00
  3.085099999607e+01,  9.999870061874e-01,  1.261295157306e+01,  1.678845405579e+00
  3.095100000501e+01,  9.999715685844e-01,  1.261296701066e+01,  1.681127667427e+00
  3.105099999905e+01,  9.999880790710e-01,  1.261295050018e+01,  1.683476209641e+00
  3.115099999309e+01,  1.000018000603e+00,  1.261292057865e+01,  1.681519031525e+00
  3.125100000203e+01,  1.000002861023e+00,  1.261293571823e+01,  1.677990317345e+00
  3.135099999607e+01,  1.000010251999e+00,  1.261292832725e+01,  1.679936289787e+00
  3.145100000501e+01,  1.000014662743e+00,  1.261292391651e+01,  1.677899599075e+00
  3.155099999905e+01,  9.999903440475e-01,  1.261294823520e+01,  1.677432537079e+00
  3.165099999309e+01,  9.999857544899e-01,  1.261295282476e+01,  1.680286526680e+00
  3.175100000203e+01,  9.999911189079e-01,  1.261294746034e+01,  1.677157521248e+00
  3.185099999607e+01,  9.999985694885e-01,  1.261294000976e+01,  1.678228974342e+00
  3.195100000501e+01,  1.000003576279e+00,  1.261293500297e+01,  1.677831292152e+00
  3.205099999905e+01,  1.000000000000e+00,  1.261293857925e+01,  1.677627801895e+00
  3.215099999309e+01,  1.000001788139e+00,  1.261293679111e+01,  1.674503207207e+00
  3.225100000203e+01,  9.999949336052e-01,  1.261294364564e+01,  1.676731109619e+00
  3.235099999607e+01,  1.000007987022e+00,  1.261293059223e+01,  1.675563335419e+00
  3.245100000501e+01,  1.000011801720e+00,  1.261292677753e+01,  1.675722479820e+00
  3.255099999905e+01,  1.000006437302e+00,  1.261293214195e+01,  1.674716949463e+00
  3.265099999309e+01,  9.999566078186e-01,  1.261298197143e+01,  1.672631978989e+00
  3.275100000203e+01,  9.999936223030e-01,  1.261294495695e+01,  1.674641609192e+00
  3.285099999607e+01,  9.999806284904e-01,  1.261295795076e+01,  1.673200011253e+00
  3.295100000501e+01,  9.999995827675e-01,  1.261293899648e+01,  1.675724148750e+00
  3.305099999905e+01,  9.999840855598e-01,  1.261295449369e+01,  1.673089981079e+00
  3.315099999309e+01,  1.000003337860e+00,  1.261293524139e+01,  1.673528313637e+00
  3.325100000203e+01,  1.000019073486e+00,  1.261291950576e+01,  1.674112796783e+00
  3.335099999607e+01,  1.000002145767e+00,  1.261293643348e+01,  1.674024939537e+00
  3.345100000501e+01,  9.999954700470e-01,  1.261294310920e+01,  1.671078443527e+00
  3.355099999905e+01,  9.999700784683e-01,  1.261296850078e+01,  1.673043847084e+00
  3.365099999309e+01,  9.999983310699e-01,  1.261294024818e+01,  1.671416878700e+00
  3.375100000203e+01,  9.999551177025e-01,  1.261298346155e+01,  1.670662641525e+00
  3.385099999607e+01,  9.999884366989e-01,  1.261295014255e+01,  1.670176029205e+00
  3.395100000501e+01,  1.000010490417e+00,  1.261292808883e+01,  1.670272946358e+00
  3.405099999905e+01,  1.000028133392e+00,  1.261291044586e+01,  1.669472694397e+00
  3.415100000799e+01,  1.000006675720e+00,  1.261293190353e+01,  1.668412685394e+00
  3.425100000203e+01,  9.999925494194e-01,  1.261294602983e+01,  1.668328881264e+00
  3.435099999607e+01,  1.000026702881e+00,  1.261291187637e+01,  1.668445706367e+00
  3.445100000501e+01,  9.999777078629e-01,  1.261296087139e+01,  1.668739080429e+00
  3.455099999905e+01,  9.999942183495e-01,  1.261294436090e+01,  1.667833805084e+00
  3.465099999309e+01,  9.999906420708e-01,  1.261294793718e+01,  1.668420433998e+00
  3.475100000203e+01,  9.999985694885e-01,  1.261294000976e+01,  1.668530821800e+00
  3.485099999607e+01,  9.999798536301e-01,  1.261295872562e+01,  1.668501019478e+00
  3.495100000501e+01,  1.000002741814e+00,  1.261293583743e+01,  1.666898965836e+00
  3.505099999905e+01,  9.999631047249e-01,  1.261297547452e+01,  1.666957378387e+00
  3.515099999309e+01,  1.000000596046e+00,  1.261293798320e+01,  1.666366457939e+00
  3.525100000203e+01,  1.000031709671e+00,  1.261290686958e+01,  1.669133067131e+00
  3.535099999607e+01,  9.999930858612e-01,  1.261294549339e+01,  1.667715787888e+00
  3.545100000501e+01,  1.000008821487e+00,  1.261292975776e+01,  1.666279315948e+00
  3.555099999905e+01,  1.000008702278e+00,  1.261292987697e+01,  1.666943550110e+00
  3.565099999309e+01,  1.000020742416e+00,  1.261291783683e+01,  1.665358662605e+00
  3.575100000203e+01,  9.999965429306e-01,  1.261294203632e+01,  1.665781021118e+00
  3.585099999607e+01,  1.000013828278e+00,  1.261292475097e+01,  1.664096713066e+00
  3.595100000501e+01,  9.999811649323e-01,  1.261295741432e+01,  1.663173556328e+00
  3.605099999905e+01,  1.000038623810e+00,  1.261289995544e+01,  1.663972258568e+00
  3.615099999309e+01,  9.999982714653e-01,  1.261294030778e+01,  1.663088440895e+00
  3.625100000203e+01,  1.000003576279e+00,  1.261293500297e+01,  1.664697766304e+00
  3.635099999607e+01,  9.999611973763e-01,  1.261297738187e+01,  1.664050698280e+00
  3.645100000501e+01,  1.000014543533e+00,  1.261292403572e+01,  1.663594007492e+00
  3.655099999905e+01,  9.999834299088e-01,  1.261295514934e+01,  1.664574503899e+00
  3.665099999309e+01,  1.000028133392e+00,  1.261291044586e+01,  1.662426471710e+00
  3.675100000203e+01,  9.999794960022e-01,  1.261295908325e+01,  1.662375330925e+00
  3.685099999607e+01,  9.999976158142e-01,  1.261294096343e+01,  1.663335561752e+00
  3.695100000501e+01,  9.999762177467e-01,  1.261296236150e+01,  1.661711931229e+00
  3.705099999905e+01,  9.999821782112e-01,  1.261295640104e+01,  1.661125659943e+00
  3.715099999309e+01,  1.000024914742e+00,  1.261291366451e+01,  1.660452842712e+00
  3.725100000203e+01,  1.000016093254e+00,  1.261292248599e+01,  1.660963773727e+00
  3.735099999607e+01,  9.999682903290e-01,  1.261297028892e+01,  1.660530805588e+00
  3.745100000501e+01,  1.000003457069e+00,  1.261293512218e+01,  1.659845352173e+00
  3.755099999905e+01,  9.999913573265e-01,  1.261294722192e+01,  1.662165880203e+00
  3.765099999309e+01,  1.000027418137e+00,  1.261291116111e+01,  1.662452578545e+00
  3.775100000203e+01,  9.999913573265e-01,  1.261294722192e+01,  1.659881949425e+00
  3.785099999607e+01,  1.000002503395e+00,  1.261293607585e+01,  1.662425756454e+00
  3.795100000501e+01,  1.000012993813e+00,  1.261292558544e+01,  1.660557746887e+00
  3.805099999905e+01,  1.000008821487e+00,  1.261292975776e+01,  1.659574151039e+00
  3.815099999309e+01,  1.000000834465e+00,  1.261293774478e+01,  1.659351706505e+00
  3.825100000203e+01,  1.000025391579e+00,  1.261291318767e+01,  1.660785317421e+00
  3.835099999607e+01,  1.000005006790e+00,  1.261293357246e+01,  1.658459782600e+00
  3.845100000501e+01,  9.999967217445e-01,  1.261294185750e+01,  1.658656120300e+00
  3.855099999905e+01,  1.000025272369e+00,  1.261291330688e+01,  1.658800363541e+00
  3.865099999309e+01,  1.000005841255e+00,  1.261293273799e+01,  1.658970475197e+00
  3.875100000203e+01,  1.000001668930e+00,  1.261293691032e+01,  1.657728910446e+00
  3.885099999607e+01,  9.999672174454e-01,  1.261297136180e+01,  1.656731128693e+00
  3.895100000501e+01,  1.000002980232e+00,  1.261293559902e+01,  1.657136559486e+00
  3.905099999905e+01,  1.000020980835e+00,  1.261291759841e+01,  1.656390190125e+00
  3.915099999309e+01,  9.999958276749e-01,  1.261294275157e+01,  1.657858252525e+00
  3.925100000203e+01,  9.999675750732e-01,  1.261297100418e+01,  1.654875636101e+00
  3.935099999607e+01,  9.999873638153e-01,  1.261295121543e+01,  1.655809521675e+00
  3.945100000501e+01,  9.999969601631e-01,  1.261294161909e+01,  1.656982660294e+00
  3.955099999905e+01,  1.000011563301e+00,  1.261292701595e+01,  1.655687689781e+00
  3.965099999309e+01,  1.000030517578e+00,  1.261290806167e+01,  1.654326081276e+00
  3.975100000203e+01,  1.000003695488e+00,  1.261293488376e+01,  1.654148936272e+00
  3.985099999607e+01,  9.999830126762e-01,  1.261295556657e+01,  1.654036760330e+00
  3.995100000501e+01,  9.999669790268e-01,  1.261297160022e+01,  1.652909636497e+00
  4.005099999905e+01,  1.000025629997e+00,  1.261291294925e+01,  1.657224297523e+00
  4.015099999309e+01,  9.999860525131e-01,  1.261295252674e+01,  1.654513835907e+00
  4.025100000203e+01,  9.999783635139e-01,  1.261296021573e+01,  1.654385566711e+00
  4.035099999607e+01,  9.999803304672e-01,  1.261295824878e+01,  1.652958512306e+00
  4.045100000501e+01,  1.000014662743e+00,  1.261292391651e+01,  1.652567625046e+00
  4.055099999905e+01,  9.999815225601e-01,  1.261295705669e+01,  1.652193784714e+00
  4.065099999309e+01,  1.000008583069e+00,  1.261292999618e+01,  1.651010155678e+00
  4.075100000203e+01,  9.999754428864e-01,  1.261296313636e+01,  1.651249051094e+00
  4.085099999607e+01,  1.000035405159e+00,  1.261290317409e+01,  1.651024341583e+00
  4.095100000501e+01,  9.999852180481e-01,  1.261295336120e+01,  1.651551604271e+00
  4.105099999905e+01,  9.999810457230e-01,  1.261295753353e+01,  1.650650858879e+00
  4.115099999309e+01,  1.000012636185e+00,  1.261292594306e+01,  1.649695158005e+00
  4.125100000203e+01,  9.999395012856e-01,  1.261299907796e+01,  1.649960041046e+00
  4.135099999607e+01,  1.000008344650e+00,  1.261293023460e+01,  1.648162364960e+00
  4.145100000501e+01,  1.000007987022e+00,  1.261293059223e+01,  1.650518298149e+00
  4.155099999905e+01,  9.999910593033e-01,  1.261294751995e+01,  1.648539066315e+00
  4.165099999309e+01,  1.000008225441e+00,  1.261293035381e+01,  1.650682806969e+00
  4.175100000203e+01,  9.999812841415e-01,  1.261295729511e+01,  1.651820063591e+00
  4.185099999607e+01,  9.999759197235e-01,  1.261296265952e+01,  1.649954557419e+00
  4.195100000501e+01,  9.999895095825e-01,  1.261294906967e+01,  1.648323893547e+00
  4.205099999905e+01,  9.999740123749e-01,  1.261296456687e+01,  1.647685647011e+00
  4.215099999309e+01,  9.999983906746e-01,  1.261294018857e+01,  1.651344299316e+00
  4.225100000203e+01,  1.000015258789e+00,  1.261292332046e+01,  1.647364854813e+00
  4.235099999607e+01,  9.999788403511e-01,  1.261295973890e+01,  1.647984385490e+00
  4.245100000501e+01,  9.999843835831e-01,  1.261295419567e+01,  1.646881818771e+00
  4.255099999905e+01,  9.999954700470e-01,  1.261294310920e+01,  1.647151589394e+00
  4.265099999309e+01,  1.000011563301e+00,  1.261292701595e+01,  1.646396875381e+00
  4.275100000203e+01,  9.999978542328e-01,  1.261294072502e+01,  1.649087309837e+00
  4.285099999607e+01,  1.000013709068e+00,  1.261292487018e+01,  1.647020101547e+00
  4.295100000501e+01,  1.000022411346e+00,  1.261291616790e+01,  1.647570133209e+00
  4.305099999905e+01,  9.999996423721e-01,  1.261293893688e+01,  1.645216107368e+00
  4.315099999309e+01,  1.000007629395e+00,  1.261293094985e+01,  1.646941065788e+00
  4.325100000203e+01,  9.999880790710e-01,  1.261295050018e+01,  1.646274447441e+00
  4.335099999607e+01,  1.000002384186e+00,  1.261293619506e+01,  1.644709706306e+00
  4.345100000501e+01,  9.999669194221e-01,  1.261297165983e+01,  1.645007729530e+00
  4.355099999905e+01,  9.999594688416e-01,  1.261297911041e+01,  1.646077990532e+00
  4.365099999309e+01,  9.999634027481e-01,  1.261297517650e+01,  1.645385503769e+00
  4.375100000203e+01,  9.999801516533e-01,  1.261295842760e+01,  1.645608425140e+00
  4.385099999607e+01,  9.999945163727e-01,  1.261294406288e+01,  1.644188642502e+00
  4.395100000501e+01,  1.000011801720e+00,  1.261292677753e+01,  1.644052147865e+00
  4.405099999905e+01,  9.999942183495e-01,  1.261294436090e+01,  1.642671465874e+00
  4.415099999309e+01,  1.000026702881e+00,  1.261291187637e+01,  1.644668698311e+00
  4.425100000203e+01,  9.999867677689e-01,  1.261295181148e+01,  1.644607305527e+00
  4.435099999607e+01,  9.999935626984e-01,  1.261294501655e+01,  1.643392801285e+00
  4.445100000501e+01,  1.000006556511e+00,  1.261293202274e+01,  1.641320586205e+00
  4.455099999905e+01,  9.999786615372e-01,  1.261295991771e+01,  1.642186284065e+00
  4.465099999309e+01,  9.999991059303e-01,  1.261293947332e+01,  1.641619443893e+00
  4.475100000203e+01,  1.000021576881e+00,  1.261291700237e+01,  1.641506910324e+00
  4.485099999607e+01,  1.000001788139e+00,  1.261293679111e+01,  1.645186543465e+00
  4.495100000501e+01,  9.999977350235e-01,  1.261294084422e+01,  1.642356395721e+00
  4.505099999905e+01,  1.000010013580e+00,  1.261292856567e+01,  1.642844557762e+00
  4.515099999309e+01,  9.999799132347e-01,  1.261295866601e+01,  1.643840074539e+00
  4.525100000203e+01,  1.000009894371e+00,  1.261292868488e+01,  1.641317844391e+00
  4.535099999607e+01,  9.999979138374e-01,  1.261294066541e+01,  1.645070791245e+00
  4.545100000501e+01,  1.000014662743e+00,  1.261292391651e+01,  1.642367482185e+00
  4.555099999905e+01,  9.999927282333e-01,  1.261294585102e+01,  1.640700221062e+00
  4.565099999309e+01,  9.999896883965e-01,  1.261294889085e+01,  1.640783786774e+00
  4.575100000203e+01,  9.999996423721e-01,  1.261293893688e+01,  1.640329003334e+00
  4.585099999607e+01,  9.999725222588e-01,  1.261296605699e+01,  1.641966223717e+00
  4.595100000501e+01,  1.000028610229e+00,  1.261290996902e+01,  1.642258763313e+00
  4.605099999905e+01,  1.000003695488e+00,  1.261293488376e+01,  1.643439769745e+00
  4.615099999309e+01,  9.999837279320e-01,  1.261295485132e+01,  1.641002893448e+00
  4.625100000203e+01,  1.000026226044e+00,  1.261291235320e+01,  1.640515685081e+00
  4.635099999607e+01,  1.000017404556e+00,  1.261292117469e+01,  1.640393376350e+00
  4.645100000501e+01,  1.000023007393e+00,  1.261291557186e+01,  1.643642425537e+00
  4.655099999905e+01,  1.000027656555e+00,  1.261291092269e+01,  1.641309499741e+00
  4.665099999309e+01,  9.999987483025e-01,  1.261293983095e+01,  1.641125082970e+00
  4.675100000203e+01,  9.999869465828e-01,  1.261295163267e+01,  1.640488982201e+00
  4.685099999607e+01,  1.000005960464e+00,  1.261293261878e+01,  1.639655590057e+00
  4.695100000501e+01,  1.000009775162e+00,  1.261292880409e+01,  1.638622879982e+00
  4.705099999905e+01,  9.999638795853e-01,  1.261297469966e+01,  1.637779474258e+00
  4.715099999309e+01,  1.000009536743e+00,  1.261292904251e+01,  1.638478159904e+00
  4.725100000203e+01,  9.999797344208e-01,  1.261295884483e+01,  1.638757467270e+00
  4.735099999607e+01,  1.000015616417e+00,  1.261292296283e+01,  1.637880325317e+00
  4.745100000501e+01,  1.000016927719e+00,  1.261292165153e+01,  1.637290358543e+00
  4.755099999905e+01,  1.000011920929e+00,  1.261292665832e+01,  1.636570692062e+00
  4.765099999309e+01,  1.000017881393e+00,  1.261292069785e+01,  1.636460185051e+00
  4.775100000203e+01,  1.000033020973e+00,  1.261290555828e+01,  1.635007739067e+00
  4.785099999607e+01,  1.000036358833e+00,  1.261290222042e+01,  1.638019561768e+00
  4.795100000501e+01,  1.000018477440e+00,  1.261292010181e+01,  1.636072516441e+00
  4.805099999905e+01,  1.000027775764e+00,  1.261291080348e+01,  1.634500026703e+00
  4.815099999309e+01,  9.999935626984e-01,  1.261294501655e+01,  1.637307047844e+00
  4.825100000203e+01,  9.999707341194e-01,  1.261296784513e+01,  1.636564373970e+00
  4.835099999607e+01,  9.999808669090e-01,  1.261295771234e+01,  1.635257601738e+00
  4.845100000501e+01,  9.999917745590e-01,  1.261294680469e+01,  1.634553074837e+00
  4.855099999905e+01,  1.000024914742e+00,  1.261291366451e+01,  1.635885953903e+00
  4.865099999309e+01,  9.999778270721e-01,  1.261296075218e+01,  1.633186817169e+00
  4.875100000203e+01,  9.999874234200e-01,  1.261295115583e+01,  1.633292317390e+00
  4.885099999607e+01,  9.999874830246e-01,  1.261295109622e+01,  1.633455395699e+00
  4.895100000501e+01,  1.000002026558e+00,  1.261293655269e+01,  1.631821036339e+00
  4.905099999905e+01,  1.000038981438e+00,  1.261289959781e+01,  1.632091045380e+00
  4.915099999309e+01,  9.999899864197e-01,  1.261294859283e+01,  1.632801532745e+00
  4.925100000203e+01,  1.000004529953e+00,  1.261293404930e+01,  1.632106304169e+00
  4.935099999607e+01,  1.000013470650e+00,  1.261292510860e+01,  1.630486369133e+00
  4.945100000501e+01,  9.999979138374e-01,  1.261294066541e+01,  1.630581140518e+00
  4.955099999905e+01,  9.999914169312e-01,  1.261294716232e+01,  1.629747271538e+00
  4.965099999309e+01,  1.000007748604e+00,  1.261293083064e+01,  1.633048772812e+00
  4.975100000203e+01,  1.000038504601e+00,  1.261290007465e+01,  1.632753014565e+00
  4.985099999607e+01,  1.000010251999e+00,  1.261292832725e+01,  1.628873467445e+00
  4.995100000501e+01,  9.999961256981e-01,  1.261294245355e+01,  1.632593393326e+00
  5.005099999905e+01,  1.000002026558e+00,  1.261293655269e+01,  1.629786849022e+00
  5.015099999309e+01,  9.999966621399e-01,  1.261294191711e+01,  1.627486944199e+00
  5.025100000203e+01,  1.000000715256e+00,  1.261293786399e+01,  1.629324436188e+00
  5.035099999607e+01,  1.000000476837e+00,  1.261293810241e+01,  1.630517005920e+00
  5.045100000501e+01,  1.000023126602e+00,  1.261291545265e+01,  1.630306124687e+00
  5.055099999905e+01,  9.999915957451e-01,  1.261294698350e+01,  1.629599690437e+00
  5.065099999309e+01,  1.000018954277e+00,  1.261291962497e+01,  1.626251101494e+00
  5.075100000203e+01,  9.999676346779e-01,  1.261297094457e+01,  1.628223776817e+00
  5.085099999607e+01,  1.000028610229e+00,  1.261290996902e+01,  1.630799770355e+00
  5.095100000501e+01,  9.999873638153e-01,  1.261295121543e+01,  1.626520037651e+00
  5.105099999905e+01,  9.999826550484e-01,  1.261295592420e+01,  1.630017757416e+00
  5.115099999309e+01,  9.999929666519e-01,  1.261294561260e+01,  1.628634691238e+00
  5.125100000203e+01,  9.999887943268e-01,  1.261294978492e+01,  1.629073023796e+00
  5.135099999607e+01,  9.999995827675e-01,  1.261293899648e+01,  1.626635670662e+00
  5.145100000501e+01,  9.999647736549e-01,  1.261297380559e+01,  1.624440789223e+00
  5.155099999905e+01,  9.999677538872e-01,  1.261297082536e+01,  1.628674745560e+00
  5.165099999309e+01,  1.000003337860e+00,  1.261293524139e+01,  1.627735137939e+00
  5.175100000203e+01,  1.000002384186e+00,  1.261293619506e+01,  1.625601053238e+00
  5.185099999607e+01,  9.999963045120e-01,  1.261294227474e+01,  1.628234982491e+00
  5.195100000501e+01,  9.999934434891e-01,  1.261294513576e+01,  1.626656293869e+00
  5.205099999905e+01,  9.999730587006e-01,  1.261296552055e+01,  1.628634691238e+00
  5.215099999309e+01,  1.000014662743e+00,  1.261292391651e+01,  1.628076195717e+00
  5.225100000203e+01,  9.999934434891e-01,  1.261294513576e+01,  1.625697493553e+00
  5.235099999607e+01,  1.000022411346e+00,  1.261291616790e+01,  1.625835180283e+00
  5.245100000501e+01,  1.000013113022e+00,  1.261292546623e+01,  1.627154350281e+00
  5.255099999905e+01,  1.000001430511e+00,  1.261293714874e+01,  1.625824928284e+00
  5.265099999309e+01,  1.000004768372e+00,  1.261293381088e+01,  1.627202391624e+00
  5.275100000203e+01,  1.000001311302e+00,  1.261293726795e+01,  1.627090811729e+00
  5.285099999607e+01,  1.000001072884e+00,  1.261293750636e+01,  1.625599265099e+00
  5.295100000501e+01,  9.999989271164e-01,  1.261293965213e+01,  1.624442696571e+00
  5.305099999905e+01,  1.000000715256e+00,  1.261293786399e+01,  1.625498414040e+00
  5.315099999309e+01,  9.999985694885e-01,  1.261294000976e+01,  1.626530170441e+00
  5.325100000203e+01,  9.999747276306e-01,  1.261296385162e+01,  1.624863266945e+00
  5.335099999607e+01,  1.000017523766e+00,  1.261292105548e+01,  1.624874472618e+00
  5.345100000501e+01,  9.999433755875e-01,  1.261299520366e+01,  1.625586390495e+00
  5.355099999905e+01,  1.000036001205e+00,  1.261290257804e+01,  1.625249743462e+00
  5.365099999309e+01,  9.999866485596e-01,  1.261295193069e+01,  1.624579429626e+00
  5.375100000203e+01,  1.000011324883e+00,  1.261292725437e+01,  1.623168110847e+00
  5.385099999607e+01,  1.000033259392e+00,  1.261290531986e+01,  1.623919129372e+00
  5.395100000501e+01,  1.000017762184e+00,  1.261292081706e+01,  1.623702526093e+00
  5.405099999905e+01,  1.000007987022e+00,  1.261293059223e+01,  1.624966502190e+00
  5.415099999309e+01,  9.999833703041e-01,  1.261295520894e+01,  1.620808005333e+00
  5.425100000203e+01,  9.999847412109e-01,  1.261295383804e+01,  1.622845411301e+00
  5.435099999607e+01,  9.999786615372e-01,  1.261295991771e+01,  1.624116301537e+00
  5.445100000501e+01,  9.999847412109e-01,  1.261295383804e+01,  1.620959401131e+00
  5.455099999905e+01,  9.999842643738e-01,  1.261295431487e+01,  1.621831774712e+00
  5.465099999309e+01,  9.999771714211e-01,  1.261296140783e+01,  1.619929194450e+00
  5.475100000203e+01,  9.999917745590e-01,  1.261294680469e+01,  1.621398329735e+00
  5.485099999607e+01,  1.000013470650e+00,  1.261292510860e+01,  1.620321631432e+00
  5.495100000501e+01,  9.999639987946e-01,  1.261297458045e+01,  1.620230436325e+00
  5.505099999905e+01,  1.000030040741e+00,  1.261290853851e+01,  1.620502948761e+00
  5.515099999309e+01,  1.000014066696e+00,  1.261292451255e+01,  1.620841383934e+00
  5.525100000203e+01,  9.999574422836e-01,  1.261298113696e+01,  1.621241688728e+00
  5.535099999607e+01,  9.999980330467e-01,  1.261294054620e+01,  1.621500372887e+00
  5.545100000501e+01,  9.999832510948e-01,  1.261295532815e+01,  1.620982527733e+00
  5.555099999905e+01,  9.999946951866e-01,  1.261294388406e+01,  1.620535731316e+00
  5.565099999309e+01,  9.999730587006e-01,  1.261296552055e+01,  1.622906684875e+00
  5.575100000203e+01,  9.999910593033e-01,  1.261294751995e+01,  1.620715498924e+00
  5.585099999607e+01,  1.000021219254e+00,  1.261291735999e+01,  1.621409416199e+00
  5.595100000501e+01,  1.000002026558e+00,  1.261293655269e+01,  1.620948314667e+00
  5.605099999905e+01,  9.999952912331e-01,  1.261294328802e+01,  1.620904564857e+00
  5.615099999309e+01,  9.999971389771e-01,  1.261294144027e+01,  1.619107007980e+00
  5.625100000203e+01,  1.000015377998e+00,  1.261292320125e+01,  1.618873357773e+00
  5.635099999607e+01,  9.999990463257e-01,  1.261293953292e+01,  1.619280695915e+00
  5.645100000501e+01,  9.999896287918e-01,  1.261294895046e+01,  1.621317505836e+00
  5.655099999905e+01,  1.000003457069e+00,  1.261293512218e+01,  1.619935989380e+00
  5.665099999309e+01,  1.000007629395e+00,  1.261293094985e+01,  1.621847033501e+00
  5.675100000203e+01,  9.999975562096e-01,  1.261294102304e+01,  1.619103550911e+00
  5.685099999607e+01,  9.999959468842e-01,  1.261294263236e+01,  1.619533181190e+00
  5.695100000501e+01,  9.999880790710e-01,  1.261295050018e+01,  1.616305947304e+00
  5.705099999905e+01,  1.000015139580e+00,  1.261292343967e+01,  1.617779731750e+00
  5.715099999309e+01,  9.999834299088e-01,  1.261295514934e+01,  1.618883848190e+00
  5.725100000203e+01,  9.999938607216e-01,  1.261294471853e+01,  1.618338346481e+00
  5.735099999607e+01,  1.000032305717e+00,  1.261290627353e+01,  1.618548393250e+00
  5.745100000501e+01,  1.000005125999e+00,  1.261293345325e+01,  1.619318485260e+00
  5.755099999905e+01,  1.000022292137e+00,  1.261291628711e+01,  1.617756724358e+00
  5.765099999309e+01,  1.000010848045e+00,  1.261292773120e+01,  1.617430925369e+00
  5.775100000203e+01,  1.000010490417e+00,  1.261292808883e+01,  1.615808486938e+00
  5.785099999607e+01,  1.000009298325e+00,  1.261292928092e+01,  1.615719556808e+00
  5.795100000501e+01,  9.999989271164e-01,  1.261293965213e+01,  1.615749359131e+00
  5.805099999905e+01,  9.999867081642e-01,  1.261295187108e+01,  1.615480422974e+00
  5.815099999309e+01,  9.999823570251e-01,  1.261295622222e+01,  1.616570711136e+00
  5.825100000203e+01,  9.999802112579e-01,  1.261295836799e+01,  1.616127967834e+00
  5.835099999607e+01,  1.000015377998e+00,  1.261292320125e+01,  1.616746664047e+00
  5.845100000501e+01,  9.999978542328e-01,  1.261294072502e+01,  1.614172577858e+00
  5.855099999905e+01,  9.999719858170e-01,  1.261296659343e+01,  1.613356828690e+00
  5.865099999309e+01,  1.000001788139e+00,  1.261293679111e+01,  1.613143682480e+00
  5.875100000203e+01,  9.999880194664e-01,  1.261295055978e+01,  1.613160967827e+00
  5.885099999607e+01,  9.999947547913e-01,  1.261294382446e+01,  1.613474249840e+00
  5.895100000501e+01,  1.000007629395e+00,  1.261293094985e+01,  1.614209532738e+00
  5.905099999905e+01,  9.999848008156e-01,  1.261295377843e+01,  1.612924456596e+00
  5.915099999309e+01,  9.999991059303e-01,  1.261293947332e+01,  1.613133430481e+00
  5.925100000203e+01,  1.000007629395e+00,  1.261293094985e+01,  1.612510204315e+00
  5.935099999607e+01,  9.999990463257e-01,  1.261293953292e+01,  1.611405849457e+00
  5.945100000501e+01,  1.000022292137e+00,  1.261291628711e+01,  1.612474799156e+00
  5.955099999905e+01,  1.000000596046e+00,  1.261293798320e+01,  1.611042499542e+00
  5.965099999309e+01,  9.999974966049e-01,  1.261294108264e+01,  1.611717820168e+00
  5.975100000203e+01,  1.000026464462e+00,  1.261291211479e+01,  1.612106561661e+00
  5.985099999607e+01,  1.000009417534e+00,  1.261292916171e+01,  1.609966993332e+00
  5.995100000501e+01,  1.000006794930e+00,  1.261293178432e+01,  1.610551476479e+00
  6.005099999905e+01,  9.999983310699e-01,  1.261294024818e+01,  1.610770821571e+00
  6.015099999309e+01,  9.999859333038e-01,  1.261295264594e+01,  1.609405994415e+00
  6.025100000203e+01,  1.000012278557e+00,  1.261292630069e+01,  1.612092494965e+00
  6.035099999607e+01,  1.000012516975e+00,  1.261292606227e+01,  1.610695958138e+00
  6.045100000501e+01,  1.000012397766e+00,  1.261292618148e+01,  1.610280036926e+00
  6.055099999905e+01,  9.999780654907e-01,  1.261296051376e+01,  1.607392787933e+00
  6.065099999309e+01,  1.000008821487e+00,  1.261292975776e+01,  1.609316468239e+00
  6.075100000203e+01,  9.999839663506e-01,  1.261295461290e+01,  1.609124064445e+00
  6.085099999607e+01,  9.999887347221e-01,  1.261294984453e+01,  1.608834385872e+00
  6.095100000501e+01,  9.999905824661e-01,  1.261294799678e+01,  1.609358310699e+00
  6.105099999905e+01,  9.999933242798e-01,  1.261294525497e+01,  1.607484459877e+00
  6.115099999309e+01,  1.000023126602e+00,  1.261291545265e+01,  1.609260678291e+00
  6.125100000203e+01,  1.000007629395e+00,  1.261293094985e+01,  1.609675049782e+00
  6.135099999607e+01,  1.000009179115e+00,  1.261292940013e+01,  1.607989311218e+00
  6.145100000501e+01,  9.999823570251e-01,  1.261295622222e+01,  1.606291890144e+00
  6.155099999905e+01,  1.000010728836e+00,  1.261292785041e+01,  1.607742547989e+00
  6.164100000262e+01,  1.000021100044e+00,  1.261291747920e+01,  1.608849644661e+00
  6.164200000465e+01,  1.000022530556e+00,  1.261291604869e+01,  1.608685612679e+00
  6.164499999583e+01,  1.000011920929e+00,  1.261292665832e+01,  1.608281493187e+00
  6.174500000477e+01,  9.999321699142e-01,  1.261300640933e+01,  1.608364343643e+00
  6.182449999452e+01,  9.898205399513e-01,  1.262311803930e+01,  1.601323127747e+00
  6.184600000083e+01,  9.795418381691e-01,  1.263339674108e+01,  1.569474220276e+00
  6.185699999332e+01,  9.689388871193e-01,  1.264399969213e+01,  1.530663490295e+00
  6.186450000107e+01,  9.588375687599e-01,  1.265410101049e+01,  1.508652687073e+00
  6.187150000036e+01,  9.482174515724e-01,  1.266472112768e+01,  1.477753639221e+00
  6.187799999118e+01,  9.377499222755e-01,  1.267518865697e+01,  1.445328712463e+00
  6.188449999690e+01,  9.269848465919e-01,  1.268595373266e+01,  1.409058570862e+00
  6.189049999416e+01,  9.169674515724e-01,  1.269597112768e+01,  1.378083229065e+00
  6.189699999988e+01,  9.064846634865e-01,  1.270645391576e+01,  1.345078468323e+00
  6.190399999917e+01,  8.961125016212e-01,  1.271682607763e+01,  1.319130897522e+00
  6.191200000048e+01,  8.859081864357e-01,  1.272703039281e+01,  1.271981239319e+00
  6.192049999535e+01,  8.758869767189e-01,  1.273705160253e+01,  1.229439735413e+00
  6.192900000513e+01,  8.658695816994e-01,  1.274706899755e+01,  1.191140174866e+00
  6.193750000000e+01,  8.555126786232e-01,  1.275742590063e+01,  1.154335975647e+00
  6.194550000131e+01,  8.453121781349e-01,  1.276762640111e+01,  1.118782997131e+00
  6.195299999416e+01,  8.351879715919e-01,  1.277775060766e+01,  1.078957557678e+00
  6.195999999344e+01,  8.250729441643e-01,  1.278786563508e+01,  1.050634741783e+00
  6.196699999273e+01,  8.147503733635e-01,  1.279818820588e+01,  1.021864295006e+00
  6.197399999201e+01,  8.047139048576e-01,  1.280822467439e+01,  9.926437139511e-01
  6.198149999976e+01,  7.946926951408e-01,  1.281824588411e+01,  9.622482061386e-01
  6.198999999464e+01,  7.845303416252e-01,  1.282840823762e+01,  9.277023077011e-01
  6.200000000000e+01,  7.742001414299e-01,  1.283873843782e+01,  8.956893682480e-01
  6.201250000298e+01,  7.638832926750e-01,  1.284905528657e+01,  8.538116216660e-01
  6.202549999952e+01,  7.538296580315e-01,  1.285910892122e+01,  8.147720098495e-01
  6.203700000048e+01,  7.436005473137e-01,  1.286933803193e+01,  7.844985723495e-01
  6.204699999094e+01,  7.335678935051e-01,  1.287937068574e+01,  7.586349248886e-01
  6.205650000274e+01,  7.234589457512e-01,  1.288947963350e+01,  7.339767217636e-01
  6.206599999964e+01,  7.133118510246e-01,  1.289962672822e+01,  7.083419561386e-01
  6.207600000501e+01,  7.029358744621e-01,  1.291000270479e+01,  6.796554327011e-01
  6.208650000393e+01,  6.924874186516e-01,  1.292045116060e+01,  6.500076055527e-01
  6.209700000286e+01,  6.824585795403e-01,  1.293047999971e+01,  6.227706670761e-01
  6.210799999535e+01,  6.722962260246e-01,  1.294064235322e+01,  5.961669683456e-01
  6.211900000274e+01,  6.621109843254e-01,  1.295082759492e+01,  5.695632696152e-01
  6.212950000167e+01,  6.520611643791e-01,  1.296087741487e+01,  5.462707281113e-01
  6.214000000060e+01,  6.416432261467e-01,  1.297129535310e+01,  5.215209722519e-01
  6.214999999106e+01,  6.312634348869e-01,  1.298167514436e+01,  4.996398985386e-01
  6.215950000286e+01,  6.211163401604e-01,  1.299182223909e+01,  4.782775938511e-01
  6.216899999976e+01,  6.108700633049e-01,  1.300206851594e+01,  4.562667906284e-01
  6.217849999666e+01,  6.006390452385e-01,  1.301229953401e+01,  4.359497129917e-01
  6.218799999356e+01,  5.905491709709e-01,  1.302238940828e+01,  4.178260862827e-01
  6.219799999893e+01,  5.803448557854e-01,  1.303259372346e+01,  3.960517942905e-01
  6.220849999785e+01,  5.699355602264e-01,  1.304300301902e+01,  3.736036121845e-01
  6.221899999678e+01,  5.594718456268e-01,  1.305346673362e+01,  3.545568287373e-01
  6.222949999571e+01,  5.489814281464e-01,  1.306395715110e+01,  3.364675343037e-01
  6.223999999464e+01,  5.384948253632e-01,  1.307444375389e+01,  3.196180164814e-01
  6.225000000000e+01,  5.284202098846e-01,  1.308451836936e+01,  3.041723072529e-01
  6.225999999046e+01,  5.182998180389e-01,  1.309463876121e+01,  2.893522083759e-01
  6.226999999583e+01,  5.082328319550e-01,  1.310470574729e+01,  2.744214832783e-01
  6.228049999475e+01,  4.977690875530e-01,  1.311516949170e+01,  2.589185535908e-01
  6.229099999368e+01,  4.873282611370e-01,  1.312561031811e+01,  2.417943775654e-01
  6.230099999905e+01,  4.772650897503e-01,  1.313567348950e+01,  2.292859852314e-01
  6.231100000441e+01,  4.671179950237e-01,  1.314582058422e+01,  2.171590626240e-01
  6.232099999487e+01,  4.569403827190e-01,  1.315599819653e+01,  2.052495777607e-01
  6.233100000024e+01,  4.467246234417e-01,  1.316621395581e+01,  1.927106678486e-01
  6.234099999070e+01,  4.364554584026e-01,  1.317648312085e+01,  1.826398670673e-01
  6.235099999607e+01,  4.262816607952e-01,  1.318665691845e+01,  1.708314716816e-01
  6.236149999499e+01,  4.158255755901e-01,  1.319711300366e+01,  1.582792103291e-01
  6.237199999392e+01,  4.054915606976e-01,  1.320744701855e+01,  1.466214954853e-01
  6.238249999285e+01,  3.950698077679e-01,  1.321786877148e+01,  1.361158192158e-01
  6.239249999821e+01,  3.850180804729e-01,  1.322792049878e+01,  1.280134022236e-01
  6.240250000358e+01,  3.749091327190e-01,  1.323802944653e+01,  1.208551228046e-01
  6.241249999404e+01,  3.648078143597e-01,  1.324813076489e+01,  1.114785969257e-01
  6.242249999940e+01,  3.546721637249e-01,  1.325826641552e+01,  1.027181446552e-01
  6.243250000477e+01,  3.445746600628e-01,  1.326836391919e+01,  9.544733166695e-02
  6.244300000370e+01,  3.341567218304e-01,  1.327878185742e+01,  8.649614453316e-02
  6.245350000262e+01,  3.238131701946e-01,  1.328912540905e+01,  7.713106274605e-02
  6.246400000155e+01,  3.133586645126e-01,  1.329957991474e+01,  7.243100553751e-02
  6.247450000048e+01,  3.029140233994e-01,  1.331002455585e+01,  6.673756986856e-02
  6.248499999940e+01,  2.925800085068e-01,  1.332035857074e+01,  5.997983366251e-02
  6.249549999833e+01,  2.822498083115e-01,  1.333068877094e+01,  5.357686430216e-02
  6.250599999726e+01,  2.718776464462e-01,  1.334106093280e+01,  4.731217771769e-02
  6.251649999619e+01,  2.615550756454e-01,  1.335138350360e+01,  4.261819273233e-02
  6.252699999511e+01,  2.512096166611e-01,  1.336172896259e+01,  3.755227476358e-02
  6.253749999404e+01,  2.407802194357e-01,  1.337215835981e+01,  3.220883756876e-02
  6.254749999940e+01,  2.307170480490e-01,  1.338222153120e+01,  2.706662565470e-02
  6.255750000477e+01,  2.205585092306e-01,  1.339238007002e+01,  2.278462797403e-02
  6.256749999523e+01,  2.103580087423e-01,  1.340258057051e+01,  1.774064451456e-02
  6.257750000060e+01,  2.001918405294e-01,  1.341274673872e+01,  1.260320190340e-02
  6.258749999106e+01,  1.901095956564e-01,  1.342282898359e+01,  8.191504515707e-03
  6.259800000489e+01,  1.796878427267e-01,  1.343325073652e+01,  4.150785971433e-03
  6.260850000381e+01,  1.694148629904e-01,  1.344352371626e+01, -1.646600081585e-03
  6.261900000274e+01,  1.591113656759e-01,  1.345382721357e+01, -5.754075478762e-03
  6.262950000167e+01,  1.487201303244e-01,  1.346421844892e+01, -9.098134003580e-03
  6.263949999213e+01,  1.387027353048e-01,  1.347423584394e+01, -1.133974548429e-02
  6.264949999750e+01,  1.285785287619e-01,  1.348436005049e+01, -1.234694477171e-02
  6.265950000286e+01,  1.184619516134e-01,  1.349447662763e+01, -1.293353363872e-02
  6.266949999332e+01,  1.083987802267e-01,  1.350453979902e+01, -1.295451447368e-02
  6.267949999869e+01,  9.836994111538e-02,  1.351456863813e+01, -1.172129437327e-02
  6.268999999762e+01,  8.792530000210e-02,  1.352501327925e+01, -1.275352761149e-02
  6.270049999654e+01,  7.749591767788e-02,  1.353544266157e+01, -1.368496939540e-02
  6.271099999547e+01,  6.700302660465e-02,  1.354593555264e+01, -1.373893860728e-02
  6.272100000083e+01,  5.695892497897e-02,  1.355597965427e+01, -1.351342443377e-02
  6.273099999130e+01,  4.690719768405e-02,  1.356603138156e+01, -1.364003960043e-02
  6.274150000513e+01,  3.643585368991e-02,  1.357650272556e+01, -1.074134651572e-02
  6.275249999762e+01,  2.600647136569e-02,  1.358693210788e+01, -6.490820087492e-03
  6.276500000060e+01,  1.571823284030e-02,  1.359722034641e+01, -3.758066566661e-03
  6.278199999034e+01,  5.640756338835e-03,  1.360729782291e+01, -3.672813298181e-03
  6.278999999166e+01,  2.579462016001e-03,  1.361035911723e+01, -4.526038654149e-03
  6.279099999368e+01,  2.266656840220e-03,  1.361067192241e+01, -4.754443652928e-03
  6.279899999499e+01,  2.815837215167e-04,  1.361265699553e+01, -6.929774768651e-03
  6.280200000107e+01, -2.701168705244e-04,  1.361320869612e+01, -7.518668659031e-03
  6.306499999762e+01, -2.276801271364e-03,  1.361521538052e+01, -1.261814683676e-02
  6.306599999964e+01, -2.263449830934e-03,  1.361520202908e+01, -1.253422349691e-02
