           Test time,     Standard travel,     Tool separation,      Standard force
                 0.0,                 0.0,  4.263661068960e+00,  8.844020776451e-04
                 0.0,                 0.0,  4.263662022634e+00,  8.882614783943e-04
                 0.0,                 0.0,  4.263658207937e+00,  3.767046146095e-04
                 0.0,                 0.0,  4.263658207937e+00,  2.342495281482e-04
                 0.0,                 0.0,  4.263653439565e+00,  2.126130420947e-04
                 0.0,                 0.0,  1.643325907733e+01,  6.581991910934e-04
  0.000000000000e+00,  0.000000000000e+00,  1.643325583364e+01,  5.510300397873e-04
  8.000001311302e-03,  1.018494367599e-05,  1.643324564870e+01,  4.020966589451e-04
  1.099999248981e-02,  1.444760710001e-05,  1.643324138604e+01,  2.763010561466e-04
  1.299999654293e-02,  1.083407551050e-05,  1.643324499957e+01,  4.516579210758e-04
  1.399999856949e-02,  1.266319304705e-05,  1.643324317045e+01,  5.389191210270e-04
  1.145000010729e-01,  5.271321060718e-05,  1.643320312043e+01, -5.404123803601e-04
  2.150000035763e-01,  3.600659329095e-05,  1.643321982705e+01,  3.423314075917e-03
  3.154999911785e-01,  7.145196286729e-05,  1.643318438168e+01,  1.466832589358e-03
  4.155000001192e-01,  5.398081339081e-05,  1.643320185283e+01,  1.569248037413e-03
  5.144999921322e-01,  1.019422989339e-02,  1.642306160375e+01,  1.086219400167e-02
  5.310000032187e-01,  2.029554918408e-02,  1.641296028446e+01,  3.046973794699e-02
  5.405000001192e-01,  3.068487718701e-02,  1.640257095646e+01,  2.935310453176e-02
  5.479999929667e-01,  4.128210619092e-02,  1.639197372745e+01,  3.630157560110e-02
  5.539999902248e-01,  5.154364183545e-02,  1.638171219181e+01,  4.224296659231e-02
  5.594999939203e-01,  6.235449388623e-02,  1.637090133976e+01,  3.283592313528e-02
  5.644999891520e-01,  7.283727824688e-02,  1.636041855540e+01,  1.999565213919e-02
  5.694999992847e-01,  8.335058391094e-02,  1.634990524973e+01,  9.448014199734e-03
  5.744999945164e-01,  9.351293742657e-02,  1.633974289622e+01,  3.860436612740e-03
  5.799999982119e-01,  1.040033549070e-01,  1.632925247874e+01, -3.552473848686e-03
  5.859999954700e-01,  1.141123026609e-01,  1.631914353098e+01, -4.117049276829e-03
  5.929999947548e-01,  1.243013590574e-01,  1.630895447459e+01,  2.411232999293e-04
  6.014999896288e-01,  1.344064921141e-01,  1.629884934153e+01, -6.290592253208e-03
  6.145000010729e-01,  1.444391459227e-01,  1.628881668772e+01,  2.209075540304e-02
  6.279999911785e-01,  1.546434611082e-01,  1.627861237253e+01,  5.104794353247e-02
  6.375000029802e-01,  1.647791117430e-01,  1.626847672190e+01,  4.274525493383e-02
  6.459999978542e-01,  1.749567240477e-01,  1.625829910960e+01,  3.650250285864e-02
  6.544999927282e-01,  1.852716654539e-01,  1.624798416819e+01,  3.203453868628e-02
  6.634999960661e-01,  1.958116739988e-01,  1.623744415964e+01,  3.039487451315e-02
  6.729999929667e-01,  2.059862166643e-01,  1.622726961698e+01,  1.883948966861e-02
  6.854999959469e-01,  2.162096053362e-01,  1.621704622831e+01,  3.629810735583e-02
  6.979999989271e-01,  2.263490706682e-01,  1.620690676297e+01,  5.693275853992e-02
  7.079999893904e-01,  2.366334944963e-01,  1.619662233915e+01,  5.262894555926e-02
  7.169999927282e-01,  2.467653304338e-01,  1.618649050321e+01,  4.847092553973e-02
  7.259999960661e-01,  2.569772601128e-01,  1.617627857353e+01,  4.585404321551e-02
  7.354999929667e-01,  2.674028277397e-01,  1.616585300590e+01,  4.422707855701e-02
  7.459999918938e-01,  2.775785326958e-01,  1.615567730095e+01,  4.035682976246e-02
  7.584999948740e-01,  2.879621386528e-01,  1.614529369499e+01,  6.487388908863e-02
  7.695000022650e-01,  2.984144091606e-01,  1.613484142448e+01,  6.679603457451e-02
  7.789999991655e-01,  3.084623217583e-01,  1.612479351188e+01,  6.365409493446e-02
  7.884999960661e-01,  3.188268542290e-01,  1.611442897941e+01,  6.049504876137e-02
  7.979999929667e-01,  3.290464282036e-01,  1.610420940544e+01,  5.757060647011e-02
  8.084999918938e-01,  3.395025134087e-01,  1.609375332023e+01,  5.357399582863e-02
  8.199999928474e-01,  3.497011065483e-01,  1.608355472709e+01,  6.961861252785e-02
  8.310000002384e-01,  3.599569201469e-01,  1.607329891350e+01,  7.744637131691e-02
  8.409999907017e-01,  3.700582385063e-01,  1.606319759514e+01,  7.791744172573e-02
  8.509999960661e-01,  3.805295825005e-01,  1.605272625114e+01,  7.798786461353e-02
  8.610000014305e-01,  3.909818530083e-01,  1.604227398063e+01,  7.618458569050e-02
  8.715000003576e-01,  4.014551043510e-01,  1.603180072929e+01,  7.625539600849e-02
  8.819999992847e-01,  4.114839434624e-01,  1.602177189018e+01,  8.388097584248e-02
  8.924999982119e-01,  4.218179583549e-01,  1.601143787529e+01,  8.824546635151e-02
  9.025000035763e-01,  4.320642352104e-01,  1.600119159843e+01,  8.953174948692e-02
  9.124999940395e-01,  4.424821734428e-01,  1.599077366020e+01,  9.018436819315e-02
  9.224999994040e-01,  4.527823030949e-01,  1.598047353055e+01,  9.109491109848e-02
  9.329999983311e-01,  4.632612764835e-01,  1.596999455716e+01,  9.148508310318e-02
  9.434999972582e-01,  4.734179079533e-01,  1.595983792569e+01,  9.746462106705e-02
  9.539999961853e-01,  4.837576448917e-01,  1.594949818875e+01,  1.026030182838e-01
  9.640000015497e-01,  4.939581453800e-01,  1.593929768826e+01,  1.035931706429e-01
  9.739999920130e-01,  5.043188333511e-01,  1.592893700029e+01,  1.041376292706e-01
  9.839999973774e-01,  5.145765542984e-01,  1.591867927934e+01,  1.062525212765e-01
  9.940000027418e-01,  5.245901346207e-01,  1.590866569902e+01,  1.071593463421e-01
  1.004500001669e+00,  5.348898172379e-01,  1.589836601641e+01,  1.092359423637e-01
  1.015000000596e+00,  5.451837778091e-01,  1.588807205583e+01,  1.152154803276e-01
  1.025499999523e+00,  5.556818246841e-01,  1.587757400896e+01,  1.195518374443e-01
  1.035499989986e+00,  5.658899545670e-01,  1.586736587908e+01,  1.216539740562e-01
  1.045499995351e+00,  5.761629343033e-01,  1.585709289934e+01,  1.233417391777e-01
  1.055500000715e+00,  5.862909555435e-01,  1.584696487810e+01,  1.251003742218e-01
  1.065999999642e+00,  5.967241525650e-01,  1.583653168108e+01,  1.251944005489e-01
  1.076499998569e+00,  6.069265604019e-01,  1.582632927324e+01,  1.273523271084e-01
  1.086999997497e+00,  6.170660257339e-01,  1.581618980791e+01,  1.329132020473e-01
  1.097499996424e+00,  6.274458169937e-01,  1.580581001665e+01,  1.371332108974e-01
  1.107500001788e+00,  6.375890970230e-01,  1.579566673662e+01,  1.397736966610e-01
  1.117499992251e+00,  6.477857828140e-01,  1.578547005083e+01,  1.425662934780e-01
  1.127499997616e+00,  6.578871011734e-01,  1.577536873247e+01,  1.439361274242e-01
  1.137999996543e+00,  6.683317422867e-01,  1.576492409136e+01,  1.444074809551e-01
  1.148499995470e+00,  6.785894632339e-01,  1.575466637041e+01,  1.471874415874e-01
  1.158999994397e+00,  6.888090372086e-01,  1.574444679643e+01,  1.510569751263e-01
  1.169499993324e+00,  6.991907358170e-01,  1.573406509783e+01,  1.546051204205e-01
  1.179499998689e+00,  7.093195915222e-01,  1.572393624212e+01,  1.569479554892e-01
  1.189499989152e+00,  7.195048332214e-01,  1.571375100042e+01,  1.597968190908e-01
  1.199499994516e+00,  7.296175956726e-01,  1.570363823797e+01,  1.602870672941e-01
  1.209999993443e+00,  7.400431632996e-01,  1.569321267034e+01,  1.623541563749e-01
  1.220499992371e+00,  7.503771781921e-01,  1.568287865545e+01,  1.646596640348e-01
  1.230999991298e+00,  7.607493400574e-01,  1.567250649359e+01,  1.673700064421e-01
  1.240999996662e+00,  7.708086967468e-01,  1.566244713690e+01,  1.680160611868e-01
  1.251000002027e+00,  7.809710502625e-01,  1.565228478338e+01,  1.688488572836e-01
  1.260999992490e+00,  7.911486625671e-01,  1.564210717108e+01,  1.703346818686e-01
  1.270999997854e+00,  8.012232780457e-01,  1.563203255560e+01,  1.720872223377e-01
  1.281499996781e+00,  8.116946220398e-01,  1.562156121160e+01,  1.752233803272e-01
  1.291999995708e+00,  8.221659660339e-01,  1.561108986761e+01,  1.801281273365e-01
  1.302000001073e+00,  8.322520256042e-01,  1.560100380804e+01,  1.838569939137e-01
  1.311999991536e+00,  8.424220085144e-01,  1.559083382513e+01,  1.872406303883e-01
  1.321999996901e+00,  8.526339530945e-01,  1.558062188055e+01,  1.901521980762e-01
  1.332000002265e+00,  8.626971244812e-01,  1.557055870916e+01,  1.928894817829e-01
  1.342500001192e+00,  8.730540275574e-01,  1.556020180609e+01,  1.950378417969e-01
  1.353000000119e+00,  8.833079338074e-01,  1.554994789984e+01,  2.003221511841e-01
  1.363499999046e+00,  8.937335014343e-01,  1.553952233221e+01,  2.048234939575e-01
  1.373499989510e+00,  9.039111137390e-01,  1.552934471990e+01,  2.082066535950e-01
  1.383499994874e+00,  9.142146110535e-01,  1.551904122259e+01,  2.108855247498e-01
  1.393500000238e+00,  9.244494438171e-01,  1.550880638983e+01,  2.149300575256e-01
  1.403499990702e+00,  9.345583915710e-01,  1.549869744207e+01,  2.182631492615e-01
  1.413999989629e+00,  9.450297355652e-01,  1.548822609808e+01,  2.229919433594e-01
  1.424500003457e+00,  9.554422497749e-01,  1.547781358387e+01,  2.272071987391e-01
  1.435000002384e+00,  9.656828045845e-01,  1.546757302906e+01,  2.300567775965e-01
  1.445999994874e+00,  9.757459759712e-01,  1.545750985767e+01,  2.325110584497e-01
  1.458999991417e+00,  9.859045147896e-01,  1.544735131885e+01,  2.327668666840e-01
  1.479000002146e+00,  9.960506558418e-01,  1.543720517780e+01,  2.360547780991e-01
  1.481999993324e+00,  9.970195889473e-01,  1.543623624470e+01,  2.367433309555e-01
  1.582000002265e+00,  1.003468394279e+00,  1.542978743936e+01,  2.388346344233e-01
  1.682499989867e+00,  1.002745389938e+00,  1.543051044370e+01,  2.370756715536e-01
  1.782499998808e+00,  1.001928925514e+00,  1.543132690813e+01,  2.339927405119e-01
  1.883000001311e+00,  1.001268267632e+00,  1.543198756601e+01,  2.293052822351e-01
  1.983500003815e+00,  1.000804543495e+00,  1.543245129015e+01,  2.277449518442e-01
  2.083999991417e+00,  1.000514149666e+00,  1.543274168398e+01,  2.266294211149e-01
  2.184000000358e+00,  1.000295042992e+00,  1.543296079065e+01,  2.249611169100e-01
  2.284500002861e+00,  1.000165581703e+00,  1.543309025194e+01,  2.244317382574e-01
  2.384999990463e+00,  1.000082850456e+00,  1.543317298319e+01,  2.228201478720e-01
  2.484999999404e+00,  1.000046610832e+00,  1.543320922281e+01,  2.251199334860e-01
  2.585500001907e+00,  1.000021934509e+00,  1.543323389913e+01,  2.215610295534e-01
  2.685999989510e+00,  9.999935626984e-01,  1.543326227094e+01,  2.199891656637e-01
  2.785999998450e+00,  1.000021576881e+00,  1.543323425676e+01,  2.177191525698e-01
  2.886500000954e+00,  9.999911189079e-01,  1.543326471473e+01,  2.190691381693e-01
  2.987000003457e+00,  9.999921917915e-01,  1.543326364185e+01,  2.188103348017e-01
  3.087499991059e+00,  9.999859929085e-01,  1.543326984073e+01,  2.161335200071e-01
  3.187500000000e+00,  1.000009059906e+00,  1.543324677374e+01,  2.168013155460e-01
  3.288000002503e+00,  1.000015497208e+00,  1.543324033644e+01,  2.160734683275e-01
  3.388499990106e+00,  9.999769330025e-01,  1.543327890064e+01,  2.137606143951e-01
  3.488499999046e+00,  9.999601840973e-01,  1.543329564955e+01,  2.135049849749e-01
  3.589000001550e+00,  9.999572634697e-01,  1.543329857017e+01,  2.134848088026e-01
  3.689499989152e+00,  9.999969601631e-01,  1.543325887348e+01,  2.140464335680e-01
  3.789499998093e+00,  1.000030875206e+00,  1.543322495844e+01,  2.128885239363e-01
  3.890000000596e+00,  1.000003099442e+00,  1.543325273420e+01,  2.116938829422e-01
  3.990500003099e+00,  1.000026226044e+00,  1.543322960760e+01,  2.114057242870e-01
  4.090999990702e+00,  1.000012755394e+00,  1.543324307825e+01,  2.111073583364e-01
  4.190999999642e+00,  1.000020623207e+00,  1.543323521044e+01,  2.091459631920e-01
  4.291500002146e+00,  1.000015974045e+00,  1.543323985960e+01,  2.108234167099e-01
  4.391999989748e+00,  1.000004291534e+00,  1.543325154211e+01,  2.127197533846e-01
  4.491999998689e+00,  9.999767541885e-01,  1.543327907945e+01,  2.082576006651e-01
  4.592500001192e+00,  1.000012159348e+00,  1.543324367430e+01,  2.086536288261e-01
  4.693000003695e+00,  9.999954104424e-01,  1.543326042320e+01,  2.096178084612e-01
  4.793499991298e+00,  9.999958872795e-01,  1.543325994636e+01,  2.099908292294e-01
  4.893500000238e+00,  9.999904632568e-01,  1.543326537039e+01,  2.079377621412e-01
  4.994000002742e+00,  1.000003695488e+00,  1.543325213815e+01,  2.100089937449e-01
  5.094499990344e+00,  9.999848604202e-01,  1.543327097322e+01,  2.074252516031e-01
  5.194499999285e+00,  1.000002384186e+00,  1.543325344946e+01,  2.088373750448e-01
  5.295000001788e+00,  9.999651312828e-01,  1.543329070236e+01,  2.075211852789e-01
  5.395499989390e+00,  1.000000119209e+00,  1.543325571443e+01,  2.079039514065e-01
  5.495499998331e+00,  1.000003337860e+00,  1.543325249578e+01,  2.048150151968e-01
  5.596000000834e+00,  1.000013351440e+00,  1.543324248220e+01,  2.045060843229e-01
  5.696500003338e+00,  9.999955296516e-01,  1.543326030399e+01,  2.052875310183e-01
  5.796999990940e+00,  1.000016927719e+00,  1.543323890592e+01,  2.063394784927e-01
  5.896999999881e+00,  1.000020265579e+00,  1.543323556806e+01,  2.052363157272e-01
  5.996999993920e+00,  1.000023841858e+00,  1.543323199179e+01,  2.043450176716e-01
  6.097000002861e+00,  1.000017285347e+00,  1.543323854830e+01,  2.003832161427e-01
  6.196999996901e+00,  1.000018239021e+00,  1.543323759462e+01,  2.065277397633e-01
  6.296999990940e+00,  1.000006318092e+00,  1.543324951555e+01,  2.045656293631e-01
  6.396999999881e+00,  1.000015139580e+00,  1.543324069406e+01,  2.063030749559e-01
  6.496999993920e+00,  9.999907016754e-01,  1.543326513197e+01,  2.053269743919e-01
  6.597000002861e+00,  9.999995827675e-01,  1.543325625088e+01,  2.051971554756e-01
  6.696999996901e+00,  9.999924898148e-01,  1.543326334383e+01,  2.030620872974e-01
  6.796999990940e+00,  1.000017285347e+00,  1.543323854830e+01,  2.028647959232e-01
  6.896999999881e+00,  1.000026106834e+00,  1.543322972681e+01,  2.027361989021e-01
  6.996999993920e+00,  9.999749064445e-01,  1.543328092720e+01,  2.027720957994e-01
  7.097000002861e+00,  1.000032901764e+00,  1.543322293188e+01,  2.042890042067e-01
  7.196999996901e+00,  9.999786615372e-01,  1.543327717211e+01,  2.031529992819e-01
  7.296999990940e+00,  1.000004649162e+00,  1.543325118448e+01,  2.030061036348e-01
  7.396999999881e+00,  1.000027060509e+00,  1.543322877313e+01,  2.016572952271e-01
  7.496999993920e+00,  9.999866485596e-01,  1.543326918508e+01,  2.044786065817e-01
  7.597000002861e+00,  1.000034213066e+00,  1.543322162058e+01,  1.993465572596e-01
  7.696999996901e+00,  1.000002861023e+00,  1.543325297262e+01,  2.026989310980e-01
  7.796999990940e+00,  1.000019907951e+00,  1.543323592569e+01,  2.017112523317e-01
  7.896999999881e+00,  9.999934434891e-01,  1.543326239015e+01,  2.025664448738e-01
  7.996999993920e+00,  1.000012874603e+00,  1.543324295904e+01,  2.014434933662e-01
  8.097000002861e+00,  1.000021934509e+00,  1.543323389913e+01,  2.049379795790e-01
  8.196999996901e+00,  1.000036954880e+00,  1.543321887876e+01,  2.017332911491e-01
  8.296999990940e+00,  1.000005602837e+00,  1.543325023081e+01,  2.014946788549e-01
  8.396999999881e+00,  1.000008344650e+00,  1.543324748899e+01,  2.001536488533e-01
  8.496999993920e+00,  9.999764561653e-01,  1.543327937748e+01,  2.023017257452e-01
  8.597000002861e+00,  1.000019550323e+00,  1.543323628332e+01,  2.005019932985e-01
  8.696999996901e+00,  1.000019788742e+00,  1.543323604490e+01,  2.006773203611e-01
  8.796999990940e+00,  1.000008344650e+00,  1.543324748899e+01,  1.995063275099e-01
  8.896999999881e+00,  1.000016927719e+00,  1.543323890592e+01,  1.983570158482e-01
  8.996999993920e+00,  9.999865293503e-01,  1.543326930429e+01,  1.995972692966e-01
  9.097000002861e+00,  9.999915957451e-01,  1.543326423790e+01,  1.996965110302e-01
  9.196999996901e+00,  9.999916553497e-01,  1.543326417829e+01,  1.992982327938e-01
  9.296999990940e+00,  1.000021576881e+00,  1.543323425676e+01,  1.999902427197e-01
  9.396999999881e+00,  9.999709725380e-01,  1.543328486110e+01,  1.992172449827e-01
  9.496999993920e+00,  1.000030517578e+00,  1.543322531606e+01,  1.982930749655e-01
  9.597000002861e+00,  1.000023365021e+00,  1.543323246862e+01,  1.983431279659e-01
  9.696999996901e+00,  1.000016689301e+00,  1.543323914434e+01,  2.011840492487e-01
  9.796999990940e+00,  1.000004291534e+00,  1.543325154211e+01,  1.975787281990e-01
  9.896999999881e+00,  1.000019073486e+00,  1.543323676016e+01,  1.984305530787e-01
  9.996999993920e+00,  1.000055909157e+00,  1.543319992449e+01,  1.983824670315e-01
  1.009700000286e+01,  1.000020146370e+00,  1.543323568727e+01,  1.959377676249e-01
  1.019699999690e+01,  1.000012874603e+00,  1.543324295904e+01,  1.983572840691e-01
  1.029699999094e+01,  9.999768733978e-01,  1.543327896025e+01,  1.962875723839e-01
  1.039699999988e+01,  9.999825954437e-01,  1.543327323820e+01,  1.977942287922e-01
  1.049699999392e+01,  9.999971389771e-01,  1.543325869467e+01,  1.969866752625e-01
  1.059700000286e+01,  1.000019431114e+00,  1.543323640253e+01,  1.991065293550e-01
  1.069699999690e+01,  1.000031471252e+00,  1.543322436239e+01,  1.982636600733e-01
  1.079699999094e+01,  1.000008821487e+00,  1.543324701216e+01,  1.969115883112e-01
  1.089699999988e+01,  1.000019550323e+00,  1.543323628332e+01,  1.993566453457e-01
  1.099699999392e+01,  1.000030755997e+00,  1.543322507765e+01,  1.959986835718e-01
  1.109700000286e+01,  1.000011920929e+00,  1.543324391271e+01,  1.975348144770e-01
  1.119699999690e+01,  1.000016093254e+00,  1.543323974039e+01,  1.982593685389e-01
  1.129699999094e+01,  9.999886155128e-01,  1.543326721813e+01,  1.973760426044e-01
  1.139699999988e+01,  9.999946951866e-01,  1.543326113846e+01,  1.991173475981e-01
  1.149699999392e+01,  1.000013232231e+00,  1.543324260141e+01,  1.967095732689e-01
  1.159700000286e+01,  1.000002264977e+00,  1.543325356867e+01,  1.953340172768e-01
  1.169699999690e+01,  9.999886155128e-01,  1.543326721813e+01,  1.955405175686e-01
  1.179699999094e+01,  1.000006794930e+00,  1.543324903871e+01,  1.969762742519e-01
  1.189699999988e+01,  1.000005960464e+00,  1.543324987318e+01,  1.971372067928e-01
  1.199699999392e+01,  1.000007987022e+00,  1.543324784662e+01,  1.984153687954e-01
  1.209700000286e+01,  1.000000953674e+00,  1.543325487997e+01,  1.938070505857e-01
  1.219699999690e+01,  1.000019431114e+00,  1.543323640253e+01,  1.952405571938e-01
  1.229699999094e+01,  9.999991059303e-01,  1.543325672771e+01,  1.935832053423e-01
  1.239699999988e+01,  1.000019669533e+00,  1.543323616411e+01,  1.943511366844e-01
  1.249699999392e+01,  1.000037908554e+00,  1.543321792509e+01,  1.949793994427e-01
  1.259700000286e+01,  9.999845623970e-01,  1.543327127125e+01,  1.947103142738e-01
  1.269699999690e+01,  9.999738931656e-01,  1.543328194048e+01,  1.942573934793e-01
  1.279699999094e+01,  9.999778866768e-01,  1.543327794697e+01,  1.934703439474e-01
  1.289699999988e+01,  9.999872446060e-01,  1.543326858904e+01,  1.936664581299e-01
  1.299699999392e+01,  1.000008225441e+00,  1.543324760820e+01,  1.936539560556e-01
  1.309700000286e+01,  9.999997615814e-01,  1.543325607206e+01,  1.942180991173e-01
  1.319699999690e+01,  1.000000476837e+00,  1.543325535681e+01,  1.932555884123e-01
  1.329699999094e+01,  1.000019311905e+00,  1.543323652174e+01,  1.926386803389e-01
  1.339699999988e+01,  9.999892115593e-01,  1.543326662208e+01,  1.957349330187e-01
  1.349699999392e+01,  9.999998807907e-01,  1.543325595285e+01,  1.924913525581e-01
  1.359700000286e+01,  9.999864697456e-01,  1.543326936390e+01,  1.946154385805e-01
  1.369699999690e+01,  9.999982118607e-01,  1.543325762178e+01,  1.945943981409e-01
  1.379699999094e+01,  1.000018239021e+00,  1.543323759462e+01,  1.932727247477e-01
  1.389699999988e+01,  1.000000357628e+00,  1.543325547602e+01,  1.932179033756e-01
  1.399699999392e+01,  1.000029683113e+00,  1.543322615053e+01,  1.913239508867e-01
  1.409700000286e+01,  9.999843835831e-01,  1.543327145006e+01,  1.940583288670e-01
  1.419699999690e+01,  9.999833106995e-01,  1.543327252294e+01,  1.926948428154e-01
  1.429699999094e+01,  1.000005245209e+00,  1.543325058843e+01,  1.909379214048e-01
  1.439699999988e+01,  1.000001788139e+00,  1.543325404550e+01,  1.922552883625e-01
  1.449699999392e+01,  1.000011086464e+00,  1.543324474718e+01,  1.925212442875e-01
  1.459700000286e+01,  1.000014305115e+00,  1.543324152853e+01,  1.934402436018e-01
  1.469699999690e+01,  1.000032305717e+00,  1.543322352793e+01,  1.923363059759e-01
  1.479699999094e+01,  9.999822378159e-01,  1.543327359583e+01,  1.930693984032e-01
  1.489699999988e+01,  1.000019669533e+00,  1.543323616411e+01,  1.929319053888e-01
  1.499699999392e+01,  9.999942779541e-01,  1.543326155569e+01,  1.934793293476e-01
  1.509700000286e+01,  1.000012159348e+00,  1.543324367430e+01,  1.931242942810e-01
  1.519699999690e+01,  1.000067114830e+00,  1.543318871881e+01,  1.891489624977e-01
  1.529699999094e+01,  1.000011444092e+00,  1.543324438955e+01,  1.899687200785e-01
  1.539699999988e+01,  9.999908804893e-01,  1.543326495315e+01,  1.896376311779e-01
  1.549699999392e+01,  9.999933242798e-01,  1.543326250936e+01,  1.916182488203e-01
  1.559700000286e+01,  9.999762177467e-01,  1.543327961590e+01,  1.902520656586e-01
  1.569699999690e+01,  1.000006318092e+00,  1.543324951555e+01,  1.912020146847e-01
  1.579699999094e+01,  1.000016093254e+00,  1.543323974039e+01,  1.901831030846e-01
  1.589699999988e+01,  9.999902248383e-01,  1.543326560880e+01,  1.910169422626e-01
  1.599699999392e+01,  1.000011205673e+00,  1.543324462797e+01,  1.892857700586e-01
  1.609700000286e+01,  1.000016570091e+00,  1.543323926355e+01,  1.905955672264e-01
  1.619699999690e+01,  1.000028133392e+00,  1.543322770025e+01,  1.877281665802e-01
  1.629699999094e+01,  1.000007867813e+00,  1.543324796583e+01,  1.897134333849e-01
  1.639699999988e+01,  1.000005602837e+00,  1.543325023081e+01,  1.878483742476e-01
  1.649699999392e+01,  1.000005245209e+00,  1.543325058843e+01,  1.856404095888e-01
  1.659700000286e+01,  1.000010848045e+00,  1.543324498560e+01,  1.875690817833e-01
  1.669699999690e+01,  9.999876618385e-01,  1.543326817180e+01,  1.869526952505e-01
  1.679699999094e+01,  9.999994039536e-01,  1.543325642969e+01,  1.866313815117e-01
  1.689699999988e+01,  9.999993443489e-01,  1.543325648929e+01,  1.894432008266e-01
  1.699699999392e+01,  9.999970793724e-01,  1.543325875427e+01,  1.894244998693e-01
  1.709700000286e+01,  1.000023007393e+00,  1.543323282625e+01,  1.871626973152e-01
  1.719699999690e+01,  1.000019550323e+00,  1.543323628332e+01,  1.889862567186e-01
  1.729699999094e+01,  9.999939203262e-01,  1.543326191332e+01,  1.873506903648e-01
  1.739699999988e+01,  1.000008463860e+00,  1.543324736978e+01,  1.860722899437e-01
  1.749699999392e+01,  9.999989867210e-01,  1.543325684692e+01,  1.872750669718e-01
  1.759700000286e+01,  9.999929666519e-01,  1.543326286699e+01,  1.878079921007e-01
  1.769699999690e+01,  1.000011444092e+00,  1.543324438955e+01,  1.878947466612e-01
  1.779699999094e+01,  9.999955892563e-01,  1.543326024439e+01,  1.887131333351e-01
  1.789699999988e+01,  1.000001788139e+00,  1.543325404550e+01,  1.881640851498e-01
  1.799699999392e+01,  1.000005722046e+00,  1.543325011160e+01,  1.867941915989e-01
  1.809700000286e+01,  1.000006675720e+00,  1.543324915792e+01,  1.856329143047e-01
  1.819699999690e+01,  9.999791383743e-01,  1.543327669527e+01,  1.856182217598e-01
  1.829699999094e+01,  1.000021219254e+00,  1.543323461439e+01,  1.876105815172e-01
  1.839699999988e+01,  1.000002861023e+00,  1.543325297262e+01,  1.888138502836e-01
  1.849699999392e+01,  1.000039339066e+00,  1.543321649458e+01,  1.873617023230e-01
  1.859700000286e+01,  1.000023722649e+00,  1.543323211099e+01,  1.870927810669e-01
  1.869699999690e+01,  1.000015139580e+00,  1.543324069406e+01,  1.874259114265e-01
  1.879699999094e+01,  1.000038266182e+00,  1.543321756746e+01,  1.868941783905e-01
  1.889699999988e+01,  9.999995231628e-01,  1.543325631048e+01,  1.874523311853e-01
  1.899699999392e+01,  1.000024080276e+00,  1.543323175337e+01,  1.871941536665e-01
  1.909700000286e+01,  1.000000119209e+00,  1.543325571443e+01,  1.856814622879e-01
  1.919699999690e+01,  9.999922513962e-01,  1.543326358225e+01,  1.831555366516e-01
  1.929699999094e+01,  1.000003099442e+00,  1.543325273420e+01,  1.841736882925e-01
  1.939699999988e+01,  9.999925494194e-01,  1.543326328422e+01,  1.860504895449e-01
  1.949699999392e+01,  1.000015735626e+00,  1.543324009802e+01,  1.834554970264e-01
  1.959700000286e+01,  1.000002861023e+00,  1.543325297262e+01,  1.861128658056e-01
  1.969699999690e+01,  9.999972581863e-01,  1.543325857546e+01,  1.838805377483e-01
  1.979699999094e+01,  1.000029563904e+00,  1.543322626974e+01,  1.825228631496e-01
  1.989699999988e+01,  1.000008583069e+00,  1.543324725057e+01,  1.820756644011e-01
  1.999699999392e+01,  1.000013947487e+00,  1.543324188616e+01,  1.828009486198e-01
  2.009700000286e+01,  1.000003576279e+00,  1.543325225736e+01,  1.821245849133e-01
  2.019699999690e+01,  9.999991059303e-01,  1.543325672771e+01,  1.826827526093e-01
  2.029699999094e+01,  1.000011444092e+00,  1.543324438955e+01,  1.823732256889e-01
  2.039699999988e+01,  9.999942779541e-01,  1.543326155569e+01,  1.824575364590e-01
  2.049699999392e+01,  9.999855160713e-01,  1.543327031757e+01,  1.810785830021e-01
  2.059700000286e+01,  9.999716877937e-01,  1.543328414585e+01,  1.829218715429e-01
  2.069699999690e+01,  1.000029206276e+00,  1.543322662737e+01,  1.828054785728e-01
  2.079699999094e+01,  1.000008344650e+00,  1.543324748899e+01,  1.812002360821e-01
  2.089699999988e+01,  9.999908804893e-01,  1.543326495315e+01,  1.818623095751e-01
  2.099699999392e+01,  1.000028967857e+00,  1.543322686579e+01,  1.794565916061e-01
  2.109700000286e+01,  1.000010609627e+00,  1.543324522402e+01,  1.804401874542e-01
  2.119699999690e+01,  1.000025391579e+00,  1.543323044206e+01,  1.812907159328e-01
  2.129699999094e+01,  1.000022172928e+00,  1.543323366072e+01,  1.822711825371e-01
  2.139699999988e+01,  1.000026702881e+00,  1.543322913076e+01,  1.816043406725e-01
  2.149699999392e+01,  9.999940991402e-01,  1.543326173450e+01,  1.800334751606e-01
  2.159700000286e+01,  1.000008225441e+00,  1.543324760820e+01,  1.782468706369e-01
  2.169699999690e+01,  1.000028610229e+00,  1.543322722341e+01,  1.819943189621e-01
  2.179699999094e+01,  9.999914169312e-01,  1.543326441671e+01,  1.798980236053e-01
  2.189699999988e+01,  9.999911785126e-01,  1.543326465513e+01,  1.812654286623e-01
  2.199699999392e+01,  1.000031948090e+00,  1.543322388555e+01,  1.804238706827e-01
  2.209700000286e+01,  1.000014185905e+00,  1.543324164774e+01,  1.770602911711e-01
  2.219699999690e+01,  9.999800920486e-01,  1.543327574159e+01,  1.811744272709e-01
  2.229699999094e+01,  9.999818801880e-01,  1.543327395345e+01,  1.798996925354e-01
  2.239699999988e+01,  9.999908208847e-01,  1.543326501276e+01,  1.791965812445e-01
  2.249699999392e+01,  1.000016212463e+00,  1.543323962118e+01,  1.825784444809e-01
  2.259700000286e+01,  1.000016212463e+00,  1.543323962118e+01,  1.802189946175e-01
  2.269699999690e+01,  1.000023484230e+00,  1.543323234941e+01,  1.821162253618e-01
  2.279699999094e+01,  1.000005364418e+00,  1.543325046922e+01,  1.799831539392e-01
  2.289699999988e+01,  1.000029802322e+00,  1.543322603132e+01,  1.803235113621e-01
  2.299699999392e+01,  1.000011920929e+00,  1.543324391271e+01,  1.805865168571e-01
  2.309700000286e+01,  1.000004529953e+00,  1.543325130369e+01,  1.802434772253e-01
  2.319699999690e+01,  9.999929070473e-01,  1.543326292660e+01,  1.799172610044e-01
  2.329699999094e+01,  1.000010728836e+00,  1.543324510481e+01,  1.816619485617e-01
  2.339699999988e+01,  1.000017642975e+00,  1.543323819067e+01,  1.788196116686e-01
  2.349699999392e+01,  1.000009417534e+00,  1.543324641611e+01,  1.789927482605e-01
  2.359700000286e+01,  1.000004887581e+00,  1.543325094606e+01,  1.795772761106e-01
  2.369699999690e+01,  9.999701380730e-01,  1.543328569557e+01,  1.794026046991e-01
  2.379699999094e+01,  9.999918937683e-01,  1.543326393987e+01,  1.811818480492e-01
  2.389699999988e+01,  9.999887347221e-01,  1.543326709892e+01,  1.802102029324e-01
  2.399699999392e+01,  1.000008344650e+00,  1.543324748899e+01,  1.833795756102e-01
  2.409700000286e+01,  9.999840855598e-01,  1.543327174808e+01,  1.780168414116e-01
  2.419699999690e+01,  9.999849796295e-01,  1.543327085401e+01,  1.793632656336e-01
  2.429699999094e+01,  1.000015974045e+00,  1.543323985960e+01,  1.809747517109e-01
  2.439699999988e+01,  1.000041723251e+00,  1.543321411039e+01,  1.799216121435e-01
  2.449699999392e+01,  1.000003933907e+00,  1.543325189974e+01,  1.788705140352e-01
  2.459700000286e+01,  9.999973773956e-01,  1.543325845625e+01,  1.792292445898e-01
  2.469699999690e+01,  9.999700188637e-01,  1.543328581478e+01,  1.811141818762e-01
  2.479699999094e+01,  1.000000834465e+00,  1.543325499918e+01,  1.800236105919e-01
  2.489699999988e+01,  1.000033855438e+00,  1.543322197820e+01,  1.809114813805e-01
  2.499699999392e+01,  9.999722838402e-01,  1.543328354980e+01,  1.805154681206e-01
  2.509700000286e+01,  1.000007033348e+00,  1.543324880029e+01,  1.796246618032e-01
  2.519699999690e+01,  1.000006556511e+00,  1.543324927713e+01,  1.788430511951e-01
  2.529699999094e+01,  1.000014185905e+00,  1.543324164774e+01,  1.793877631426e-01
  2.539699999988e+01,  1.000026106834e+00,  1.543322972681e+01,  1.795189827681e-01
  2.549699999392e+01,  9.999958276749e-01,  1.543326000597e+01,  1.780125945807e-01
  2.559700000286e+01,  1.000024080276e+00,  1.543323175337e+01,  1.790743023157e-01
  2.569699999690e+01,  1.000035166740e+00,  1.543322066690e+01,  1.781945377588e-01
  2.579699999094e+01,  9.999992251396e-01,  1.543325660850e+01,  1.785653084517e-01
  2.589699999988e+01,  1.000027775764e+00,  1.543322805788e+01,  1.792389750481e-01
  2.599699999392e+01,  9.999950528145e-01,  1.543326078083e+01,  1.785443723202e-01
  2.609700000286e+01,  1.000003099442e+00,  1.543325273420e+01,  1.768496632576e-01
  2.619699999690e+01,  1.000000357628e+00,  1.543325547602e+01,  1.775863170624e-01
  2.629699999094e+01,  1.000013709068e+00,  1.543324212457e+01,  1.780987679958e-01
  2.639699999988e+01,  9.999793767929e-01,  1.543327645685e+01,  1.768543869257e-01
  2.649699999392e+01,  1.000020146370e+00,  1.543323568727e+01,  1.761137992144e-01
  2.659700000286e+01,  9.999646544456e-01,  1.543329117920e+01,  1.757146865129e-01
  2.669699999690e+01,  1.000009894371e+00,  1.543324593927e+01,  1.737304031849e-01
  2.679699999094e+01,  1.000012993813e+00,  1.543324283983e+01,  1.792410761118e-01
  2.689699999988e+01,  1.000005960464e+00,  1.543324987318e+01,  1.740444004536e-01
  2.699699999392e+01,  9.999951124191e-01,  1.543326072122e+01,  1.750201731920e-01
  2.709700000286e+01,  1.000035405159e+00,  1.543322042848e+01,  1.761216521263e-01
  2.719699999690e+01,  9.999998211861e-01,  1.543325601246e+01,  1.752059757710e-01
  2.729699999094e+01,  9.999998211861e-01,  1.543325601246e+01,  1.767558306456e-01
  2.739699999988e+01,  9.999910593033e-01,  1.543326477434e+01,  1.758009493351e-01
  2.749699999392e+01,  9.999874234200e-01,  1.543326841022e+01,  1.776098608971e-01
  2.759700000286e+01,  1.000002741814e+00,  1.543325309183e+01,  1.756633520126e-01
  2.769699999690e+01,  1.000008821487e+00,  1.543324701216e+01,  1.767026185989e-01
  2.779699999094e+01,  1.000008702278e+00,  1.543324713136e+01,  1.766491234303e-01
  2.789699999988e+01,  1.000006318092e+00,  1.543324951555e+01,  1.777355819941e-01
  2.799699999392e+01,  1.000001668930e+00,  1.543325416471e+01,  1.750779151917e-01
  2.809700000286e+01,  9.999852180481e-01,  1.543327061559e+01,  1.739650517702e-01
  2.819699999690e+01,  9.999998807907e-01,  1.543325595285e+01,  1.767347753048e-01
  2.829699999094e+01,  9.999750256538e-01,  1.543328080799e+01,  1.762676388025e-01
  2.839699999988e+01,  1.000006914139e+00,  1.543324891950e+01,  1.766759604216e-01
  2.849699999392e+01,  9.999854564667e-01,  1.543327037718e+01,  1.753326654434e-01
  2.859700000286e+01,  1.000011444092e+00,  1.543324438955e+01,  1.765689104795e-01
  2.869699999690e+01,  1.000002264977e+00,  1.543325356867e+01,  1.759600192308e-01
  2.879699999094e+01,  9.999959468842e-01,  1.543325988676e+01,  1.747046262026e-01
  2.889699999988e+01,  1.000001072884e+00,  1.543325476076e+01,  1.761258691549e-01
  2.899699999392e+01,  1.000005960464e+00,  1.543324987318e+01,  1.764151602983e-01
  2.909700000286e+01,  1.000030755997e+00,  1.543322507765e+01,  1.791337579489e-01
  2.919699999690e+01,  9.999974370003e-01,  1.543325839664e+01,  1.752611547709e-01
  2.929699999094e+01,  1.000005006790e+00,  1.543325082685e+01,  1.751246750355e-01
  2.939699999988e+01,  9.999973773956e-01,  1.543325845625e+01,  1.760508269072e-01
  2.949699999392e+01,  9.999974370003e-01,  1.543325839664e+01,  1.774760484695e-01
  2.959700000286e+01,  1.000001311302e+00,  1.543325452234e+01,  1.762066632509e-01
  2.969699999690e+01,  1.000012993813e+00,  1.543324283983e+01,  1.733938455582e-01
  2.979699999094e+01,  1.000006318092e+00,  1.543324951555e+01,  1.771650314331e-01
  2.989699999988e+01,  9.999805092812e-01,  1.543327532436e+01,  1.763047128916e-01
  2.999699999392e+01,  9.999787211418e-01,  1.543327711250e+01,  1.766733825207e-01
  3.009700000286e+01,  9.999632239342e-01,  1.543329260971e+01,  1.746733188629e-01
  3.019699999690e+01,  1.000002384186e+00,  1.543325344946e+01,  1.752554327250e-01
  3.029699999094e+01,  1.000008940697e+00,  1.543324689295e+01,  1.761798709631e-01
  3.039699999988e+01,  9.999791383743e-01,  1.543327669527e+01,  1.764774769545e-01
  3.049699999392e+01,  1.000045061111e+00,  1.543321077253e+01,  1.765213012695e-01
  3.059700000286e+01,  9.999886155128e-01,  1.543326721813e+01,  1.747080087662e-01
  3.069699999690e+01,  9.999967813492e-01,  1.543325905229e+01,  1.745153963566e-01
  3.079699999094e+01,  1.000003695488e+00,  1.543325213815e+01,  1.759976148605e-01
  3.089699999988e+01,  1.000019311905e+00,  1.543323652174e+01,  1.755716502666e-01
  3.099699999392e+01,  1.000018000603e+00,  1.543323783304e+01,  1.748841702938e-01
  3.109700000286e+01,  1.000012636185e+00,  1.543324319746e+01,  1.739589273930e-01
  3.119699999690e+01,  1.000024318695e+00,  1.543323151495e+01,  1.737613976002e-01
  3.129699999094e+01,  1.000024914742e+00,  1.543323091890e+01,  1.726158559322e-01
  3.139699999988e+01,  1.000013589859e+00,  1.543324224378e+01,  1.766317933798e-01
  3.149699999392e+01,  1.000003337860e+00,  1.543325249578e+01,  1.750990897417e-01
  3.159700000286e+01,  9.999582171440e-01,  1.543329761650e+01,  1.770687997341e-01
  3.169699999690e+01,  1.000010371208e+00,  1.543324546243e+01,  1.747332662344e-01
  3.179699999094e+01,  1.000036478043e+00,  1.543321935560e+01,  1.760176867247e-01
  3.189699999988e+01,  1.000018000603e+00,  1.543323783304e+01,  1.739070415497e-01
  3.199699999392e+01,  1.000023722649e+00,  1.543323211099e+01,  1.724312156439e-01
  3.209700000286e+01,  9.999918937683e-01,  1.543326393987e+01,  1.731107532978e-01
  3.219699999690e+01,  1.000021934509e+00,  1.543323389913e+01,  1.742303073406e-01
  3.229699999094e+01,  1.000008225441e+00,  1.543324760820e+01,  1.730387061834e-01
  3.239699999988e+01,  1.000002384186e+00,  1.543325344946e+01,  1.715639233589e-01
  3.249699999392e+01,  1.000006675720e+00,  1.543324915792e+01,  1.711388081312e-01
  3.259700000286e+01,  9.999904632568e-01,  1.543326537039e+01,  1.752252429724e-01
  3.269699999690e+01,  1.000000000000e+00,  1.543325583364e+01,  1.731442213058e-01
  3.279699999094e+01,  9.999834299088e-01,  1.543327240373e+01,  1.733741164207e-01
  3.289699999988e+01,  1.000041842461e+00,  1.543321399118e+01,  1.739339232445e-01
  3.299699999392e+01,  1.000004529953e+00,  1.543325130369e+01,  1.731431484222e-01
  3.309700000286e+01,  1.000010967255e+00,  1.543324486639e+01,  1.733974814415e-01
  3.319699999690e+01,  1.000034809113e+00,  1.543322102453e+01,  1.734991967678e-01
  3.329699999094e+01,  9.999837279320e-01,  1.543327210571e+01,  1.734994053841e-01
  3.339699999988e+01,  9.999732971191e-01,  1.543328253652e+01,  1.711335629225e-01
  3.349699999392e+01,  9.999921321869e-01,  1.543326370146e+01,  1.725073605776e-01
  3.359700000286e+01,  1.000008463860e+00,  1.543324736978e+01,  1.705050170422e-01
  3.369699999690e+01,  9.999925494194e-01,  1.543326328422e+01,  1.721426844597e-01
  3.379699999094e+01,  1.000029325485e+00,  1.543322650816e+01,  1.730106174946e-01
  3.389699999988e+01,  1.000007033348e+00,  1.543324880029e+01,  1.736337989569e-01
  3.399699999392e+01,  9.999907612801e-01,  1.543326507236e+01,  1.733068525791e-01
  3.409700000286e+01,  1.000000596046e+00,  1.543325523760e+01,  1.708967536688e-01
  3.419699999690e+01,  1.000006198883e+00,  1.543324963476e+01,  1.724748164415e-01
  3.429699999094e+01,  9.999955892563e-01,  1.543326024439e+01,  1.710411608219e-01
  3.439699999988e+01,  1.000031113625e+00,  1.543322472002e+01,  1.712827682495e-01
  3.449699999392e+01,  1.000008106232e+00,  1.543324772741e+01,  1.704227775335e-01
  3.459700000286e+01,  1.000003337860e+00,  1.543325249578e+01,  1.700775325298e-01
  3.469699999690e+01,  9.999778270721e-01,  1.543327800657e+01,  1.712548732758e-01
  3.479699999094e+01,  1.000003695488e+00,  1.543325213815e+01,  1.699560880661e-01
  3.489699999988e+01,  1.000009536743e+00,  1.543324629690e+01,  1.707141399384e-01
  3.499699999392e+01,  1.000008463860e+00,  1.543324736978e+01,  1.694044023752e-01
  3.509700000286e+01,  1.000016570091e+00,  1.543323926355e+01,  1.721185147762e-01
  3.519699999690e+01,  1.000014424324e+00,  1.543324140932e+01,  1.700586974621e-01
  3.529699999094e+01,  1.000012755394e+00,  1.543324307825e+01,  1.703640818596e-01
  3.539699999988e+01,  9.999915361404e-01,  1.543326429750e+01,  1.702471971512e-01
  3.549699999392e+01,  1.000004053116e+00,  1.543325178053e+01,  1.724474728107e-01
  3.559700000286e+01,  1.000002026558e+00,  1.543325380709e+01,  1.710830181837e-01
  3.569699999690e+01,  1.000013470650e+00,  1.543324236299e+01,  1.725230962038e-01
  3.579699999094e+01,  9.999929666519e-01,  1.543326286699e+01,  1.711420714855e-01
  3.589699999988e+01,  9.999891519547e-01,  1.543326668169e+01,  1.704698354006e-01
  3.599699999392e+01,  9.999795556068e-01,  1.543327627804e+01,  1.693651974201e-01
  3.609700000286e+01,  1.000010251999e+00,  1.543324558164e+01,  1.701841801405e-01
  3.619699999690e+01,  1.000012040138e+00,  1.543324379350e+01,  1.714617758989e-01
  3.629699999094e+01,  1.000027179718e+00,  1.543322865392e+01,  1.737117767334e-01
  3.639699999988e+01,  9.999777078629e-01,  1.543327812578e+01,  1.728440523148e-01
  3.649699999392e+01,  1.000000834465e+00,  1.543325499918e+01,  1.722499430180e-01
  3.659700000286e+01,  9.999720454216e-01,  1.543328378822e+01,  1.706380397081e-01
  3.669699999690e+01,  1.000001788139e+00,  1.543325404550e+01,  1.694437414408e-01
  3.679699999094e+01,  1.000009536743e+00,  1.543324629690e+01,  1.694918721914e-01
  3.689699999988e+01,  9.999881386757e-01,  1.543326769497e+01,  1.693261861801e-01
  3.699699999392e+01,  1.000007152557e+00,  1.543324868109e+01,  1.678693592548e-01
  3.709700000286e+01,  1.000020861626e+00,  1.543323497202e+01,  1.695065498352e-01
  3.719699999690e+01,  1.000010251999e+00,  1.543324558164e+01,  1.711608618498e-01
  3.729699999094e+01,  1.000005602837e+00,  1.543325023081e+01,  1.700039505959e-01
  3.739699999988e+01,  9.999788403511e-01,  1.543327699329e+01,  1.710579246283e-01
  3.749699999392e+01,  9.999995827675e-01,  1.543325625088e+01,  1.683190166950e-01
  3.759700000286e+01,  9.999877810478e-01,  1.543326805260e+01,  1.680441051722e-01
  3.769699999690e+01,  9.999852776527e-01,  1.543327055599e+01,  1.684527099133e-01
  3.779699999094e+01,  1.000012755394e+00,  1.543324307825e+01,  1.706057637930e-01
  3.789699999988e+01,  1.000012993813e+00,  1.543324283983e+01,  1.681397706270e-01
  3.799699999392e+01,  1.000008463860e+00,  1.543324736978e+01,  1.683718860149e-01
  3.809700000286e+01,  1.000001549721e+00,  1.543325428392e+01,  1.687791496515e-01
  3.819699999690e+01,  9.999998211861e-01,  1.543325601246e+01,  1.676777899265e-01
  3.829699999094e+01,  1.000011086464e+00,  1.543324474718e+01,  1.675820350647e-01
  3.839699999988e+01,  1.000019788742e+00,  1.543323604490e+01,  1.697879284620e-01
  3.849699999392e+01,  9.999735355377e-01,  1.543328229811e+01,  1.686046570539e-01
  3.859700000286e+01,  1.000028252602e+00,  1.543322758104e+01,  1.705377697945e-01
  3.869699999690e+01,  9.999967813492e-01,  1.543325905229e+01,  1.677697300911e-01
  3.879699999094e+01,  1.000008463860e+00,  1.543324736978e+01,  1.691082865000e-01
  3.889699999988e+01,  1.000020742416e+00,  1.543323509123e+01,  1.682828068733e-01
  3.899699999392e+01,  1.000021457672e+00,  1.543323437597e+01,  1.684940308332e-01
  3.909700000286e+01,  9.999675154686e-01,  1.543328831817e+01,  1.701786220074e-01
  3.919699999690e+01,  9.999940991402e-01,  1.543326173450e+01,  1.699435561895e-01
  3.929699999094e+01,  9.999780058861e-01,  1.543327782776e+01,  1.711073666811e-01
  3.939699999988e+01,  1.000010490417e+00,  1.543324534323e+01,  1.700047105551e-01
  3.949699999392e+01,  9.999938607216e-01,  1.543326197292e+01,  1.698174327612e-01
  3.959700000286e+01,  9.999939799309e-01,  1.543326185371e+01,  1.704131662846e-01
  3.969699999690e+01,  9.999942183495e-01,  1.543326161529e+01,  1.818886995316e-01
  3.979699999094e+01,  9.999991059303e-01,  1.543325672771e+01,  1.693602651358e-01
  3.989699999988e+01,  1.000008583069e+00,  1.543324725057e+01,  1.677297204733e-01
  3.999699999392e+01,  1.000029563904e+00,  1.543322626974e+01,  1.659469008446e-01
  4.009700000286e+01,  1.000028729439e+00,  1.543322710420e+01,  1.682502627373e-01
  4.019699999690e+01,  1.000006437302e+00,  1.543324939634e+01,  1.675665974617e-01
  4.029699999094e+01,  1.000000953674e+00,  1.543325487997e+01,  1.701120883226e-01
  4.039699999988e+01,  9.999867677689e-01,  1.543326906587e+01,  1.711325645447e-01
  4.049699999392e+01,  9.999874234200e-01,  1.543326841022e+01,  1.662039011717e-01
  4.059700000286e+01,  9.999928474426e-01,  1.543326298620e+01,  1.665511429310e-01
  4.069699999690e+01,  9.999581575394e-01,  1.543329767610e+01,  1.682756394148e-01
  4.079699999094e+01,  9.999840259552e-01,  1.543327180769e+01,  1.650532335043e-01
  4.089699999988e+01,  9.999851584435e-01,  1.543327067520e+01,  1.671798676252e-01
  4.099699999392e+01,  9.999911785126e-01,  1.543326465513e+01,  1.651746183634e-01
  4.109700000286e+01,  1.000003814697e+00,  1.543325201895e+01,  1.684471070766e-01
  4.119699999690e+01,  1.000012636185e+00,  1.543324319746e+01,  1.674820035696e-01
  4.129699999094e+01,  1.000015258789e+00,  1.543324057485e+01,  1.675363779068e-01
  4.139699999988e+01,  9.999870657921e-01,  1.543326876785e+01,  1.673876345158e-01
  4.149699999392e+01,  9.999922513962e-01,  1.543326358225e+01,  1.676846295595e-01
  4.159700000286e+01,  9.999842047691e-01,  1.543327162887e+01,  1.687157601118e-01
  4.169699999690e+01,  1.000021815300e+00,  1.543323401834e+01,  1.665133088827e-01
  4.179699999094e+01,  9.999598860741e-01,  1.543329594757e+01,  1.677224785089e-01
  4.189699999988e+01,  9.999822378159e-01,  1.543327359583e+01,  1.668756753206e-01
  4.199699999392e+01,  1.000000476837e+00,  1.543325535681e+01,  1.694758385420e-01
  4.209700000286e+01,  1.000021815300e+00,  1.543323401834e+01,  1.687745153904e-01
  4.219699999690e+01,  1.000021457672e+00,  1.543323437597e+01,  1.677841544151e-01
  4.229699999094e+01,  9.999991655350e-01,  1.543325666811e+01,  1.666845530272e-01
  4.239699999988e+01,  9.999812245369e-01,  1.543327460911e+01,  1.671499013901e-01
  4.249699999392e+01,  1.000001192093e+00,  1.543325464155e+01,  1.686639785767e-01
  4.259700000286e+01,  9.999935626984e-01,  1.543326227094e+01,  1.650358885527e-01
  4.269699999690e+01,  1.000040292740e+00,  1.543321554090e+01,  1.665672808886e-01
  4.279699999094e+01,  9.999913573265e-01,  1.543326447632e+01,  1.686453819275e-01
  4.289699999988e+01,  1.000004053116e+00,  1.543325178053e+01,  1.658241897821e-01
  4.299699999392e+01,  9.999948143959e-01,  1.543326101925e+01,  1.666211187840e-01
  4.309700000286e+01,  1.000013351440e+00,  1.543324248220e+01,  1.668810248375e-01
  4.319699999690e+01,  9.999916553497e-01,  1.543326417829e+01,  1.698378324509e-01
  4.329699999094e+01,  1.000028848648e+00,  1.543322698499e+01,  1.671613007784e-01
  4.339699999988e+01,  1.000004529953e+00,  1.543325130369e+01,  1.711017340422e-01
  4.349699999392e+01,  1.000030398369e+00,  1.543322543527e+01,  1.681886911392e-01
  4.359700000286e+01,  1.000011920929e+00,  1.543324391271e+01,  1.667451709509e-01
  4.369699999690e+01,  1.000005483627e+00,  1.543325035002e+01,  1.679882705212e-01
  4.379699999094e+01,  9.999982118607e-01,  1.543325762178e+01,  1.667649000883e-01
  4.389699999988e+01,  1.000020742416e+00,  1.543323509123e+01,  1.682019829750e-01
  4.399699999392e+01,  1.000004410744e+00,  1.543325142290e+01,  1.666465997696e-01
  4.409700000286e+01,  9.999853372574e-01,  1.543327049639e+01,  1.677081137896e-01
  4.419699999690e+01,  9.999916553497e-01,  1.543326417829e+01,  1.641411483288e-01
  4.429699999094e+01,  1.000009894371e+00,  1.543324593927e+01,  1.675344705582e-01
  4.439699999988e+01,  1.000011324883e+00,  1.543324450876e+01,  1.656261831522e-01
  4.449699999392e+01,  9.999874234200e-01,  1.543326841022e+01,  1.670190095901e-01
  4.459700000286e+01,  9.999969601631e-01,  1.543325887348e+01,  1.646880358458e-01
  4.469699999690e+01,  9.999781250954e-01,  1.543327770855e+01,  1.657128185034e-01
  4.479699999094e+01,  1.000008940697e+00,  1.543324689295e+01,  1.672111600637e-01
  4.489699999988e+01,  9.999766349792e-01,  1.543327919866e+01,  1.646056026220e-01
  4.499699999392e+01,  9.999929666519e-01,  1.543326286699e+01,  1.663513183594e-01
  4.509700000286e+01,  9.999949336052e-01,  1.543326090004e+01,  1.660543531179e-01
  4.519699999690e+01,  1.000014305115e+00,  1.543324152853e+01,  1.654065698385e-01
  4.529699999094e+01,  1.000023365021e+00,  1.543323246862e+01,  1.660148501396e-01
  4.539699999988e+01,  1.000011682510e+00,  1.543324415113e+01,  1.661874949932e-01
  4.549699999392e+01,  9.999841451645e-01,  1.543327168848e+01,  1.646944731474e-01
  4.559700000286e+01,  1.000001907349e+00,  1.543325392629e+01,  1.648503839970e-01
  4.569699999690e+01,  1.000024914742e+00,  1.543323091890e+01,  1.635480523109e-01
  4.579699999094e+01,  1.000013113022e+00,  1.543324272062e+01,  1.632052809000e-01
  4.589699999988e+01,  9.999895095825e-01,  1.543326632406e+01,  1.651487052441e-01
  4.599699999392e+01,  1.000004887581e+00,  1.543325094606e+01,  1.648915410042e-01
  4.609700000286e+01,  1.000016808510e+00,  1.543323902513e+01,  1.661602407694e-01
  4.619699999690e+01,  1.000006437302e+00,  1.543324939634e+01,  1.661776751280e-01
  4.629699999094e+01,  1.000018239021e+00,  1.543323759462e+01,  1.654806882143e-01
  4.639699999988e+01,  1.000025033951e+00,  1.543323079969e+01,  1.659981012344e-01
  4.649699999392e+01,  9.999656081200e-01,  1.543329022552e+01,  1.645882874727e-01
  4.659700000286e+01,  9.999854564667e-01,  1.543327037718e+01,  1.648325920105e-01
  4.669699999690e+01,  9.999667406082e-01,  1.543328909303e+01,  1.635323911905e-01
  4.679699999094e+01,  9.999986886978e-01,  1.543325714495e+01,  1.641529798508e-01
  4.689699999988e+01,  9.999799132347e-01,  1.543327592041e+01,  1.622210443020e-01
  4.699699999392e+01,  9.999835491180e-01,  1.543327228452e+01,  1.631672084332e-01
  4.709700000286e+01,  9.999965429306e-01,  1.543325929071e+01,  1.645102649927e-01
  4.719699999690e+01,  1.000005483627e+00,  1.543325035002e+01,  1.629114896059e-01
  4.729699999094e+01,  9.999872446060e-01,  1.543326858904e+01,  1.620137244463e-01
  4.739699999988e+01,  9.999952912331e-01,  1.543326054241e+01,  1.616510450840e-01
  4.749699999392e+01,  9.999740719795e-01,  1.543328176166e+01,  1.620623916388e-01
  4.759700000286e+01,  9.999847412109e-01,  1.543327109243e+01,  1.615897715092e-01
  4.769699999690e+01,  1.000001549721e+00,  1.543325428392e+01,  1.601588577032e-01
  4.779699999094e+01,  9.999808669090e-01,  1.543327496673e+01,  1.619592308998e-01
  4.789699999988e+01,  9.999495148659e-01,  1.543330631878e+01,  1.618388444185e-01
  4.799699999392e+01,  1.000006675720e+00,  1.543324915792e+01,  1.621581614017e-01
  4.809700000286e+01,  1.000012040138e+00,  1.543324379350e+01,  1.619968414307e-01
  4.819699999690e+01,  9.999874234200e-01,  1.543326841022e+01,  1.637636125088e-01
  4.829699999094e+01,  1.000001549721e+00,  1.543325428392e+01,  1.632218360901e-01
  4.839699999988e+01,  1.000009655952e+00,  1.543324617769e+01,  1.607067734003e-01
  4.849699999392e+01,  1.000026345253e+00,  1.543322948839e+01,  1.621755659580e-01
  4.859700000286e+01,  9.999864101410e-01,  1.543326942350e+01,  1.613966226578e-01
  4.869699999690e+01,  1.000012040138e+00,  1.543324379350e+01,  1.632499396801e-01
  4.879699999094e+01,  9.999924302101e-01,  1.543326340343e+01,  1.647111922503e-01
  4.889699999988e+01,  1.000007390976e+00,  1.543324844267e+01,  1.603531241417e-01
  4.899699999392e+01,  1.000030875206e+00,  1.543322495844e+01,  1.624687910080e-01
  4.909700000286e+01,  9.999837279320e-01,  1.543327210571e+01,  1.647792011499e-01
  4.919699999690e+01,  1.000021576881e+00,  1.543323425676e+01,  1.632147878408e-01
  4.929699999094e+01,  9.999974966049e-01,  1.543325833704e+01,  1.640327572823e-01
  4.939699999988e+01,  9.999942183495e-01,  1.543326161529e+01,  1.635443717241e-01
  4.949699999392e+01,  9.999893307686e-01,  1.543326650287e+01,  1.612864583731e-01
  4.959700000286e+01,  1.000006556511e+00,  1.543324927713e+01,  1.632336527109e-01
  4.969699999690e+01,  9.999933242798e-01,  1.543326250936e+01,  1.617664694786e-01
  4.979699999094e+01,  9.999979138374e-01,  1.543325791981e+01,  1.600264757872e-01
  4.989699999988e+01,  9.999996423721e-01,  1.543325619127e+01,  1.619053781033e-01
  4.999699999392e+01,  9.999964833260e-01,  1.543325935032e+01,  1.608762294054e-01
  5.009700000286e+01,  1.000018000603e+00,  1.543323783304e+01,  1.601214706898e-01
  5.019699999690e+01,  1.000004053116e+00,  1.543325178053e+01,  1.617973595858e-01
  5.029699999094e+01,  1.000007987022e+00,  1.543324784662e+01,  1.622880399227e-01
  5.039699999988e+01,  9.999824762344e-01,  1.543327335741e+01,  1.622216999531e-01
  5.049699999392e+01,  1.000002622604e+00,  1.543325321104e+01,  1.610398739576e-01
  5.059700000286e+01,  9.999811053276e-01,  1.543327472832e+01,  1.648931056261e-01
  5.069699999690e+01,  1.000025510788e+00,  1.543323032285e+01,  1.619645655155e-01
  5.079699999094e+01,  9.999900460243e-01,  1.543326578762e+01,  1.623788177967e-01
  5.089699999988e+01,  1.000004410744e+00,  1.543325142290e+01,  1.631025224924e-01
  5.099699999392e+01,  1.000003576279e+00,  1.543325225736e+01,  1.631206125021e-01
  5.109700000286e+01,  9.999857544899e-01,  1.543327007915e+01,  1.619886159897e-01
  5.119699999690e+01,  9.999848008156e-01,  1.543327103283e+01,  1.623732894659e-01
  5.129699999094e+01,  1.000030755997e+00,  1.543322507765e+01,  1.622445434332e-01
  5.139699999988e+01,  1.000012993813e+00,  1.543324283983e+01,  1.611012816429e-01
  5.149699999392e+01,  9.999902844429e-01,  1.543326554920e+01,  1.636989116669e-01
  5.159700000286e+01,  9.999990463257e-01,  1.543325678732e+01,  1.617090851068e-01
  5.169699999690e+01,  1.000005245209e+00,  1.543325058843e+01,  1.630199700594e-01
  5.179699999094e+01,  9.999808073044e-01,  1.543327502634e+01,  1.605713218451e-01
  5.189699999988e+01,  1.000007987022e+00,  1.543324784662e+01,  1.615789681673e-01
  5.199699999392e+01,  9.999889731407e-01,  1.543326686050e+01,  1.629760861397e-01
  5.209700000286e+01,  1.000005602837e+00,  1.543325023081e+01,  1.619809418917e-01
  5.219699999690e+01,  9.999772906303e-01,  1.543327854301e+01,  1.624396443367e-01
  5.229699999094e+01,  1.000027179718e+00,  1.543322865392e+01,  1.629012525082e-01
  5.239699999988e+01,  9.999792575836e-01,  1.543327657606e+01,  1.630748957396e-01
  5.249699999392e+01,  1.000007033348e+00,  1.543324880029e+01,  1.636876910925e-01
  5.259700000286e+01,  1.000007510185e+00,  1.543324832346e+01,  1.625865697861e-01
  5.269699999690e+01,  1.000013947487e+00,  1.543324188616e+01,  1.631139963865e-01
  5.279699999094e+01,  9.999735951424e-01,  1.543328223850e+01,  1.614244133234e-01
  5.289699999988e+01,  1.000023722649e+00,  1.543323211099e+01,  1.618577539921e-01
  5.299699999392e+01,  9.999882578850e-01,  1.543326757576e+01,  1.606083214283e-01
  5.309700000286e+01,  9.999811649323e-01,  1.543327466871e+01,  1.643994003534e-01
  5.319699999690e+01,  1.000016570091e+00,  1.543323926355e+01,  1.604179143906e-01
  5.329699999094e+01,  9.999975562096e-01,  1.543325827743e+01,  1.599209010601e-01
  5.339699999988e+01,  9.999902844429e-01,  1.543326554920e+01,  1.615301668644e-01
  5.349699999392e+01,  1.000010728836e+00,  1.543324510481e+01,  1.596326828003e-01
  5.359700000286e+01,  1.000021457672e+00,  1.543323437597e+01,  1.620607227087e-01
  5.369699999690e+01,  1.000030159950e+00,  1.543322567369e+01,  1.594114303589e-01
  5.379699999094e+01,  9.999684095383e-01,  1.543328742410e+01,  1.604367941618e-01
  5.389699999988e+01,  1.000000119209e+00,  1.543325571443e+01,  1.594919115305e-01
  5.399699999392e+01,  1.000003337860e+00,  1.543325249578e+01,  1.596981883049e-01
  5.409700000286e+01,  1.000013351440e+00,  1.543324248220e+01,  1.589535921812e-01
  5.419699999690e+01,  1.000007510185e+00,  1.543324832346e+01,  1.598061323166e-01
  5.429699999094e+01,  1.000020503998e+00,  1.543323532965e+01,  1.570735722780e-01
  5.439699999988e+01,  1.000002622604e+00,  1.543325321104e+01,  1.603499650955e-01
  5.449699999392e+01,  1.000012993813e+00,  1.543324283983e+01,  1.604793816805e-01
  5.459700000286e+01,  9.999943375587e-01,  1.543326149608e+01,  1.605625301600e-01
  5.469699999690e+01,  9.999657273293e-01,  1.543329010631e+01,  1.620246917009e-01
  5.479699999094e+01,  9.999886155128e-01,  1.543326721813e+01,  1.623046845198e-01
  5.489699999988e+01,  9.999960660934e-01,  1.543325976755e+01,  1.610333770514e-01
  5.499699999392e+01,  1.000027060509e+00,  1.543322877313e+01,  1.620540767908e-01
  5.509700000286e+01,  1.000000119209e+00,  1.543325571443e+01,  1.619617193937e-01
  5.519699999690e+01,  9.999937415123e-01,  1.543326209213e+01,  1.617121994495e-01
  5.529699999094e+01,  1.000021100044e+00,  1.543323473360e+01,  1.590705811977e-01
  5.539699999988e+01,  9.999968409538e-01,  1.543325899269e+01,  1.590311974287e-01
  5.549699999392e+01,  9.999732375145e-01,  1.543328259613e+01,  1.601062268019e-01
  5.559700000286e+01,  9.999809861183e-01,  1.543327484752e+01,  1.594050526619e-01
  5.569699999690e+01,  9.999817013741e-01,  1.543327413227e+01,  1.563250869513e-01
  5.579699999094e+01,  1.000006794930e+00,  1.543324903871e+01,  1.564089059830e-01
  5.589699999988e+01,  1.000013589859e+00,  1.543324224378e+01,  1.604205667973e-01
  5.599699999392e+01,  9.999780058861e-01,  1.543327782776e+01,  1.584272682667e-01
  5.609700000286e+01,  9.999718070030e-01,  1.543328402664e+01,  1.602662205696e-01
  5.619699999690e+01,  9.999852180481e-01,  1.543327061559e+01,  1.605395376682e-01
  5.629699999094e+01,  9.999981522560e-01,  1.543325768139e+01,  1.598335504532e-01
  5.639699999988e+01,  1.000019073486e+00,  1.543323676016e+01,  1.592515110970e-01
  5.649699999392e+01,  9.999983310699e-01,  1.543325750257e+01,  1.589676290751e-01
  5.659700000286e+01,  9.999871850014e-01,  1.543326864864e+01,  1.618307381868e-01
  5.669699999690e+01,  1.000028729439e+00,  1.543322710420e+01,  1.599593758583e-01
  5.679699999094e+01,  1.000030875206e+00,  1.543322495844e+01,  1.604835838079e-01
  5.689699999988e+01,  1.000020146370e+00,  1.543323568727e+01,  1.590016484261e-01
  5.699699999392e+01,  9.999842047691e-01,  1.543327162887e+01,  1.612598747015e-01
  5.709700000286e+01,  9.999957084656e-01,  1.543326012518e+01,  1.611830145121e-01
  5.719699999690e+01,  9.999995231628e-01,  1.543325631048e+01,  1.601159125566e-01
  5.729699999094e+01,  1.000004410744e+00,  1.543325142290e+01,  1.603929698467e-01
  5.739699999988e+01,  1.000018239021e+00,  1.543323759462e+01,  1.603577136993e-01
  5.749699999392e+01,  1.000006556511e+00,  1.543324927713e+01,  1.610165089369e-01
  5.759700000286e+01,  9.999933838844e-01,  1.543326244976e+01,  1.588262319565e-01
  5.769699999690e+01,  1.000022292137e+00,  1.543323354151e+01,  1.597793847322e-01
  5.779699999094e+01,  9.999949932098e-01,  1.543326084043e+01,  1.586379408836e-01
  5.789699999988e+01,  9.999640583992e-01,  1.543329177524e+01,  1.588700264692e-01
  5.799699999392e+01,  1.000022292137e+00,  1.543323354151e+01,  1.590875536203e-01
  5.809700000286e+01,  9.999926686287e-01,  1.543326316501e+01,  1.591270864010e-01
  5.819699999690e+01,  9.999928474426e-01,  1.543326298620e+01,  1.606814265251e-01
  5.829699999094e+01,  1.000008344650e+00,  1.543324748899e+01,  1.589783728123e-01
  5.839699999988e+01,  9.999940395355e-01,  1.543326179411e+01,  1.594961732626e-01
  5.849699999392e+01,  1.000017166138e+00,  1.543323866751e+01,  1.592272222042e-01
  5.859700000286e+01,  1.000004291534e+00,  1.543325154211e+01,  1.598955541849e-01
  5.869699999690e+01,  1.000023722649e+00,  1.543323211099e+01,  1.598189175129e-01
  5.879699999094e+01,  9.999980330467e-01,  1.543325780060e+01,  1.601726561785e-01
  5.889699999988e+01,  1.000004172325e+00,  1.543325166132e+01,  1.588179320097e-01
  5.899699999392e+01,  9.999756217003e-01,  1.543328021194e+01,  1.605246514082e-01
  5.909700000286e+01,  9.999992847443e-01,  1.543325654890e+01,  1.605015993118e-01
  5.919699999690e+01,  9.999955892563e-01,  1.543326024439e+01,  1.588476896286e-01
  5.929699999094e+01,  1.000033140182e+00,  1.543322269346e+01,  1.589850932360e-01
  5.939699999988e+01,  1.000021219254e+00,  1.543323461439e+01,  1.598520427942e-01
  5.949699999392e+01,  1.000054597855e+00,  1.543320123579e+01,  1.571460664272e-01
  5.959700000286e+01,  9.999946355820e-01,  1.543326119806e+01,  1.601025760174e-01
  5.969699999690e+01,  1.000002264977e+00,  1.543325356867e+01,  1.560537070036e-01
  5.979699999094e+01,  1.000001788139e+00,  1.543325404550e+01,  1.589871197939e-01
  5.989699999988e+01,  9.999887347221e-01,  1.543326709892e+01,  1.596962511539e-01
  5.999699999392e+01,  1.000006437302e+00,  1.543324939634e+01,  1.582805365324e-01
  6.009700000286e+01,  9.999830126762e-01,  1.543327282097e+01,  1.579303592443e-01
  6.019699999690e+01,  9.999705553055e-01,  1.543328527834e+01,  1.584907025099e-01
  6.029699999094e+01,  1.000001192093e+00,  1.543325464155e+01,  1.581566333771e-01
  6.039699999988e+01,  1.000000238419e+00,  1.543325559522e+01,  1.612814515829e-01
  6.049699999392e+01,  1.000032067299e+00,  1.543322376634e+01,  1.601746380329e-01
  6.059700000286e+01,  9.999946355820e-01,  1.543326119806e+01,  1.607055217028e-01
  6.069699999690e+01,  1.000010490417e+00,  1.543324534323e+01,  1.574199497700e-01
  6.079699999094e+01,  9.999908804893e-01,  1.543326495315e+01,  1.561385989189e-01
  6.089699999988e+01,  9.999947547913e-01,  1.543326107885e+01,  1.586014777422e-01
  6.099699999392e+01,  1.000002741814e+00,  1.543325309183e+01,  1.578312516212e-01
  6.109700000286e+01,  9.999700784683e-01,  1.543328575517e+01,  1.587436199188e-01
  6.119699999690e+01,  9.999887347221e-01,  1.543326709892e+01,  1.580331623554e-01
  6.129699999094e+01,  1.000030994415e+00,  1.543322483923e+01,  1.575714796782e-01
  6.139699999988e+01,  9.999877214432e-01,  1.543326811220e+01,  1.571413129568e-01
  6.149699999392e+01,  1.000012159348e+00,  1.543324367430e+01,  1.557047069073e-01
  6.157799999416e+01,  9.999948740005e-01,  1.543326095964e+01,  1.584800481796e-01
  6.157899999619e+01,  9.999898672104e-01,  1.543326596643e+01,  1.585375070572e-01
  6.158200000226e+01,  9.999936819077e-01,  1.543326215174e+01,  1.587345600128e-01
  6.168199999630e+01,  9.999567270279e-01,  1.543329910662e+01,  1.600720435381e-01
  6.176150000095e+01,  9.898322224617e-01,  1.544342361118e+01,  1.567196547985e-01
  6.178199999034e+01,  9.795058369637e-01,  1.545374999668e+01,  1.373610198498e-01
  6.179299999774e+01,  9.691714644432e-01,  1.546408436920e+01,  1.181768551469e-01
  6.180049999058e+01,  9.591235518456e-01,  1.547413228180e+01,  1.249040737748e-01
  6.180749998987e+01,  9.483889937401e-01,  1.548486683990e+01,  1.262212246656e-01
  6.181399999559e+01,  9.377574324608e-01,  1.549549840118e+01,  1.252303570509e-01
  6.181999999285e+01,  9.276599287987e-01,  1.550559590484e+01,  1.237284317613e-01
  6.182599999011e+01,  9.174289107323e-01,  1.551582692291e+01,  1.231981292367e-01
  6.183200000226e+01,  9.073695540428e-01,  1.552588627960e+01,  1.251744478941e-01
  6.183849999309e+01,  8.970584273338e-01,  1.553619740631e+01,  1.289812773466e-01
  6.184600000083e+01,  8.866023421288e-01,  1.554665349151e+01,  1.248556748033e-01
  6.185449999571e+01,  8.762492537498e-01,  1.555700657989e+01,  1.084295883775e-01
  6.186349999905e+01,  8.657931685448e-01,  1.556746266510e+01,  1.001764908433e-01
  6.187250000238e+01,  8.553256392479e-01,  1.557793019440e+01,  9.449545294046e-02
  6.188099999726e+01,  8.452777266502e-01,  1.558797810699e+01,  9.039179235697e-02
  6.188949999213e+01,  8.350161910057e-01,  1.559823964264e+01,  8.553568273783e-02
  6.189800000191e+01,  8.246058821678e-01,  1.560864995148e+01,  8.396669477224e-02
  6.190649999678e+01,  8.141307234764e-01,  1.561912511017e+01,  7.246347516775e-02
  6.191449999809e+01,  8.036288619041e-01,  1.562962697174e+01,  6.425901502371e-02
  6.192199999094e+01,  7.931842207909e-01,  1.564007161285e+01,  6.955572217703e-02
  6.192949999869e+01,  7.830218672752e-01,  1.565023396637e+01,  7.200451940298e-02
  6.193750000000e+01,  7.729853987694e-01,  1.566027043487e+01,  7.121999561787e-02
  6.194650000334e+01,  7.628497481346e-01,  1.567040608551e+01,  6.659753620625e-02
  6.195649999380e+01,  7.528132796288e-01,  1.568044255401e+01,  6.782330572605e-02
  6.196899999678e+01,  7.428130507469e-01,  1.569044278290e+01,  5.859122797847e-02
  6.198299999535e+01,  7.325438857079e-01,  1.570071194794e+01,  4.230437800288e-02
  6.199449999630e+01,  7.224616408348e-01,  1.571079419281e+01,  3.928175568581e-02
  6.200450000167e+01,  7.124556899071e-01,  1.572080014374e+01,  4.012906551361e-02
  6.201399999857e+01,  7.023391127586e-01,  1.573091672088e+01,  4.368531703949e-02
  6.202349999547e+01,  6.922873854637e-01,  1.574096844818e+01,  4.620012640953e-02
  6.203350000083e+01,  6.822394728661e-01,  1.575101636078e+01,  4.352769255638e-02
  6.204449999332e+01,  6.717835664749e-01,  1.576147226717e+01,  3.935631364584e-02
  6.205550000072e+01,  6.616345643997e-01,  1.577162126924e+01,  3.480347245932e-02
  6.206649999321e+01,  6.514760255814e-01,  1.578177980806e+01,  3.050526231527e-02
  6.207750000060e+01,  6.410256624222e-01,  1.579223017122e+01,  2.676113694906e-02
  6.208799999952e+01,  6.306592226028e-01,  1.580259661104e+01,  2.531208842993e-02
  6.209799998999e+01,  6.204510927200e-01,  1.581280474092e+01,  2.351709455252e-02
  6.210799999535e+01,  6.099950075150e-01,  1.582326082613e+01,  2.091451734304e-02
  6.211749999225e+01,  5.998097658157e-01,  1.583344606783e+01,  1.879046112299e-02
  6.212699998915e+01,  5.895787477493e-01,  1.584367708589e+01,  1.833003573120e-02
  6.213650000095e+01,  5.795537233353e-01,  1.585370211031e+01,  1.444166712463e-02
  6.214649999142e+01,  5.691624879837e-01,  1.586409334566e+01,  1.300710253417e-02
  6.215649999678e+01,  5.590344667435e-01,  1.587422136690e+01,  9.832797572017e-03
  6.216699999571e+01,  5.486909151077e-01,  1.588456491854e+01,  6.930229719728e-03
  6.217749999464e+01,  5.384122133255e-01,  1.589484362032e+01,  1.902458840050e-03
  6.218750000000e+01,  5.283757448196e-01,  1.590488008882e+01,  1.211924129166e-03
  6.219749999046e+01,  5.182553529739e-01,  1.591500048067e+01, -1.564698643051e-03
  6.220749999583e+01,  5.082036256790e-01,  1.592505220796e+01, -2.090828958899e-03
  6.221799999475e+01,  4.978410005569e-01,  1.593541483309e+01, -4.334705416113e-03
  6.222849999368e+01,  4.876939058304e-01,  1.594556192781e+01, -6.960647646338e-03
  6.223899999261e+01,  4.775143861771e-01,  1.595574144747e+01, -1.144291646779e-02
  6.224949999154e+01,  4.670239686966e-01,  1.596623186495e+01, -1.302339322865e-02
  6.225949999690e+01,  4.568234682083e-01,  1.597643236543e+01, -1.452604122460e-02
  6.226950000226e+01,  4.466572999954e-01,  1.598659853365e+01, -1.563501544297e-02
  6.227949999273e+01,  4.366246461868e-01,  1.599663118746e+01, -1.617214269936e-02
  6.228999999166e+01,  4.263364076614e-01,  1.600691942598e+01, -1.939937658608e-02
  6.230049999058e+01,  4.161001741886e-01,  1.601715565945e+01, -2.287446893752e-02
  6.231099998951e+01,  4.056860506535e-01,  1.602756978299e+01, -2.471139468253e-02
  6.232099999487e+01,  3.956648409367e-01,  1.603759099271e+01, -2.720000781119e-02
  6.233149999380e+01,  3.851934969425e-01,  1.604806233670e+01, -2.837445773184e-02
  6.234199999273e+01,  3.749090731144e-01,  1.605834676053e+01, -3.174140304327e-02
  6.235249999166e+01,  3.646513521671e-01,  1.606860448148e+01, -3.630568832159e-02
  6.236249999702e+01,  3.546225130558e-01,  1.607863332059e+01, -3.627874702215e-02
  6.237250000238e+01,  3.444410860538e-01,  1.608881474759e+01, -3.631816059351e-02
  6.238249999285e+01,  3.343016207218e-01,  1.609895421292e+01, -3.760138899088e-02
  6.239299999177e+01,  3.238569796085e-01,  1.610939885403e+01, -3.844537213445e-02
  6.240349999070e+01,  3.137404024601e-01,  1.611951543118e+01, -4.194082692266e-02
  6.241399998963e+01,  3.036219179630e-01,  1.612963391568e+01, -4.857315495610e-02
  6.242399999499e+01,  2.935282289982e-01,  1.613972760464e+01, -4.941102489829e-02
  6.243400000036e+01,  2.831560671329e-01,  1.615009976651e+01, -4.925980791450e-02
  6.244399999082e+01,  2.727839052677e-01,  1.616047192838e+01, -4.980369284749e-02
  6.245399999619e+01,  2.626711428165e-01,  1.617058469083e+01, -5.170730128884e-02
  6.246449999511e+01,  2.524305880070e-01,  1.618082524564e+01, -5.593064799905e-02
  6.247499999404e+01,  2.421976476908e-01,  1.619105818595e+01, -6.143764033914e-02
  6.248499999940e+01,  2.321077734232e-01,  1.620114806022e+01, -6.219227984548e-02
  6.249499998987e+01,  2.219644933939e-01,  1.621129134025e+01, -6.032468751073e-02
  6.250550000370e+01,  2.115236669779e-01,  1.622173216667e+01, -5.951853469014e-02
  6.251600000262e+01,  2.013784796000e-01,  1.623187735404e+01, -6.151207163930e-02
  6.252650000155e+01,  1.913324743509e-01,  1.624192335929e+01, -6.734760850668e-02
  6.253700000048e+01,  1.809088140726e-01,  1.625234701957e+01, -7.118710130453e-02
  6.254699999094e+01,  1.704910695553e-01,  1.626276476409e+01, -7.081659138203e-02
  6.255699999630e+01,  1.600235402584e-01,  1.627323229338e+01, -6.984123587608e-02
  6.256700000167e+01,  1.498459279537e-01,  1.628340990569e+01, -6.868216395378e-02
  6.257750000060e+01,  1.397179067135e-01,  1.629353792693e+01, -6.997925788164e-02
  6.258849999309e+01,  1.293781697750e-01,  1.630387766387e+01, -7.815224677324e-02
  6.259899999201e+01,  1.189068257809e-01,  1.631434900786e+01, -7.980293780565e-02
  6.260899999738e+01,  1.085461080074e-01,  1.632470972564e+01, -8.010462671518e-02
  6.261900000274e+01,  9.820064902306e-02,  1.633505518462e+01, -8.009798824787e-02
  6.262899999321e+01,  8.805736899376e-02,  1.634519846465e+01, -7.978214323521e-02
  6.263949999213e+01,  7.782253623009e-02,  1.635543329741e+01, -8.127523958683e-02
  6.264999999106e+01,  6.779560446739e-02,  1.636546022918e+01, -8.733107149601e-02
  6.265999999642e+01,  5.778202041984e-02,  1.637547381322e+01, -8.824537694454e-02
  6.267000000179e+01,  4.743274673820e-02,  1.638582308690e+01, -8.634181320667e-02
  6.267999999225e+01,  3.728946670890e-02,  1.639596636693e+01, -8.313460648060e-02
  6.269099999964e+01,  2.710613422096e-02,  1.640614969942e+01, -7.576937973499e-02
  6.270499999821e+01,  1.687320880592e-02,  1.641638262484e+01, -6.992574036121e-02
  6.272649998963e+01,  6.790963467211e-03,  1.642646487018e+01, -6.216425821185e-02
  6.274400000274e+01,  2.137509407476e-03,  1.643111832424e+01, -5.918778106570e-02
  6.274499998987e+01,  1.944867311977e-03,  1.643131096633e+01, -5.910171195865e-02
  6.275299999118e+01,  6.378566613421e-04,  1.643261797698e+01, -5.818141624331e-02
  6.275599999726e+01,  2.315914025530e-04,  1.643302424224e+01, -5.756915733218e-02
  6.300399999321e+01, -2.222903305665e-03,  1.643547873695e+01, -2.399819344282e-02
  6.300499999523e+01, -2.214856678620e-03,  1.643547069032e+01, -2.377741783857e-02
