           Test time,     Standard travel,     Tool separation,      Standard force
                 0.0,                 0.0,  3.125074144797e+01, -5.324631929398e-03
                 0.0,                 0.0,  3.125074041607e+01, -5.532532930374e-03
                 0.0,                 0.0,  3.125073884400e+01, -6.874054670334e-03
                 0.0,                 0.0,  3.125073511498e+01, -7.929295301437e-03
                 0.0,                 0.0,  3.125073294314e+01, -8.101910352707e-03
                 0.0,                 0.0,  3.129696631067e+01, -4.871921613812e-03
  0.000000000000e+00,  0.000000000000e+00,  3.129696612033e+01, -4.624234512448e-03
  8.000000147149e-03,  1.342757605016e-05,  3.129695269275e+01, -3.996359184384e-03
  1.100000017323e-02,  6.520887836814e-06,  3.129695959944e+01, -4.321800544858e-03
  1.300000003539e-02, -1.177424564958e-06,  3.129696729775e+01, -4.523264244199e-03
  1.399999996647e-02, -2.254033461213e-06,  3.129696837436e+01, -4.554735496640e-03
  1.140000000596e-01,  3.967496741097e-05,  3.129692644536e+01, -5.827599670738e-03
  2.140000001527e-01,  1.529075416329e-05,  3.129695082957e+01, -5.402234848589e-03
  3.140000000130e-01,  5.455374775920e-05,  3.129691156658e+01, -6.468439940363e-03
  4.004999999888e-01,  1.013511512429e-02,  3.128683100520e+01, -2.819115528837e-03
  4.220000000205e-01,  2.036136388779e-02,  3.127660475644e+01,  1.774782501161e-02
  4.335000000428e-01,  3.080028295517e-02,  3.126616583737e+01,  3.609556332231e-02
  4.415000001900e-01,  4.117244482040e-02,  3.125579367551e+01,  3.874916210771e-02
  4.485000001732e-01,  5.185741186142e-02,  3.124510870847e+01,  4.133791103959e-02
  4.550000000745e-01,  6.268733739853e-02,  3.123427878293e+01,  4.738802090287e-02
  4.610000001267e-01,  7.317775487900e-02,  3.122378836545e+01,  5.077356472611e-02
  4.670000001788e-01,  8.377498388290e-02,  3.121319113644e+01,  5.527490749955e-02
  4.729999999981e-01,  9.412807226181e-02,  3.120283804807e+01,  6.290621310472e-02
  4.795000001322e-01,  1.049236655235e-01,  3.119204245480e+01,  6.951177865267e-02
  4.865000001155e-01,  1.155628561974e-01,  3.118140326413e+01,  7.691968232393e-02
  4.940000001807e-01,  1.257290244102e-01,  3.117123709592e+01,  9.725201874971e-02
  5.020000000950e-01,  1.359638571739e-01,  3.116100226315e+01,  1.165620163083e-01
  5.100000000093e-01,  1.461109519005e-01,  3.115085516843e+01,  1.334344148636e-01
  5.180000001565e-01,  1.565517783165e-01,  3.114041434201e+01,  1.570931673050e-01
  5.254999999888e-01,  1.672253012657e-01,  3.112974081906e+01,  1.664963960648e-01
  5.324999999721e-01,  1.775631308556e-01,  3.111940298947e+01,  1.720372438431e-01
  5.395000001881e-01,  1.876568198204e-01,  3.110930930051e+01,  1.801949739456e-01
  5.470000000205e-01,  1.978039145470e-01,  3.109916220578e+01,  1.906205415726e-01
  5.555000002496e-01,  2.081976681948e-01,  3.108876845213e+01,  2.038082182407e-01
  5.655000000261e-01,  2.186632901430e-01,  3.107830283018e+01,  2.132753431797e-01
  5.790000001434e-01,  2.289706021547e-01,  3.106799551817e+01,  2.409032881260e-01
  5.940000000410e-01,  2.392473965883e-01,  3.105771872374e+01,  2.700246870518e-01
  6.060000001453e-01,  2.493906766176e-01,  3.104757544371e+01,  2.853178083897e-01
  6.160000001546e-01,  2.594099938869e-01,  3.103755612644e+01,  2.958559095860e-01
  6.255000000820e-01,  2.699042260647e-01,  3.102706189426e+01,  3.063863813877e-01
  6.345000001602e-01,  2.800436913967e-01,  3.101692242893e+01,  3.155244886875e-01
  6.440000000875e-01,  2.902937829494e-01,  3.100667233738e+01,  3.295473158360e-01
  6.540000000969e-01,  3.004122674465e-01,  3.099655385288e+01,  3.418115675449e-01
  6.650000000373e-01,  3.105517327785e-01,  3.098641438755e+01,  3.592638075352e-01
  6.770000001416e-01,  3.207274377346e-01,  3.097623868259e+01,  3.754991590977e-01
  6.890000000130e-01,  3.308344781399e-01,  3.096613164219e+01,  3.925203382969e-01
  7.005000000354e-01,  3.411589562893e-01,  3.095580716404e+01,  4.098848402500e-01
  7.110000001267e-01,  3.515425622463e-01,  3.094542355808e+01,  4.275087416172e-01
  7.205000000540e-01,  3.619872033596e-01,  3.093497891697e+01,  4.426378309727e-01
  7.295000001322e-01,  3.725691735744e-01,  3.092439694675e+01,  4.576448500156e-01
  7.380000001285e-01,  3.829031884670e-01,  3.091406293186e+01,  4.700426161289e-01
  7.465000001248e-01,  3.931075036526e-01,  3.090385861668e+01,  4.826959669590e-01
  7.554999999702e-01,  4.034338891506e-01,  3.089353223118e+01,  4.973100721836e-01
  7.650000001304e-01,  4.134932458401e-01,  3.088347287449e+01,  5.150827169418e-01
  7.754999999888e-01,  4.238654077053e-01,  3.087310071262e+01,  5.340837240219e-01
  7.860000000801e-01,  4.339056909084e-01,  3.086306042942e+01,  5.533403158188e-01
  7.965000001714e-01,  4.440470635891e-01,  3.085291905674e+01,  5.705293416977e-01
  8.070000000298e-01,  4.544730782509e-01,  3.084249304208e+01,  5.869252085686e-01
  8.170000000391e-01,  4.645515084267e-01,  3.083241461190e+01,  5.992085337639e-01
  8.275000001304e-01,  4.748931527138e-01,  3.082207296761e+01,  6.168095469475e-01
  8.379999999888e-01,  4.849868416786e-01,  3.081197927865e+01,  6.347882151604e-01
  8.485000000801e-01,  4.951549172401e-01,  3.080181120309e+01,  6.543423533440e-01
  8.590000001714e-01,  5.056453347206e-01,  3.079132078561e+01,  6.700131297112e-01
  8.690000001807e-01,  5.158496499062e-01,  3.078111647042e+01,  6.852337718010e-01
  8.790000001900e-01,  5.260158181190e-01,  3.077095030221e+01,  7.000157237053e-01
  8.895000000484e-01,  5.364833474159e-01,  3.076048277291e+01,  7.168042063713e-01
  9.000000001397e-01,  5.466342568398e-01,  3.075033186349e+01,  7.344509959221e-01
  9.110000000801e-01,  5.570979714394e-01,  3.073986814889e+01,  7.542721629143e-01
  9.215000001714e-01,  5.672584176064e-01,  3.072970770272e+01,  7.730290293694e-01
  9.315000001807e-01,  5.773711800575e-01,  3.071959494027e+01,  7.868191599846e-01
  9.415000001900e-01,  5.876327157021e-01,  3.070933340463e+01,  8.042218089104e-01
  9.514999999665e-01,  5.978561043739e-01,  3.069911001595e+01,  8.187596201897e-01
  9.620000000577e-01,  6.083083748817e-01,  3.068865774545e+01,  8.379818797112e-01
  9.725000001490e-01,  6.184840798378e-01,  3.067848204049e+01,  8.548848032951e-01
  9.830000000075e-01,  6.285491585732e-01,  3.066841696175e+01,  8.756939768791e-01
  9.935000000987e-01,  6.388297677040e-01,  3.065813635262e+01,  8.944928050041e-01
  1.003500000108e+00,  6.489081978798e-01,  3.064805792245e+01,  9.119297862053e-01
  1.013500000117e+00,  6.590743660927e-01,  3.063789175424e+01,  9.296757578850e-01
  1.023500000127e+00,  6.691985726357e-01,  3.062776754769e+01,  9.476773142815e-01
  1.033500000136e+00,  6.792312264442e-01,  3.061773489388e+01,  9.639355540276e-01
  1.043999999994e+00,  6.896720528603e-01,  3.060729406747e+01,  9.810444712639e-01
  1.054500000086e+00,  7.000823616982e-01,  3.059688375863e+01,  9.999462962151e-01
  1.064500000095e+00,  7.100927233696e-01,  3.058687339696e+01,  1.015580773354e+00
  1.074500000104e+00,  7.201787829399e-01,  3.057678733739e+01,  1.033288598061e+00
  1.084500000114e+00,  7.302305102348e-01,  3.056673561009e+01,  1.052373528481e+00
  1.094999999972e+00,  7.407285571098e-01,  3.055623756322e+01,  1.072057366371e+00
  1.104999999981e+00,  7.507421374321e-01,  3.054622398290e+01,  1.089189171791e+00
  1.114999999991e+00,  7.607976794243e-01,  3.053616844090e+01,  1.106576561928e+00
  1.125000000000e+00,  7.708646655083e-01,  3.052610145482e+01,  1.124032616615e+00
  1.135000000009e+00,  7.809316515923e-01,  3.051603446874e+01,  1.141900658607e+00
  1.145000000019e+00,  7.909910082817e-01,  3.050597511205e+01,  1.158994317055e+00
  1.155500000110e+00,  8.014394640923e-01,  3.049552665624e+01,  1.178750634193e+00
  1.165999999968e+00,  8.117772936821e-01,  3.048518882665e+01,  1.199464440346e+00
  1.176500000060e+00,  8.221380114555e-01,  3.047482810887e+01,  1.218228936195e+00
  1.187000000151e+00,  8.326169848442e-01,  3.046434913548e+01,  1.237115502357e+00
  1.197000000160e+00,  8.426610827446e-01,  3.045430503758e+01,  1.254563927650e+00
  1.207000000170e+00,  8.527280688286e-01,  3.044423805150e+01,  1.272672295570e+00
  1.217000000179e+00,  8.627378344536e-01,  3.043422828587e+01,  1.290116906166e+00
  1.227500000037e+00,  8.731481432915e-01,  3.042381797704e+01,  1.309087395668e+00
  1.238000000129e+00,  8.834077715874e-01,  3.041355834874e+01,  1.327977776527e+00
  1.248499999987e+00,  8.936578631401e-01,  3.040330825719e+01,  1.348062157631e+00
  1.259000000078e+00,  9.040338397026e-01,  3.039293228063e+01,  1.366983056068e+00
  1.269000000088e+00,  9.140931963921e-01,  3.038287292394e+01,  1.384645104408e+00
  1.279000000097e+00,  9.242746233940e-01,  3.037269149693e+01,  1.402997612953e+00
  1.289000000106e+00,  9.344484210014e-01,  3.036251769933e+01,  1.422013878822e+00
  1.299000000115e+00,  9.445421099663e-01,  3.035242401036e+01,  1.440595269203e+00
  1.309000000125e+00,  9.545764923096e-01,  3.034238962802e+01,  1.457779049873e+00
  1.319499999983e+00,  9.650630950928e-01,  3.033190302523e+01,  1.477176785469e+00
  1.329499999993e+00,  9.750995635986e-01,  3.032186655673e+01,  1.495296597481e+00
  1.339500000002e+00,  9.852008819580e-01,  3.031176523837e+01,  1.512378811836e+00
  1.349500000011e+00,  9.953136444092e-01,  3.030165247592e+01,  1.529632687569e+00
  1.359500000020e+00,  1.005334854126e+00,  3.029163126620e+01,  1.549083828926e+00
  1.370000000112e+00,  1.015790939331e+00,  3.028117518100e+01,  1.568916440010e+00
  1.380499999970e+00,  1.026247024536e+00,  3.027071909579e+01,  1.588203549385e+00
  1.391000000061e+00,  1.036657333374e+00,  3.026030878695e+01,  1.607555508614e+00
  1.401500000153e+00,  1.047090530396e+00,  3.024987558993e+01,  1.627822995186e+00
  1.411500000162e+00,  1.057142257690e+00,  3.023982386264e+01,  1.646923184395e+00
  1.421500000171e+00,  1.067258834839e+00,  3.022970728549e+01,  1.664844632149e+00
  1.431500000181e+00,  1.077333450317e+00,  3.021963267001e+01,  1.682567715645e+00
  1.441500000190e+00,  1.087465286255e+00,  3.020950083407e+01,  1.700626492500e+00
  1.451499999966e+00,  1.097570419312e+00,  3.019939570102e+01,  1.718677639961e+00
  1.462000000058e+00,  1.108041763306e+00,  3.018892435702e+01,  1.737159848213e+00
  1.472500000149e+00,  1.118398666382e+00,  3.017856745395e+01,  1.758583188057e+00
  1.483000000007e+00,  1.128725051880e+00,  3.016824106845e+01,  1.779415249825e+00
  1.493500000099e+00,  1.139028549194e+00,  3.015793757113e+01,  1.799224972725e+00
  1.504000000190e+00,  1.149415969849e+00,  3.014755015048e+01,  1.818409085274e+00
  1.513999999966e+00,  1.159421920776e+00,  3.013754419955e+01,  1.834854245186e+00
  1.523999999976e+00,  1.169427871704e+00,  3.012753824862e+01,  1.851539731026e+00
  1.534500000067e+00,  1.179925918579e+00,  3.011704020175e+01,  1.869793057442e+00
  1.545000000158e+00,  1.190393447876e+00,  3.010657267245e+01,  1.888618588448e+00
  1.555500000017e+00,  1.200826644897e+00,  3.009613947543e+01,  1.908722043037e+00
  1.566000000108e+00,  1.211308598518e+00,  3.008565752181e+01,  1.928813219070e+00
  1.576000000117e+00,  1.221425175667e+00,  3.007554094466e+01,  1.945578813553e+00
  1.586000000127e+00,  1.231583714485e+00,  3.006538240584e+01,  1.963214159012e+00
  1.596000000136e+00,  1.241677403450e+00,  3.005528871688e+01,  1.981322526932e+00
  1.606000000145e+00,  1.251786351204e+00,  3.004517976912e+01,  1.998458147049e+00
  1.616000000155e+00,  1.261902928352e+00,  3.003506319198e+01,  2.017005205154e+00
  1.626000000164e+00,  1.272027134895e+00,  3.002493898543e+01,  2.035361528397e+00
  1.636000000173e+00,  1.282158970833e+00,  3.001480714949e+01,  2.053588151932e+00
  1.646000000183e+00,  1.292317509651e+00,  3.000464861068e+01,  2.070399522781e+00
  1.656000000192e+00,  1.302373051643e+00,  2.999459306868e+01,  2.088252305984e+00
  1.666500000050e+00,  1.312825322151e+00,  2.998414079818e+01,  2.107409715652e+00
  1.677000000142e+00,  1.323239445686e+00,  2.997372667464e+01,  2.126635789871e+00
  1.687500000000e+00,  1.333687901497e+00,  2.996327821883e+01,  2.146777391434e+00
  1.697500000009e+00,  1.343777775764e+00,  2.995318834456e+01,  2.166224718094e+00
  1.707500000019e+00,  1.354039311409e+00,  2.994292680892e+01,  2.184417009354e+00
  1.717500000028e+00,  1.364361882210e+00,  2.993260423812e+01,  2.202296495438e+00
  1.727500000037e+00,  1.374596714973e+00,  2.992236940535e+01,  2.220183610916e+00
  1.737500000047e+00,  1.384698033333e+00,  2.991226808699e+01,  2.239211320877e+00
  1.748000000138e+00,  1.395154118538e+00,  2.990181200179e+01,  2.258925676346e+00
  1.758499999996e+00,  1.405552983284e+00,  2.989141313704e+01,  2.279059648514e+00
  1.769000000088e+00,  1.415894627571e+00,  2.988107149276e+01,  2.298625230789e+00
  1.779500000179e+00,  1.426236271858e+00,  2.987072984847e+01,  2.320468187332e+00
  1.790000000037e+00,  1.436684727669e+00,  2.986028139266e+01,  2.338183641434e+00
  1.800500000129e+00,  1.447136998177e+00,  2.984982912215e+01,  2.358203172684e+00
  1.810999999987e+00,  1.457582950592e+00,  2.983938316974e+01,  2.379108190536e+00
  1.820999999996e+00,  1.467596530914e+00,  2.982936958941e+01,  2.399524450302e+00
  1.831000000006e+00,  1.477716922760e+00,  2.981924919757e+01,  2.418300390244e+00
  1.841000000015e+00,  1.487848758698e+00,  2.980911736163e+01,  2.438453435898e+00
  1.851000000024e+00,  1.497976779938e+00,  2.979898934039e+01,  2.456607580185e+00
  1.861000000034e+00,  1.508020877838e+00,  2.978894524249e+01,  2.474605321884e+00
  1.871500000125e+00,  1.518435001373e+00,  2.977853111895e+01,  2.493366003036e+00
  1.881999999983e+00,  1.528761386871e+00,  2.976820473346e+01,  2.513622045517e+00
  1.892500000075e+00,  1.539122104645e+00,  2.975784401568e+01,  2.534431219101e+00
  1.903000000166e+00,  1.549555301666e+00,  2.974741081866e+01,  2.555751562119e+00
  1.913000000175e+00,  1.559572696686e+00,  2.973739342364e+01,  2.577171087265e+00
  1.923000000184e+00,  1.569670200348e+00,  2.972729591998e+01,  2.596599340439e+00
  1.933000000194e+00,  1.579779148102e+00,  2.971718697223e+01,  2.615401983261e+00
  1.943500000052e+00,  1.590265750885e+00,  2.970670036944e+01,  2.635642766953e+00
  1.954000000143e+00,  1.600618839264e+00,  2.969634728106e+01,  2.657077550888e+00
  1.964500000002e+00,  1.611011981964e+00,  2.968595413836e+01,  2.678157567978e+00
  1.974500000011e+00,  1.621052265167e+00,  2.967591385516e+01,  2.699710607529e+00
  1.984500000020e+00,  1.631206989288e+00,  2.966575913104e+01,  2.720588445663e+00
  1.994500000030e+00,  1.641464710236e+00,  2.965550141009e+01,  2.740615606308e+00
  2.004500000039e+00,  1.651756763458e+00,  2.964520935687e+01,  2.758495092392e+00
  2.014500000048e+00,  1.661873340607e+00,  2.963509277972e+01,  2.777892827988e+00
  2.025000000140e+00,  1.672232151031e+00,  2.962473396930e+01,  2.799133062363e+00
  2.035499999998e+00,  1.682569980621e+00,  2.961439613971e+01,  2.820937871933e+00
  2.046000000089e+00,  1.693045139313e+00,  2.960392098101e+01,  2.841823339462e+00
  2.056000000099e+00,  1.703146457672e+00,  2.959381966266e+01,  2.862010717392e+00
  2.066000000108e+00,  1.713305830956e+00,  2.958366028937e+01,  2.880883216858e+00
  2.076000000117e+00,  1.723426222801e+00,  2.957353989753e+01,  2.900086402893e+00
  2.086499999976e+00,  1.733828902245e+00,  2.956313721808e+01,  2.919713020325e+00
  2.097000000067e+00,  1.744023680687e+00,  2.955294243964e+01,  2.942387580872e+00
  2.107500000158e+00,  1.754399657249e+00,  2.954256646308e+01,  2.964276313782e+00
  2.117500000168e+00,  1.764573454857e+00,  2.953239266547e+01,  2.984406471252e+00
  2.127500000177e+00,  1.774812102318e+00,  2.952215401801e+01,  3.003090858459e+00
  2.137500000186e+00,  1.784997344017e+00,  2.951196877631e+01,  3.023400306702e+00
  2.147500000196e+00,  1.795052886009e+00,  2.950191323432e+01,  3.042321205139e+00
  2.158000000054e+00,  1.805356383324e+00,  2.949160973700e+01,  3.063641548157e+00
  2.168500000145e+00,  1.815545439720e+00,  2.948142068061e+01,  3.084954261780e+00
  2.179000000004e+00,  1.825902342796e+00,  2.947106377753e+01,  3.106858253479e+00
  2.189000000013e+00,  1.835980772972e+00,  2.946098534736e+01,  3.127224922180e+00
  2.199000000022e+00,  1.846219420433e+00,  2.945074669989e+01,  3.146813392639e+00
  2.209000000032e+00,  1.856355071068e+00,  2.944061104926e+01,  3.165898323059e+00
  2.219500000123e+00,  1.866757750511e+00,  2.943020836982e+01,  3.186207771301e+00
  2.229999999981e+00,  1.876929640770e+00,  2.942003647956e+01,  3.207715034485e+00
  2.240500000073e+00,  1.887059569359e+00,  2.940990655097e+01,  3.228596687317e+00
  2.251000000164e+00,  1.897321105003e+00,  2.939964501532e+01,  3.249341011047e+00
  2.261000000173e+00,  1.907357573509e+00,  2.938960854682e+01,  3.270337104797e+00
  2.271000000183e+00,  1.917554259300e+00,  2.937941186103e+01,  3.290535926819e+00
  2.281000000192e+00,  1.927796721458e+00,  2.936916939887e+01,  3.310441017151e+00
  2.290999999968e+00,  1.937894225121e+00,  2.935907189521e+01,  3.330849647522e+00
  2.301500000060e+00,  1.948274016380e+00,  2.934869210395e+01,  3.352650642395e+00
  2.312000000151e+00,  1.958508253098e+00,  2.933845786723e+01,  3.373146295547e+00
  2.323000000091e+00,  1.968891859055e+00,  2.932807426127e+01,  3.391018152237e+00
  2.335000000196e+00,  1.979231595993e+00,  2.931773452433e+01,  3.407604455948e+00
  2.349500000011e+00,  1.989346265793e+00,  2.930761985453e+01,  3.424110651016e+00
  2.369000000181e+00,  1.997499227524e+00,  2.929946689280e+01,  3.441372156143e+00
  2.469000000041e+00,  2.003168821335e+00,  2.929379729899e+01,  3.445971250534e+00
  2.569000000134e+00,  2.002526760101e+00,  2.929443936023e+01,  3.436089277267e+00
  2.668999999994e+00,  2.001814842224e+00,  2.929515127810e+01,  3.425780534744e+00
  2.769000000088e+00,  2.001208782196e+00,  2.929575733813e+01,  3.416579484940e+00
  2.869000000181e+00,  2.000797986984e+00,  2.929616813334e+01,  3.407231092453e+00
  2.969000000041e+00,  2.000521659851e+00,  2.929644446048e+01,  3.402523756027e+00
  3.069000000134e+00,  2.000301837921e+00,  2.929666428241e+01,  3.394840002060e+00
  3.168999999994e+00,  2.000192642212e+00,  2.929677347812e+01,  3.391167163849e+00
  3.269000000088e+00,  2.000123739243e+00,  2.929684238109e+01,  3.385486841202e+00
  3.369000000181e+00,  2.000066757202e+00,  2.929689936313e+01,  3.379947423935e+00
  3.469000000041e+00,  2.000092983246e+00,  2.929687313708e+01,  3.377470016479e+00
  3.569000000134e+00,  2.000025033951e+00,  2.929694108638e+01,  3.374536275864e+00
  3.668999999994e+00,  1.999981760979e+00,  2.929698435935e+01,  3.368178844452e+00
  3.769000000088e+00,  1.999965310097e+00,  2.929700081023e+01,  3.365558147430e+00
  3.869000000181e+00,  2.000035524368e+00,  2.929693059596e+01,  3.364872932434e+00
  3.969000000041e+00,  2.000009298325e+00,  2.929695682200e+01,  3.359942197800e+00
  4.069000000134e+00,  2.000015020370e+00,  2.929695109996e+01,  3.357521057129e+00
  4.168999999994e+00,  2.000003099442e+00,  2.929696302089e+01,  3.354150772095e+00
  4.269000000088e+00,  2.000021219254e+00,  2.929694490107e+01,  3.349576711655e+00
  4.369000000181e+00,  2.000019550323e+00,  2.929694657000e+01,  3.345470905304e+00
  4.469000000041e+00,  2.000016450882e+00,  2.929694966945e+01,  3.342631816864e+00
  4.569000000134e+00,  2.000016450882e+00,  2.929694966945e+01,  3.339360713959e+00
  4.668999999994e+00,  2.000020265579e+00,  2.929694585475e+01,  3.339989900589e+00
  4.769000000088e+00,  1.999999761581e+00,  2.929696635875e+01,  3.336560726166e+00
  4.869000000181e+00,  2.000001907349e+00,  2.929696421298e+01,  3.335709333420e+00
  4.969000000041e+00,  2.000008344650e+00,  2.929695777568e+01,  3.334369182587e+00
  5.069000000134e+00,  2.000015974045e+00,  2.929695014628e+01,  3.330714941025e+00
  5.168999999994e+00,  2.000011444092e+00,  2.929695467624e+01,  3.327520608902e+00
  5.269000000088e+00,  2.000037670135e+00,  2.929692845019e+01,  3.327355384827e+00
  5.369000000181e+00,  1.999996423721e+00,  2.929696969661e+01,  3.322635889053e+00
  5.469000000041e+00,  2.000001907349e+00,  2.929696421298e+01,  3.320564270020e+00
  5.569000000134e+00,  2.000031709671e+00,  2.929693441066e+01,  3.319262266159e+00
  5.668999999994e+00,  1.999987006187e+00,  2.929697911414e+01,  3.317985296249e+00
  5.769000000088e+00,  2.000043869019e+00,  2.929692225131e+01,  3.315413951874e+00
  5.869000000181e+00,  2.000013351440e+00,  2.929695276889e+01,  3.314137935638e+00
  5.969000000041e+00,  2.000032424927e+00,  2.929693369540e+01,  3.313104152679e+00
  6.069000000134e+00,  2.000014543533e+00,  2.929695157679e+01,  3.309694051743e+00
  6.168999999994e+00,  2.000010013580e+00,  2.929695610675e+01,  3.310090780258e+00
  6.269000000088e+00,  1.999990463257e+00,  2.929697565707e+01,  3.307386875153e+00
  6.369000000181e+00,  1.999996781349e+00,  2.929696933898e+01,  3.303934097290e+00
  6.469000000041e+00,  2.000003576279e+00,  2.929696254405e+01,  3.303378820419e+00
  6.569000000134e+00,  2.000006437302e+00,  2.929695968303e+01,  3.302350282669e+00
  6.668999999994e+00,  2.000000476837e+00,  2.929696564349e+01,  3.301761150360e+00
  6.769000000088e+00,  2.000018358231e+00,  2.929694776210e+01,  3.297616243362e+00
  6.869000000181e+00,  1.999985337257e+00,  2.929698078307e+01,  3.298380851746e+00
  6.969000000041e+00,  2.000015258789e+00,  2.929695086154e+01,  3.298230648041e+00
  7.069000000134e+00,  2.000004291534e+00,  2.929696182879e+01,  3.293853998184e+00
  7.168999999994e+00,  2.000023603439e+00,  2.929694251689e+01,  3.296162128448e+00
  7.269000000088e+00,  1.999998688698e+00,  2.929696743163e+01,  3.291111946106e+00
  7.369000000181e+00,  2.000026226044e+00,  2.929693989428e+01,  3.289181232452e+00
  7.469000000041e+00,  2.000020742416e+00,  2.929694537791e+01,  3.287805557251e+00
  7.569000000134e+00,  2.000018358231e+00,  2.929694776210e+01,  3.285787343979e+00
  7.668999999994e+00,  2.000020742416e+00,  2.929694537791e+01,  3.285872697830e+00
  7.769000000088e+00,  2.000020742416e+00,  2.929694537791e+01,  3.283423185349e+00
  7.869000000181e+00,  2.000000476837e+00,  2.929696564349e+01,  3.282740592957e+00
  7.969000000041e+00,  2.000021934509e+00,  2.929694418582e+01,  3.279551982880e+00
  8.069000000134e+00,  2.000038385391e+00,  2.929692773494e+01,  3.278777122498e+00
  8.168999999994e+00,  2.000028371811e+00,  2.929693774852e+01,  3.278499841690e+00
  8.269000000088e+00,  1.999990224838e+00,  2.929697589549e+01,  3.278268098831e+00
  8.369000000181e+00,  1.999994277954e+00,  2.929697184237e+01,  3.276692390442e+00
  8.469000000041e+00,  2.000041007996e+00,  2.929692511233e+01,  3.273285865784e+00
  8.569000000134e+00,  2.000004053116e+00,  2.929696206721e+01,  3.276604175568e+00
  8.668999999994e+00,  1.999992489815e+00,  2.929697363051e+01,  3.272483825684e+00
  8.769000000088e+00,  2.000014066696e+00,  2.929695205363e+01,  3.271807432175e+00
  8.869000000181e+00,  1.999970078468e+00,  2.929699604186e+01,  3.270229339600e+00
  8.969000000041e+00,  2.000021457672e+00,  2.929694466266e+01,  3.269609928131e+00
  9.069000000134e+00,  2.000006914139e+00,  2.929695920619e+01,  3.267098426819e+00
  9.168999999994e+00,  2.000014543533e+00,  2.929695157679e+01,  3.265687942505e+00
  9.269000000088e+00,  2.000038862228e+00,  2.929692725810e+01,  3.263024568558e+00
  9.369000000181e+00,  2.000007390976e+00,  2.929695872935e+01,  3.265671968460e+00
  9.469000000041e+00,  1.999994635582e+00,  2.929697148475e+01,  3.261397361755e+00
  9.569000000134e+00,  1.999985098839e+00,  2.929698102149e+01,  3.260033130646e+00
  9.668999999994e+00,  2.000008106232e+00,  2.929695801410e+01,  3.258381366730e+00
  9.769000000088e+00,  2.000045299530e+00,  2.929692082080e+01,  3.258941888809e+00
  9.869000000181e+00,  1.999995350838e+00,  2.929697076949e+01,  3.258009433746e+00
  9.969000000041e+00,  2.000028371811e+00,  2.929693774852e+01,  3.257258176804e+00
  1.006900000013e+01,  1.999992966652e+00,  2.929697315368e+01,  3.254256963730e+00
  1.016899999999e+01,  2.000011682510e+00,  2.929695443782e+01,  3.254952192307e+00
  1.026900000009e+01,  2.000030279160e+00,  2.929693584117e+01,  3.253490686417e+00
  1.036900000018e+01,  2.000001192093e+00,  2.929696492823e+01,  3.253822088242e+00
  1.046900000004e+01,  2.000047206879e+00,  2.929691891345e+01,  3.253183364868e+00
  1.056900000013e+01,  2.000029802322e+00,  2.929693631801e+01,  3.248055219650e+00
  1.066899999999e+01,  2.000014781952e+00,  2.929695133838e+01,  3.249695062637e+00
  1.076900000009e+01,  1.999992847443e+00,  2.929697327289e+01,  3.247689247131e+00
  1.086900000018e+01,  1.999986052513e+00,  2.929698006781e+01,  3.245709419250e+00
  1.096900000004e+01,  1.999974012375e+00,  2.929699210795e+01,  3.246645212173e+00
  1.106900000013e+01,  1.999990582466e+00,  2.929697553786e+01,  3.246851205826e+00
  1.116899999999e+01,  1.999988317490e+00,  2.929697780284e+01,  3.242773294449e+00
  1.126900000009e+01,  1.999996185303e+00,  2.929696993502e+01,  3.242798805237e+00
  1.136900000018e+01,  1.999982237816e+00,  2.929698388251e+01,  3.242934703827e+00
  1.146900000004e+01,  1.999991655350e+00,  2.929697446498e+01,  3.242574214935e+00
  1.156900000013e+01,  2.000019550323e+00,  2.929694657000e+01,  3.242802619934e+00
  1.166899999999e+01,  1.999998211861e+00,  2.929696790847e+01,  3.238652706146e+00
  1.176900000009e+01,  2.000004768372e+00,  2.929696135196e+01,  3.237363100052e+00
  1.186900000018e+01,  2.000005245209e+00,  2.929696087512e+01,  3.238147497177e+00
  1.196900000004e+01,  2.000022649765e+00,  2.929694347056e+01,  3.237404823303e+00
  1.206900000013e+01,  2.000021457672e+00,  2.929694466266e+01,  3.237540721893e+00
  1.216899999999e+01,  2.000020980835e+00,  2.929694513949e+01,  3.234951734543e+00
  1.226900000009e+01,  2.000005960464e+00,  2.929696015986e+01,  3.235943078995e+00
  1.236900000018e+01,  1.999974727631e+00,  2.929699139270e+01,  3.231554746628e+00
  1.246900000004e+01,  2.000013113022e+00,  2.929695300731e+01,  3.231545209885e+00
  1.256900000013e+01,  2.000002384186e+00,  2.929696373614e+01,  3.232371330261e+00
  1.266899999999e+01,  2.000047206879e+00,  2.929691891345e+01,  3.230409860611e+00
  1.276900000009e+01,  2.000007867813e+00,  2.929695825251e+01,  3.231359720230e+00
  1.286900000018e+01,  1.999978542328e+00,  2.929698757800e+01,  3.228545904160e+00
  1.296900000004e+01,  2.000010967255e+00,  2.929695515307e+01,  3.229770421982e+00
  1.306900000013e+01,  1.999969720840e+00,  2.929699639949e+01,  3.225052595139e+00
  1.316899999999e+01,  1.999991297722e+00,  2.929697482261e+01,  3.226466417313e+00
  1.326900000009e+01,  1.999953389168e+00,  2.929701273116e+01,  3.224870204926e+00
  1.336900000018e+01,  1.999989867210e+00,  2.929697625312e+01,  3.225359678268e+00
  1.346900000004e+01,  2.000012636185e+00,  2.929695348414e+01,  3.222321033478e+00
  1.356900000013e+01,  2.000047445297e+00,  2.929691867503e+01,  3.223333358765e+00
  1.366899999999e+01,  2.000036001205e+00,  2.929693011912e+01,  3.221166372299e+00
  1.376900000009e+01,  2.000045776367e+00,  2.929692034396e+01,  3.219299554825e+00
  1.386900000018e+01,  1.999970316887e+00,  2.929699580344e+01,  3.220911979675e+00
  1.396900000004e+01,  2.000016450882e+00,  2.929694966945e+01,  3.218482971191e+00
  1.406900000013e+01,  2.000011444092e+00,  2.929695467624e+01,  3.219578981400e+00
  1.416899999999e+01,  2.000036001205e+00,  2.929693011912e+01,  3.218104124069e+00
  1.426900000009e+01,  2.000012397766e+00,  2.929695372256e+01,  3.214849233627e+00
  1.436900000018e+01,  1.999998211861e+00,  2.929696790847e+01,  3.217239618301e+00
  1.446900000004e+01,  2.000000715256e+00,  2.929696540507e+01,  3.215587854385e+00
  1.456900000013e+01,  1.999990582466e+00,  2.929697553786e+01,  3.216228485107e+00
  1.466899999999e+01,  1.999999165535e+00,  2.929696695479e+01,  3.214022159576e+00
  1.476900000009e+01,  2.000011444092e+00,  2.929695467624e+01,  3.212038993835e+00
  1.486900000018e+01,  1.999998331070e+00,  2.929696778926e+01,  3.213640451431e+00
  1.496900000004e+01,  2.000005483627e+00,  2.929696063670e+01,  3.209969282150e+00
  1.506900000013e+01,  1.999992132187e+00,  2.929697398814e+01,  3.212271928787e+00
  1.516899999999e+01,  1.999981522560e+00,  2.929698459777e+01,  3.208805322647e+00
  1.526900000009e+01,  1.999993801117e+00,  2.929697231921e+01,  3.208742618561e+00
  1.536900000018e+01,  2.000003814697e+00,  2.929696230563e+01,  3.205617904663e+00
  1.546900000004e+01,  1.999994158745e+00,  2.929697196158e+01,  3.207852125168e+00
  1.556900000013e+01,  2.000020980835e+00,  2.929694513949e+01,  3.206548452377e+00
  1.566899999999e+01,  2.000001668930e+00,  2.929696445140e+01,  3.205238103867e+00
  1.576900000009e+01,  2.000027179718e+00,  2.929693894061e+01,  3.206431627274e+00
  1.586900000018e+01,  2.000001430511e+00,  2.929696468982e+01,  3.207534313202e+00
  1.596900000004e+01,  1.999994635582e+00,  2.929697148475e+01,  3.199482917786e+00
  1.606900000013e+01,  2.000023126602e+00,  2.929694299373e+01,  3.203085184097e+00
  1.616899999999e+01,  1.999984383583e+00,  2.929698173674e+01,  3.202182531357e+00
  1.626900000009e+01,  2.000024318695e+00,  2.929694180163e+01,  3.202592611313e+00
  1.636900000018e+01,  2.000007390976e+00,  2.929695872935e+01,  3.197682142258e+00
  1.646900000004e+01,  2.000014543533e+00,  2.929695157679e+01,  3.195919513702e+00
  1.656900000013e+01,  1.999989628792e+00,  2.929697649154e+01,  3.201714992523e+00
  1.666899999999e+01,  1.999999046326e+00,  2.929696707400e+01,  3.193203449249e+00
  1.676900000009e+01,  2.000030517578e+00,  2.929693560275e+01,  3.194078445435e+00
  1.686900000018e+01,  1.999965429306e+00,  2.929700069102e+01,  3.197047710419e+00
  1.696900000004e+01,  1.999998807907e+00,  2.929696731242e+01,  3.194772243500e+00
  1.706900000013e+01,  2.000037431717e+00,  2.929692868861e+01,  3.191827774048e+00
  1.716899999999e+01,  2.000000953674e+00,  2.929696516665e+01,  3.194026231766e+00
  1.726900000009e+01,  2.000008583069e+00,  2.929695753726e+01,  3.193988084793e+00
  1.736900000018e+01,  1.999999642372e+00,  2.929696647796e+01,  3.191318750381e+00
  1.746900000004e+01,  2.000008583069e+00,  2.929695753726e+01,  3.192369699478e+00
  1.756900000013e+01,  1.999987959862e+00,  2.929697816047e+01,  3.197342872620e+00
  1.766899999999e+01,  1.999994635582e+00,  2.929697148475e+01,  3.188758373260e+00
  1.776900000009e+01,  1.999981999397e+00,  2.929698412093e+01,  3.192083358765e+00
  1.786900000018e+01,  1.999988675117e+00,  2.929697744521e+01,  3.191897630692e+00
  1.796900000004e+01,  2.000013113022e+00,  2.929695300731e+01,  3.189179182053e+00
  1.806900000013e+01,  2.000015497208e+00,  2.929695062312e+01,  3.191366195679e+00
  1.816899999999e+01,  2.000021219254e+00,  2.929694490107e+01,  3.187938690186e+00
  1.826900000009e+01,  1.999986410141e+00,  2.929697971019e+01,  3.188017606735e+00
  1.836900000018e+01,  2.000027894974e+00,  2.929693822535e+01,  3.188997745514e+00
  1.846900000004e+01,  2.000026226044e+00,  2.929693989428e+01,  3.187561273575e+00
  1.856900000013e+01,  2.000024795532e+00,  2.929694132480e+01,  3.185890674591e+00
  1.866899999999e+01,  2.000009775162e+00,  2.929695634517e+01,  3.184029817581e+00
  1.876900000009e+01,  1.999970674515e+00,  2.929699544581e+01,  3.189236640930e+00
  1.886900000018e+01,  2.000037193298e+00,  2.929692892703e+01,  3.185607433319e+00
  1.896900000004e+01,  2.000005245209e+00,  2.929696087512e+01,  3.183407306671e+00
  1.906900000013e+01,  2.000007629395e+00,  2.929695849093e+01,  3.182449817657e+00
  1.916899999999e+01,  2.000051498413e+00,  2.929691462191e+01,  3.190189838409e+00
  1.926900000009e+01,  2.000021934509e+00,  2.929694418582e+01,  3.174590349197e+00
  1.936900000018e+01,  1.999977350235e+00,  2.929698877009e+01,  3.182968378067e+00
  1.946900000004e+01,  2.000018119812e+00,  2.929694800052e+01,  3.181482076645e+00
  1.956900000013e+01,  2.000018596649e+00,  2.929694752368e+01,  3.182927370071e+00
  1.966899999999e+01,  1.999967217445e+00,  2.929699890288e+01,  3.176991939545e+00
  1.976900000009e+01,  2.000012636185e+00,  2.929695348414e+01,  3.179219722748e+00
  1.986900000018e+01,  2.000010490417e+00,  2.929695562991e+01,  3.184353351593e+00
  1.996900000004e+01,  2.000020742416e+00,  2.929694537791e+01,  3.173661231995e+00
  2.006900000013e+01,  1.999989271164e+00,  2.929697684916e+01,  3.173028230667e+00
  2.016899999999e+01,  1.999979019165e+00,  2.929698710116e+01,  3.180931568146e+00
  2.026900000009e+01,  1.999989271164e+00,  2.929697684916e+01,  3.171896219254e+00
  2.036900000018e+01,  1.999996662140e+00,  2.929696945819e+01,  3.169948816299e+00
  2.046900000004e+01,  2.000010013580e+00,  2.929695610675e+01,  3.177345991135e+00
  2.056900000013e+01,  1.999989509583e+00,  2.929697661075e+01,  3.177749395370e+00
  2.066899999999e+01,  1.999974131584e+00,  2.929699198874e+01,  3.165997266769e+00
  2.076900000009e+01,  1.999982118607e+00,  2.929698400172e+01,  3.172116756439e+00
  2.086900000018e+01,  2.000054597855e+00,  2.929691152247e+01,  3.179500102997e+00
  2.096900000004e+01,  1.999989867210e+00,  2.929697625312e+01,  3.165416955948e+00
  2.106900000013e+01,  1.999970316887e+00,  2.929699580344e+01,  3.165946960449e+00
  2.116899999999e+01,  2.000006914139e+00,  2.929695920619e+01,  3.172866344452e+00
  2.126900000009e+01,  1.999963760376e+00,  2.929700235995e+01,  3.170341014862e+00
  2.136900000018e+01,  2.000014781952e+00,  2.929695133838e+01,  3.159069061279e+00
  2.146900000004e+01,  1.999961495399e+00,  2.929700462493e+01,  3.166805744171e+00
  2.156900000013e+01,  2.000006914139e+00,  2.929695920619e+01,  3.171980857849e+00
  2.166899999999e+01,  2.000022411346e+00,  2.929694370898e+01,  3.162910699844e+00
  2.176900000009e+01,  2.000004768372e+00,  2.929696135196e+01,  3.161517381668e+00
  2.186900000018e+01,  1.999989151955e+00,  2.929697696837e+01,  3.166757345200e+00
  2.196900000004e+01,  1.999964714050e+00,  2.929700140628e+01,  3.167122602463e+00
  2.206900000013e+01,  1.999969363213e+00,  2.929699675712e+01,  3.161107778549e+00
  2.216899999999e+01,  2.000034332275e+00,  2.929693178805e+01,  3.164261817932e+00
  2.226900000009e+01,  1.999981999397e+00,  2.929698412093e+01,  3.170248031616e+00
  2.236900000018e+01,  2.000044345856e+00,  2.929692177447e+01,  3.163112401962e+00
  2.246900000004e+01,  2.000004053116e+00,  2.929696206721e+01,  3.161098003387e+00
  2.256900000013e+01,  2.000021457672e+00,  2.929694466266e+01,  3.166587591171e+00
  2.266899999999e+01,  2.000001430511e+00,  2.929696468982e+01,  3.161895990372e+00
  2.276900000009e+01,  2.000016689301e+00,  2.929694943103e+01,  3.161167383194e+00
  2.286900000018e+01,  2.000025510788e+00,  2.929694060954e+01,  3.159541130066e+00
  2.296900000004e+01,  1.999973893166e+00,  2.929699222716e+01,  3.162415504456e+00
  2.306900000013e+01,  2.000005006790e+00,  2.929696111354e+01,  3.158071756363e+00
  2.316899999999e+01,  2.000003099442e+00,  2.929696302089e+01,  3.156988620758e+00
  2.326900000009e+01,  2.000004529953e+00,  2.929696159037e+01,  3.159088373184e+00
  2.336900000018e+01,  2.000020980835e+00,  2.929694513949e+01,  3.159657716751e+00
  2.346900000004e+01,  1.999994993210e+00,  2.929697112712e+01,  3.153204679489e+00
  2.356900000013e+01,  1.999998211861e+00,  2.929696790847e+01,  3.155445575714e+00
  2.366899999999e+01,  1.999997138977e+00,  2.929696898135e+01,  3.156750917435e+00
  2.376900000009e+01,  1.999962806702e+00,  2.929700331363e+01,  3.156869173050e+00
  2.386900000018e+01,  2.000005960464e+00,  2.929696015986e+01,  3.154442071915e+00
  2.396900000004e+01,  1.999980092049e+00,  2.929698602828e+01,  3.154661178589e+00
  2.406900000013e+01,  2.000004291534e+00,  2.929696182879e+01,  3.154801607132e+00
  2.416899999999e+01,  1.999992489815e+00,  2.929697363051e+01,  3.153109312057e+00
  2.426900000009e+01,  1.999992609024e+00,  2.929697351130e+01,  3.151635408401e+00
  2.436900000018e+01,  1.999994754791e+00,  2.929697136554e+01,  3.156329154968e+00
  2.446900000004e+01,  2.000030994415e+00,  2.929693512591e+01,  3.154117345810e+00
  2.456900000013e+01,  1.999979615211e+00,  2.929698650512e+01,  3.151758432388e+00
  2.466899999999e+01,  2.000020503998e+00,  2.929694561633e+01,  3.149488687515e+00
  2.476900000009e+01,  2.000028371811e+00,  2.929693774852e+01,  3.151876926422e+00
  2.486900000018e+01,  2.000013351440e+00,  2.929695276889e+01,  3.150833845139e+00
  2.496900000004e+01,  2.000011444092e+00,  2.929695467624e+01,  3.149440765381e+00
  2.506900000013e+01,  2.000011920929e+00,  2.929695419940e+01,  3.151793718338e+00
  2.516899999999e+01,  2.000014543533e+00,  2.929695157679e+01,  3.147897481918e+00
  2.526900000009e+01,  2.000002145767e+00,  2.929696397456e+01,  3.148516893387e+00
  2.536900000018e+01,  1.999992132187e+00,  2.929697398814e+01,  3.145575523376e+00
  2.546900000004e+01,  1.999997138977e+00,  2.929696898135e+01,  3.147854804993e+00
  2.556900000013e+01,  2.000004053116e+00,  2.929696206721e+01,  3.146920681000e+00
  2.566899999999e+01,  2.000006198883e+00,  2.929695992144e+01,  3.147444725037e+00
  2.576900000009e+01,  2.000025033951e+00,  2.929694108638e+01,  3.143992424011e+00
  2.586900000018e+01,  2.000023841858e+00,  2.929694227847e+01,  3.144556522369e+00
  2.596900000004e+01,  2.000003099442e+00,  2.929696302089e+01,  3.143435716629e+00
  2.606900000013e+01,  1.999986171722e+00,  2.929697994861e+01,  3.143688917160e+00
  2.616899999999e+01,  2.000061035156e+00,  2.929690508517e+01,  3.143216848373e+00
  2.626900000009e+01,  2.000048398972e+00,  2.929691772136e+01,  3.143089532852e+00
  2.636900000018e+01,  2.000000953674e+00,  2.929696516665e+01,  3.141227960587e+00
  2.646900000004e+01,  1.999984979630e+00,  2.929698114070e+01,  3.140105009079e+00
  2.656900000013e+01,  1.999992370605e+00,  2.929697374972e+01,  3.141029834747e+00
  2.666899999999e+01,  2.000026226044e+00,  2.929693989428e+01,  3.139252424240e+00
  2.676900000009e+01,  2.000006198883e+00,  2.929695992144e+01,  3.141731977463e+00
  2.686900000018e+01,  1.999979257584e+00,  2.929698686274e+01,  3.139404535294e+00
  2.696900000004e+01,  1.999973177910e+00,  2.929699294242e+01,  3.139604330063e+00
  2.706900000013e+01,  2.000025749207e+00,  2.929694037112e+01,  3.140568494797e+00
  2.716899999999e+01,  2.000023365021e+00,  2.929694275531e+01,  3.138365268707e+00
  2.726900000009e+01,  2.000011205673e+00,  2.929695491465e+01,  3.138015747070e+00
  2.736900000018e+01,  2.000013828278e+00,  2.929695229205e+01,  3.139154195786e+00
  2.746900000004e+01,  2.000005483627e+00,  2.929696063670e+01,  3.138692855835e+00
  2.756900000013e+01,  2.000007390976e+00,  2.929695872935e+01,  3.136180400848e+00
  2.766899999999e+01,  2.000035524368e+00,  2.929693059596e+01,  3.139570713043e+00
  2.776900000009e+01,  1.999991536140e+00,  2.929697458419e+01,  3.138265848160e+00
  2.786900000018e+01,  1.999991655350e+00,  2.929697446498e+01,  3.135902166367e+00
  2.796900000004e+01,  1.999983072281e+00,  2.929698304805e+01,  3.133999347687e+00
  2.806900000013e+01,  2.000002145767e+00,  2.929696397456e+01,  3.134602785110e+00
  2.816899999999e+01,  2.000030755997e+00,  2.929693536433e+01,  3.134196281433e+00
  2.826900000009e+01,  1.999996304512e+00,  2.929696981582e+01,  3.134489059448e+00
  2.836900000018e+01,  2.000017881393e+00,  2.929694823893e+01,  3.133946657181e+00
  2.846900000004e+01,  1.999976277351e+00,  2.929698984298e+01,  3.133228063583e+00
  2.856900000013e+01,  2.000008344650e+00,  2.929695777568e+01,  3.133847951889e+00
  2.866899999999e+01,  2.000012636185e+00,  2.929695348414e+01,  3.131860017776e+00
  2.876900000009e+01,  1.999987721443e+00,  2.929697839888e+01,  3.132170915604e+00
  2.886900000018e+01,  1.999975919724e+00,  2.929699020060e+01,  3.132156133652e+00
  2.896900000004e+01,  2.000020503998e+00,  2.929694561633e+01,  3.130462408066e+00
  2.906900000013e+01,  2.000023841858e+00,  2.929694227847e+01,  3.130448341370e+00
  2.916899999999e+01,  2.000024080276e+00,  2.929694204005e+01,  3.131180286407e+00
  2.926900000009e+01,  1.999972820282e+00,  2.929699330005e+01,  3.128319501877e+00
  2.936900000018e+01,  1.999989032745e+00,  2.929697708758e+01,  3.127872705460e+00
  2.946900000004e+01,  2.000001668930e+00,  2.929696445140e+01,  3.126891851425e+00
  2.956900000013e+01,  2.000020265579e+00,  2.929694585475e+01,  3.129585266113e+00
  2.966899999999e+01,  1.999957799911e+00,  2.929700832042e+01,  3.126972675323e+00
  2.976900000009e+01,  2.000033378601e+00,  2.929693274173e+01,  3.128875255585e+00
  2.986900000018e+01,  2.000010490417e+00,  2.929695562991e+01,  3.126439332962e+00
  2.996900000004e+01,  2.000017642975e+00,  2.929694847735e+01,  3.127686738968e+00
  3.006900000013e+01,  1.999970912933e+00,  2.929699520739e+01,  3.126222610474e+00
  3.016899999999e+01,  1.999976396561e+00,  2.929698972377e+01,  3.127308607101e+00
  3.026900000009e+01,  1.999969244003e+00,  2.929699687632e+01,  3.124010324478e+00
  3.036900000018e+01,  2.000009775162e+00,  2.929695634517e+01,  3.126786708832e+00
  3.046900000004e+01,  2.000033140182e+00,  2.929693298015e+01,  3.124742269516e+00
  3.056900000013e+01,  1.999992012978e+00,  2.929697410735e+01,  3.125968933105e+00
  3.066899999999e+01,  1.999994874001e+00,  2.929697124633e+01,  3.123319864273e+00
  3.076900000009e+01,  2.000018119812e+00,  2.929694800052e+01,  3.123422145844e+00
  3.086900000018e+01,  2.000009059906e+00,  2.929695706042e+01,  3.123182058334e+00
  3.096900000004e+01,  2.000002622604e+00,  2.929696349772e+01,  3.122427463531e+00
  3.106900000013e+01,  1.999996662140e+00,  2.929696945819e+01,  3.126235723495e+00
  3.116899999999e+01,  1.999978780746e+00,  2.929698733958e+01,  3.121487855911e+00
  3.126900000009e+01,  2.000003814697e+00,  2.929696230563e+01,  3.120197534561e+00
  3.136900000018e+01,  2.000028848648e+00,  2.929693727168e+01,  3.121548175812e+00
  3.146900000004e+01,  2.000005722046e+00,  2.929696039828e+01,  3.119311094284e+00
  3.156900000013e+01,  2.000003814697e+00,  2.929696230563e+01,  3.122567415237e+00
  3.166899999999e+01,  1.999999880791e+00,  2.929696623954e+01,  3.117448329926e+00
  3.176900000009e+01,  2.000007867813e+00,  2.929695825251e+01,  3.120062112808e+00
  3.186900000018e+01,  2.000011682510e+00,  2.929695443782e+01,  3.119401454926e+00
  3.196900000004e+01,  1.999983191490e+00,  2.929698292884e+01,  3.117498397827e+00
  3.206900000013e+01,  1.999983310699e+00,  2.929698280963e+01,  3.118228912354e+00
  3.216899999999e+01,  2.000010013580e+00,  2.929695610675e+01,  3.117815732956e+00
  3.226900000009e+01,  1.999998807907e+00,  2.929696731242e+01,  3.117879629135e+00
  3.236900000018e+01,  1.999981403351e+00,  2.929698471698e+01,  3.115102291107e+00
  3.246900000004e+01,  1.999978065491e+00,  2.929698805484e+01,  3.116229057312e+00
  3.256900000013e+01,  2.000036478043e+00,  2.929692964229e+01,  3.114700555801e+00
  3.266899999999e+01,  2.000030040741e+00,  2.929693607959e+01,  3.116423130035e+00
  3.276900000009e+01,  2.000027894974e+00,  2.929693822535e+01,  3.113212347031e+00
  3.286900000018e+01,  1.999957799911e+00,  2.929700832042e+01,  3.114088058472e+00
  3.296900000004e+01,  2.000023603439e+00,  2.929694251689e+01,  3.114175558090e+00
  3.306900000013e+01,  1.999987602234e+00,  2.929697851809e+01,  3.112886905670e+00
  3.316899999999e+01,  2.000004053116e+00,  2.929696206721e+01,  3.112784385681e+00
  3.326900000009e+01,  1.999971151352e+00,  2.929699496898e+01,  3.113294839859e+00
  3.336900000018e+01,  2.000003099442e+00,  2.929696302089e+01,  3.112770318985e+00
  3.346900000004e+01,  2.000027656555e+00,  2.929693846377e+01,  3.109807014465e+00
  3.356900000013e+01,  1.999986767769e+00,  2.929697935256e+01,  3.113584995270e+00
  3.366899999999e+01,  1.999980330467e+00,  2.929698578986e+01,  3.109662771225e+00
  3.376900000009e+01,  1.999981403351e+00,  2.929698471698e+01,  3.109882116318e+00
  3.386900000018e+01,  2.000000715256e+00,  2.929696540507e+01,  3.107508659363e+00
  3.396900000004e+01,  1.999992489815e+00,  2.929697363051e+01,  3.109939575195e+00
  3.406900000013e+01,  2.000016927719e+00,  2.929694919261e+01,  3.107512950897e+00
  3.416899999999e+01,  1.999999642372e+00,  2.929696647796e+01,  3.112958669662e+00
  3.426900000009e+01,  1.999992609024e+00,  2.929697351130e+01,  3.107292413712e+00
  3.436900000018e+01,  1.999987721443e+00,  2.929697839888e+01,  3.107554912567e+00
  3.446900000004e+01,  1.999986410141e+00,  2.929697971019e+01,  3.108215332031e+00
  3.456900000013e+01,  1.999986290932e+00,  2.929697982940e+01,  3.109312772751e+00
  3.466899999999e+01,  2.000005006790e+00,  2.929696111354e+01,  3.105288028717e+00
  3.476900000009e+01,  1.999996542931e+00,  2.929696957740e+01,  3.106337308884e+00
  3.486900000018e+01,  2.000016689301e+00,  2.929694943103e+01,  3.105896472931e+00
  3.496900000004e+01,  1.999989867210e+00,  2.929697625312e+01,  3.104730844498e+00
  3.506900000013e+01,  2.000036716461e+00,  2.929692940387e+01,  3.103283405304e+00
  3.516899999999e+01,  1.999998331070e+00,  2.929696778926e+01,  3.103458166122e+00
  3.526900000009e+01,  1.999996542931e+00,  2.929696957740e+01,  3.103971958160e+00
  3.536900000018e+01,  2.000041723251e+00,  2.929692439708e+01,  3.103399515152e+00
  3.546900000004e+01,  2.000043630600e+00,  2.929692248973e+01,  3.103394746780e+00
  3.556900000013e+01,  2.000023841858e+00,  2.929694227847e+01,  3.102900505066e+00
  3.566899999999e+01,  2.000008583069e+00,  2.929695753726e+01,  3.103339672089e+00
  3.576900000009e+01,  1.999989509583e+00,  2.929697661075e+01,  3.101361751556e+00
  3.586900000018e+01,  2.000021457672e+00,  2.929694466266e+01,  3.101913928986e+00
  3.596900000004e+01,  2.000029802322e+00,  2.929693631801e+01,  3.101049423218e+00
  3.606900000013e+01,  2.000021457672e+00,  2.929694466266e+01,  3.098334312439e+00
  3.616899999999e+01,  2.000001430511e+00,  2.929696468982e+01,  3.098568201065e+00
  3.626900000009e+01,  2.000012874603e+00,  2.929695324572e+01,  3.098862171173e+00
  3.636900000018e+01,  2.000017404556e+00,  2.929694871577e+01,  3.098846435547e+00
  3.646900000004e+01,  2.000017166138e+00,  2.929694895419e+01,  3.100175619125e+00
  3.656900000013e+01,  2.000006437302e+00,  2.929695968303e+01,  3.101041078568e+00
  3.666899999999e+01,  2.000026226044e+00,  2.929693989428e+01,  3.099621057510e+00
  3.676900000009e+01,  2.000024795532e+00,  2.929694132480e+01,  3.100376367569e+00
  3.686900000018e+01,  1.999994397163e+00,  2.929697172316e+01,  3.099126577377e+00
  3.696900000004e+01,  1.999994397163e+00,  2.929697172316e+01,  3.098884344101e+00
  3.706900000013e+01,  1.999991297722e+00,  2.929697482261e+01,  3.097623109818e+00
  3.716899999999e+01,  2.000025272369e+00,  2.929694084796e+01,  3.096165418625e+00
  3.726900000009e+01,  2.000010013580e+00,  2.929695610675e+01,  3.097470045090e+00
  3.736900000018e+01,  2.000000000000e+00,  2.929696612033e+01,  3.095912933350e+00
  3.746900000004e+01,  1.999991893768e+00,  2.929697422656e+01,  3.097501993179e+00
  3.756900000013e+01,  2.000001192093e+00,  2.929696492823e+01,  3.097925901413e+00
  3.766899999999e+01,  1.999996066093e+00,  2.929697005423e+01,  3.096536874771e+00
  3.776900000009e+01,  2.000008344650e+00,  2.929695777568e+01,  3.096932172775e+00
  3.786900000018e+01,  2.000008821487e+00,  2.929695729884e+01,  3.096812009811e+00
  3.796900000004e+01,  1.999940752983e+00,  2.929702536734e+01,  3.095425605774e+00
  3.806900000013e+01,  2.000022172928e+00,  2.929694394740e+01,  3.094997167587e+00
  3.816899999999e+01,  2.000007867813e+00,  2.929695825251e+01,  3.093871593475e+00
  3.826900000009e+01,  2.000013113022e+00,  2.929695300731e+01,  3.094560623169e+00
  3.836900000018e+01,  2.000008583069e+00,  2.929695753726e+01,  3.093474626541e+00
  3.846900000004e+01,  1.999984741211e+00,  2.929698137912e+01,  3.090743780136e+00
  3.856900000013e+01,  2.000016212463e+00,  2.929694990786e+01,  3.092320442200e+00
  3.866899999999e+01,  1.999975085258e+00,  2.929699103507e+01,  3.093597412109e+00
  3.876900000009e+01,  1.999988794327e+00,  2.929697732600e+01,  3.090757369995e+00
  3.886900000018e+01,  2.000006437302e+00,  2.929695968303e+01,  3.092318534851e+00
  3.896900000004e+01,  2.000020503998e+00,  2.929694561633e+01,  3.089115619659e+00
  3.906900000013e+01,  1.999993562698e+00,  2.929697255763e+01,  3.088874101639e+00
  3.916899999999e+01,  1.999991893768e+00,  2.929697422656e+01,  3.091638088226e+00
  3.926900000009e+01,  1.999998092651e+00,  2.929696802768e+01,  3.090200424194e+00
  3.936900000018e+01,  2.000018835068e+00,  2.929694728526e+01,  3.088399648666e+00
  3.946900000004e+01,  2.000006675720e+00,  2.929695944461e+01,  3.090497970581e+00
  3.956900000013e+01,  1.999989867210e+00,  2.929697625312e+01,  3.088269472122e+00
  3.966899999999e+01,  1.999992370605e+00,  2.929697374972e+01,  3.087615013123e+00
  3.976900000009e+01,  2.000009059906e+00,  2.929695706042e+01,  3.088512897491e+00
  3.986900000018e+01,  1.999969005585e+00,  2.929699711474e+01,  3.087561368942e+00
  3.996900000004e+01,  1.999984741211e+00,  2.929698137912e+01,  3.088132143021e+00
  4.006900000013e+01,  2.000011444092e+00,  2.929695467624e+01,  3.088691711426e+00
  4.016899999999e+01,  2.000014543533e+00,  2.929695157679e+01,  3.090525388718e+00
  4.026900000009e+01,  2.000015258789e+00,  2.929695086154e+01,  3.087940454483e+00
  4.036900000018e+01,  2.000015497208e+00,  2.929695062312e+01,  3.087648391724e+00
  4.046900000004e+01,  1.999969601631e+00,  2.929699651870e+01,  3.086261034012e+00
  4.056900000013e+01,  1.999985694885e+00,  2.929698042544e+01,  3.088256597519e+00
  4.066899999999e+01,  1.999998331070e+00,  2.929696778926e+01,  3.088064908981e+00
  4.076900000009e+01,  1.999982237816e+00,  2.929698388251e+01,  3.089654684067e+00
  4.086900000018e+01,  1.999981522560e+00,  2.929698459777e+01,  3.087097167969e+00
  4.096900000004e+01,  2.000000238419e+00,  2.929696588191e+01,  3.086977005005e+00
  4.106900000013e+01,  2.000012397766e+00,  2.929695372256e+01,  3.088373661041e+00
  4.116899999999e+01,  1.999977469444e+00,  2.929698865088e+01,  3.086599588394e+00
  4.126900000009e+01,  1.999993681908e+00,  2.929697243842e+01,  3.087368965149e+00
  4.136900000018e+01,  2.000037670135e+00,  2.929692845019e+01,  3.085220098495e+00
  4.146900000004e+01,  2.000013589859e+00,  2.929695253047e+01,  3.086019515991e+00
  4.156900000013e+01,  2.000001192093e+00,  2.929696492823e+01,  3.087121725082e+00
  4.166899999999e+01,  2.000014781952e+00,  2.929695133838e+01,  3.083316326141e+00
  4.176900000009e+01,  2.000017881393e+00,  2.929694823893e+01,  3.086006402969e+00
  4.186900000018e+01,  2.000037670135e+00,  2.929692845019e+01,  3.082454681396e+00
  4.196900000004e+01,  2.000061511993e+00,  2.929690460833e+01,  3.083581209183e+00
  4.206900000013e+01,  1.999992489815e+00,  2.929697363051e+01,  3.082742452621e+00
  4.216899999999e+01,  2.000015735626e+00,  2.929695038470e+01,  3.080707073212e+00
  4.226900000009e+01,  2.000006675720e+00,  2.929695944461e+01,  3.082255601883e+00
  4.236900000018e+01,  2.000000238419e+00,  2.929696588191e+01,  3.080957174301e+00
  4.246900000004e+01,  1.999954342842e+00,  2.929701177749e+01,  3.082278728485e+00
  4.256900000013e+01,  2.000000238419e+00,  2.929696588191e+01,  3.082157611847e+00
  4.266899999999e+01,  2.000005483627e+00,  2.929696063670e+01,  3.080910682678e+00
  4.276900000009e+01,  2.000016689301e+00,  2.929694943103e+01,  3.081248998642e+00
  4.286900000018e+01,  1.999985694885e+00,  2.929698042544e+01,  3.078073740005e+00
  4.296900000004e+01,  1.999983668327e+00,  2.929698245200e+01,  3.080962657928e+00
  4.306900000013e+01,  2.000012636185e+00,  2.929695348414e+01,  3.081763267517e+00
  4.316899999999e+01,  1.999994635582e+00,  2.929697148475e+01,  3.080212354660e+00
  4.326900000009e+01,  2.000010728836e+00,  2.929695539149e+01,  3.079592704773e+00
  4.336900000018e+01,  1.999981284142e+00,  2.929698483619e+01,  3.078659057617e+00
  4.346900000004e+01,  1.999974250793e+00,  2.929699186953e+01,  3.081426382065e+00
  4.356900000013e+01,  2.000000476837e+00,  2.929696564349e+01,  3.078558206558e+00
  4.366899999999e+01,  2.000019788742e+00,  2.929694633159e+01,  3.078838109970e+00
  4.376900000009e+01,  2.000017404556e+00,  2.929694871577e+01,  3.075709342957e+00
  4.386900000018e+01,  1.999972462654e+00,  2.929699365767e+01,  3.078688383102e+00
  4.396900000004e+01,  2.000015020370e+00,  2.929695109996e+01,  3.077977895737e+00
  4.406900000013e+01,  1.999996900558e+00,  2.929696921977e+01,  3.077413797379e+00
  4.416899999999e+01,  1.999993562698e+00,  2.929697255763e+01,  3.075123786926e+00
  4.426900000009e+01,  2.000015497208e+00,  2.929695062312e+01,  3.077021837234e+00
  4.436900000018e+01,  1.999991655350e+00,  2.929697446498e+01,  3.077064037323e+00
  4.446900000004e+01,  1.999993443489e+00,  2.929697267684e+01,  3.076251029968e+00
  4.456900000013e+01,  1.999976634979e+00,  2.929698948535e+01,  3.075795650482e+00
  4.466899999999e+01,  2.000031232834e+00,  2.929693488749e+01,  3.075888872147e+00
  4.476900000009e+01,  1.999961614609e+00,  2.929700450572e+01,  3.074872255325e+00
  4.486900000018e+01,  2.000002861023e+00,  2.929696325930e+01,  3.074756145477e+00
  4.496900000004e+01,  2.000045776367e+00,  2.929692034396e+01,  3.073606491089e+00
  4.506900000013e+01,  1.999991297722e+00,  2.929697482261e+01,  3.073956966400e+00
  4.516899999999e+01,  1.999982595444e+00,  2.929698352488e+01,  3.071495056152e+00
  4.526900000009e+01,  2.000030040741e+00,  2.929693607959e+01,  3.073876619339e+00
  4.536900000018e+01,  2.000026226044e+00,  2.929693989428e+01,  3.071343660355e+00
  4.546900000004e+01,  1.999984145164e+00,  2.929698197516e+01,  3.071441888809e+00
  4.556900000013e+01,  1.999959111214e+00,  2.929700700911e+01,  3.070955514908e+00
  4.566899999999e+01,  1.999993443489e+00,  2.929697267684e+01,  3.070323944092e+00
  4.576900000009e+01,  1.999976277351e+00,  2.929698984298e+01,  3.071751832962e+00
  4.586900000018e+01,  2.000003099442e+00,  2.929696302089e+01,  3.069523334503e+00
  4.596900000004e+01,  2.000010490417e+00,  2.929695562991e+01,  3.070584297180e+00
  4.606900000013e+01,  2.000006198883e+00,  2.929695992144e+01,  3.068835496902e+00
  4.616899999999e+01,  2.000016927719e+00,  2.929694919261e+01,  3.070193529129e+00
  4.626900000009e+01,  1.999997496605e+00,  2.929696862372e+01,  3.069542646408e+00
  4.636900000018e+01,  1.999990940094e+00,  2.929697518023e+01,  3.069776535034e+00
  4.646900000004e+01,  2.000035762787e+00,  2.929693035754e+01,  3.069675207138e+00
  4.656900000013e+01,  2.000003099442e+00,  2.929696302089e+01,  3.066802978516e+00
  4.666899999999e+01,  2.000004529953e+00,  2.929696159037e+01,  3.067829847336e+00
  4.676900000009e+01,  2.000023126602e+00,  2.929694299373e+01,  3.066598415375e+00
  4.686900000018e+01,  1.999969005585e+00,  2.929699711474e+01,  3.067576646805e+00
  4.696900000004e+01,  2.000036716461e+00,  2.929692940387e+01,  3.065846681595e+00
  4.706900000013e+01,  1.999988436699e+00,  2.929697768363e+01,  3.065984725952e+00
  4.716899999999e+01,  2.000021934509e+00,  2.929694418582e+01,  3.066986322403e+00
  4.726900000009e+01,  2.000009298325e+00,  2.929695682200e+01,  3.065949440002e+00
  4.736900000018e+01,  1.999990224838e+00,  2.929697589549e+01,  3.066828489304e+00
  4.746900000004e+01,  2.000001430511e+00,  2.929696468982e+01,  3.065089702606e+00
  4.756900000013e+01,  1.999976038933e+00,  2.929699008139e+01,  3.065868377686e+00
  4.766899999999e+01,  1.999989986420e+00,  2.929697613391e+01,  3.063585996628e+00
  4.776900000009e+01,  2.000004291534e+00,  2.929696182879e+01,  3.066390752792e+00
  4.786900000018e+01,  1.999976158142e+00,  2.929698996219e+01,  3.065866708755e+00
  4.796900000004e+01,  1.999984502792e+00,  2.929698161754e+01,  3.062747716904e+00
  4.806900000013e+01,  2.000016450882e+00,  2.929694966945e+01,  3.062457561493e+00
  4.816899999999e+01,  1.999970793724e+00,  2.929699532660e+01,  3.061594009399e+00
  4.826900000009e+01,  2.000024080276e+00,  2.929694204005e+01,  3.062886238098e+00
  4.836900000018e+01,  1.999997854233e+00,  2.929696826609e+01,  3.064074039459e+00
  4.846900000004e+01,  1.999953389168e+00,  2.929701273116e+01,  3.059142351151e+00
  4.856900000013e+01,  2.000043630600e+00,  2.929692248973e+01,  3.061507463455e+00
  4.866899999999e+01,  1.999980449677e+00,  2.929698567065e+01,  3.061086416245e+00
  4.876900000009e+01,  1.999992847443e+00,  2.929697327289e+01,  3.058878660202e+00
  4.886900000018e+01,  2.000019311905e+00,  2.929694680842e+01,  3.059738636017e+00
  4.896900000004e+01,  2.000017166138e+00,  2.929694895419e+01,  3.061929225922e+00
  4.906900000013e+01,  2.000000715256e+00,  2.929696540507e+01,  3.059113025665e+00
  4.916899999999e+01,  1.999978780746e+00,  2.929698733958e+01,  3.059306859970e+00
  4.926900000009e+01,  2.000011682510e+00,  2.929695443782e+01,  3.058474540710e+00
  4.936900000018e+01,  1.999986767769e+00,  2.929697935256e+01,  3.061112403870e+00
  4.946900000004e+01,  2.000029802322e+00,  2.929693631801e+01,  3.059725046158e+00
  4.956900000013e+01,  2.000001192093e+00,  2.929696492823e+01,  3.057481050491e+00
  4.966899999999e+01,  2.000023841858e+00,  2.929694227847e+01,  3.060173749924e+00
  4.976900000009e+01,  1.999989867210e+00,  2.929697625312e+01,  3.056780338287e+00
  4.986900000018e+01,  2.000000238419e+00,  2.929696588191e+01,  3.057809352875e+00
  4.996900000004e+01,  2.000034093857e+00,  2.929693202647e+01,  3.058974981308e+00
  5.006900000013e+01,  2.000001907349e+00,  2.929696421298e+01,  3.056725502014e+00
  5.016899999999e+01,  2.000009298325e+00,  2.929695682200e+01,  3.058816671371e+00
  5.026900000009e+01,  1.999977827072e+00,  2.929698829326e+01,  3.055379867554e+00
  5.036900000018e+01,  1.999980092049e+00,  2.929698602828e+01,  3.056904792786e+00
  5.046900000004e+01,  2.000018119812e+00,  2.929694800052e+01,  3.056851148605e+00
  5.056900000013e+01,  2.000023603439e+00,  2.929694251689e+01,  3.056851625443e+00
  5.066899999999e+01,  2.000003814697e+00,  2.929696230563e+01,  3.054381370544e+00
  5.076900000009e+01,  2.000008106232e+00,  2.929695801410e+01,  3.056777000427e+00
  5.086900000018e+01,  2.000018119812e+00,  2.929694800052e+01,  3.057473182678e+00
  5.096900000004e+01,  2.000019788742e+00,  2.929694633159e+01,  3.055715560913e+00
  5.106900000013e+01,  2.000049114227e+00,  2.929691700610e+01,  3.058003425598e+00
  5.116899999999e+01,  2.000010728836e+00,  2.929695539149e+01,  3.056516885757e+00
  5.126900000009e+01,  2.000007152557e+00,  2.929695896777e+01,  3.056611537933e+00
  5.136900000018e+01,  2.000000476837e+00,  2.929696564349e+01,  3.053810596466e+00
  5.146900000004e+01,  1.999951601028e+00,  2.929701451930e+01,  3.053089380264e+00
  5.156900000013e+01,  1.999989271164e+00,  2.929697684916e+01,  3.053303956985e+00
  5.166899999999e+01,  2.000021934509e+00,  2.929694418582e+01,  3.053447246552e+00
  5.176900000009e+01,  1.999988913536e+00,  2.929697720679e+01,  3.053886890411e+00
  5.186900000018e+01,  2.000026464462e+00,  2.929693965587e+01,  3.053719758987e+00
  5.196900000004e+01,  2.000004529953e+00,  2.929696159037e+01,  3.052632093430e+00
  5.206900000013e+01,  1.999979615211e+00,  2.929698650512e+01,  3.054997205734e+00
  5.216899999999e+01,  1.999972105026e+00,  2.929699401530e+01,  3.054474592209e+00
  5.226900000009e+01,  2.000003576279e+00,  2.929696254405e+01,  3.054229497910e+00
  5.236900000018e+01,  1.999998688698e+00,  2.929696743163e+01,  3.055251836777e+00
  5.246900000004e+01,  2.000018835068e+00,  2.929694728526e+01,  3.051133632660e+00
  5.256900000013e+01,  1.999998092651e+00,  2.929696802768e+01,  3.052825927734e+00
  5.266899999999e+01,  1.999999284744e+00,  2.929696683558e+01,  3.051714181900e+00
  5.276900000009e+01,  1.999977350235e+00,  2.929698877009e+01,  3.053509712219e+00
  5.286900000018e+01,  2.000020027161e+00,  2.929694609317e+01,  3.050486803055e+00
  5.296900000004e+01,  2.000016450882e+00,  2.929694966945e+01,  3.050996065140e+00
  5.306900000013e+01,  2.000004053116e+00,  2.929696206721e+01,  3.050864219666e+00
  5.316899999999e+01,  1.999996066093e+00,  2.929697005423e+01,  3.047564506531e+00
  5.326900000009e+01,  2.000021934509e+00,  2.929694418582e+01,  3.048046827316e+00
  5.336900000018e+01,  2.000007152557e+00,  2.929695896777e+01,  3.047980070114e+00
  5.346900000004e+01,  1.999993205070e+00,  2.929697291526e+01,  3.047902584076e+00
  5.356900000013e+01,  1.999966263771e+00,  2.929699985656e+01,  3.048959493637e+00
  5.366899999999e+01,  2.000004053116e+00,  2.929696206721e+01,  3.047867774963e+00
  5.376900000009e+01,  1.999999284744e+00,  2.929696683558e+01,  3.049100160599e+00
  5.386900000018e+01,  1.999997138977e+00,  2.929696898135e+01,  3.049304246902e+00
  5.396900000004e+01,  1.999994516373e+00,  2.929697160396e+01,  3.046502590179e+00
  5.406900000013e+01,  1.999993443489e+00,  2.929697267684e+01,  3.049433708191e+00
  5.416899999999e+01,  1.999971389771e+00,  2.929699473056e+01,  3.045802831650e+00
  5.426900000009e+01,  2.000010967255e+00,  2.929695515307e+01,  3.047294855118e+00
  5.436900000018e+01,  1.999976634979e+00,  2.929698948535e+01,  3.045795679092e+00
  5.446900000004e+01,  1.999995827675e+00,  2.929697029265e+01,  3.047851085663e+00
  5.456900000013e+01,  2.000017166138e+00,  2.929694895419e+01,  3.047941446304e+00
  5.466899999999e+01,  1.999995231628e+00,  2.929697088870e+01,  3.046598911285e+00
  5.476900000009e+01,  2.000014305115e+00,  2.929695181521e+01,  3.047855138779e+00
  5.486900000018e+01,  2.000016450882e+00,  2.929694966945e+01,  3.045137405396e+00
  5.496900000004e+01,  1.999991774559e+00,  2.929697434577e+01,  3.045892953873e+00
  5.506900000013e+01,  1.999998927116e+00,  2.929696719321e+01,  3.045073032379e+00
  5.516899999999e+01,  2.000022411346e+00,  2.929694370898e+01,  3.046486139297e+00
  5.526900000009e+01,  1.999996900558e+00,  2.929696921977e+01,  3.047242164612e+00
  5.536900000018e+01,  2.000012159348e+00,  2.929695396098e+01,  3.045576095581e+00
  5.546900000004e+01,  1.999993443489e+00,  2.929697267684e+01,  3.045595407486e+00
  5.556900000013e+01,  2.000004768372e+00,  2.929696135196e+01,  3.044039249420e+00
  5.566899999999e+01,  2.000012636185e+00,  2.929695348414e+01,  3.045093536377e+00
  5.576900000009e+01,  1.999997377396e+00,  2.929696874293e+01,  3.042374849319e+00
  5.586900000018e+01,  2.000005483627e+00,  2.929696063670e+01,  3.042870998383e+00
  5.596900000004e+01,  1.999996662140e+00,  2.929696945819e+01,  3.041950464249e+00
  5.606900000013e+01,  1.999999403954e+00,  2.929696671637e+01,  3.042564630508e+00
  5.616899999999e+01,  1.999969601631e+00,  2.929699651870e+01,  3.041122198105e+00
  5.626900000009e+01,  2.000004529953e+00,  2.929696159037e+01,  3.044984102249e+00
  5.636900000018e+01,  2.000024080276e+00,  2.929694204005e+01,  3.042745828629e+00
  5.646900000004e+01,  1.999991655350e+00,  2.929697446498e+01,  3.042058467865e+00
  5.656900000013e+01,  2.000005006790e+00,  2.929696111354e+01,  3.039226770401e+00
  5.666899999999e+01,  1.999993920326e+00,  2.929697220000e+01,  3.042615413666e+00
  5.676900000009e+01,  1.999979138374e+00,  2.929698698195e+01,  3.042968034744e+00
  5.686900000018e+01,  2.000015258789e+00,  2.929695086154e+01,  3.041344404221e+00
  5.696900000004e+01,  2.000014066696e+00,  2.929695205363e+01,  3.037662982941e+00
  5.706900000013e+01,  2.000015974045e+00,  2.929695014628e+01,  3.039406299591e+00
  5.716899999999e+01,  1.999993324280e+00,  2.929697279605e+01,  3.039879322052e+00
  5.726900000009e+01,  2.000005722046e+00,  2.929696039828e+01,  3.040633440018e+00
  5.736900000018e+01,  2.000010251999e+00,  2.929695586833e+01,  3.039431810379e+00
  5.746900000004e+01,  2.000001430511e+00,  2.929696468982e+01,  3.040132999420e+00
  5.756900000013e+01,  1.999965190887e+00,  2.929700092944e+01,  3.040581941605e+00
  5.766899999999e+01,  1.999975919724e+00,  2.929699020060e+01,  3.039025783539e+00
  5.776900000009e+01,  1.999981403351e+00,  2.929698471698e+01,  3.037886857986e+00
  5.786900000018e+01,  2.000014305115e+00,  2.929695181521e+01,  3.037022829056e+00
  5.796900000004e+01,  1.999991059303e+00,  2.929697506102e+01,  3.040120601654e+00
  5.806900000013e+01,  1.999978303909e+00,  2.929698781642e+01,  3.039329767227e+00
  5.816899999999e+01,  1.999976754189e+00,  2.929698936614e+01,  3.039443016052e+00
  5.826900000009e+01,  2.000004053116e+00,  2.929696206721e+01,  3.038585662842e+00
  5.836900000018e+01,  1.999982237816e+00,  2.929698388251e+01,  3.037810802460e+00
  5.846900000004e+01,  2.000000953674e+00,  2.929696516665e+01,  3.037033319473e+00
  5.856900000013e+01,  1.999970555305e+00,  2.929699556502e+01,  3.035340070724e+00
  5.866899999999e+01,  1.999973416328e+00,  2.929699270400e+01,  3.036004066467e+00
  5.876900000009e+01,  1.999995708466e+00,  2.929697041186e+01,  3.035841703415e+00
  5.886900000018e+01,  1.999997138977e+00,  2.929696898135e+01,  3.034057617188e+00
  5.896900000004e+01,  1.999987721443e+00,  2.929697839888e+01,  3.033653736115e+00
  5.906900000013e+01,  2.000041484833e+00,  2.929692463549e+01,  3.037545919418e+00
  5.916899999999e+01,  2.000023365021e+00,  2.929694275531e+01,  3.037636995316e+00
  5.926900000009e+01,  1.999997735023e+00,  2.929696838530e+01,  3.035306692123e+00
  5.936900000018e+01,  1.999964356422e+00,  2.929700176391e+01,  3.036669015884e+00
  5.946900000004e+01,  1.999986290932e+00,  2.929697982940e+01,  3.035129785538e+00
  5.956900000013e+01,  1.999979734421e+00,  2.929698638591e+01,  3.035405874252e+00
  5.966899999999e+01,  2.000015735626e+00,  2.929695038470e+01,  3.033245325089e+00
  5.976900000009e+01,  1.999979972839e+00,  2.929698614749e+01,  3.034341335297e+00
  5.986900000018e+01,  2.000000238419e+00,  2.929696588191e+01,  3.035350322723e+00
  5.996900000004e+01,  1.999958276749e+00,  2.929700784358e+01,  3.033538103104e+00
  6.006900000013e+01,  1.999959111214e+00,  2.929700700911e+01,  3.032998800278e+00
  6.016899999999e+01,  1.999999523163e+00,  2.929696659716e+01,  3.033243417740e+00
  6.026900000009e+01,  2.000000953674e+00,  2.929696516665e+01,  3.033576250076e+00
  6.036900000018e+01,  1.999992847443e+00,  2.929697327289e+01,  3.031712055206e+00
  6.046900000004e+01,  2.000010013580e+00,  2.929695610675e+01,  3.033180713654e+00
  6.056900000013e+01,  1.999987959862e+00,  2.929697816047e+01,  3.033262252808e+00
  6.066899999999e+01,  2.000014305115e+00,  2.929695181521e+01,  3.034416675568e+00
  6.076900000009e+01,  1.999998331070e+00,  2.929696778926e+01,  3.032935619354e+00
  6.086900000018e+01,  1.999987483025e+00,  2.929697863730e+01,  3.033296346664e+00
  6.096900000004e+01,  2.000000715256e+00,  2.929696540507e+01,  3.032289981842e+00
  6.106900000013e+01,  1.999991297722e+00,  2.929697482261e+01,  3.031150817871e+00
  6.116899999999e+01,  2.000004053116e+00,  2.929696206721e+01,  3.030787706375e+00
  6.126900000009e+01,  2.000001192093e+00,  2.929696492823e+01,  3.032325029373e+00
  6.136900000018e+01,  2.000032663345e+00,  2.929693345698e+01,  3.032423734665e+00
  6.146900000004e+01,  2.000011444092e+00,  2.929695467624e+01,  3.030768156052e+00
  6.156900000013e+01,  1.999981641769e+00,  2.929698447856e+01,  3.028126955032e+00
  6.166899999999e+01,  2.000018835068e+00,  2.929694728526e+01,  3.031238317490e+00
  6.176900000009e+01,  1.999988079071e+00,  2.929697804126e+01,  3.030577659607e+00
  6.186900000018e+01,  2.000018358231e+00,  2.929694776210e+01,  3.026310443878e+00
  6.196900000004e+01,  1.999998092651e+00,  2.929696802768e+01,  3.031301975250e+00
  6.206900000013e+01,  1.999978661537e+00,  2.929698745879e+01,  3.027069091797e+00
  6.216899999999e+01,  2.000005245209e+00,  2.929696087512e+01,  3.030654668808e+00
  6.226900000009e+01,  1.999992132187e+00,  2.929697398814e+01,  3.027746438980e+00
  6.236900000018e+01,  2.000019788742e+00,  2.929694633159e+01,  3.030726432800e+00
  6.246800000011e+01,  2.000022649765e+00,  2.929694347056e+01,  3.030406713486e+00
  6.246900000004e+01,  2.000023126602e+00,  2.929694299373e+01,  3.030392169952e+00
  6.247200000007e+01,  2.000020265579e+00,  2.929694585475e+01,  3.030493497849e+00
  6.257200000016e+01,  1.999985098839e+00,  2.929698102149e+01,  3.026822566986e+00
  6.265300000017e+01,  1.989907026291e+00,  2.930705909404e+01,  3.025355815887e+00
  6.267550000013e+01,  1.979710340500e+00,  2.931725577983e+01,  2.998281002045e+00
  6.268650000007e+01,  1.969703555107e+00,  2.932726256522e+01,  2.967751264572e+00
  6.269400000013e+01,  1.959636569023e+00,  2.933732955130e+01,  2.960629224777e+00
  6.270050000004e+01,  1.949577212334e+00,  2.934738890799e+01,  2.949681043625e+00
  6.270700000017e+01,  1.938793063164e+00,  2.935817305716e+01,  2.932690382004e+00
  6.271299999999e+01,  1.928451418877e+00,  2.936851470145e+01,  2.918301343918e+00
  6.271900000004e+01,  1.918006777763e+00,  2.937895934256e+01,  2.901188611984e+00
  6.272500000009e+01,  1.907710909843e+00,  2.938925521048e+01,  2.887829542160e+00
  6.273149999999e+01,  1.897170901299e+00,  2.939979521903e+01,  2.871914625168e+00
  6.273849999998e+01,  1.887088656425e+00,  2.940987746390e+01,  2.858315229416e+00
  6.274699999997e+01,  1.876624941826e+00,  2.942034117850e+01,  2.820931196213e+00
  6.275549999997e+01,  1.866603732109e+00,  2.943036238822e+01,  2.792114973068e+00
  6.276399999997e+01,  1.856319308281e+00,  2.944064681205e+01,  2.764298200607e+00
  6.277200000011e+01,  1.845912814140e+00,  2.945105330619e+01,  2.735153913498e+00
  6.277900000010e+01,  1.835777163506e+00,  2.946118895682e+01,  2.719071149826e+00
  6.278600000008e+01,  1.825107455254e+00,  2.947185866507e+01,  2.707813978195e+00
  6.279300000006e+01,  1.814651370049e+00,  2.948231475028e+01,  2.691593885422e+00
  6.280050000013e+01,  1.804134249687e+00,  2.949283187064e+01,  2.671765089035e+00
  6.280850000004e+01,  1.793796420097e+00,  2.950316970023e+01,  2.651394605637e+00
  6.281750000012e+01,  1.783508181572e+00,  2.951345793876e+01,  2.634365797043e+00
  6.282900000014e+01,  1.773422122002e+00,  2.952354399833e+01,  2.604847669601e+00
  6.284300000011e+01,  1.763336062431e+00,  2.953363005790e+01,  2.565624952316e+00
  6.285499999998e+01,  1.753200411797e+00,  2.954376570853e+01,  2.543675184250e+00
  6.286550000007e+01,  1.742725253105e+00,  2.955424086722e+01,  2.523712873459e+00
  6.287500000000e+01,  1.732231020927e+00,  2.956473509940e+01,  2.508404493332e+00
  6.288400000008e+01,  1.722125887871e+00,  2.957484023246e+01,  2.491051435471e+00
  6.289350000001e+01,  1.711891055107e+00,  2.958507506522e+01,  2.471344709396e+00
  6.290350000001e+01,  1.701864123344e+00,  2.959510199698e+01,  2.449364423752e+00
  6.291450000019e+01,  1.691606402397e+00,  2.960535971793e+01,  2.429981946945e+00
  6.292599999998e+01,  1.681472659111e+00,  2.961549346122e+01,  2.406838178635e+00
  6.293750000000e+01,  1.671172022820e+00,  2.962579409751e+01,  2.384682178497e+00
  6.294850000017e+01,  1.660916209221e+00,  2.963604991111e+01,  2.363075733185e+00
  6.295900000003e+01,  1.650807261467e+00,  2.964615885886e+01,  2.341076374054e+00
  6.296950000012e+01,  1.640324473381e+00,  2.965664164695e+01,  2.318165302277e+00
  6.297950000013e+01,  1.629906535149e+00,  2.966705958518e+01,  2.297054767609e+00
  6.298900000006e+01,  1.619664072990e+00,  2.967730204734e+01,  2.281383991241e+00
  6.299849999999e+01,  1.609375834465e+00,  2.968759028586e+01,  2.261734485626e+00
  6.300800000015e+01,  1.599175333977e+00,  2.969779078635e+01,  2.243572711945e+00
  6.301800000016e+01,  1.588715434074e+00,  2.970825068625e+01,  2.221874713898e+00
  6.302800000017e+01,  1.578656077385e+00,  2.971831004294e+01,  2.202064990997e+00
  6.303850000002e+01,  1.568404078484e+00,  2.972856204184e+01,  2.178940296173e+00
  6.304900000012e+01,  1.558026194572e+00,  2.973893992576e+01,  2.157059192657e+00
  6.305900000012e+01,  1.547913432121e+00,  2.974905268821e+01,  2.137726306915e+00
  6.306900000013e+01,  1.537712931633e+00,  2.975925318869e+01,  2.118622303009e+00
  6.307900000014e+01,  1.527607798576e+00,  2.976935832175e+01,  2.097725391388e+00
  6.308950000000e+01,  1.517140269279e+00,  2.977982585105e+01,  2.076393604279e+00
  6.310000000009e+01,  1.506714701653e+00,  2.979025141868e+01,  2.057323932648e+00
  6.311050000018e+01,  1.496285319328e+00,  2.980068080100e+01,  2.036301136017e+00
  6.312050000019e+01,  1.486233592033e+00,  2.981073252829e+01,  2.017574787140e+00
  6.313049999997e+01,  1.476082682610e+00,  2.982088343772e+01,  2.000469684601e+00
  6.314049999998e+01,  1.466042399406e+00,  2.983092372092e+01,  1.981838703156e+00
  6.315100000007e+01,  1.455639719963e+00,  2.984132640036e+01,  1.960468769073e+00
  6.316150000016e+01,  1.445267558098e+00,  2.985169856223e+01,  1.942078113556e+00
  6.317200000002e+01,  1.434952616692e+00,  2.986201350364e+01,  1.923149585724e+00
  6.318250000011e+01,  1.424622535706e+00,  2.987234358462e+01,  1.903229594231e+00
  6.319299999997e+01,  1.414155006409e+00,  2.988281111392e+01,  1.883934855461e+00
  6.320299999998e+01,  1.404088020325e+00,  2.989287810000e+01,  1.866417765617e+00
  6.321299999999e+01,  1.394009590149e+00,  2.990295653018e+01,  1.848931193352e+00
  6.322350000008e+01,  1.383526802063e+00,  2.991343931826e+01,  1.830143809319e+00
  6.323400000017e+01,  1.373139381409e+00,  2.992382673892e+01,  1.809548258781e+00
  6.324450000003e+01,  1.362763404846e+00,  2.993420271548e+01,  1.791310191154e+00
  6.325500000012e+01,  1.352440834045e+00,  2.994452528628e+01,  1.772000193596e+00
  6.326549999998e+01,  1.342110633850e+00,  2.995485548648e+01,  1.751660227776e+00
  6.327600000007e+01,  1.331658363342e+00,  2.996530775699e+01,  1.732163310051e+00
  6.328600000008e+01,  1.321602821350e+00,  2.997536329898e+01,  1.715428233147e+00
  6.329600000009e+01,  1.311566352844e+00,  2.998539976748e+01,  1.697186350822e+00
  6.330600000010e+01,  1.301537513733e+00,  2.999542860659e+01,  1.678139567375e+00
  6.331600000011e+01,  1.291478157043e+00,  3.000548796328e+01,  1.660115122795e+00
  6.332600000012e+01,  1.281392097473e+00,  3.001557402285e+01,  1.643441081047e+00
  6.333649999998e+01,  1.270947456360e+00,  3.002601866397e+01,  1.624951243401e+00
  6.334700000007e+01,  1.260699272156e+00,  3.003626684817e+01,  1.605378031731e+00
  6.335750000016e+01,  1.250468254089e+00,  3.004649786624e+01,  1.586682200432e+00
  6.336800000002e+01,  1.240077018738e+00,  3.005688910159e+01,  1.568039774895e+00
  6.337800000003e+01,  1.230059623718e+00,  3.006690649661e+01,  1.549923777580e+00
  6.338800000004e+01,  1.219920158386e+00,  3.007704596194e+01,  1.532391428947e+00
  6.339800000004e+01,  1.209696769714e+00,  3.008726935061e+01,  1.515354990959e+00
  6.340800000005e+01,  1.199545860291e+00,  3.009742026004e+01,  1.498528361320e+00
  6.341850000015e+01,  1.189116477966e+00,  3.010784964236e+01,  1.479248881340e+00
  6.342900000000e+01,  1.178751945496e+00,  3.011821417483e+01,  1.458943247795e+00
  6.343950000009e+01,  1.168279170990e+00,  3.012868694934e+01,  1.438990473747e+00
  6.344950000010e+01,  1.158212184906e+00,  3.013875393542e+01,  1.420340418816e+00
  6.345950000011e+01,  1.148137569427e+00,  3.014882855090e+01,  1.401495814323e+00
  6.346950000012e+01,  1.138043880463e+00,  3.015892223987e+01,  1.383204340935e+00
  6.347950000013e+01,  1.127999782562e+00,  3.016896633777e+01,  1.365649104118e+00
  6.348999999999e+01,  1.117513179779e+00,  3.017945294055e+01,  1.346144556999e+00
  6.350050000008e+01,  1.107072353363e+00,  3.018989376696e+01,  1.326868891716e+00
  6.351100000017e+01,  1.096646785736e+00,  3.020031933459e+01,  1.306490778923e+00
  6.352150000003e+01,  1.086198329926e+00,  3.021076779040e+01,  1.287512660027e+00
  6.353200000012e+01,  1.075742244720e+00,  3.022122387561e+01,  1.267722010612e+00
  6.354249999998e+01,  1.065289974213e+00,  3.023167614612e+01,  1.249422907829e+00
  6.355300000007e+01,  1.054887294769e+00,  3.024207882556e+01,  1.228514552116e+00
  6.356350000016e+01,  1.044522762299e+00,  3.025244335803e+01,  1.210409998894e+00
  6.357400000002e+01,  1.034173488617e+00,  3.026279263171e+01,  1.190867304802e+00
  6.358450000011e+01,  1.023763179779e+00,  3.027320294055e+01,  1.172896265984e+00
  6.359499999997e+01,  1.013322353363e+00,  3.028364376696e+01,  1.155382990837e+00
  6.360550000006e+01,  1.002889156342e+00,  3.029407696399e+01,  1.136637568474e+00
  6.361550000007e+01,  9.928870797157e-01,  3.030407904061e+01,  1.117281794548e+00
  6.362550000008e+01,  9.828048348427e-01,  3.031416128549e+01,  1.098296046257e+00
  6.363550000009e+01,  9.727111458778e-01,  3.032425497445e+01,  1.079028010368e+00
  6.364550000010e+01,  9.625831246376e-01,  3.033438299569e+01,  1.060587763786e+00
  6.365550000011e+01,  9.525046944618e-01,  3.034446142587e+01,  1.042990565300e+00
  6.366599999997e+01,  9.420676827431e-01,  3.035489843758e+01,  1.024256587029e+00
  6.367650000006e+01,  9.317412972450e-01,  3.036522482308e+01,  1.005644679070e+00
  6.368700000015e+01,  9.214277863503e-01,  3.037553833398e+01,  9.863934516907e-01
  6.369750000001e+01,  9.109564423561e-01,  3.038600967797e+01,  9.676518440247e-01
  6.370750000002e+01,  9.008398652077e-01,  3.039612625512e+01,  9.515728950500e-01
  6.371750000003e+01,  8.907118439674e-01,  3.040625427636e+01,  9.345669746399e-01
  6.372750000004e+01,  8.806257843971e-01,  3.041634033593e+01,  9.173169136047e-01
  6.373750000005e+01,  8.706045746803e-01,  3.042636154565e+01,  8.984608650208e-01
  6.374800000014e+01,  8.601332306862e-01,  3.043683288964e+01,  8.788990974426e-01
  6.375850000000e+01,  8.496809601784e-01,  3.044728516015e+01,  8.596043586731e-01
  6.376900000009e+01,  8.392058014870e-01,  3.045776031884e+01,  8.417668342590e-01
  6.377950000018e+01,  8.287420868874e-01,  3.046822403344e+01,  8.246808052063e-01
  6.378950000019e+01,  8.187361359596e-01,  3.047822998437e+01,  8.085789680481e-01
  6.379950000020e+01,  8.086958527565e-01,  3.048827026757e+01,  7.918629646301e-01
  6.380949999997e+01,  7.985907196999e-01,  3.049837540063e+01,  7.744679450989e-01
  6.381949999998e+01,  7.885008454323e-01,  3.050846527490e+01,  7.557759284973e-01
  6.382949999999e+01,  7.784453034401e-01,  3.051852081689e+01,  7.382397651672e-01
  6.384000000008e+01,  7.680578827858e-01,  3.052890823754e+01,  7.220692634583e-01
  6.385050000018e+01,  7.577467560768e-01,  3.053921936425e+01,  7.047123908997e-01
  6.386100000003e+01,  7.473669648170e-01,  3.054959915551e+01,  6.887478828430e-01
  6.387150000012e+01,  7.368994355202e-01,  3.056006668481e+01,  6.718907356262e-01
  6.388150000013e+01,  7.268591523170e-01,  3.057010696801e+01,  6.553883552551e-01
  6.389150000014e+01,  7.167807221413e-01,  3.058018539819e+01,  6.383709907532e-01
  6.390200000000e+01,  7.063170075417e-01,  3.059064911279e+01,  6.220631599426e-01
  6.391250000009e+01,  6.959906220436e-01,  3.060097549828e+01,  6.054005622864e-01
  6.392300000018e+01,  6.856756806374e-01,  3.061129043969e+01,  5.905270576477e-01
  6.393350000004e+01,  6.753003597260e-01,  3.062166576060e+01,  5.732549428940e-01
  6.394400000013e+01,  6.648061275482e-01,  3.063215999278e+01,  5.563558340073e-01
  6.395400000014e+01,  6.547086238861e-01,  3.064225749644e+01,  5.399793386459e-01
  6.396400000015e+01,  6.446187496185e-01,  3.065234737071e+01,  5.237630605698e-01
  6.397400000016e+01,  6.345670223236e-01,  3.066239909800e+01,  5.071386098862e-01
  6.398400000017e+01,  6.245114803314e-01,  3.067245464000e+01,  4.932226240635e-01
  6.399400000018e+01,  6.144826412201e-01,  3.068248347911e+01,  4.779752790928e-01
  6.400400000019e+01,  6.044766902924e-01,  3.069248943004e+01,  4.620069563389e-01
  6.401399999997e+01,  5.944211483002e-01,  3.070254497203e+01,  4.473012983799e-01
  6.402450000006e+01,  5.839383602142e-01,  3.071302776011e+01,  4.314588606358e-01
  6.403500000015e+01,  5.735585689545e-01,  3.072340755137e+01,  4.141897261143e-01
  6.404550000001e+01,  5.632131099701e-01,  3.073375301036e+01,  3.987402021885e-01
  6.405600000010e+01,  5.528142452240e-01,  3.074415187510e+01,  3.829855024815e-01
  6.406600000011e+01,  5.427739620209e-01,  3.075419215831e+01,  3.677152693272e-01
  6.407600000012e+01,  5.326459407806e-01,  3.076432017955e+01,  3.533605635166e-01
  6.408600000013e+01,  5.225598812103e-01,  3.077440623912e+01,  3.413480818272e-01
  6.409649999999e+01,  5.120618343353e-01,  3.078490428599e+01,  3.251623213291e-01
  6.410700000008e+01,  5.016095638275e-01,  3.079535655650e+01,  3.102430403233e-01
  6.411750000017e+01,  4.911839962006e-01,  3.080578212413e+01,  2.948125898838e-01
  6.412800000003e+01,  4.807088375092e-01,  3.081625728282e+01,  2.794164717197e-01
  6.413850000012e+01,  4.702184200287e-01,  3.082674770030e+01,  2.629980146885e-01
  6.414850000013e+01,  4.601781368256e-01,  3.083678798350e+01,  2.486890852451e-01
  6.415850000014e+01,  4.500882625580e-01,  3.084687785777e+01,  2.347158491611e-01
  6.416850000015e+01,  4.399068355560e-01,  3.085705928477e+01,  2.213338911533e-01
  6.417850000015e+01,  4.297826290131e-01,  3.086718349131e+01,  2.087530195713e-01
  6.418900000001e+01,  4.193441271782e-01,  3.087762199315e+01,  1.943240910769e-01
  6.419950000010e+01,  4.090921282768e-01,  3.088787399205e+01,  1.780391484499e-01
  6.421000000020e+01,  3.988172411919e-01,  3.089814887914e+01,  1.620326787233e-01
  6.421999999997e+01,  3.888036608696e-01,  3.090816245946e+01,  1.479068547487e-01
  6.422999999998e+01,  3.785688281059e-01,  3.091839729222e+01,  1.355205327272e-01
  6.423999999999e+01,  3.682920336723e-01,  3.092867408666e+01,  1.234164908528e-01
  6.425000000000e+01,  3.581983447075e-01,  3.093876777562e+01,  1.114001944661e-01
  6.426050000009e+01,  3.478586077690e-01,  3.094910751256e+01,  9.785801917315e-02
  6.427100000018e+01,  3.375684618950e-01,  3.095939765843e+01,  8.424717932940e-02
  6.428150000004e+01,  3.271467089653e-01,  3.096981941136e+01,  7.278401404619e-02
  6.429150000005e+01,  3.171331286430e-01,  3.097983299168e+01,  6.297642737627e-02
  6.430200000014e+01,  3.066350817680e-01,  3.099033103856e+01,  5.126912519336e-02
  6.431250000000e+01,  2.962896227837e-01,  3.100067649754e+01,  4.021603986621e-02
  6.432300000009e+01,  2.861177325249e-01,  3.101084838780e+01,  2.614743635058e-02
  6.433350000018e+01,  2.756769061089e-01,  3.102128921422e+01,  1.621777936816e-02
  6.434350000019e+01,  2.654992938042e-01,  3.103146682652e+01,  7.506917696446e-03
  6.435349999997e+01,  2.552911639214e-01,  3.104167495641e+01, -2.138747368008e-05
  6.436349999998e+01,  2.452623397112e-01,  3.105170378062e+01, -8.604456670582e-03
  6.437400000007e+01,  2.351114302874e-01,  3.106185469004e+01, -1.943628862500e-02
  6.438450000016e+01,  2.249662429094e-01,  3.107199987742e+01, -3.294031694531e-02
  6.439450000017e+01,  2.149526625872e-01,  3.108201345774e+01, -4.015390947461e-02
  6.440450000018e+01,  2.047559767962e-01,  3.109221014353e+01, -4.453795030713e-02
  6.441450000019e+01,  1.945936232805e-01,  3.110237249705e+01, -4.732792451978e-02
  6.442500000005e+01,  1.841032058001e-01,  3.111286291453e+01, -4.198906943202e-02
  6.443550000014e+01,  1.739054024220e-01,  3.112306071791e+01, -3.897757083178e-02
  6.444550000015e+01,  1.638346016407e-01,  3.113313151869e+01, -3.195280581713e-02
  6.445550000016e+01,  1.533403694630e-01,  3.114362575086e+01, -2.030653506517e-02
  6.446550000017e+01,  1.428499519825e-01,  3.115411616835e+01, -9.180970489979e-03
  6.447550000018e+01,  1.325731575489e-01,  3.116439296278e+01, -4.759735893458e-03
  6.448600000003e+01,  1.222257986665e-01,  3.117474032166e+01, -3.352351021022e-03
  6.449699999997e+01,  1.117716208100e-01,  3.118519449952e+01, -9.425349533558e-03
  6.450750000007e+01,  1.012869253755e-01,  3.119567919495e+01, -1.035533100367e-02
  6.451750000007e+01,  9.093383699656e-02,  3.120603228333e+01, -9.408392012119e-03
  6.452750000008e+01,  8.056930452585e-02,  3.121639681580e+01, -8.378095924854e-03
  6.453750000009e+01,  7.044509798288e-02,  3.122652102234e+01, -4.532403778285e-03
  6.454800000018e+01,  6.036094576120e-02,  3.123660517457e+01, -5.391098093241e-03
  6.455850000004e+01,  5.025581270456e-02,  3.124671030762e+01, -1.245591789484e-02
  6.456850000005e+01,  3.990653902292e-02,  3.125705958130e+01, -8.414961397648e-03
  6.457850000006e+01,  2.966407686472e-02,  3.126730204346e+01, -5.001879762858e-03
  6.458950000000e+01,  1.939681917429e-02,  3.127756930115e+01, -6.608735420741e-04
  6.460349999997e+01,  9.215392172337e-03,  3.128775072816e+01,  1.005651801825e-02
  6.462800000003e+01,  1.883543794975e-03,  3.129508257653e+01, -1.871801447123e-03
  6.462900000019e+01,  1.743830507621e-03,  3.129522228982e+01, -2.246595453471e-03
  6.463700000010e+01,  7.732284138910e-04,  3.129619289191e+01, -5.277372431010e-03
  6.464000000013e+01,  4.699599812739e-04,  3.129649616035e+01, -5.973554681987e-03
  6.486300000013e+01, -2.005659509450e-03,  3.129897177984e+01, -9.875301271677e-03
  6.486400000006e+01, -1.999252010137e-03,  3.129896537234e+01, -9.899679571390e-03
