           Test time,     Standard travel,     Tool separation,      Standard force
                 0.0,                 0.0,  1.385803308022e+01, -1.205786969513e-02
                 0.0,                 0.0,  1.385803975595e+01, -1.206328347325e-02
                 0.0,                 0.0,  1.385804166329e+01, -1.251252368093e-02
                 0.0,                 0.0,  1.385804762376e+01, -1.293583586812e-02
                 0.0,                 0.0,  1.385804690850e+01, -1.301546767354e-02
                 0.0,                 0.0,  1.603416507248e+01, -1.318527758121e-02
  0.000000000000e+00,  0.000000000000e+00,  1.603416265978e+01, -1.297874748707e-02
  7.999986410141e-03, -2.134125679731e-06,  1.603416479390e+01, -1.304863393307e-02
  1.099999248981e-02, -5.989801138639e-06,  1.603416864958e+01, -1.331709325314e-02
  1.299999654293e-02, -6.924383342266e-07,  1.603416335221e+01, -1.338194310665e-02
  1.399999856949e-02, -3.434251993895e-06,  1.603416609403e+01, -1.333688199520e-02
  1.144999861717e-01,  1.945212716237e-05,  1.603414320765e+01, -1.425609830767e-02
  2.144999951124e-01,  3.674052277347e-05,  1.603412591925e+01, -1.387099456042e-02
  3.149999976158e-01,  2.052597437796e-06,  1.603416060718e+01, -1.387045159936e-02
  4.155000001192e-01,  8.619113032182e-06,  1.603415404066e+01, -1.364730671048e-02
  5.159999877214e-01,  1.032982981997e-04,  1.603405936148e+01, -1.454150490463e-02
  5.934999883175e-01,  1.025738194585e-02,  1.602390527783e+01, -9.404232725501e-03
  6.144999861717e-01,  2.052750065923e-02,  1.601363515912e+01,  7.366606965661e-03
  6.254999935627e-01,  3.082527592778e-02,  1.600333738385e+01,  2.026719786227e-02
  6.334999948740e-01,  4.142250493169e-02,  1.599274015484e+01,  1.460296846926e-02
  6.404999941587e-01,  5.217232182622e-02,  1.598199033795e+01,  1.117260195315e-02
  6.469999998808e-01,  6.297549605370e-02,  1.597118716372e+01,  1.048660185188e-02
  6.529999971390e-01,  7.341250777245e-02,  1.596075015200e+01,  1.050224807113e-02
  6.589999943972e-01,  8.409747481346e-02,  1.595006518496e+01,  1.017478015274e-02
  6.649999916553e-01,  9.473285079002e-02,  1.593942980899e+01,  9.931593202055e-03
  6.709999889135e-01,  1.051050126553e-01,  1.592905764712e+01,  6.438761483878e-03
  6.774999946356e-01,  1.155305802822e-01,  1.591863207949e+01,  8.981256745756e-03
  6.844999939203e-01,  1.260248124599e-01,  1.590813784732e+01,  2.591851353645e-02
  6.914999932051e-01,  1.365915238857e-01,  1.589757113589e+01,  3.283029794693e-02
  6.984999924898e-01,  1.472955644131e-01,  1.588686709536e+01,  2.651697397232e-02
  7.054999917746e-01,  1.575113236904e-01,  1.587665133609e+01,  2.426820993423e-02
  7.134999930859e-01,  1.680971086025e-01,  1.586606555117e+01,  2.465807087719e-02
  7.224999964237e-01,  1.785455644131e-01,  1.585561709536e+01,  3.034769184887e-02
  7.324999868870e-01,  1.886354386806e-01,  1.584552722110e+01,  3.075654990971e-02
  7.449999898672e-01,  1.988950669765e-01,  1.583526759280e+01,  4.653294384480e-02
  7.569999992847e-01,  2.089048326015e-01,  1.582525782717e+01,  6.740124523640e-02
  7.669999897480e-01,  2.194581925869e-01,  1.581470446719e+01,  6.578142940998e-02
  7.759999930859e-01,  2.299447953701e-01,  1.580421786441e+01,  6.178219616413e-02
  7.849999964237e-01,  2.405038774014e-01,  1.579365878237e+01,  6.033892929554e-02
  7.939999997616e-01,  2.506357133389e-01,  1.578352694644e+01,  5.826099216938e-02
  8.039999902248e-01,  2.608209550381e-01,  1.577334170474e+01,  5.718360841274e-02
  8.154999911785e-01,  2.708974778652e-01,  1.576326518191e+01,  7.242999970913e-02
  8.269999921322e-01,  2.812124192715e-01,  1.575295024050e+01,  8.455024659634e-02
  8.369999974966e-01,  2.912527024746e-01,  1.574290995730e+01,  8.694790303707e-02
  8.464999943972e-01,  3.014303147793e-01,  1.573273234500e+01,  8.615601062775e-02
  8.559999912977e-01,  3.116918504238e-01,  1.572247080935e+01,  8.578521013260e-02
  8.659999966621e-01,  3.220869004726e-01,  1.571207575930e+01,  8.265727758408e-02
  8.769999891520e-01,  3.325124680996e-01,  1.570165019168e+01,  9.051686525345e-02
  8.879999965429e-01,  3.426423966885e-01,  1.569152026309e+01,  9.959203004837e-02
  8.984999954700e-01,  3.527877032757e-01,  1.568137495650e+01,  1.059017032385e-01
  9.084999859333e-01,  3.629653155804e-01,  1.567119734420e+01,  1.088838428259e-01
  9.184999912977e-01,  3.733946979046e-01,  1.566076796187e+01,  1.102031469345e-01
  9.284999966621e-01,  3.837516009808e-01,  1.565041105880e+01,  1.114110648632e-01
  9.384999871254e-01,  3.937918841839e-01,  1.564037077559e+01,  1.154412925243e-01
  9.489999860525e-01,  4.040782153606e-01,  1.563008444442e+01,  1.215657889843e-01
  9.594999998808e-01,  4.143931567669e-01,  1.561976950301e+01,  1.264142692089e-01
  9.699999988079e-01,  4.248645007610e-01,  1.560929815901e+01,  1.317681968212e-01
  9.799999892712e-01,  4.349925220013e-01,  1.559917013777e+01,  1.345579624176e-01
  9.899999946356e-01,  4.450785815716e-01,  1.558908407820e+01,  1.379654407501e-01
  1.000000000000e+00,  4.550845324993e-01,  1.557907812728e+01,  1.421568393707e-01
  1.010499998927e+00,  4.655520617962e-01,  1.556861059798e+01,  1.466915607452e-01
  1.020999997854e+00,  4.760234057903e-01,  1.555813925399e+01,  1.512000560760e-01
  1.031499996781e+00,  4.864985644817e-01,  1.554766409529e+01,  1.557605266571e-01
  1.041499987245e+00,  4.965464770794e-01,  1.553761618270e+01,  1.603753566742e-01
  1.051499992609e+00,  5.066363215446e-01,  1.552752633823e+01,  1.638224124908e-01
  1.061499997973e+00,  5.167223811150e-01,  1.551744027866e+01,  1.679031848907e-01
  1.071499988437e+00,  5.268618464470e-01,  1.550730081333e+01,  1.709544658661e-01
  1.081499993801e+00,  5.370203852654e-01,  1.549714227451e+01,  1.750276088715e-01
  1.091499999166e+00,  5.470797419548e-01,  1.548708291782e+01,  1.788642406464e-01
  1.101999998093e+00,  5.574976801872e-01,  1.547666497959e+01,  1.850488185883e-01
  1.112499997020e+00,  5.678736567497e-01,  1.546628900303e+01,  1.905686855316e-01
  1.122999995947e+00,  5.782229304314e-01,  1.545593972934e+01,  1.951539516449e-01
  1.133499994874e+00,  5.885760188103e-01,  1.544558664097e+01,  1.989953517914e-01
  1.143999993801e+00,  5.990237593651e-01,  1.543513890041e+01,  2.037675082684e-01
  1.153999999166e+00,  6.091098189354e-01,  1.542505284084e+01,  2.084796130657e-01
  1.163999989629e+00,  6.193179488182e-01,  1.541484471096e+01,  2.123048007488e-01
  1.173999994993e+00,  6.294879317284e-01,  1.540467472805e+01,  2.179772555828e-01
  1.184000000358e+00,  6.395320296288e-01,  1.539463063015e+01,  2.231633365154e-01
  1.194499999285e+00,  6.498755812645e-01,  1.538428707851e+01,  2.279965579510e-01
  1.204999998212e+00,  6.599959731102e-01,  1.537416668667e+01,  2.331759631634e-01
  1.215499997139e+00,  6.700686812401e-01,  1.536409397854e+01,  2.398335635662e-01
  1.225999996066e+00,  6.805018782616e-01,  1.535366078151e+01,  2.435958087444e-01
  1.235999986529e+00,  6.906985640526e-01,  1.534346409572e+01,  2.462966144085e-01
  1.245999991894e+00,  7.009028792381e-01,  1.533325978054e+01,  2.491895854473e-01
  1.255999997258e+00,  7.110041975975e-01,  1.532315846218e+01,  2.542421519756e-01
  1.266499996185e+00,  7.213897109032e-01,  1.531277294887e+01,  2.598516643047e-01
  1.276999995112e+00,  7.315577864647e-01,  1.530260487331e+01,  2.663776576519e-01
  1.287499994040e+00,  7.418288588524e-01,  1.529233380092e+01,  2.740022838116e-01
  1.297499999404e+00,  7.519416213036e-01,  1.528222103847e+01,  2.792551219463e-01
  1.307499989867e+00,  7.622451186180e-01,  1.527191754116e+01,  2.835161387920e-01
  1.317499995232e+00,  7.725448012352e-01,  1.526161785854e+01,  2.875768840313e-01
  1.327500000596e+00,  7.826308608055e-01,  1.525153179897e+01,  2.924258410931e-01
  1.337999999523e+00,  7.929629683495e-01,  1.524119969143e+01,  2.977096736431e-01
  1.348499998450e+00,  8.031291365623e-01,  1.523103352321e+01,  3.041889369488e-01
  1.358999997377e+00,  8.133563399315e-01,  1.522080631984e+01,  3.102705180645e-01
  1.369499996305e+00,  8.238276839256e-01,  1.521033497585e+01,  3.159095942974e-01
  1.379499986768e+00,  8.338984847069e-01,  1.520026417507e+01,  3.208572566509e-01
  1.389499992132e+00,  8.439540266991e-01,  1.519020863308e+01,  3.239481151104e-01
  1.399999991059e+00,  8.543623685837e-01,  1.517980029119e+01,  3.283045589924e-01
  1.410499989986e+00,  8.646334409714e-01,  1.516952921880e+01,  3.325436413288e-01
  1.420999988914e+00,  8.748835325241e-01,  1.515927912725e+01,  3.390686810017e-01
  1.431499987841e+00,  8.852900266647e-01,  1.514887263311e+01,  3.458912670612e-01
  1.441499993205e+00,  8.954333066940e-01,  1.513872935308e+01,  3.527233898640e-01
  1.451499998569e+00,  9.057673215866e-01,  1.512839533819e+01,  3.573744595051e-01
  1.461499989033e+00,  9.160860776901e-01,  1.511807658209e+01,  3.617480099201e-01
  1.471499994397e+00,  9.261530637741e-01,  1.510800959600e+01,  3.662627041340e-01
  1.481999993324e+00,  9.364508390427e-01,  1.509771182073e+01,  3.722470104694e-01
  1.492499992251e+00,  9.466742277145e-01,  1.508748843206e+01,  3.789780437946e-01
  1.502999991179e+00,  9.569338560104e-01,  1.507722880377e+01,  3.848622143269e-01
  1.513499990106e+00,  9.670580625534e-01,  1.506710459722e+01,  3.880014717579e-01
  1.524999991059e+00,  9.774264097214e-01,  1.505673625005e+01,  3.908744156361e-01
  1.538499996066e+00,  9.876250028610e-01,  1.504653765691e+01,  3.911236524582e-01
  1.559000000358e+00,  9.971560239792e-01,  1.503700663580e+01,  3.961510658264e-01
  1.659499987960e+00,  1.003398299217e+00,  1.503076436056e+01,  3.980892002583e-01
  1.759499996901e+00,  1.002647876740e+00,  1.503151478304e+01,  3.950059413910e-01
  1.859999999404e+00,  1.001819014549e+00,  1.503234364523e+01,  3.885752856731e-01
  1.960499987006e+00,  1.001146316528e+00,  1.503301634325e+01,  3.864500522614e-01
  2.060499995947e+00,  1.000733375549e+00,  1.503342928423e+01,  3.837778270245e-01
  2.160999998450e+00,  1.000384926796e+00,  1.503377773298e+01,  3.815308511257e-01
  2.261499986053e+00,  1.000250697136e+00,  1.503391196264e+01,  3.777745962143e-01
  2.361499994993e+00,  1.000143885612e+00,  1.503401877416e+01,  3.764961361885e-01
  2.461999997497e+00,  1.000109314919e+00,  1.503405334486e+01,  3.771199285984e-01
  2.562500000000e+00,  1.000066995621e+00,  1.503409566416e+01,  3.728964030743e-01
  2.662999987602e+00,  1.000038146973e+00,  1.503412451280e+01,  3.723310232162e-01
  2.762999996543e+00,  1.000043988228e+00,  1.503411867155e+01,  3.694680035114e-01
  2.863499999046e+00,  1.000032067299e+00,  1.503413059248e+01,  3.710800707340e-01
  2.963999986649e+00,  1.000011682510e+00,  1.503415097727e+01,  3.700022399426e-01
  3.063999995589e+00,  1.000005364418e+00,  1.503415729536e+01,  3.695848882198e-01
  3.164499998093e+00,  1.000038146973e+00,  1.503412451280e+01,  3.665261566639e-01
  3.265000000596e+00,  1.000004172325e+00,  1.503415848745e+01,  3.681879937649e-01
  3.365499988198e+00,  1.000011801720e+00,  1.503415085806e+01,  3.668224811554e-01
  3.465499997139e+00,  1.000041842461e+00,  1.503412081732e+01,  3.651480376720e-01
  3.565999999642e+00,  1.000053405762e+00,  1.503410925401e+01,  3.627273440361e-01
  3.666499987245e+00,  1.000026464462e+00,  1.503413619531e+01,  3.628351390362e-01
  3.766499996185e+00,  1.000026702881e+00,  1.503413595689e+01,  3.608923256397e-01
  3.866999998689e+00,  1.000027894974e+00,  1.503413476480e+01,  3.609456419945e-01
  3.967499986291e+00,  1.000000596046e+00,  1.503416206373e+01,  3.624363243580e-01
  4.067499995232e+00,  1.000009059906e+00,  1.503415359987e+01,  3.588680922985e-01
  4.167999997735e+00,  1.000046372414e+00,  1.503411628736e+01,  3.602274060249e-01
  4.268500000238e+00,  1.000014185905e+00,  1.503414847387e+01,  3.583730459213e-01
  4.368999987841e+00,  1.000013709068e+00,  1.503414895071e+01,  3.561449348927e-01
  4.468999996781e+00,  1.000017166138e+00,  1.503414549364e+01,  3.556495606899e-01
  4.569499999285e+00,  1.000002861023e+00,  1.503415979875e+01,  3.573003113270e-01
  4.669999986887e+00,  1.000026941299e+00,  1.503413571848e+01,  3.550259172916e-01
  4.769999995828e+00,  1.000000119209e+00,  1.503416254057e+01,  3.579957187176e-01
  4.870499998331e+00,  1.000005841255e+00,  1.503415681852e+01,  3.566468060017e-01
  4.970999985933e+00,  9.999920129776e-01,  1.503417064680e+01,  3.551075458527e-01
  5.070999994874e+00,  9.999935030937e-01,  1.503416915668e+01,  3.542124927044e-01
  5.171499997377e+00,  1.000016689301e+00,  1.503414597048e+01,  3.509831428528e-01
  5.271999999881e+00,  1.000001668930e+00,  1.503416099085e+01,  3.521243035793e-01
  5.372499987483e+00,  1.000050663948e+00,  1.503411199583e+01,  3.542507588863e-01
  5.472499996424e+00,  1.000046133995e+00,  1.503411652578e+01,  3.505025506020e-01
  5.572999998927e+00,  1.000022530556e+00,  1.503414012922e+01,  3.512603044510e-01
  5.673499986529e+00,  1.000046253204e+00,  1.503411640657e+01,  3.488125503063e-01
  5.773499995470e+00,  1.000040769577e+00,  1.503412189020e+01,  3.496392667294e-01
  5.873999997973e+00,  9.999979734421e-01,  1.503416468633e+01,  3.512586355209e-01
  5.973999992013e+00,  9.999773502350e-01,  1.503418530954e+01,  3.519336879253e-01
  6.073999986053e+00,  1.000000476837e+00,  1.503416218294e+01,  3.508131504059e-01
  6.173999994993e+00,  9.999758005142e-01,  1.503418685926e+01,  3.492198586464e-01
  6.273999989033e+00,  9.999994635582e-01,  1.503416319622e+01,  3.494023978710e-01
  6.373999997973e+00,  1.000015139580e+00,  1.503414752020e+01,  3.478633463383e-01
  6.473999992013e+00,  1.000008940697e+00,  1.503415371908e+01,  3.461826145649e-01
  6.573999986053e+00,  1.000005125999e+00,  1.503415753378e+01,  3.475123345852e-01
  6.673999994993e+00,  1.000030398369e+00,  1.503413226141e+01,  3.479389548302e-01
  6.773999989033e+00,  1.000028729439e+00,  1.503413393034e+01,  3.488313257694e-01
  6.873999997973e+00,  1.000026583672e+00,  1.503413607610e+01,  3.446265757084e-01
  6.973999992013e+00,  1.000038623810e+00,  1.503412403597e+01,  3.457255065441e-01
  7.073999986053e+00,  1.000031113625e+00,  1.503413154615e+01,  3.461870849133e-01
  7.173999994993e+00,  9.999975562096e-01,  1.503416510357e+01,  3.444335460663e-01
  7.273999989033e+00,  9.999902248383e-01,  1.503417243494e+01,  3.456148803234e-01
  7.373999997973e+00,  1.000007987022e+00,  1.503415467275e+01,  3.449557721615e-01
  7.473999992013e+00,  9.999988675117e-01,  1.503416379226e+01,  3.435616791248e-01
  7.573999986053e+00,  1.000007390976e+00,  1.503415526880e+01,  3.449835777283e-01
  7.673999994993e+00,  1.000001430511e+00,  1.503416122926e+01,  3.438591361046e-01
  7.773999989033e+00,  1.000008583069e+00,  1.503415407671e+01,  3.445788919926e-01
  7.873999997973e+00,  9.999955892563e-01,  1.503416707052e+01,  3.434369266033e-01
  7.973999992013e+00,  1.000017046928e+00,  1.503414561285e+01,  3.434140384197e-01
  8.073999986053e+00,  1.000002980232e+00,  1.503415967954e+01,  3.414048552513e-01
  8.173999994993e+00,  1.000025868416e+00,  1.503413679136e+01,  3.414116203785e-01
  8.273999989033e+00,  1.000010848045e+00,  1.503415181173e+01,  3.427113592625e-01
  8.373999997973e+00,  1.000023365021e+00,  1.503413929476e+01,  3.413565456867e-01
  8.473999992013e+00,  9.999957680702e-01,  1.503416689171e+01,  3.399139940739e-01
  8.573999986053e+00,  1.000006437302e+00,  1.503415622247e+01,  3.415175676346e-01
  8.673999994993e+00,  9.999966621399e-01,  1.503416599764e+01,  3.399493098259e-01
  8.773999989033e+00,  1.000017642975e+00,  1.503414501680e+01,  3.408375680447e-01
  8.873999997973e+00,  1.000016570091e+00,  1.503414608968e+01,  3.418197035789e-01
  8.973999992013e+00,  1.000010609627e+00,  1.503415205015e+01,  3.414410054684e-01
  9.073999986053e+00,  9.999985694885e-01,  1.503416409029e+01,  3.405280411243e-01
  9.173999994993e+00,  9.999954104424e-01,  1.503416724933e+01,  3.394839465618e-01
  9.273999989033e+00,  1.000006794930e+00,  1.503415586485e+01,  3.388113379478e-01
  9.373999997973e+00,  1.000004291534e+00,  1.503415836824e+01,  3.403577506542e-01
  9.473999992013e+00,  1.000026226044e+00,  1.503413643373e+01,  3.382606208324e-01
  9.573999986053e+00,  9.999743103981e-01,  1.503418834938e+01,  3.395026624203e-01
  9.673999994993e+00,  1.000019073486e+00,  1.503414358629e+01,  3.380938172340e-01
  9.773999989033e+00,  9.999989867210e-01,  1.503416367305e+01,  3.358184397221e-01
  9.873999997973e+00,  9.999980926514e-01,  1.503416456712e+01,  3.361000716686e-01
  9.973999992013e+00,  1.000013947487e+00,  1.503414871229e+01,  3.392623364925e-01
  1.007399998605e+01,  1.000022053719e+00,  1.503414060606e+01,  3.336861133575e-01
  1.017399999499e+01,  9.999656081200e-01,  1.503419705166e+01,  3.364453911781e-01
  1.027399998903e+01,  1.000007748604e+00,  1.503415491117e+01,  3.348884880543e-01
  1.037399999797e+01,  9.999907016754e-01,  1.503417195810e+01,  3.371309936047e-01
  1.047399999201e+01,  1.000037312508e+00,  1.503412534727e+01,  3.334700167179e-01
  1.057399998605e+01,  9.999969601631e-01,  1.503416569961e+01,  3.359722495079e-01
  1.067399999499e+01,  1.000005483627e+00,  1.503415717615e+01,  3.344788849354e-01
  1.077399998903e+01,  9.999982118607e-01,  1.503416444792e+01,  3.332845270634e-01
  1.087399999797e+01,  1.000017046928e+00,  1.503414561285e+01,  3.343149125576e-01
  1.097399999201e+01,  9.999972581863e-01,  1.503416540159e+01,  3.333040475845e-01
  1.107399998605e+01,  1.000018835068e+00,  1.503414382471e+01,  3.334979414940e-01
  1.117399999499e+01,  9.999865889549e-01,  1.503417607082e+01,  3.347424566746e-01
  1.127399998903e+01,  9.999936223030e-01,  1.503416903747e+01,  3.343510329723e-01
  1.137399999797e+01,  1.000002622604e+00,  1.503416003717e+01,  3.339891135693e-01
  1.147399999201e+01,  1.000011444092e+00,  1.503415121568e+01,  3.321949243546e-01
  1.157399998605e+01,  9.999950528145e-01,  1.503416760696e+01,  3.339232802391e-01
  1.167399999499e+01,  1.000002264977e+00,  1.503416039480e+01,  3.328838348389e-01
  1.177399998903e+01,  1.000008106232e+00,  1.503415455354e+01,  3.303454220295e-01
  1.187399999797e+01,  1.000016808510e+00,  1.503414585127e+01,  3.329374790192e-01
  1.197399999201e+01,  9.999935030937e-01,  1.503416915668e+01,  3.308424055576e-01
  1.207399998605e+01,  1.000007510185e+00,  1.503415514959e+01,  3.328159153461e-01
  1.217399999499e+01,  1.000000476837e+00,  1.503416218294e+01,  3.303655087948e-01
  1.227399998903e+01,  1.000017523766e+00,  1.503414513601e+01,  3.308223187923e-01
  1.237399999797e+01,  1.000001788139e+00,  1.503416087164e+01,  3.330047428608e-01
  1.247399999201e+01,  1.000011086464e+00,  1.503415157331e+01,  3.329543769360e-01
  1.257399998605e+01,  1.000027775764e+00,  1.503413488401e+01,  3.320911228657e-01
  1.267399999499e+01,  1.000005960464e+00,  1.503415669931e+01,  3.323949873447e-01
  1.277399998903e+01,  9.999775886536e-01,  1.503418507112e+01,  3.306607902050e-01
  1.287399999797e+01,  1.000023961067e+00,  1.503413869871e+01,  3.290723860264e-01
  1.297399999201e+01,  9.999558925629e-01,  1.503420676721e+01,  3.331423997879e-01
  1.307399998605e+01,  1.000016331673e+00,  1.503414632810e+01,  3.295179903507e-01
  1.317399999499e+01,  1.000016570091e+00,  1.503414608968e+01,  3.304818272591e-01
  1.327399998903e+01,  9.999948740005e-01,  1.503416778578e+01,  3.305127620697e-01
  1.337399999797e+01,  1.000033020973e+00,  1.503412963880e+01,  3.279535472393e-01
  1.347399999201e+01,  9.999876022339e-01,  1.503417505754e+01,  3.279129266739e-01
  1.357399998605e+01,  1.000030636787e+00,  1.503413202299e+01,  3.270540535450e-01
  1.367399999499e+01,  1.000018596649e+00,  1.503414406313e+01,  3.290534317493e-01
  1.377399998903e+01,  1.000024914742e+00,  1.503413774503e+01,  3.264975249767e-01
  1.387399999797e+01,  1.000015735626e+00,  1.503414692415e+01,  3.270301222801e-01
  1.397399999201e+01,  9.999931454659e-01,  1.503416951431e+01,  3.276556134224e-01
  1.407399998605e+01,  1.000002980232e+00,  1.503415967954e+01,  3.261788487434e-01
  1.417399999499e+01,  9.999994039536e-01,  1.503416325582e+01,  3.257497549057e-01
  1.427399998903e+01,  1.000013232231e+00,  1.503414942754e+01,  3.280620574951e-01
  1.437399999797e+01,  1.000005960464e+00,  1.503415669931e+01,  3.261997103691e-01
  1.447399999201e+01,  1.000007390976e+00,  1.503415526880e+01,  3.260534107685e-01
  1.457399998605e+01,  9.999938011169e-01,  1.503416885866e+01,  3.258850574493e-01
  1.467399999499e+01,  9.999999403954e-01,  1.503416271938e+01,  3.255813717842e-01
  1.477399998903e+01,  9.999764561653e-01,  1.503418620361e+01,  3.257717788219e-01
  1.487399999797e+01,  1.000009298325e+00,  1.503415336145e+01,  3.270398080349e-01
  1.497399999201e+01,  9.999888539314e-01,  1.503417380584e+01,  3.257162868977e-01
  1.507399998605e+01,  1.000031828880e+00,  1.503413083090e+01,  3.261407613754e-01
  1.517399999499e+01,  1.000010728836e+00,  1.503415193094e+01,  3.250355124474e-01
  1.527399998903e+01,  1.000018954277e+00,  1.503414370550e+01,  3.249200582504e-01
  1.537399999797e+01,  1.000042438507e+00,  1.503412022127e+01,  3.255927860737e-01
  1.547399999201e+01,  1.000008821487e+00,  1.503415383829e+01,  3.247018456459e-01
  1.557399998605e+01,  1.000006318092e+00,  1.503415634168e+01,  3.252972960472e-01
  1.567399999499e+01,  1.000000715256e+00,  1.503416194452e+01,  3.238936960697e-01
  1.577399998903e+01,  9.999702572823e-01,  1.503419240249e+01,  3.252508342266e-01
  1.587399999797e+01,  9.999608993530e-01,  1.503420176042e+01,  3.235784769058e-01
  1.597399999201e+01,  1.000022053719e+00,  1.503414060606e+01,  3.249755799770e-01
  1.607399998605e+01,  9.999868273735e-01,  1.503417583240e+01,  3.252089917660e-01
  1.617399999499e+01,  1.000007629395e+00,  1.503415503038e+01,  3.250366151333e-01
  1.627399998903e+01,  1.000000953674e+00,  1.503416170610e+01,  3.239403069019e-01
  1.637399999797e+01,  1.000035881996e+00,  1.503412677778e+01,  3.216872513294e-01
  1.647399999201e+01,  1.000001072884e+00,  1.503416158689e+01,  3.222715556622e-01
  1.657399998605e+01,  1.000020980835e+00,  1.503414167894e+01,  3.221328556538e-01
  1.667399999499e+01,  1.000035166740e+00,  1.503412749304e+01,  3.270194530487e-01
  1.677399998903e+01,  9.999879598618e-01,  1.503417469991e+01,  3.228902518749e-01
  1.687399999797e+01,  1.000001788139e+00,  1.503416087164e+01,  3.220474720001e-01
  1.697399999201e+01,  1.000019669533e+00,  1.503414299024e+01,  3.221063911915e-01
  1.707399998605e+01,  1.000016450882e+00,  1.503414620889e+01,  3.214177787304e-01
  1.717399999499e+01,  1.000008583069e+00,  1.503415407671e+01,  3.240938484669e-01
  1.727399998903e+01,  1.000038623810e+00,  1.503412403597e+01,  3.222988545895e-01
  1.737399999797e+01,  1.000032424927e+00,  1.503413023485e+01,  3.228368759155e-01
  1.747399999201e+01,  1.000034689903e+00,  1.503412796987e+01,  3.228501379490e-01
  1.757399998605e+01,  9.999958872795e-01,  1.503416677250e+01,  3.206053674221e-01
  1.767399999499e+01,  9.999561309814e-01,  1.503420652879e+01,  3.223190009594e-01
  1.777399998903e+01,  9.999737739563e-01,  1.503418888582e+01,  3.215357959270e-01
  1.787399999797e+01,  1.000009536743e+00,  1.503415312303e+01,  3.197427392006e-01
  1.797399999201e+01,  9.999864101410e-01,  1.503417624963e+01,  3.193860054016e-01
  1.807399998605e+01,  9.999905228615e-01,  1.503417213691e+01,  3.215413391590e-01
  1.817399999499e+01,  1.000042557716e+00,  1.503412010206e+01,  3.219538033009e-01
  1.827399998903e+01,  1.000023126602e+00,  1.503413953317e+01,  3.220395147800e-01
  1.837399999797e+01,  9.999935626984e-01,  1.503416909708e+01,  3.207711577415e-01
  1.847399999201e+01,  9.999743700027e-01,  1.503418828977e+01,  3.200420737267e-01
  1.857399998605e+01,  1.000030994415e+00,  1.503413166536e+01,  3.222618699074e-01
  1.867399999499e+01,  9.999805092812e-01,  1.503418215049e+01,  3.198073506355e-01
  1.877399998903e+01,  9.999750256538e-01,  1.503418763412e+01,  3.201538920403e-01
  1.887399999797e+01,  1.000000596046e+00,  1.503416206373e+01,  3.207007944584e-01
  1.897399999201e+01,  9.999970793724e-01,  1.503416558040e+01,  3.209125995636e-01
  1.907399998605e+01,  1.000022768974e+00,  1.503413989080e+01,  3.215008080006e-01
  1.917399999499e+01,  1.000006675720e+00,  1.503415598406e+01,  3.199990391731e-01
  1.927399998903e+01,  9.999973177910e-01,  1.503416534198e+01,  3.212324678898e-01
  1.937399999797e+01,  9.999988675117e-01,  1.503416379226e+01,  3.188058435917e-01
  1.947399999201e+01,  1.000026702881e+00,  1.503413595689e+01,  3.204998672009e-01
  1.957399998605e+01,  1.000015735626e+00,  1.503414692415e+01,  3.209147155285e-01
  1.967399999499e+01,  1.000005364418e+00,  1.503415729536e+01,  3.195270001888e-01
  1.977399998903e+01,  1.000004768372e+00,  1.503415789140e+01,  3.190580010414e-01
  1.987399999797e+01,  1.000013470650e+00,  1.503414918913e+01,  3.191855251789e-01
  1.997399999201e+01,  9.999688267708e-01,  1.503419383301e+01,  3.229219913483e-01
  2.007399998605e+01,  9.999937415123e-01,  1.503416891826e+01,  3.198088109493e-01
  2.017399999499e+01,  1.000029087067e+00,  1.503413357271e+01,  3.206317722797e-01
  2.027399998903e+01,  9.999983906746e-01,  1.503416426910e+01,  3.188455104828e-01
  2.037399999797e+01,  1.000000476837e+00,  1.503416218294e+01,  3.208698630333e-01
  2.047399999201e+01,  1.000006794930e+00,  1.503415586485e+01,  3.178686797619e-01
  2.057399998605e+01,  9.999880790710e-01,  1.503417458070e+01,  3.182435631752e-01
  2.067399999499e+01,  9.999837875366e-01,  1.503417887224e+01,  3.200597167015e-01
  2.077399998903e+01,  9.999868273735e-01,  1.503417583240e+01,  3.191325962543e-01
  2.087399999797e+01,  1.000034570694e+00,  1.503412808908e+01,  3.208163678646e-01
  2.097399999201e+01,  9.999706745148e-01,  1.503419198526e+01,  3.180803656578e-01
  2.107399998605e+01,  1.000014185905e+00,  1.503414847387e+01,  3.188984096050e-01
  2.117399999499e+01,  9.999989867210e-01,  1.503416367305e+01,  3.190704882145e-01
  2.127399998903e+01,  9.999912977219e-01,  1.503417136205e+01,  3.187316060066e-01
  2.137399999797e+01,  1.000010251999e+00,  1.503415240778e+01,  3.179593682289e-01
  2.147399999201e+01,  1.000033378601e+00,  1.503412928117e+01,  3.175226449966e-01
  2.157399998605e+01,  1.000016808510e+00,  1.503414585127e+01,  3.183454275131e-01
  2.167399999499e+01,  1.000025629997e+00,  1.503413702978e+01,  3.182398378849e-01
  2.177399998903e+01,  1.000010013580e+00,  1.503415264620e+01,  3.167271316051e-01
  2.187399999797e+01,  9.999790787697e-01,  1.503418358101e+01,  3.170907199383e-01
  2.197399999201e+01,  9.999926090240e-01,  1.503417005075e+01,  3.178078234196e-01
  2.207399998605e+01,  1.000002264977e+00,  1.503416039480e+01,  3.177555203438e-01
  2.217399999499e+01,  9.999918937683e-01,  1.503417076601e+01,  3.164448142052e-01
  2.227399998903e+01,  1.000017642975e+00,  1.503414501680e+01,  3.185762465000e-01
  2.237399999797e+01,  9.999969601631e-01,  1.503416569961e+01,  3.178880512714e-01
  2.247399999201e+01,  9.999963641167e-01,  1.503416629566e+01,  3.185186684132e-01
  2.257399998605e+01,  1.000017523766e+00,  1.503414513601e+01,  3.178409337997e-01
  2.267399999499e+01,  1.000008821487e+00,  1.503415383829e+01,  3.181836605072e-01
  2.277399998903e+01,  9.999898672104e-01,  1.503417279257e+01,  3.161467611790e-01
  2.287399999797e+01,  1.000008463860e+00,  1.503415419592e+01,  3.152062892914e-01
  2.297399999201e+01,  9.999773502350e-01,  1.503418530954e+01,  3.166647553444e-01
  2.307399998605e+01,  1.000013113022e+00,  1.503414954675e+01,  3.174979388714e-01
  2.317399999499e+01,  9.999867081642e-01,  1.503417595161e+01,  3.157212138176e-01
  2.327399998903e+01,  9.999999403954e-01,  1.503416271938e+01,  3.127241134644e-01
  2.337399999797e+01,  1.000011682510e+00,  1.503415097727e+01,  3.149822950363e-01
  2.347399999201e+01,  1.000012397766e+00,  1.503415026201e+01,  3.128853738308e-01
  2.357399998605e+01,  1.000007152557e+00,  1.503415550722e+01,  3.164173662663e-01
  2.367399999499e+01,  9.999983906746e-01,  1.503416426910e+01,  3.126720488071e-01
  2.377399998903e+01,  1.000005841255e+00,  1.503415681852e+01,  3.156239390373e-01
  2.387399999797e+01,  9.999550580978e-01,  1.503420760168e+01,  3.129839301109e-01
  2.397399999201e+01,  9.999981522560e-01,  1.503416450752e+01,  3.137673139572e-01
  2.407399998605e+01,  1.000005841255e+00,  1.503415681852e+01,  3.118346333504e-01
  2.417399999499e+01,  1.000009894371e+00,  1.503415276540e+01,  3.146754503250e-01
  2.427399998903e+01,  1.000000834465e+00,  1.503416182531e+01,  3.110236525536e-01
  2.437399999797e+01,  1.000006437302e+00,  1.503415622247e+01,  3.145770728588e-01
  2.447399999201e+01,  1.000033020973e+00,  1.503412963880e+01,  3.124311268330e-01
  2.457399998605e+01,  9.999834299088e-01,  1.503417922987e+01,  3.122958838940e-01
  2.467399999499e+01,  9.999706745148e-01,  1.503419198526e+01,  3.138091266155e-01
  2.477399998903e+01,  9.999935626984e-01,  1.503416909708e+01,  3.121708929539e-01
  2.487399999797e+01,  9.999960064888e-01,  1.503416665329e+01,  3.117358088493e-01
  2.497399999201e+01,  9.999902248383e-01,  1.503417243494e+01,  3.138582408428e-01
  2.507399998605e+01,  9.999815225601e-01,  1.503418113722e+01,  3.131673634052e-01
  2.517399999499e+01,  1.000010967255e+00,  1.503415169252e+01,  3.123610913754e-01
  2.527399998903e+01,  1.000000119209e+00,  1.503416254057e+01,  3.104957640171e-01
  2.537399999797e+01,  9.999695420265e-01,  1.503419311775e+01,  3.107428848743e-01
  2.547399999201e+01,  1.000003218651e+00,  1.503415944113e+01,  3.116027116776e-01
  2.557399998605e+01,  1.000001788139e+00,  1.503416087164e+01,  3.120177686214e-01
  2.567399999499e+01,  9.999948740005e-01,  1.503416778578e+01,  3.127667009830e-01
  2.577399998903e+01,  1.000008940697e+00,  1.503415371908e+01,  3.124761879444e-01
  2.587399999797e+01,  9.999819993973e-01,  1.503418066038e+01,  3.117321431637e-01
  2.597399999201e+01,  9.999983310699e-01,  1.503416432871e+01,  3.129884898663e-01
  2.607399998605e+01,  9.999950528145e-01,  1.503416760696e+01,  3.130041360855e-01
  2.617399999499e+01,  9.999701976776e-01,  1.503419246210e+01,  3.117744326591e-01
  2.627399998903e+01,  1.000028848648e+00,  1.503413381113e+01,  3.117564618587e-01
  2.637399999797e+01,  1.000015258789e+00,  1.503414740099e+01,  3.106037676334e-01
  2.647399999201e+01,  1.000007152557e+00,  1.503415550722e+01,  3.110041022301e-01
  2.657399998605e+01,  1.000015854836e+00,  1.503414680494e+01,  3.088041245937e-01
  2.667399999499e+01,  1.000002980232e+00,  1.503415967954e+01,  3.117693066597e-01
  2.677399998903e+01,  1.000005960464e+00,  1.503415669931e+01,  3.096817135811e-01
  2.687399999797e+01,  1.000022411346e+00,  1.503414024843e+01,  3.089091479778e-01
  2.697399999201e+01,  9.999720454216e-01,  1.503419061435e+01,  3.098246753216e-01
  2.707399998605e+01,  9.999682903290e-01,  1.503419436945e+01,  3.088465631008e-01
  2.717399999499e+01,  1.000008821487e+00,  1.503415383829e+01,  3.104004263878e-01
  2.727399998903e+01,  1.000021100044e+00,  1.503414155973e+01,  3.092548549175e-01
  2.737399999797e+01,  1.000018596649e+00,  1.503414406313e+01,  3.105474710464e-01
  2.747399999201e+01,  1.000038266182e+00,  1.503412439359e+01,  3.106248378754e-01
  2.757399998605e+01,  1.000030636787e+00,  1.503413202299e+01,  3.111253380775e-01
  2.767399999499e+01,  1.000015020370e+00,  1.503414763941e+01,  3.107156455517e-01
  2.777399998903e+01,  1.000017046928e+00,  1.503414561285e+01,  3.117698431015e-01
  2.787399999797e+01,  9.999870657921e-01,  1.503417559398e+01,  3.139034509659e-01
  2.797399999201e+01,  9.999776482582e-01,  1.503418501152e+01,  3.103703558445e-01
  2.807399998605e+01,  9.999971985817e-01,  1.503416546119e+01,  3.116090893745e-01
  2.817399999499e+01,  9.999597668648e-01,  1.503420289291e+01,  3.121459782124e-01
  2.827399998903e+01,  1.000012397766e+00,  1.503415026201e+01,  3.110435307026e-01
  2.837399999797e+01,  1.000010132790e+00,  1.503415252699e+01,  3.107445240021e-01
  2.847399999201e+01,  9.999885559082e-01,  1.503417410387e+01,  3.107511699200e-01
  2.857399998605e+01,  9.999886155128e-01,  1.503417404426e+01,  3.089481294155e-01
  2.867399999499e+01,  1.000002384186e+00,  1.503416027559e+01,  3.072040081024e-01
  2.877399998903e+01,  9.999760985374e-01,  1.503418656124e+01,  3.091645538807e-01
  2.887399999797e+01,  1.000001192093e+00,  1.503416146768e+01,  3.078901469707e-01
  2.897399999201e+01,  1.000026106834e+00,  1.503413655294e+01,  3.077276051044e-01
  2.907399998605e+01,  9.999853372574e-01,  1.503417732252e+01,  3.084027767181e-01
  2.917399999499e+01,  9.999995827675e-01,  1.503416307701e+01,  3.095730841160e-01
  2.927399998903e+01,  1.000023245811e+00,  1.503413941396e+01,  3.075725138187e-01
  2.937399999797e+01,  1.000055789948e+00,  1.503410686983e+01,  3.072469532490e-01
  2.947399999201e+01,  1.000000715256e+00,  1.503416194452e+01,  3.071014881134e-01
  2.957399998605e+01,  1.000028491020e+00,  1.503413416876e+01,  3.073358833790e-01
  2.967399999499e+01,  9.999873638153e-01,  1.503417529596e+01,  3.060940504074e-01
  2.977399998903e+01,  1.000027179718e+00,  1.503413548006e+01,  3.067247271538e-01
  2.987399999797e+01,  1.000018239021e+00,  1.503414442075e+01,  3.062708973885e-01
  2.997399999201e+01,  1.000012993813e+00,  1.503414966596e+01,  3.062762022018e-01
  3.007399998605e+01,  9.999793767929e-01,  1.503418328298e+01,  3.037538528442e-01
  3.017399999499e+01,  1.000010848045e+00,  1.503415181173e+01,  3.061161339283e-01
  3.027399998903e+01,  1.000012159348e+00,  1.503415050043e+01,  3.037002682686e-01
  3.037399999797e+01,  1.000044345856e+00,  1.503411831392e+01,  3.057848215103e-01
  3.047399999201e+01,  1.000020027161e+00,  1.503414263262e+01,  3.062742650509e-01
  3.057399998605e+01,  1.000018358231e+00,  1.503414430155e+01,  3.065681457520e-01
  3.067399999499e+01,  9.999573230743e-01,  1.503420533670e+01,  3.074118494987e-01
  3.077399998903e+01,  9.999908208847e-01,  1.503417183889e+01,  3.056526482105e-01
  3.087399999797e+01,  9.999995827675e-01,  1.503416307701e+01,  3.048371970654e-01
  3.097399999201e+01,  9.999893307686e-01,  1.503417332901e+01,  3.045730590820e-01
  3.107399998605e+01,  1.000011682510e+00,  1.503415097727e+01,  3.038951456547e-01
  3.117399999499e+01,  1.000017166138e+00,  1.503414549364e+01,  3.064950108528e-01
  3.127399998903e+01,  1.000009775162e+00,  1.503415288461e+01,  3.071635961533e-01
  3.137399999797e+01,  1.000001907349e+00,  1.503416075243e+01,  3.068528473377e-01
  3.147399999201e+01,  1.000022768974e+00,  1.503413989080e+01,  3.054716885090e-01
  3.157399998605e+01,  9.999986886978e-01,  1.503416397108e+01,  3.062762916088e-01
  3.167399999499e+01,  1.000013709068e+00,  1.503414895071e+01,  3.048851191998e-01
  3.177399998903e+01,  9.999824762344e-01,  1.503418018354e+01,  3.019439578056e-01
  3.187399999797e+01,  9.999827742577e-01,  1.503417988552e+01,  3.041580915451e-01
  3.197399999201e+01,  1.000005841255e+00,  1.503415681852e+01,  3.045596480370e-01
  3.207399998605e+01,  9.999823570251e-01,  1.503418030275e+01,  3.045135736465e-01
  3.217399999499e+01,  1.000011682510e+00,  1.503415097727e+01,  3.039966821671e-01
  3.227399998903e+01,  1.000024199486e+00,  1.503413846029e+01,  3.054393827915e-01
  3.237399999797e+01,  1.000025868416e+00,  1.503413679136e+01,  3.030566275120e-01
  3.247399999201e+01,  9.999992251396e-01,  1.503416343464e+01,  3.028116822243e-01
  3.257399998605e+01,  9.999935030937e-01,  1.503416915668e+01,  3.030923604965e-01
  3.267399999499e+01,  9.999983310699e-01,  1.503416432871e+01,  3.027881979942e-01
  3.277399998903e+01,  1.000019550323e+00,  1.503414310945e+01,  3.036926090717e-01
  3.287399999797e+01,  9.999953508377e-01,  1.503416730894e+01,  3.039510548115e-01
  3.297399999201e+01,  1.000004291534e+00,  1.503415836824e+01,  3.018563985825e-01
  3.307399998605e+01,  9.999678134918e-01,  1.503419484628e+01,  3.040776848793e-01
  3.317399999499e+01,  9.999797940254e-01,  1.503418286575e+01,  3.056231737137e-01
  3.327399998903e+01,  1.000028967857e+00,  1.503413369192e+01,  3.028572797775e-01
  3.337399999797e+01,  1.000034689903e+00,  1.503412796987e+01,  3.037262558937e-01
  3.347399999201e+01,  1.000011444092e+00,  1.503415121568e+01,  3.035878837109e-01
  3.357399998605e+01,  9.999943375587e-01,  1.503416832222e+01,  3.036953806877e-01
  3.367399999499e+01,  9.999949932098e-01,  1.503416766657e+01,  3.058164715767e-01
  3.377399998903e+01,  1.000000953674e+00,  1.503416170610e+01,  3.022037446499e-01
  3.387399999797e+01,  9.999887943268e-01,  1.503417386545e+01,  3.042352199554e-01
  3.397399999201e+01,  9.999881982803e-01,  1.503417446150e+01,  3.048072755337e-01
  3.407399998605e+01,  1.000004172325e+00,  1.503415848745e+01,  3.053333759308e-01
  3.417399999499e+01,  9.999621510506e-01,  1.503420050873e+01,  3.056392073631e-01
  3.427399998903e+01,  1.000001549721e+00,  1.503416111006e+01,  3.041884601116e-01
  3.437399999797e+01,  9.999960064888e-01,  1.503416665329e+01,  3.029829263687e-01
  3.447399999201e+01,  9.999950528145e-01,  1.503416760696e+01,  3.053754270077e-01
  3.457399998605e+01,  1.000001311302e+00,  1.503416134847e+01,  3.032777011395e-01
  3.467399999499e+01,  1.000002026558e+00,  1.503416063322e+01,  3.030295670033e-01
  3.477399998903e+01,  1.000014543533e+00,  1.503414811624e+01,  3.040195405483e-01
  3.487399999797e+01,  1.000035762787e+00,  1.503412689699e+01,  3.030508756638e-01
  3.497399999201e+01,  1.000014543533e+00,  1.503414811624e+01,  3.038869798183e-01
  3.507399998605e+01,  9.999889135361e-01,  1.503417374624e+01,  3.026671111584e-01
  3.517399999499e+01,  9.999626278877e-01,  1.503420003189e+01,  3.042852878571e-01
  3.527399998903e+01,  9.999808669090e-01,  1.503418179287e+01,  3.023262619972e-01
  3.537399999797e+01,  9.999775886536e-01,  1.503418507112e+01,  3.008467555046e-01
  3.547399999201e+01,  9.999797940254e-01,  1.503418286575e+01,  3.037920594215e-01
  3.557399998605e+01,  1.000010490417e+00,  1.503415216936e+01,  3.019209504128e-01
  3.567399999499e+01,  9.999895095825e-01,  1.503417315019e+01,  3.055852055550e-01
  3.577399998903e+01,  1.000037670135e+00,  1.503412498964e+01,  3.042888641357e-01
  3.587399999797e+01,  1.000040054321e+00,  1.503412260545e+01,  3.050886690617e-01
  3.597399999201e+01,  1.000009417534e+00,  1.503415324224e+01,  3.056800067425e-01
  3.607399998605e+01,  9.999808073044e-01,  1.503418185247e+01,  3.041926026344e-01
  3.617399999499e+01,  1.000007152557e+00,  1.503415550722e+01,  3.059136271477e-01
  3.627399998903e+01,  1.000001311302e+00,  1.503416134847e+01,  3.036428689957e-01
  3.637399999797e+01,  1.000023722649e+00,  1.503413893713e+01,  3.042654395103e-01
  3.647399999201e+01,  1.000006556511e+00,  1.503415610326e+01,  3.042013645172e-01
  3.657399998605e+01,  9.999952316284e-01,  1.503416742815e+01,  3.026493191719e-01
  3.667399999499e+01,  9.999804496765e-01,  1.503418221010e+01,  3.037025928497e-01
  3.677399998903e+01,  1.000002145767e+00,  1.503416051401e+01,  3.025366663933e-01
  3.687399999797e+01,  1.000020742416e+00,  1.503414191736e+01,  3.038674592972e-01
  3.697399999201e+01,  9.999953508377e-01,  1.503416730894e+01,  3.028238713741e-01
  3.707399998605e+01,  9.999695420265e-01,  1.503419311775e+01,  3.022297024727e-01
  3.717399999499e+01,  1.000009298325e+00,  1.503415336145e+01,  3.045203983784e-01
  3.727399998903e+01,  1.000017285347e+00,  1.503414537443e+01,  3.028242588043e-01
  3.737399999797e+01,  9.999852776527e-01,  1.503417738212e+01,  3.037313520908e-01
  3.747399999201e+01,  9.999896287918e-01,  1.503417303098e+01,  3.026106953621e-01
  3.757399998605e+01,  9.999701380730e-01,  1.503419252170e+01,  3.029932379723e-01
  3.767399999499e+01,  9.999981522560e-01,  1.503416450752e+01,  3.038596510887e-01
  3.777399998903e+01,  9.999813437462e-01,  1.503418131603e+01,  3.017552495003e-01
  3.787399999797e+01,  1.000016212463e+00,  1.503414644731e+01,  3.023000955582e-01
  3.797399999201e+01,  9.999974966049e-01,  1.503416516317e+01,  3.030735552311e-01
  3.807399998605e+01,  9.999883174896e-01,  1.503417434229e+01,  3.023906648159e-01
  3.817399999499e+01,  1.000023841858e+00,  1.503413881792e+01,  3.003988862038e-01
  3.827399998903e+01,  1.000002861023e+00,  1.503415979875e+01,  3.020203113556e-01
  3.837399999797e+01,  1.000010728836e+00,  1.503415193094e+01,  3.006825149059e-01
  3.847399999201e+01,  1.000006914139e+00,  1.503415574564e+01,  3.021314740181e-01
  3.857399998605e+01,  1.000020861626e+00,  1.503414179815e+01,  2.998276948929e-01
  3.867399999499e+01,  1.000005245209e+00,  1.503415741457e+01,  2.991371154785e-01
  3.877399998903e+01,  9.999902844429e-01,  1.503417237533e+01,  3.003860414028e-01
  3.887399999797e+01,  9.999894499779e-01,  1.503417320980e+01,  3.008632361889e-01
  3.897399999201e+01,  1.000013828278e+00,  1.503414883150e+01,  2.994908392429e-01
  3.907399998605e+01,  1.000000476837e+00,  1.503416218294e+01,  2.991914749146e-01
  3.917399999499e+01,  1.000016212463e+00,  1.503414644731e+01,  2.994478940964e-01
  3.927399998903e+01,  9.999768137932e-01,  1.503418584598e+01,  3.005327582359e-01
  3.937399999797e+01,  9.999945163727e-01,  1.503416814340e+01,  2.989977598190e-01
  3.947399999201e+01,  9.999878406525e-01,  1.503417481912e+01,  2.993625104427e-01
  3.957399998605e+01,  1.000009059906e+00,  1.503415359987e+01,  2.969883978367e-01
  3.967399999499e+01,  1.000011920929e+00,  1.503415073885e+01,  2.977127730846e-01
  3.977399998903e+01,  1.000006079674e+00,  1.503415658010e+01,  2.979463636875e-01
  3.987399999797e+01,  1.000008225441e+00,  1.503415443433e+01,  2.989626526833e-01
  3.997399999201e+01,  1.000005841255e+00,  1.503415681852e+01,  2.982829511166e-01
  4.007399998605e+01,  9.999976754189e-01,  1.503416498436e+01,  2.978782653809e-01
  4.017399999499e+01,  9.999814629555e-01,  1.503418119682e+01,  3.004319667816e-01
  4.027399998903e+01,  9.999955296516e-01,  1.503416713012e+01,  2.985998690128e-01
  4.037399999797e+01,  9.999798536301e-01,  1.503418280615e+01,  2.983314394951e-01
  4.047399999201e+01,  1.000020146370e+00,  1.503414251341e+01,  3.001010715961e-01
  4.057399998605e+01,  9.999905228615e-01,  1.503417213691e+01,  2.976495623589e-01
  4.067399999499e+01,  9.999850988388e-01,  1.503417756094e+01,  2.995553612709e-01
  4.077399998903e+01,  1.000006914139e+00,  1.503415574564e+01,  2.984619438648e-01
  4.087399999797e+01,  1.000004172325e+00,  1.503415848745e+01,  2.986644804478e-01
  4.097399999201e+01,  1.000009298325e+00,  1.503415336145e+01,  2.994779944420e-01
  4.107399998605e+01,  9.999968409538e-01,  1.503416581882e+01,  2.978948652744e-01
  4.117399999499e+01,  9.999751448631e-01,  1.503418751491e+01,  2.988049983978e-01
  4.127399998903e+01,  9.999884963036e-01,  1.503417416347e+01,  2.976238429546e-01
  4.137399999797e+01,  1.000035524368e+00,  1.503412713541e+01,  2.986969351768e-01
  4.147399999201e+01,  1.000012516975e+00,  1.503415014280e+01,  2.951039969921e-01
  4.157399998605e+01,  1.000016093254e+00,  1.503414656652e+01,  2.991305291653e-01
  4.167399999499e+01,  1.000013947487e+00,  1.503414871229e+01,  2.994808852673e-01
  4.177399998903e+01,  9.999934434891e-01,  1.503416921629e+01,  2.992028594017e-01
  4.187399999797e+01,  9.999858736992e-01,  1.503417678608e+01,  2.975262105465e-01
  4.197399999201e+01,  9.999985694885e-01,  1.503416409029e+01,  2.992332875729e-01
  4.207399998605e+01,  1.000000834465e+00,  1.503416182531e+01,  2.975040078163e-01
  4.217399999499e+01,  9.999912977219e-01,  1.503417136205e+01,  2.977000176907e-01
  4.227399998903e+01,  1.000017285347e+00,  1.503414537443e+01,  2.984495759010e-01
  4.237399999797e+01,  1.000030040741e+00,  1.503413261903e+01,  2.986695170403e-01
  4.247399999201e+01,  9.999842643738e-01,  1.503417839540e+01,  2.989037930965e-01
  4.257399998605e+01,  1.000002980232e+00,  1.503415967954e+01,  2.987645566463e-01
  4.267399999499e+01,  9.999417066574e-01,  1.503422095312e+01,  3.007788360119e-01
  4.277399998903e+01,  9.999951720238e-01,  1.503416748775e+01,  2.981360554695e-01
  4.287399999797e+01,  9.999974370003e-01,  1.503416522278e+01,  3.003849983215e-01
  4.297399999201e+01,  1.000017404556e+00,  1.503414525522e+01,  2.996805608273e-01
  4.307399998605e+01,  1.000027775764e+00,  1.503413488401e+01,  2.978536486626e-01
  4.317399999499e+01,  9.999855756760e-01,  1.503417708410e+01,  3.000683486462e-01
  4.327399998903e+01,  9.999858736992e-01,  1.503417678608e+01,  2.965030074120e-01
  4.337399999797e+01,  9.999997615814e-01,  1.503416289819e+01,  2.986387014389e-01
  4.347399999201e+01,  9.999967217445e-01,  1.503416593803e+01,  2.965493798256e-01
  4.357399998605e+01,  1.000009894371e+00,  1.503415276540e+01,  2.981640100479e-01
  4.367399999499e+01,  9.999971389771e-01,  1.503416552080e+01,  2.995274066925e-01
  4.377399998903e+01,  9.999759793282e-01,  1.503418668045e+01,  2.973492741585e-01
  4.387399999797e+01,  9.999875426292e-01,  1.503417511715e+01,  2.979968786240e-01
  4.397399999201e+01,  9.999877810478e-01,  1.503417487873e+01,  2.982799708843e-01
  4.407399998605e+01,  9.999957680702e-01,  1.503416689171e+01,  2.990129888058e-01
  4.417399999499e+01,  9.999936819077e-01,  1.503416897787e+01,  2.977092862129e-01
  4.427399998903e+01,  9.999833703041e-01,  1.503417928947e+01,  2.984758019447e-01
  4.437399999797e+01,  9.999756813049e-01,  1.503418697847e+01,  2.980335950851e-01
  4.447399999201e+01,  9.999849796295e-01,  1.503417768015e+01,  2.981974780560e-01
  4.457399998605e+01,  1.000013828278e+00,  1.503414883150e+01,  2.954088449478e-01
  4.467399999499e+01,  1.000018000603e+00,  1.503414465917e+01,  2.968021929264e-01
  4.477399998903e+01,  1.000003099442e+00,  1.503415956033e+01,  2.970348298550e-01
  4.487399999797e+01,  1.000010848045e+00,  1.503415181173e+01,  2.965058088303e-01
  4.497399999201e+01,  9.999862313271e-01,  1.503417642845e+01,  2.971326410770e-01
  4.507399998605e+01,  9.999853372574e-01,  1.503417732252e+01,  2.949704825878e-01
  4.517399999499e+01,  1.000014662743e+00,  1.503414799703e+01,  2.965735197067e-01
  4.527399998903e+01,  1.000015974045e+00,  1.503414668573e+01,  2.960652112961e-01
  4.537399999797e+01,  9.999787807465e-01,  1.503418387903e+01,  2.930126190186e-01
  4.547399999201e+01,  1.000000238419e+00,  1.503416242136e+01,  2.963681221008e-01
  4.557399998605e+01,  1.000004291534e+00,  1.503415836824e+01,  2.954242825508e-01
  4.567399999499e+01,  9.999861121178e-01,  1.503417654766e+01,  2.964985370636e-01
  4.577399998903e+01,  9.999806284904e-01,  1.503418203129e+01,  2.986307442188e-01
  4.587399999797e+01,  1.000002145767e+00,  1.503416051401e+01,  2.952797710896e-01
  4.597399999201e+01,  9.999570846558e-01,  1.503420557512e+01,  2.959349155426e-01
  4.607399998605e+01,  1.000002741814e+00,  1.503415991796e+01,  2.960127592087e-01
  4.617399999499e+01,  1.000013947487e+00,  1.503414871229e+01,  2.953033447266e-01
  4.627399998903e+01,  1.000015854836e+00,  1.503414680494e+01,  2.950277328491e-01
  4.637399999797e+01,  9.999875426292e-01,  1.503417511715e+01,  2.953795790672e-01
  4.647399999201e+01,  1.000025868416e+00,  1.503413679136e+01,  2.938911020756e-01
  4.657399998605e+01,  1.000003099442e+00,  1.503415956033e+01,  2.946601808071e-01
  4.667399999499e+01,  9.999982118607e-01,  1.503416444792e+01,  2.936595380306e-01
  4.677399998903e+01,  9.999974966049e-01,  1.503416516317e+01,  2.951443493366e-01
  4.687399999797e+01,  9.999889731407e-01,  1.503417368664e+01,  2.975847721100e-01
  4.697399999201e+01,  1.000013947487e+00,  1.503414871229e+01,  2.961554229259e-01
  4.707399998605e+01,  9.999858736992e-01,  1.503417678608e+01,  2.943333983421e-01
  4.717399999499e+01,  1.000010967255e+00,  1.503415169252e+01,  2.933228909969e-01
  4.727399998903e+01,  1.000021100044e+00,  1.503414155973e+01,  2.944175601006e-01
  4.737399999797e+01,  9.999942183495e-01,  1.503416844143e+01,  2.933409214020e-01
  4.747399999201e+01,  1.000009298325e+00,  1.503415336145e+01,  2.928992211819e-01
  4.757399998605e+01,  9.999715089798e-01,  1.503419115080e+01,  2.938109338284e-01
  4.767399999499e+01,  9.999967813492e-01,  1.503416587843e+01,  2.937832772732e-01
  4.777399998903e+01,  9.999831318855e-01,  1.503417952789e+01,  2.960826754570e-01
  4.787399999797e+01,  1.000043153763e+00,  1.503411950601e+01,  2.950683832169e-01
  4.797399999201e+01,  1.000012040138e+00,  1.503415061964e+01,  2.944878041744e-01
  4.807399998605e+01,  9.999976754189e-01,  1.503416498436e+01,  2.941515743732e-01
  4.817399999499e+01,  1.000013947487e+00,  1.503414871229e+01,  2.934835851192e-01
  4.827399998903e+01,  1.000011563301e+00,  1.503415109647e+01,  2.930948436260e-01
  4.837399999797e+01,  1.000001311302e+00,  1.503416134847e+01,  2.935967147350e-01
  4.847399999201e+01,  9.999859333038e-01,  1.503417672647e+01,  2.916995286942e-01
  4.857399998605e+01,  9.999817013741e-01,  1.503418095840e+01,  2.937389612198e-01
  4.867399999499e+01,  1.000000834465e+00,  1.503416182531e+01,  2.932209372520e-01
  4.877399998903e+01,  9.999977350235e-01,  1.503416492475e+01,  2.946305572987e-01
  4.887399999797e+01,  9.999643564224e-01,  1.503419830335e+01,  2.940436303616e-01
  4.897399999201e+01,  1.000004410744e+00,  1.503415824903e+01,  2.941677570343e-01
  4.907399998605e+01,  9.999670982361e-01,  1.503419556154e+01,  2.946418225765e-01
  4.917399999499e+01,  1.000040531158e+00,  1.503412212862e+01,  2.950984835625e-01
  4.927399998903e+01,  9.999791383743e-01,  1.503418352140e+01,  2.907724380493e-01
  4.937399999797e+01,  9.999821186066e-01,  1.503418054117e+01,  2.922565340996e-01
  4.947399999201e+01,  9.999751448631e-01,  1.503418751491e+01,  2.916238307953e-01
  4.957399998605e+01,  1.000000119209e+00,  1.503416254057e+01,  2.905495762825e-01
  4.967399999499e+01,  9.999985694885e-01,  1.503416409029e+01,  2.901582121849e-01
  4.977399998903e+01,  1.000035524368e+00,  1.503412713541e+01,  2.915257513523e-01
  4.987399999797e+01,  9.999821782112e-01,  1.503418048156e+01,  2.924844622612e-01
  4.997399999201e+01,  1.000043392181e+00,  1.503411926759e+01,  2.949370443821e-01
  5.007399998605e+01,  1.000000000000e+00,  1.503416265978e+01,  2.923960685730e-01
  5.017399999499e+01,  9.999971985817e-01,  1.503416546119e+01,  2.926645874977e-01
  5.027399998903e+01,  9.999804496765e-01,  1.503418221010e+01,  2.921385467052e-01
  5.037399999797e+01,  1.000019550323e+00,  1.503414310945e+01,  2.928976714611e-01
  5.047399999201e+01,  9.999733567238e-01,  1.503418930305e+01,  2.902162671089e-01
  5.057399998605e+01,  9.999879002571e-01,  1.503417475952e+01,  2.945532202721e-01
  5.067399999499e+01,  1.000004529953e+00,  1.503415812982e+01,  2.909804880619e-01
  5.077399998903e+01,  1.000006914139e+00,  1.503415574564e+01,  2.926772534847e-01
  5.087399999797e+01,  9.999969601631e-01,  1.503416569961e+01,  2.927236855030e-01
  5.097399999201e+01,  1.000024795532e+00,  1.503413786424e+01,  2.939103543758e-01
  5.107399998605e+01,  9.999992847443e-01,  1.503416337503e+01,  2.917319834232e-01
  5.117399999499e+01,  9.999933242798e-01,  1.503416933550e+01,  2.925816774368e-01
  5.127399998903e+01,  9.999939203262e-01,  1.503416873945e+01,  2.924276590347e-01
  5.137399999797e+01,  9.999938011169e-01,  1.503416885866e+01,  2.924998104572e-01
  5.147399999201e+01,  1.000016570091e+00,  1.503414608968e+01,  2.922708094120e-01
  5.157399998605e+01,  9.999908804893e-01,  1.503417177929e+01,  2.924807667732e-01
  5.167399999499e+01,  1.000000715256e+00,  1.503416194452e+01,  2.927666008472e-01
  5.177399998903e+01,  1.000004172325e+00,  1.503415848745e+01,  2.938604354858e-01
  5.187399999797e+01,  9.999980330467e-01,  1.503416462673e+01,  2.946842908859e-01
  5.197399999201e+01,  1.000018715858e+00,  1.503414394392e+01,  2.939406335354e-01
  5.207399998605e+01,  9.999824762344e-01,  1.503418018354e+01,  2.955854535103e-01
  5.217399999499e+01,  1.000019550323e+00,  1.503414310945e+01,  2.939706742764e-01
  5.227399998903e+01,  1.000015497208e+00,  1.503414716257e+01,  2.950562834740e-01
  5.237399999797e+01,  1.000016093254e+00,  1.503414656652e+01,  2.927261590958e-01
  5.247399999201e+01,  9.999855756760e-01,  1.503417708410e+01,  2.947039902210e-01
  5.257399998605e+01,  9.999598860741e-01,  1.503420277370e+01,  2.916027307510e-01
  5.267399999499e+01,  1.000014901161e+00,  1.503414775861e+01,  2.918731272221e-01
  5.277399998903e+01,  1.000012159348e+00,  1.503415050043e+01,  2.934914827347e-01
  5.287399999797e+01,  1.000004410744e+00,  1.503415824903e+01,  2.919744253159e-01
  5.297399999201e+01,  9.999883770943e-01,  1.503417428268e+01,  2.896060049534e-01
  5.307399998605e+01,  1.000014305115e+00,  1.503414835466e+01,  2.906222939491e-01
  5.317399999499e+01,  9.999768137932e-01,  1.503418584598e+01,  2.917920053005e-01
  5.327399998903e+01,  1.000044822693e+00,  1.503411783708e+01,  2.926071286201e-01
  5.337399999797e+01,  9.999900460243e-01,  1.503417261375e+01,  2.942371964455e-01
  5.347399999201e+01,  1.000013709068e+00,  1.503414895071e+01,  2.907389104366e-01
  5.357399998605e+01,  1.000007033348e+00,  1.503415562643e+01,  2.900004386902e-01
  5.367399999499e+01,  9.999883174896e-01,  1.503417434229e+01,  2.893355786800e-01
  5.377399998903e+01,  9.999957084656e-01,  1.503416695131e+01,  2.898398637772e-01
  5.387399999797e+01,  1.000019550323e+00,  1.503414310945e+01,  2.912405133247e-01
  5.397399999201e+01,  9.999803304672e-01,  1.503418232931e+01,  2.922924757004e-01
  5.407399998605e+01,  1.000027298927e+00,  1.503413536085e+01,  2.931033670902e-01
  5.417399999499e+01,  9.999703168869e-01,  1.503419234289e+01,  2.919156849384e-01
  5.427399998903e+01,  9.999817013741e-01,  1.503418095840e+01,  2.915817797184e-01
  5.437399999797e+01,  9.999744296074e-01,  1.503418823017e+01,  2.918086349964e-01
  5.447399999201e+01,  9.999801516533e-01,  1.503418250812e+01,  2.911719381809e-01
  5.457399998605e+01,  1.000000834465e+00,  1.503416182531e+01,  2.925690710545e-01
  5.467399999499e+01,  1.000001549721e+00,  1.503416111006e+01,  2.913234233856e-01
  5.477399998903e+01,  9.999979734421e-01,  1.503416468633e+01,  2.926361560822e-01
  5.487399999797e+01,  9.999825954437e-01,  1.503418006433e+01,  2.919183969498e-01
  5.497399999201e+01,  9.999929666519e-01,  1.503416969312e+01,  2.920224070549e-01
  5.507399998605e+01,  9.999921917915e-01,  1.503417046798e+01,  2.916788160801e-01
  5.517399999499e+01,  9.999986886978e-01,  1.503416397108e+01,  2.911394834518e-01
  5.527399998903e+01,  9.999915361404e-01,  1.503417112364e+01,  2.933488190174e-01
  5.537399999797e+01,  1.000008821487e+00,  1.503415383829e+01,  2.924362421036e-01
  5.547399999201e+01,  1.000020384789e+00,  1.503414227499e+01,  2.911633849144e-01
  5.557399998605e+01,  1.000004649162e+00,  1.503415801061e+01,  2.909095287323e-01
  5.567399999499e+01,  9.999986886978e-01,  1.503416397108e+01,  2.911270558834e-01
  5.577399998903e+01,  9.999928474426e-01,  1.503416981233e+01,  2.874815464020e-01
  5.587399999797e+01,  1.000005960464e+00,  1.503415669931e+01,  2.914520204067e-01
  5.597399999201e+01,  1.000002264977e+00,  1.503416039480e+01,  2.901596128941e-01
  5.607399998605e+01,  9.999886751175e-01,  1.503417398466e+01,  2.906188666821e-01
  5.617399999499e+01,  1.000012040138e+00,  1.503415061964e+01,  2.905679941177e-01
  5.627399998903e+01,  1.000004053116e+00,  1.503415860666e+01,  2.916969358921e-01
  5.637399999797e+01,  9.999991059303e-01,  1.503416355385e+01,  2.894524335861e-01
  5.647399999201e+01,  9.999824166298e-01,  1.503418024315e+01,  2.909691631794e-01
  5.657399998605e+01,  9.999890327454e-01,  1.503417362703e+01,  2.905977666378e-01
  5.667399999499e+01,  9.999896883965e-01,  1.503417297138e+01,  2.889468371868e-01
  5.677399998903e+01,  9.999780654907e-01,  1.503418459429e+01,  2.899023592472e-01
  5.687399999797e+01,  1.000000357628e+00,  1.503416230215e+01,  2.907399833202e-01
  5.697399999201e+01,  1.000021338463e+00,  1.503414132131e+01,  2.898913323879e-01
  5.707399998605e+01,  1.000014305115e+00,  1.503414835466e+01,  2.918564975262e-01
  5.717399999499e+01,  1.000011086464e+00,  1.503415157331e+01,  2.896862030029e-01
  5.727399998903e+01,  1.000000476837e+00,  1.503416218294e+01,  2.899002432823e-01
  5.737399999797e+01,  1.000015616417e+00,  1.503414704336e+01,  2.897915542126e-01
  5.747399999201e+01,  1.000023365021e+00,  1.503413929476e+01,  2.889351546764e-01
  5.757399998605e+01,  1.000000953674e+00,  1.503416170610e+01,  2.912882566452e-01
  5.767399999499e+01,  1.000031232834e+00,  1.503413142694e+01,  2.901173532009e-01
  5.777399998903e+01,  1.000004887581e+00,  1.503415777219e+01,  2.875888645649e-01
  5.787399999797e+01,  9.999996423721e-01,  1.503416301740e+01,  2.885191440582e-01
  5.797399999201e+01,  9.999771118164e-01,  1.503418554796e+01,  2.891651690006e-01
  5.807399998605e+01,  1.000024676323e+00,  1.503413798345e+01,  2.893612980843e-01
  5.817399999499e+01,  9.999880790710e-01,  1.503417458070e+01,  2.908349335194e-01
  5.827399998903e+01,  1.000014901161e+00,  1.503414775861e+01,  2.893807291985e-01
  5.837399999797e+01,  1.000018358231e+00,  1.503414430155e+01,  2.916549742222e-01
  5.847399999201e+01,  9.999988079071e-01,  1.503416385187e+01,  2.910648882389e-01
  5.857399998605e+01,  9.999967813492e-01,  1.503416587843e+01,  2.888156473637e-01
  5.867399999499e+01,  9.999747872353e-01,  1.503418787254e+01,  2.910630404949e-01
  5.877399998903e+01,  9.999979138374e-01,  1.503416474594e+01,  2.901171445847e-01
  5.887399999797e+01,  9.999823570251e-01,  1.503418030275e+01,  2.897656261921e-01
  5.897399999201e+01,  9.999904036522e-01,  1.503417225612e+01,  2.903226017952e-01
  5.907399998605e+01,  1.000030636787e+00,  1.503413202299e+01,  2.896367013454e-01
  5.917399999499e+01,  1.000017404556e+00,  1.503414525522e+01,  2.914801239967e-01
  5.927399998903e+01,  1.000008106232e+00,  1.503415455354e+01,  2.887514531612e-01
  5.937399999797e+01,  9.999817013741e-01,  1.503418095840e+01,  2.912089526653e-01
  5.947399999201e+01,  9.999937415123e-01,  1.503416891826e+01,  2.880936264992e-01
  5.957399998605e+01,  1.000026106834e+00,  1.503413655294e+01,  2.865280210972e-01
  5.967399999499e+01,  1.000006675720e+00,  1.503415598406e+01,  2.881452739239e-01
  5.977399998903e+01,  1.000017404556e+00,  1.503414525522e+01,  2.883458137512e-01
  5.987399999797e+01,  9.999837279320e-01,  1.503417893184e+01,  2.885816693306e-01
  5.997399999201e+01,  9.999857544899e-01,  1.503417690529e+01,  2.892768681049e-01
  6.007399998605e+01,  9.999836683273e-01,  1.503417899145e+01,  2.880347073078e-01
  6.017399999499e+01,  1.000003457069e+00,  1.503415920271e+01,  2.884385883808e-01
  6.027399998903e+01,  1.000036478043e+00,  1.503412618173e+01,  2.859176695347e-01
  6.037399999797e+01,  9.999786019325e-01,  1.503418405784e+01,  2.885768711567e-01
  6.047399999201e+01,  9.999965429306e-01,  1.503416611685e+01,  2.913113534451e-01
  6.057399998605e+01,  1.000003099442e+00,  1.503415956033e+01,  2.887580692768e-01
  6.067399999499e+01,  1.000001668930e+00,  1.503416099085e+01,  2.911078333855e-01
  6.077399998903e+01,  1.000032901764e+00,  1.503412975801e+01,  2.895336151123e-01
  6.087399999797e+01,  1.000004768372e+00,  1.503415789140e+01,  2.874652445316e-01
  6.097399999201e+01,  9.999968409538e-01,  1.503416581882e+01,  2.877637147903e-01
  6.107399998605e+01,  9.999996423721e-01,  1.503416301740e+01,  2.862011194229e-01
  6.117399999499e+01,  1.000015854836e+00,  1.503414680494e+01,  2.878484129906e-01
  6.127399998903e+01,  1.000019431114e+00,  1.503414322866e+01,  2.860948145390e-01
  6.137399999797e+01,  1.000010251999e+00,  1.503415240778e+01,  2.869120538235e-01
  6.147399999201e+01,  1.000007271767e+00,  1.503415538801e+01,  2.871413826942e-01
  6.157399998605e+01,  1.000028610229e+00,  1.503413404955e+01,  2.864185571671e-01
  6.167399999499e+01,  1.000001788139e+00,  1.503416087164e+01,  2.864488661289e-01
  6.167599999905e+01,  1.000000476837e+00,  1.503416218294e+01,  2.863425314426e-01
  6.167699998617e+01,  9.999967217445e-01,  1.503416593803e+01,  2.863282859325e-01
  6.167999999225e+01,  1.000012874603e+00,  1.503414978517e+01,  2.861210405827e-01
  6.177999998629e+01,  9.998769164085e-01,  1.503428574337e+01,  2.883379459381e-01
  6.185300000012e+01,  9.897232651711e-01,  1.504443939460e+01,  2.868207693100e-01
  6.187549999356e+01,  9.795380234718e-01,  1.505462463630e+01,  2.657226324081e-01
  6.188699999452e+01,  9.691582322121e-01,  1.506500442756e+01,  2.467180490494e-01
  6.189499999583e+01,  9.586067795753e-01,  1.507555588020e+01,  2.516590356827e-01
  6.190199999511e+01,  9.479447007179e-01,  1.508621795906e+01,  2.504144906998e-01
  6.190849998593e+01,  9.372826218605e-01,  1.509688003792e+01,  2.487939596176e-01
  6.191449999809e+01,  9.270744919777e-01,  1.510708816780e+01,  2.459453344345e-01
  6.192049999535e+01,  9.167481064796e-01,  1.511741455330e+01,  2.444204092026e-01
  6.192649999261e+01,  9.066506028175e-01,  1.512751205696e+01,  2.438488006592e-01
  6.193299999833e+01,  8.963013291359e-01,  1.513786133064e+01,  2.456221580505e-01
  6.194049999118e+01,  8.857765793800e-01,  1.514838608040e+01,  2.370469570160e-01
  6.194849999249e+01,  8.756943345070e-01,  1.515846832527e+01,  2.210290431976e-01
  6.195699998736e+01,  8.652954697609e-01,  1.516886719001e+01,  2.081391811371e-01
  6.196549999714e+01,  8.546791672707e-01,  1.517948349251e+01,  1.975572109222e-01
  6.197349999845e+01,  8.442650437355e-01,  1.518989761604e+01,  1.891877651215e-01
  6.198099999130e+01,  8.339157700539e-01,  1.520024688972e+01,  1.793801784515e-01
  6.198799999058e+01,  8.236809372902e-01,  1.521048172249e+01,  1.790093779564e-01
  6.199499998987e+01,  8.133621811867e-01,  1.522080047859e+01,  1.797544360161e-01
  6.200249999762e+01,  8.027687668800e-01,  1.523139389290e+01,  1.776816248894e-01
  6.201049999893e+01,  7.923851609230e-01,  1.524177749885e+01,  1.746737360954e-01
  6.201949998736e+01,  7.820830941200e-01,  1.525207956566e+01,  1.674337238073e-01
  6.202999998629e+01,  7.719436287880e-01,  1.526221903099e+01,  1.635777801275e-01
  6.204299999774e+01,  7.618728280067e-01,  1.527228983177e+01,  1.410081237555e-01
  6.205599999428e+01,  7.514510750771e-01,  1.528271158470e+01,  1.277158111334e-01
  6.206699998677e+01,  7.411208748817e-01,  1.529304178489e+01,  1.220443099737e-01
  6.207699999213e+01,  7.306991219521e-01,  1.530346353782e+01,  1.193339675665e-01
  6.208649998903e+01,  7.204795479774e-01,  1.531368311180e+01,  1.180738061666e-01
  6.209649999440e+01,  7.099853157997e-01,  1.532417734398e+01,  1.140855401754e-01
  6.210699999332e+01,  6.995921730995e-01,  1.533457048668e+01,  1.066077798605e-01
  6.211800000072e+01,  6.892753243446e-01,  1.534488733543e+01,  9.728656709194e-02
  6.212899999321e+01,  6.791396737099e-01,  1.535502298607e+01,  9.040008485317e-02
  6.214000000060e+01,  6.688800454140e-01,  1.536528261436e+01,  8.330760896206e-02
  6.215049999952e+01,  6.588550209999e-01,  1.537530763878e+01,  7.771240174770e-02
  6.216099999845e+01,  6.486430764198e-01,  1.538551958336e+01,  7.353053987026e-02
  6.217149999738e+01,  6.384063363075e-01,  1.539575632347e+01,  6.589923799038e-02
  6.218199999630e+01,  6.278968453407e-01,  1.540626581444e+01,  5.607067048550e-02
  6.219149999321e+01,  6.178184151649e-01,  1.541634424461e+01,  4.916988313198e-02
  6.220049999654e+01,  6.077361702919e-01,  1.542642648948e+01,  4.631577432156e-02
  6.220949999988e+01,  5.974937081337e-01,  1.543666895164e+01,  4.450474679470e-02
  6.221849998832e+01,  5.874534249306e-01,  1.544670923485e+01,  4.013501107693e-02
  6.222800000012e+01,  5.773749947548e-01,  1.545678766502e+01,  3.787146508694e-02
  6.223849999905e+01,  5.670486092567e-01,  1.546711405052e+01,  3.032408840954e-02
  6.224949999154e+01,  5.566802620888e-01,  1.547748239769e+01,  1.903639920056e-02
  6.225999999046e+01,  5.464950203896e-01,  1.548766763939e+01,  1.021491177380e-02
  6.226999999583e+01,  5.363563895226e-01,  1.549780627025e+01,  6.361046805978e-03
  6.227999998629e+01,  5.259956717491e-01,  1.550816698803e+01,  2.237359294668e-03
  6.228999999166e+01,  5.156883597374e-01,  1.551847430004e+01, -1.343211042695e-03
  6.230049999058e+01,  5.052646994591e-01,  1.552889796032e+01, -7.110079750419e-03
  6.231099998951e+01,  4.952225089073e-01,  1.553894015087e+01, -1.508851908147e-02
  6.232149998844e+01,  4.851211905479e-01,  1.554904146923e+01, -2.308030985296e-02
  6.233199998736e+01,  4.746574759483e-01,  1.555950518383e+01, -2.843328379095e-02
  6.234199999273e+01,  4.644455313683e-01,  1.556971712841e+01, -3.166146948934e-02
  6.235199999809e+01,  4.542869925499e-01,  1.557987566723e+01, -3.405352309346e-02
  6.236249999702e+01,  4.438537955284e-01,  1.559030886425e+01, -3.853293135762e-02
  6.237299999595e+01,  4.336571097374e-01,  1.560050555004e+01, -4.385252669454e-02
  6.238349999487e+01,  4.234623312950e-01,  1.561070032848e+01, -4.934187605977e-02
  6.239399999380e+01,  4.131092429161e-01,  1.562105341686e+01, -5.308838561177e-02
  6.240449999273e+01,  4.026569724083e-01,  1.563150568737e+01, -5.858250334859e-02
  6.241449999809e+01,  3.926205039024e-01,  1.564154215587e+01, -6.362076848745e-02
  6.242499999702e+01,  3.821453452110e-01,  1.565201731456e+01, -6.880494207144e-02
  6.243549999595e+01,  3.718361258507e-01,  1.566232653393e+01, -7.446595281363e-02
  6.244599999487e+01,  3.615822196007e-01,  1.567258044018e+01, -8.054371923208e-02
  6.245649999380e+01,  3.512672781944e-01,  1.568289538158e+01, -8.381196111441e-02
  6.246699999273e+01,  3.408760428429e-01,  1.569328661693e+01, -8.792611211538e-02
  6.247749999166e+01,  3.303779959679e-01,  1.570378466381e+01, -9.208699315786e-02
  6.248749999702e+01,  3.203071951866e-01,  1.571385546459e+01, -9.513970464468e-02
  6.249749998748e+01,  3.102554678917e-01,  1.572390719188e+01, -9.906025975943e-02
  6.250749999285e+01,  3.002266287804e-01,  1.573393603100e+01, -1.036598309875e-01
  6.251749999821e+01,  2.901859879494e-01,  1.574397667183e+01, -1.075217723846e-01
  6.252799999714e+01,  2.797031998634e-01,  1.575445945991e+01, -1.109373569489e-01
  6.253849999607e+01,  2.693386673927e-01,  1.576482399238e+01, -1.168320178986e-01
  6.254899999499e+01,  2.589321732521e-01,  1.577523048652e+01, -1.210410594940e-01
  6.255900000036e+01,  2.488537579775e-01,  1.578530890180e+01, -1.253387928009e-01
  6.256899999082e+01,  2.386151105165e-01,  1.579554754926e+01, -1.280252933502e-01
  6.257899999619e+01,  2.283116132021e-01,  1.580585104657e+01, -1.294390261173e-01
  6.258899998665e+01,  2.181263715029e-01,  1.581603628827e+01, -1.307545453310e-01
  6.259950000048e+01,  2.076817303896e-01,  1.582648092939e+01, -1.354900151491e-01
  6.260999999940e+01,  1.974011212587e-01,  1.583676153852e+01, -1.399927884340e-01
  6.262049999833e+01,  1.870709210634e-01,  1.584709173871e+01, -1.442089825869e-01
  6.263099999726e+01,  1.766606122255e-01,  1.585750204755e+01, -1.477189809084e-01
  6.264149999619e+01,  1.661663800478e-01,  1.586799627973e+01, -1.511979848146e-01
  6.265149998665e+01,  1.561566144228e-01,  1.587800604535e+01, -1.530013829470e-01
  6.266200000048e+01,  1.457653790712e-01,  1.588839728070e+01, -1.565118581057e-01
  6.267249999940e+01,  1.354981213808e-01,  1.589866453840e+01, -1.625524312258e-01
  6.268299999833e+01,  1.250229626894e-01,  1.590913969709e+01, -1.679807454348e-01
  6.269299998879e+01,  1.148300915956e-01,  1.591933256818e+01, -1.700650006533e-01
  6.270299999416e+01,  1.046448498964e-01,  1.592951780988e+01, -1.731358319521e-01
  6.271299999952e+01,  9.457786381245e-02,  1.593958479596e+01, -1.757984906435e-01
  6.272349999845e+01,  8.420951664448e-02,  1.594995314313e+01, -1.789680272341e-01
  6.273399999738e+01,  7.403762638569e-02,  1.596012503339e+01, -1.827693730593e-01
  6.274449999630e+01,  6.382186710835e-02,  1.597034079267e+01, -1.878677159548e-01
  6.275499999523e+01,  5.336196720600e-02,  1.598080069257e+01, -1.912494450808e-01
  6.276500000060e+01,  4.336085915565e-02,  1.599080180062e+01, -1.924548894167e-01
  6.277549999952e+01,  3.316417336464e-02,  1.600099848641e+01, -1.915192157030e-01
  6.278700000048e+01,  2.303043194115e-02,  1.601113222783e+01, -1.896700263023e-01
  6.280149999261e+01,  1.275172922760e-02,  1.602141093055e+01, -1.879770755768e-01
  6.282549999654e+01,  2.660901285708e-03,  1.603150175849e+01, -1.909524202347e-01
  6.282799999416e+01,  2.043397165835e-03,  1.603211926261e+01, -1.913329362869e-01
  6.282899999619e+01,  1.814515446313e-03,  1.603234814433e+01, -1.914836168289e-01
  6.283699999750e+01,  3.124783688691e-04,  1.603385018141e+01, -1.929177045822e-01
  6.283999998868e+01, -1.209665933857e-04,  1.603428362637e+01, -1.930299401283e-01
  6.310099999607e+01, -2.237976761535e-03,  1.603640063654e+01, -1.710923761129e-01
  6.310199999809e+01, -2.233670325950e-03,  1.603639633010e+01, -1.711112856865e-01
