           Test time,     Standard travel,     Tool separation,      Standard force
                 0.0,                 0.0,  2.280371962696e+01, -9.367506951094e-03
                 0.0,                 0.0,  2.280372277856e+01, -9.345840662718e-03
                 0.0,                 0.0,  2.280372506193e+01, -9.739261120558e-03
                 0.0,                 0.0,  2.280373284779e+01, -9.692572057247e-03
                 0.0,                 0.0,  2.280372971854e+01, -9.674333035946e-03
                 0.0,                 0.0,  2.280371598492e+01, -6.513070780784e-03
  0.000000000000e+00,  0.000000000000e+00,  2.280371316301e+01, -6.597813684493e-03
  8.000001311302e-03, -9.890645742416e-07,  2.280371415207e+01, -6.952818948776e-03
  1.099999248981e-02, -2.972781658173e-06,  2.280371613579e+01, -6.990541238338e-03
  1.299999654293e-02, -7.525086402893e-06,  2.280372068809e+01, -7.017616648227e-03
  1.399999856949e-02, -8.316244930029e-06,  2.280372147925e+01, -6.999735254794e-03
  1.145000010729e-01,  2.809390480252e-06,  2.280371035362e+01, -7.059758529067e-03
  2.150000035763e-01,  8.964967491920e-06,  2.280370419804e+01, -9.831828996539e-03
  3.154999911785e-01,  5.797597168566e-06,  2.280370736541e+01, -1.049476023763e-02
  4.155000001192e-01,  1.023450840876e-05,  2.280370292850e+01, -9.411606937647e-03
  5.160000026226e-01,  4.348384682089e-03,  2.279936477833e+01, -8.174070157111e-03
  5.499999970198e-01,  1.456080656499e-02,  2.278915235644e+01,  4.478371236473e-03
  5.639999955893e-01,  2.461634762585e-02,  2.277909681538e+01,  1.665169559419e-02
  5.729999989271e-01,  3.498851135373e-02,  2.276872465165e+01,  1.644474826753e-02
  5.799999982119e-01,  4.503260925412e-02,  2.275868055375e+01,  7.592743728310e-03
  5.865000039339e-01,  5.525218322873e-02,  2.274846097978e+01,  2.481049159542e-03
  5.929999947548e-01,  6.604777276516e-02,  2.273766539024e+01, -3.612929722294e-03
  5.989999920130e-01,  7.624012231827e-02,  2.272747304069e+01, -8.304980583489e-03
  6.050000041723e-01,  8.635288476944e-02,  2.271736027824e+01, -1.630058512092e-02
  6.114999949932e-01,  9.687381982803e-02,  2.270683934318e+01, -1.613941416144e-02
  6.184999942780e-01,  1.074481606483e-01,  2.269626500236e+01, -2.455389127135e-02
  6.260000020266e-01,  1.175494790077e-01,  2.268616368400e+01, -1.437818724662e-02
  6.340000033379e-01,  1.277614235878e-01,  2.267595173942e+01, -7.772323675454e-03
  6.420000046492e-01,  1.378589272499e-01,  2.266585423576e+01, -6.654587574303e-03
  6.499999910593e-01,  1.479449868202e-01,  2.265576817619e+01, -3.246155334637e-03
  6.579999923706e-01,  1.581264138222e-01,  2.264558674919e+01,  1.679986744421e-04
  6.655000001192e-01,  1.681399941444e-01,  2.263557316886e+01,  6.645592860878e-03
  6.724999994040e-01,  1.781840920448e-01,  2.262552907096e+01,  3.472269236227e-05
  6.794999986887e-01,  1.883769631386e-01,  2.261533619987e+01, -9.173956699669e-03
  6.869999915361e-01,  1.988025307655e-01,  2.260491063224e+01, -1.087763626128e-02
  6.949999928474e-01,  2.091479897499e-01,  2.259456517326e+01, -1.285698730499e-02
  7.039999961853e-01,  2.196879982948e-01,  2.258402516471e+01, -1.340355444700e-02
  7.140000015497e-01,  2.297492623329e-01,  2.257396390067e+01, -2.174879983068e-02
  7.274999916553e-01,  2.400031685829e-01,  2.256370999442e+01, -1.345892203972e-03
  7.405000030994e-01,  2.500758767128e-01,  2.255363728630e+01,  9.967545978725e-03
  7.514999955893e-01,  2.602210640907e-01,  2.254349209892e+01,  1.132075022906e-02
  7.615000009537e-01,  2.705016732216e-01,  2.253321148979e+01,  1.001012232155e-02
  7.709999978542e-01,  2.807059884071e-01,  2.252300717460e+01,  8.968248032033e-03
  7.804999947548e-01,  2.908683419228e-01,  2.251284482109e+01,  6.882085464895e-03
  7.905000001192e-01,  3.010116219521e-01,  2.250270154106e+01,  9.658708237112e-03
  8.009999990463e-01,  3.110824227333e-01,  2.249263074027e+01,  1.436366047710e-02
  8.119999915361e-01,  3.212905526161e-01,  2.248242261039e+01,  2.142085134983e-02
  8.229999989271e-01,  3.315024971962e-01,  2.247221066581e+01,  2.626837790012e-02
  8.339999914169e-01,  3.418136239052e-01,  2.246189953910e+01,  3.219260275364e-02
  8.449999988079e-01,  3.522925972939e-01,  2.245142056571e+01,  3.769911825657e-02
  8.554999977350e-01,  3.624201118946e-01,  2.244129305111e+01,  4.280358925462e-02
  8.659999966621e-01,  3.727751076221e-01,  2.243093805539e+01,  5.016404762864e-02
  8.760000020266e-01,  3.830290138721e-01,  2.242068414914e+01,  5.761605873704e-02
  8.854999989271e-01,  3.931341469288e-01,  2.241057901608e+01,  6.576234102249e-02
  8.949999958277e-01,  4.035597145557e-01,  2.240015344845e+01,  7.395249605179e-02
  9.039999991655e-01,  4.136228859425e-01,  2.239009027707e+01,  8.116608858109e-02
  9.134999960661e-01,  4.241056740284e-01,  2.237960748898e+01,  8.872872591019e-02
  9.229999929667e-01,  4.342489540577e-01,  2.236946420895e+01,  9.514504671097e-02
  9.329999983311e-01,  4.443846046925e-01,  2.235932855832e+01,  1.053531765938e-01
  9.434999972582e-01,  4.546442329884e-01,  2.234906893002e+01,  1.155059933662e-01
  9.539999961853e-01,  4.646635353565e-01,  2.233904962765e+01,  1.276233792305e-01
  9.644999951124e-01,  4.747858345509e-01,  2.232892732846e+01,  1.392505764961e-01
  9.749999940395e-01,  4.850282967091e-01,  2.231868486630e+01,  1.524952054024e-01
  9.854999929667e-01,  4.954881966114e-01,  2.230822496640e+01,  1.625717282295e-01
  9.954999983311e-01,  5.055094361305e-01,  2.229820372688e+01,  1.738098263741e-01
  1.005500003695e+00,  5.156527161598e-01,  2.228806044685e+01,  1.830452084541e-01
  1.015499994159e+00,  5.258074402809e-01,  2.227790572273e+01,  1.951492428780e-01
  1.025499999523e+00,  5.359392762184e-01,  2.226777388679e+01,  2.052238583565e-01
  1.035500004888e+00,  5.459719300270e-01,  2.225774123298e+01,  2.195976376534e-01
  1.045499995351e+00,  5.559816956520e-01,  2.224773146736e+01,  2.311981320381e-01
  1.055999994278e+00,  5.663729310036e-01,  2.223734023200e+01,  2.450187802315e-01
  1.066499993205e+00,  5.767374634743e-01,  2.222697569953e+01,  2.571571469307e-01
  1.076999992132e+00,  5.871554017067e-01,  2.221655776130e+01,  2.702148556709e-01
  1.086999997497e+00,  5.971804261208e-01,  2.220653273689e+01,  2.831123471260e-01
  1.097000002861e+00,  6.072588562965e-01,  2.219645430671e+01,  2.966240048409e-01
  1.106999993324e+00,  6.173224449158e-01,  2.218639071809e+01,  3.103296160698e-01
  1.116999998689e+00,  6.273360252380e-01,  2.217637713777e+01,  3.244859576225e-01
  1.127000004053e+00,  6.373419761658e-01,  2.216637118684e+01,  3.386728167534e-01
  1.137500002980e+00,  6.478133201599e-01,  2.215589984285e+01,  3.512765765190e-01
  1.148000001907e+00,  6.582121849060e-01,  2.214550097810e+01,  3.655511736870e-01
  1.158500000834e+00,  6.686682701111e-01,  2.213504489290e+01,  3.798028826714e-01
  1.168999999762e+00,  6.791434288025e-01,  2.212456973421e+01,  3.938714861870e-01
  1.179499998689e+00,  6.895804405212e-01,  2.211413272249e+01,  4.086267352104e-01
  1.189999997616e+00,  7.000021934509e-01,  2.210371096956e+01,  4.233018755913e-01
  1.200499996543e+00,  7.104086875916e-01,  2.209330447542e+01,  4.378778338432e-01
  1.210999995470e+00,  7.207427024841e-01,  2.208297046052e+01,  4.534379839897e-01
  1.221499994397e+00,  7.311377525330e-01,  2.207257541047e+01,  4.684373736382e-01
  1.231999993324e+00,  7.416090965271e-01,  2.206210406648e+01,  4.829828143120e-01
  1.242499992251e+00,  7.520956993103e-01,  2.205161746370e+01,  4.970933794975e-01
  1.252999991179e+00,  7.625136375427e-01,  2.204119952547e+01,  5.115815997124e-01
  1.263500005007e+00,  7.728323936462e-01,  2.203088076936e+01,  5.251619219780e-01
  1.274000003934e+00,  7.830977439880e-01,  2.202061541902e+01,  5.398980975151e-01
  1.284500002861e+00,  7.934775352478e-01,  2.201023562776e+01,  5.559808611870e-01
  1.294499993324e+00,  8.035674095154e-01,  2.200014575349e+01,  5.720941424370e-01
  1.304499998689e+00,  8.138136863708e-01,  2.198989947664e+01,  5.862619280815e-01
  1.314500004053e+00,  8.240866661072e-01,  2.197962649690e+01,  6.012918353081e-01
  1.324499994516e+00,  8.343176841736e-01,  2.196939547883e+01,  6.164361834526e-01
  1.334499999881e+00,  8.444609642029e-01,  2.195925219880e+01,  6.297647356987e-01
  1.344500005245e+00,  8.544898033142e-01,  2.194922335969e+01,  6.441575884819e-01
  1.354499995708e+00,  8.645443916321e-01,  2.193916877138e+01,  6.602249741554e-01
  1.364500001073e+00,  8.747334480286e-01,  2.192897971498e+01,  6.764221787453e-01
  1.374499991536e+00,  8.850407600403e-01,  2.191867240297e+01,  6.913834214211e-01
  1.384499996901e+00,  8.953061103821e-01,  2.190840705263e+01,  7.063637375832e-01
  1.394500002265e+00,  9.053997993469e-01,  2.189831336366e+01,  7.202835679054e-01
  1.405000001192e+00,  9.157834053040e-01,  2.188792975770e+01,  7.361107468605e-01
  1.415500000119e+00,  9.260487556458e-01,  2.187766440736e+01,  7.514725327492e-01
  1.425999999046e+00,  9.363007545471e-01,  2.186741240846e+01,  7.665901780128e-01
  1.436499997973e+00,  9.465889930725e-01,  2.185712416994e+01,  7.825508713722e-01
  1.446999996901e+00,  9.570069313049e-01,  2.184670623170e+01,  7.975159287453e-01
  1.457499995828e+00,  9.672398567200e-01,  2.183647330629e+01,  8.093338608742e-01
  1.468999996781e+00,  9.774785041809e-01,  2.182623465883e+01,  8.216553330421e-01
  1.482999995351e+00,  9.876122474670e-01,  2.181610091554e+01,  8.347550034523e-01
  1.504999995232e+00,  9.973092079163e-01,  2.180640395509e+01,  8.496704697609e-01
  1.605000004172e+00,  1.003531455994e+00,  2.180018170701e+01,  8.525427579880e-01
  1.705499991775e+00,  1.002929091454e+00,  2.180078407155e+01,  8.445435762405e-01
  1.805500000715e+00,  1.002129673958e+00,  2.180158348905e+01,  8.383762836456e-01
  1.906000003219e+00,  1.001470446587e+00,  2.180224271642e+01,  8.355773091316e-01
  2.006499990821e+00,  1.000953674316e+00,  2.180275948869e+01,  8.306640982628e-01
  2.106499999762e+00,  1.000662326813e+00,  2.180305083620e+01,  8.242626190186e-01
  2.207000002265e+00,  1.000404119492e+00,  2.180330904352e+01,  8.217988610268e-01
  2.307500004768e+00,  1.000246644020e+00,  2.180346651899e+01,  8.198493123055e-01
  2.407999992371e+00,  1.000135183334e+00,  2.180357797967e+01,  8.174213171005e-01
  2.508000001311e+00,  1.000081658363e+00,  2.180363150464e+01,  8.144464492798e-01
  2.608500003815e+00,  1.000092029572e+00,  2.180362113344e+01,  8.128889203072e-01
  2.708999991417e+00,  1.000035524368e+00,  2.180367763864e+01,  8.114528059959e-01
  2.809000000358e+00,  9.999952912331e-01,  2.180371787177e+01,  8.109247088432e-01
  2.909500002861e+00,  1.000004172325e+00,  2.180370899068e+01,  8.051328659058e-01
  3.010000005364e+00,  1.000021457672e+00,  2.180369170534e+01,  8.073719143867e-01
  3.110499992967e+00,  1.000014424324e+00,  2.180369873868e+01,  8.074846863747e-01
  3.210500001907e+00,  9.999502301216e-01,  2.180376293289e+01,  8.038430809975e-01
  3.311000004411e+00,  9.999848008156e-01,  2.180372836219e+01,  8.016766309738e-01
  3.411499992013e+00,  1.000000357628e+00,  2.180371280538e+01,  8.022333979607e-01
  3.511500000954e+00,  9.999916553497e-01,  2.180372150766e+01,  8.012512922287e-01
  3.612000003457e+00,  1.000030755997e+00,  2.180368240701e+01,  8.004249930382e-01
  3.712499991059e+00,  9.999883174896e-01,  2.180372484552e+01,  7.970702648163e-01
  3.812500000000e+00,  1.000023126602e+00,  2.180369003641e+01,  7.956907153130e-01
  3.913000002503e+00,  1.000045061111e+00,  2.180366810190e+01,  7.954941987991e-01
  4.013500005007e+00,  1.000003218651e+00,  2.180370994436e+01,  7.937406301498e-01
  4.113999992609e+00,  1.000004887581e+00,  2.180370827543e+01,  7.965738177299e-01
  4.214000001550e+00,  9.999904632568e-01,  2.180372269975e+01,  7.940858006477e-01
  4.314500004053e+00,  1.000010848045e+00,  2.180370231496e+01,  7.935079336166e-01
  4.414999991655e+00,  1.000023961067e+00,  2.180368920194e+01,  7.922198772430e-01
  4.515000000596e+00,  1.000023484230e+00,  2.180368967878e+01,  7.903020381927e-01
  4.615500003099e+00,  1.000010848045e+00,  2.180370231496e+01,  7.919209003448e-01
  4.715999990702e+00,  1.000002145767e+00,  2.180371101724e+01,  7.936068177223e-01
  4.815999999642e+00,  1.000013709068e+00,  2.180369945394e+01,  7.893148064613e-01
  4.916500002146e+00,  1.000033497810e+00,  2.180367966520e+01,  7.898319363594e-01
  5.017000004649e+00,  1.000009298325e+00,  2.180370386468e+01,  7.888378500938e-01
  5.117499992251e+00,  9.999969601631e-01,  2.180371620284e+01,  7.882118821144e-01
  5.217500001192e+00,  1.000007510185e+00,  2.180370565282e+01,  7.849592566490e-01
  5.318000003695e+00,  1.000026702881e+00,  2.180368646013e+01,  7.859498858452e-01
  5.418499991298e+00,  9.999856352806e-01,  2.180372752773e+01,  7.832981944084e-01
  5.518500000238e+00,  1.000014305115e+00,  2.180369885789e+01,  7.854682207108e-01
  5.619000002742e+00,  1.000032544136e+00,  2.180368061887e+01,  7.840213775635e-01
  5.719500005245e+00,  1.000024795532e+00,  2.180368836748e+01,  7.851118445396e-01
  5.819999992847e+00,  1.000038504601e+00,  2.180367465841e+01,  7.836688160896e-01
  5.920000001788e+00,  9.999895691872e-01,  2.180372359382e+01,  7.809723019600e-01
  6.019999995828e+00,  1.000002622604e+00,  2.180371054040e+01,  7.829518914223e-01
  6.120000004768e+00,  1.000016212463e+00,  2.180369695054e+01,  7.813130617142e-01
  6.219999998808e+00,  1.000004172325e+00,  2.180370899068e+01,  7.791780829430e-01
  6.319999992847e+00,  1.000010132790e+00,  2.180370303022e+01,  7.783338427544e-01
  6.420000001788e+00,  1.000012755394e+00,  2.180370040761e+01,  7.787500619888e-01
  6.519999995828e+00,  9.999948143959e-01,  2.180371834861e+01,  7.769762873650e-01
  6.620000004768e+00,  9.999606609344e-01,  2.180375250207e+01,  7.771520018578e-01
  6.719999998808e+00,  1.000006198883e+00,  2.180370696412e+01,  7.787217497826e-01
  6.819999992847e+00,  1.000036597252e+00,  2.180367656576e+01,  7.754518985748e-01
  6.920000001788e+00,  1.000031709671e+00,  2.180368145334e+01,  7.758262753487e-01
  7.019999995828e+00,  9.999993443489e-01,  2.180371381866e+01,  7.740042209625e-01
  7.120000004768e+00,  1.000004649162e+00,  2.180370851385e+01,  7.735005617142e-01
  7.219999998808e+00,  1.000045776367e+00,  2.180366738664e+01,  7.749922275543e-01
  7.319999992847e+00,  1.000003814697e+00,  2.180370934831e+01,  7.744891643524e-01
  7.420000001788e+00,  1.000007152557e+00,  2.180370601045e+01,  7.724073529243e-01
  7.519999995828e+00,  1.000002861023e+00,  2.180371030198e+01,  7.729563117027e-01
  7.620000004768e+00,  9.999997019768e-01,  2.180371346103e+01,  7.750484347343e-01
  7.719999998808e+00,  9.999998807907e-01,  2.180371328222e+01,  7.735928297043e-01
  7.819999992847e+00,  9.999997019768e-01,  2.180371346103e+01,  7.721658349037e-01
  7.920000001788e+00,  9.999978542328e-01,  2.180371530878e+01,  7.709546685219e-01
  8.019999995828e+00,  1.000019669533e+00,  2.180369349348e+01,  7.724656462669e-01
  8.120000004768e+00,  1.000024676323e+00,  2.180368848668e+01,  7.713950872421e-01
  8.219999998808e+00,  1.000004887581e+00,  2.180370827543e+01,  7.699354290962e-01
  8.319999992847e+00,  1.000030279160e+00,  2.180368288385e+01,  7.689239382744e-01
  8.420000001788e+00,  1.000020742416e+00,  2.180369242059e+01,  7.694385647774e-01
  8.519999995828e+00,  1.000016570091e+00,  2.180369659292e+01,  7.687698602676e-01
  8.620000004768e+00,  9.999954700470e-01,  2.180371769296e+01,  7.694861888885e-01
  8.719999998808e+00,  1.000000119209e+00,  2.180371304380e+01,  7.694490551949e-01
  8.819999992847e+00,  1.000020742416e+00,  2.180369242059e+01,  7.700519561768e-01
  8.920000001788e+00,  1.000039815903e+00,  2.180367334711e+01,  7.671648263931e-01
  9.019999995828e+00,  1.000018119812e+00,  2.180369504320e+01,  7.694017291069e-01
  9.120000004768e+00,  1.000006198883e+00,  2.180370696412e+01,  7.712088823318e-01
  9.219999998808e+00,  1.000035405159e+00,  2.180367775785e+01,  7.683265805244e-01
  9.319999992847e+00,  9.999837279320e-01,  2.180372943508e+01,  7.685040235519e-01
  9.420000001788e+00,  9.999690055847e-01,  2.180374415742e+01,  7.680613398552e-01
  9.519999995828e+00,  9.999735355377e-01,  2.180373962747e+01,  7.684247493744e-01
  9.620000004768e+00,  9.999823570251e-01,  2.180373080598e+01,  7.679101228714e-01
  9.719999998808e+00,  1.000028848648e+00,  2.180368431436e+01,  7.659217715263e-01
  9.819999992847e+00,  1.000004172325e+00,  2.180370899068e+01,  7.657302021980e-01
  9.920000001788e+00,  1.000019431114e+00,  2.180369373189e+01,  7.651386857033e-01
  1.001999999583e+01,  1.000013709068e+00,  2.180369945394e+01,  7.636972665787e-01
  1.012000000477e+01,  1.000012516975e+00,  2.180370064603e+01,  7.638608217239e-01
  1.021999999881e+01,  1.000002980232e+00,  2.180371018278e+01,  7.630994915962e-01
  1.031999999285e+01,  1.000026702881e+00,  2.180368646013e+01,  7.632492780685e-01
  1.042000000179e+01,  1.000032663345e+00,  2.180368049966e+01,  7.641626000404e-01
  1.051999999583e+01,  9.999910593033e-01,  2.180372210370e+01,  7.612949013710e-01
  1.062000000477e+01,  1.000014662743e+00,  2.180369850027e+01,  7.629332542419e-01
  1.071999999881e+01,  1.000058650970e+00,  2.180365451204e+01,  7.621845006943e-01
  1.081999999285e+01,  1.000009655952e+00,  2.180370350706e+01,  7.611141204834e-01
  1.092000000179e+01,  9.999825954437e-01,  2.180373056756e+01,  7.647525072098e-01
  1.101999999583e+01,  1.000000596046e+00,  2.180371256696e+01,  7.615126967430e-01
  1.112000000477e+01,  9.999790191650e-01,  2.180373414384e+01,  7.616378664970e-01
  1.121999999881e+01,  1.000004887581e+00,  2.180370827543e+01,  7.602813243866e-01
  1.131999999285e+01,  9.999889135361e-01,  2.180372424947e+01,  7.604699134827e-01
  1.142000000179e+01,  1.000015258789e+00,  2.180369790422e+01,  7.618094086647e-01
  1.151999999583e+01,  1.000028729439e+00,  2.180368443357e+01,  7.617367506027e-01
  1.162000000477e+01,  9.999918937683e-01,  2.180372126924e+01,  7.604502439499e-01
  1.171999999881e+01,  1.000013232231e+00,  2.180369993078e+01,  7.607377767563e-01
  1.181999999285e+01,  1.000002861023e+00,  2.180371030198e+01,  7.621965408325e-01
  1.192000000179e+01,  9.999903440475e-01,  2.180372281896e+01,  7.598302364349e-01
  1.201999999583e+01,  1.000016570091e+00,  2.180369659292e+01,  7.597612142563e-01
  1.212000000477e+01,  1.000009179115e+00,  2.180370398389e+01,  7.607554793358e-01
  1.221999999881e+01,  1.000025391579e+00,  2.180368777143e+01,  7.601144909859e-01
  1.231999999285e+01,  1.000037193298e+00,  2.180367596971e+01,  7.584968209267e-01
  1.242000000179e+01,  9.999966621399e-01,  2.180371650087e+01,  7.609353661537e-01
  1.251999999583e+01,  9.999938607216e-01,  2.180371930229e+01,  7.583650350571e-01
  1.262000000477e+01,  1.000027656555e+00,  2.180368550645e+01,  7.600277066231e-01
  1.271999999881e+01,  1.000029325485e+00,  2.180368383752e+01,  7.589175701141e-01
  1.281999999285e+01,  9.999744296074e-01,  2.180373873340e+01,  7.573870420456e-01
  1.292000000179e+01,  9.999655485153e-01,  2.180374761449e+01,  7.604985237122e-01
  1.301999999583e+01,  1.000000715256e+00,  2.180371244775e+01,  7.593230605125e-01
  1.312000000477e+01,  9.999767541885e-01,  2.180373640882e+01,  7.598797082901e-01
  1.321999999881e+01,  1.000039696693e+00,  2.180367346631e+01,  7.591931223869e-01
  1.331999999285e+01,  9.999927282333e-01,  2.180372043477e+01,  7.617384791374e-01
  1.342000000179e+01,  9.999950528145e-01,  2.180371811019e+01,  7.578406333923e-01
  1.351999999583e+01,  1.000006437302e+00,  2.180370672571e+01,  7.587071657181e-01
  1.362000000477e+01,  9.999725818634e-01,  2.180374058114e+01,  7.571662068367e-01
  1.371999999881e+01,  9.999849200249e-01,  2.180372824298e+01,  7.560464143753e-01
  1.381999999285e+01,  9.999819397926e-01,  2.180373122322e+01,  7.583801150322e-01
  1.392000000179e+01,  1.000017523766e+00,  2.180369563924e+01,  7.554636001587e-01
  1.401999999583e+01,  1.000001072884e+00,  2.180371209012e+01,  7.544688582420e-01
  1.412000000477e+01,  1.000020265579e+00,  2.180369289743e+01,  7.570933699608e-01
  1.421999999881e+01,  1.000020980835e+00,  2.180369218217e+01,  7.583811879158e-01
  1.431999999285e+01,  1.000025153160e+00,  2.180368800985e+01,  7.564077973366e-01
  1.442000000179e+01,  9.999753832817e-01,  2.180373777973e+01,  7.553899288177e-01
  1.451999999583e+01,  9.999744296074e-01,  2.180373873340e+01,  7.546593546867e-01
  1.462000000477e+01,  1.000001668930e+00,  2.180371149408e+01,  7.543725371361e-01
  1.471999999881e+01,  1.000015377998e+00,  2.180369778501e+01,  7.550244331360e-01
  1.481999999285e+01,  1.000003814697e+00,  2.180370934831e+01,  7.540533542633e-01
  1.492000000179e+01,  1.000006198883e+00,  2.180370696412e+01,  7.543273568153e-01
  1.501999999583e+01,  1.000008702278e+00,  2.180370446073e+01,  7.544419169426e-01
  1.512000000477e+01,  9.999827742577e-01,  2.180373038875e+01,  7.539451122284e-01
  1.521999999881e+01,  9.999908804893e-01,  2.180372228252e+01,  7.537770271301e-01
  1.531999999285e+01,  9.999894499779e-01,  2.180372371303e+01,  7.543197274208e-01
  1.542000000179e+01,  9.999728202820e-01,  2.180374034273e+01,  7.544508576393e-01
  1.551999999583e+01,  1.000009059906e+00,  2.180370410310e+01,  7.516009807587e-01
  1.562000000477e+01,  9.999986290932e-01,  2.180371453391e+01,  7.520381212234e-01
  1.571999999881e+01,  9.999913573265e-01,  2.180372180568e+01,  7.533234953880e-01
  1.581999999285e+01,  1.000021338463e+00,  2.180369182455e+01,  7.526978254318e-01
  1.592000000179e+01,  1.000016808510e+00,  2.180369635450e+01,  7.526891827583e-01
  1.601999999583e+01,  9.999744892120e-01,  2.180373867380e+01,  7.525363564491e-01
  1.612000000477e+01,  1.000010013580e+00,  2.180370314943e+01,  7.515951991081e-01
  1.621999999881e+01,  9.999960660934e-01,  2.180371709691e+01,  7.519379258156e-01
  1.631999999285e+01,  9.999969601631e-01,  2.180371620284e+01,  7.497369647026e-01
  1.642000000179e+01,  1.000004768372e+00,  2.180370839464e+01,  7.512592673302e-01
  1.651999999583e+01,  1.000006318092e+00,  2.180370684492e+01,  7.518669366837e-01
  1.662000000477e+01,  9.999915361404e-01,  2.180372162687e+01,  7.500880360603e-01
  1.671999999881e+01,  1.000030159950e+00,  2.180368300306e+01,  7.502604722977e-01
  1.681999999285e+01,  9.999769330025e-01,  2.180373623001e+01,  7.490006089211e-01
  1.692000000179e+01,  9.999769330025e-01,  2.180373623001e+01,  7.539740800858e-01
  1.701999999583e+01,  1.000006675720e+00,  2.180370648729e+01,  7.527775168419e-01
  1.712000000477e+01,  9.999970793724e-01,  2.180371608364e+01,  7.500588893890e-01
  1.721999999881e+01,  1.000009059906e+00,  2.180370410310e+01,  7.520113587379e-01
  1.731999999285e+01,  1.000017881393e+00,  2.180369528161e+01,  7.509001493454e-01
  1.742000000179e+01,  1.000001072884e+00,  2.180371209012e+01,  7.509667277336e-01
  1.751999999583e+01,  1.000010013580e+00,  2.180370314943e+01,  7.503077387810e-01
  1.762000000477e+01,  1.000019788742e+00,  2.180369337427e+01,  7.487698197365e-01
  1.771999999881e+01,  9.999802708626e-01,  2.180373289215e+01,  7.495613098145e-01
  1.781999999285e+01,  1.000019073486e+00,  2.180369408952e+01,  7.482982277870e-01
  1.792000000179e+01,  1.000032067299e+00,  2.180368109571e+01,  7.488476037979e-01
  1.801999999583e+01,  1.000021696091e+00,  2.180369146692e+01,  7.490442991257e-01
  1.812000000477e+01,  1.000021934509e+00,  2.180369122850e+01,  7.494728565216e-01
  1.821999999881e+01,  1.000010490417e+00,  2.180370267259e+01,  7.505581378937e-01
  1.831999999285e+01,  1.000012874603e+00,  2.180370028840e+01,  7.471675872803e-01
  1.842000000179e+01,  9.999904036522e-01,  2.180372275936e+01,  7.483340501785e-01
  1.851999999583e+01,  9.999778270721e-01,  2.180373533594e+01,  7.452433705330e-01
  1.862000000477e+01,  9.999890327454e-01,  2.180372413026e+01,  7.492922544479e-01
  1.871999999881e+01,  9.999966025352e-01,  2.180371656047e+01,  7.482243776321e-01
  1.881999999285e+01,  9.999823570251e-01,  2.180373080598e+01,  7.474424242973e-01
  1.892000000179e+01,  9.999805688858e-01,  2.180373259412e+01,  7.445163130760e-01
  1.901999999583e+01,  1.000018119812e+00,  2.180369504320e+01,  7.458454370499e-01
  1.912000000477e+01,  1.000001549721e+00,  2.180371161329e+01,  7.447566390038e-01
  1.921999999881e+01,  9.999982714653e-01,  2.180371489154e+01,  7.461476325989e-01
  1.931999999285e+01,  1.000003218651e+00,  2.180370994436e+01,  7.445200681686e-01
  1.942000000179e+01,  1.000000119209e+00,  2.180371304380e+01,  7.450546622276e-01
  1.951999999583e+01,  1.000009417534e+00,  2.180370374547e+01,  7.427517771721e-01
  1.962000000477e+01,  9.999645352364e-01,  2.180374862777e+01,  7.444277405739e-01
  1.971999999881e+01,  1.000000715256e+00,  2.180371244775e+01,  7.449879050255e-01
  1.981999999285e+01,  9.999961256981e-01,  2.180371703731e+01,  7.420228719711e-01
  1.992000000179e+01,  1.000025272369e+00,  2.180368789064e+01,  7.431587576866e-01
  2.001999999583e+01,  1.000026464462e+00,  2.180368669855e+01,  7.455641627312e-01
  2.012000000477e+01,  1.000009179115e+00,  2.180370398389e+01,  7.443074584007e-01
  2.021999999881e+01,  9.999989867210e-01,  2.180371417629e+01,  7.435703277588e-01
  2.031999999285e+01,  1.000034332275e+00,  2.180367883073e+01,  7.423294782639e-01
  2.042000000179e+01,  1.000006437302e+00,  2.180370672571e+01,  7.424129247665e-01
  2.051999999583e+01,  1.000007748604e+00,  2.180370541440e+01,  7.410744428635e-01
  2.062000000477e+01,  1.000002503395e+00,  2.180371065961e+01,  7.419121265411e-01
  2.071999999881e+01,  1.000012397766e+00,  2.180370076524e+01,  7.418705821037e-01
  2.081999999285e+01,  1.000006079674e+00,  2.180370708333e+01,  7.398225665092e-01
  2.092000000179e+01,  1.000008463860e+00,  2.180370469915e+01,  7.430638670921e-01
  2.101999999583e+01,  1.000023841858e+00,  2.180368932115e+01,  7.437078952789e-01
  2.112000000477e+01,  9.999684691429e-01,  2.180374469386e+01,  7.413831353188e-01
  2.121999999881e+01,  9.999832510948e-01,  2.180372991191e+01,  7.424091696739e-01
  2.131999999285e+01,  9.999944567680e-01,  2.180371870624e+01,  7.415145635605e-01
  2.142000000179e+01,  9.999944567680e-01,  2.180371870624e+01,  7.420490980148e-01
  2.151999999583e+01,  9.999935030937e-01,  2.180371965991e+01,  7.419702410698e-01
  2.162000000477e+01,  1.000005245209e+00,  2.180370791780e+01,  7.417984604836e-01
  2.171999999881e+01,  1.000037193298e+00,  2.180367596971e+01,  7.402837276459e-01
  2.181999999285e+01,  1.000032544136e+00,  2.180368061887e+01,  7.405986785889e-01
  2.192000000179e+01,  1.000003576279e+00,  2.180370958673e+01,  7.395541071892e-01
  2.201999999583e+01,  1.000006914139e+00,  2.180370624887e+01,  7.371676564217e-01
  2.212000000477e+01,  1.000002741814e+00,  2.180371042119e+01,  7.395684719086e-01
  2.221999999881e+01,  1.000009179115e+00,  2.180370398389e+01,  7.388660311699e-01
  2.231999999285e+01,  1.000034689903e+00,  2.180367847310e+01,  7.401665449142e-01
  2.242000000179e+01,  9.999907016754e-01,  2.180372246133e+01,  7.366376519203e-01
  2.251999999583e+01,  1.000018715858e+00,  2.180369444715e+01,  7.401447296143e-01
  2.262000000477e+01,  1.000018239021e+00,  2.180369492399e+01,  7.404783964157e-01
  2.271999999881e+01,  1.000014424324e+00,  2.180369873868e+01,  7.389476895332e-01
  2.281999999285e+01,  9.999991655350e-01,  2.180371399747e+01,  7.367049455643e-01
  2.292000000179e+01,  1.000022053719e+00,  2.180369110929e+01,  7.377837300301e-01
  2.301999999583e+01,  9.999861121178e-01,  2.180372705089e+01,  7.381325960159e-01
  2.312000000477e+01,  1.000019907951e+00,  2.180369325506e+01,  7.393157482147e-01
  2.321999999881e+01,  9.999679327011e-01,  2.180374523031e+01,  7.397972345352e-01
  2.331999999285e+01,  9.999908804893e-01,  2.180372228252e+01,  7.391045689583e-01
  2.342000000179e+01,  9.999704957008e-01,  2.180374266731e+01,  7.378171682358e-01
  2.351999999583e+01,  1.000005841255e+00,  2.180370732175e+01,  7.391299605370e-01
  2.362000000477e+01,  1.000002861023e+00,  2.180371030198e+01,  7.379224300385e-01
  2.371999999881e+01,  9.999735355377e-01,  2.180373962747e+01,  7.372417449951e-01
  2.381999999285e+01,  9.999948740005e-01,  2.180371828901e+01,  7.364423871040e-01
  2.392000000179e+01,  9.999929666519e-01,  2.180372019636e+01,  7.387000918388e-01
  2.401999999583e+01,  9.999930858612e-01,  2.180372007715e+01,  7.369304299355e-01
  2.412000000477e+01,  9.999926090240e-01,  2.180372055398e+01,  7.356441617012e-01
  2.421999999881e+01,  9.999918341637e-01,  2.180372132884e+01,  7.376930713654e-01
  2.431999999285e+01,  1.000008106232e+00,  2.180370505678e+01,  7.370085120201e-01
  2.442000000179e+01,  1.000017881393e+00,  2.180369528161e+01,  7.370952963829e-01
  2.451999999583e+01,  1.000014543533e+00,  2.180369861947e+01,  7.373842597008e-01
  2.462000000477e+01,  9.999814033508e-01,  2.180373175966e+01,  7.392982244492e-01
  2.471999999881e+01,  1.000018119812e+00,  2.180369504320e+01,  7.340189814568e-01
  2.481999999285e+01,  9.999998211861e-01,  2.180371334182e+01,  7.363790869713e-01
  2.492000000179e+01,  9.999964833260e-01,  2.180371667968e+01,  7.361484169960e-01
  2.501999999583e+01,  9.999993443489e-01,  2.180371381866e+01,  7.349627017975e-01
  2.512000000477e+01,  9.999948740005e-01,  2.180371828901e+01,  7.348526120186e-01
  2.521999999881e+01,  1.000003695488e+00,  2.180370946752e+01,  7.345221042633e-01
  2.531999999285e+01,  1.000019788742e+00,  2.180369337427e+01,  7.362492084503e-01
  2.542000000179e+01,  1.000014066696e+00,  2.180369909631e+01,  7.347194552422e-01
  2.551999999583e+01,  1.000024318695e+00,  2.180368884431e+01,  7.331477403641e-01
  2.562000000477e+01,  9.999829530716e-01,  2.180373020994e+01,  7.372938990593e-01
  2.571999999881e+01,  9.999745488167e-01,  2.180373861419e+01,  7.375421524048e-01
  2.581999999285e+01,  1.000035762787e+00,  2.180367740022e+01,  7.355694174767e-01
  2.592000000179e+01,  9.999905228615e-01,  2.180372264015e+01,  7.374578714371e-01
  2.601999999583e+01,  1.000010132790e+00,  2.180370303022e+01,  7.378202676773e-01
  2.612000000477e+01,  9.999952316284e-01,  2.180371793138e+01,  7.375679016113e-01
  2.621999999881e+01,  1.000016927719e+00,  2.180369623529e+01,  7.373183965683e-01
  2.631999999285e+01,  1.000009298325e+00,  2.180370386468e+01,  7.366986870766e-01
  2.642000000179e+01,  1.000029206276e+00,  2.180368395673e+01,  7.362463474274e-01
  2.651999999583e+01,  9.999804496765e-01,  2.180373271333e+01,  7.343921661377e-01
  2.662000000477e+01,  1.000003099442e+00,  2.180371006357e+01,  7.349095344543e-01
  2.671999999881e+01,  9.999785423279e-01,  2.180373462068e+01,  7.343429923058e-01
  2.681999999285e+01,  1.000042200089e+00,  2.180367096292e+01,  7.358387708664e-01
  2.692000000179e+01,  9.999911189079e-01,  2.180372204410e+01,  7.325335144997e-01
  2.701999999583e+01,  9.999694824219e-01,  2.180374368059e+01,  7.337207794189e-01
  2.712000000477e+01,  9.999910593033e-01,  2.180372210370e+01,  7.347341775894e-01
  2.721999999881e+01,  1.000024318695e+00,  2.180368884431e+01,  7.341616749763e-01
  2.731999999285e+01,  1.000029087067e+00,  2.180368407594e+01,  7.334207892418e-01
  2.742000000179e+01,  1.000026702881e+00,  2.180368646013e+01,  7.314077019691e-01
  2.751999999583e+01,  9.999984502792e-01,  2.180371471273e+01,  7.307109832764e-01
  2.762000000477e+01,  9.999861717224e-01,  2.180372699129e+01,  7.326399087906e-01
  2.771999999881e+01,  1.000015139580e+00,  2.180369802343e+01,  7.333792448044e-01
  2.781999999285e+01,  1.000026464462e+00,  2.180368669855e+01,  7.323617935181e-01
  2.792000000179e+01,  1.000012278557e+00,  2.180370088445e+01,  7.314693331718e-01
  2.801999999583e+01,  1.000013828278e+00,  2.180369933473e+01,  7.341788411140e-01
  2.812000000477e+01,  1.000012755394e+00,  2.180370040761e+01,  7.343439459801e-01
  2.821999999881e+01,  1.000035285950e+00,  2.180367787706e+01,  7.339002490044e-01
  2.831999999285e+01,  1.000023007393e+00,  2.180369015561e+01,  7.319446206093e-01
  2.842000000179e+01,  1.000017642975e+00,  2.180369552003e+01,  7.320033907890e-01
  2.851999999583e+01,  1.000013947487e+00,  2.180369921552e+01,  7.339870333672e-01
  2.862000000477e+01,  1.000025868416e+00,  2.180368729459e+01,  7.335458397865e-01
  2.871999999881e+01,  1.000009059906e+00,  2.180370410310e+01,  7.343643307686e-01
  2.881999999285e+01,  1.000028491020e+00,  2.180368467199e+01,  7.330564260483e-01
  2.892000000179e+01,  1.000016093254e+00,  2.180369706975e+01,  7.347562909126e-01
  2.901999999583e+01,  1.000008344650e+00,  2.180370481836e+01,  7.327727079391e-01
  2.912000000477e+01,  1.000017166138e+00,  2.180369599687e+01,  7.312837839127e-01
  2.921999999881e+01,  1.000012159348e+00,  2.180370100366e+01,  7.316823005676e-01
  2.931999999285e+01,  9.999945163727e-01,  2.180371864664e+01,  7.333080768585e-01
  2.942000000179e+01,  9.999814033508e-01,  2.180373175966e+01,  7.358596324921e-01
  2.951999999583e+01,  1.000014543533e+00,  2.180369861947e+01,  7.306660413742e-01
  2.962000000477e+01,  9.999967813492e-01,  2.180371638166e+01,  7.322832345963e-01
  2.971999999881e+01,  1.000004649162e+00,  2.180370851385e+01,  7.308040857315e-01
  2.981999999285e+01,  9.999814033508e-01,  2.180373175966e+01,  7.329651117325e-01
  2.992000000179e+01,  9.999792575836e-01,  2.180373390542e+01,  7.322818040848e-01
  3.001999999583e+01,  9.999846220016e-01,  2.180372854101e+01,  7.320128679276e-01
  3.012000000477e+01,  9.999556541443e-01,  2.180375750886e+01,  7.314066290855e-01
  3.021999999881e+01,  1.000001668930e+00,  2.180371149408e+01,  7.311472296715e-01
  3.031999999285e+01,  1.000005483627e+00,  2.180370767938e+01,  7.314794063568e-01
  3.042000000179e+01,  1.000021815300e+00,  2.180369134771e+01,  7.337563037872e-01
  3.051999999583e+01,  1.000033140182e+00,  2.180368002283e+01,  7.315310835838e-01
  3.062000000477e+01,  9.999933838844e-01,  2.180371977912e+01,  7.321149110794e-01
  3.071999999881e+01,  9.999943971634e-01,  2.180371876584e+01,  7.307398915291e-01
  3.081999999285e+01,  9.999976754189e-01,  2.180371548759e+01,  7.315492033958e-01
  3.092000000179e+01,  1.000016450882e+00,  2.180369671213e+01,  7.303577065468e-01
  3.101999999583e+01,  9.999890327454e-01,  2.180372413026e+01,  7.301277518272e-01
  3.112000000477e+01,  9.999613165855e-01,  2.180375184642e+01,  7.308583259583e-01
  3.121999999881e+01,  9.999779462814e-01,  2.180373521673e+01,  7.308313846588e-01
  3.131999999285e+01,  1.000009894371e+00,  2.180370326864e+01,  7.315998673439e-01
  3.142000000179e+01,  9.999750256538e-01,  2.180373813735e+01,  7.282414436340e-01
  3.151999999583e+01,  1.000027060509e+00,  2.180368610250e+01,  7.300575971603e-01
  3.162000000477e+01,  9.999896287918e-01,  2.180372353422e+01,  7.286776900291e-01
  3.171999999881e+01,  9.999896883965e-01,  2.180372347461e+01,  7.293916344643e-01
  3.181999999285e+01,  9.999886155128e-01,  2.180372454750e+01,  7.289979457855e-01
  3.192000000179e+01,  1.000005722046e+00,  2.180370744096e+01,  7.297520637512e-01
  3.201999999583e+01,  1.000010609627e+00,  2.180370255338e+01,  7.312609553337e-01
  3.212000000477e+01,  1.000016331673e+00,  2.180369683134e+01,  7.278431653976e-01
  3.221999999881e+01,  1.000016808510e+00,  2.180369635450e+01,  7.300117611885e-01
  3.231999999285e+01,  1.000031232834e+00,  2.180368193017e+01,  7.315078973770e-01
  3.242000000179e+01,  9.999944567680e-01,  2.180371870624e+01,  7.294331192970e-01
  3.251999999583e+01,  1.000015258789e+00,  2.180369790422e+01,  7.277556657791e-01
  3.262000000477e+01,  1.000017881393e+00,  2.180369528161e+01,  7.275660634041e-01
  3.271999999881e+01,  1.000019431114e+00,  2.180369373189e+01,  7.310024499893e-01
  3.281999999285e+01,  9.999860525131e-01,  2.180372711049e+01,  7.306627631187e-01
  3.292000000179e+01,  1.000017762184e+00,  2.180369540082e+01,  7.280305624008e-01
  3.301999999583e+01,  1.000016331673e+00,  2.180369683134e+01,  7.293110489845e-01
  3.312000000477e+01,  1.000023722649e+00,  2.180368944036e+01,  7.306268811226e-01
  3.321999999881e+01,  9.999891519547e-01,  2.180372401105e+01,  7.308496832848e-01
  3.331999999285e+01,  9.999883174896e-01,  2.180372484552e+01,  7.284624576569e-01
  3.342000000179e+01,  9.999714493752e-01,  2.180374171363e+01,  7.271931171417e-01
  3.351999999583e+01,  1.000002264977e+00,  2.180371089803e+01,  7.282251715660e-01
  3.362000000477e+01,  1.000025868416e+00,  2.180368729459e+01,  7.283481359482e-01
  3.371999999881e+01,  9.999988675117e-01,  2.180371429550e+01,  7.273921966553e-01
  3.381999999285e+01,  1.000005483627e+00,  2.180370767938e+01,  7.291015386581e-01
  3.392000000179e+01,  1.000033020973e+00,  2.180368014203e+01,  7.272107005119e-01
  3.401999999583e+01,  9.999767541885e-01,  2.180373640882e+01,  7.259873151779e-01
  3.412000000477e+01,  9.999771714211e-01,  2.180373599159e+01,  7.272354960442e-01
  3.421999999881e+01,  9.999808073044e-01,  2.180373235570e+01,  7.256197929382e-01
  3.431999999285e+01,  1.000026702881e+00,  2.180368646013e+01,  7.265511751175e-01
  3.442000000179e+01,  9.999693036079e-01,  2.180374385940e+01,  7.267803549767e-01
  3.451999999583e+01,  9.999917149544e-01,  2.180372144805e+01,  7.285705804825e-01
  3.462000000477e+01,  9.999961256981e-01,  2.180371703731e+01,  7.251491546631e-01
  3.471999999881e+01,  1.000015139580e+00,  2.180369802343e+01,  7.244256138802e-01
  3.481999999285e+01,  1.000019669533e+00,  2.180369349348e+01,  7.238813042641e-01
  3.492000000179e+01,  1.000006318092e+00,  2.180370684492e+01,  7.249286770821e-01
  3.501999999583e+01,  1.000015020370e+00,  2.180369814264e+01,  7.240647673607e-01
  3.512000000477e+01,  9.999814033508e-01,  2.180373175966e+01,  7.260035872459e-01
  3.521999999881e+01,  1.000023603439e+00,  2.180368955957e+01,  7.225408554077e-01
  3.531999999285e+01,  1.000027298927e+00,  2.180368586408e+01,  7.230684161186e-01
  3.542000000179e+01,  9.999642968178e-01,  2.180374886619e+01,  7.247636914253e-01
  3.551999999583e+01,  9.999951124191e-01,  2.180371805059e+01,  7.255565524101e-01
  3.562000000477e+01,  9.999821186066e-01,  2.180373104440e+01,  7.254171371460e-01
  3.571999999881e+01,  9.999895095825e-01,  2.180372365343e+01,  7.238985300064e-01
  3.581999999285e+01,  9.999721646309e-01,  2.180374099838e+01,  7.250676751137e-01
  3.592000000179e+01,  9.999847412109e-01,  2.180372842180e+01,  7.256395220757e-01
  3.601999999583e+01,  1.000017046928e+00,  2.180369611608e+01,  7.273860573769e-01
  3.612000000477e+01,  9.999777674675e-01,  2.180373539554e+01,  7.246755957603e-01
  3.621999999881e+01,  1.000010490417e+00,  2.180370267259e+01,  7.236980199814e-01
  3.631999999285e+01,  9.999988675117e-01,  2.180371429550e+01,  7.244466543198e-01
  3.642000000179e+01,  9.999862313271e-01,  2.180372693168e+01,  7.259941697121e-01
  3.651999999583e+01,  9.999958872795e-01,  2.180371727573e+01,  7.237707972527e-01
  3.662000000477e+01,  1.000022292137e+00,  2.180369087087e+01,  7.261639833450e-01
  3.671999999881e+01,  1.000000119209e+00,  2.180371304380e+01,  7.248957157135e-01
  3.681999999285e+01,  9.999772310257e-01,  2.180373593198e+01,  7.256882786751e-01
  3.692000000179e+01,  1.000017642975e+00,  2.180369552003e+01,  7.236778140068e-01
  3.701999999583e+01,  1.000032663345e+00,  2.180368049966e+01,  7.244283556938e-01
  3.712000000477e+01,  9.999876618385e-01,  2.180372550117e+01,  7.254371047020e-01
  3.721999999881e+01,  9.999898076057e-01,  2.180372335540e+01,  7.257258892059e-01
  3.731999999285e+01,  1.000046849251e+00,  2.180366631376e+01,  7.259356975555e-01
  3.742000000179e+01,  9.999782443047e-01,  2.180373491870e+01,  7.228047251701e-01
  3.751999999583e+01,  1.000004410744e+00,  2.180370875226e+01,  7.250114679337e-01
  3.762000000477e+01,  1.000022530556e+00,  2.180369063245e+01,  7.251060605049e-01
  3.771999999881e+01,  1.000010132790e+00,  2.180370303022e+01,  7.242193818092e-01
  3.781999999285e+01,  9.999735355377e-01,  2.180373962747e+01,  7.245819568634e-01
  3.792000000179e+01,  1.000009655952e+00,  2.180370350706e+01,  7.241131663322e-01
  3.801999999583e+01,  9.999783039093e-01,  2.180373485910e+01,  7.232374548912e-01
  3.812000000477e+01,  1.000011444092e+00,  2.180370171892e+01,  7.244059443474e-01
  3.821999999881e+01,  1.000016450882e+00,  2.180369671213e+01,  7.236956954002e-01
  3.831999999285e+01,  1.000001668930e+00,  2.180371149408e+01,  7.218392491341e-01
  3.842000000179e+01,  1.000024795532e+00,  2.180368836748e+01,  7.225117087364e-01
  3.851999999583e+01,  9.999856948853e-01,  2.180372746812e+01,  7.224456071854e-01
  3.862000000477e+01,  9.999665021896e-01,  2.180374666082e+01,  7.239494919777e-01
  3.871999999881e+01,  1.000024914742e+00,  2.180368824827e+01,  7.233327627182e-01
  3.881999999285e+01,  1.000008106232e+00,  2.180370505678e+01,  7.219496965408e-01
  3.892000000179e+01,  9.999983310699e-01,  2.180371483194e+01,  7.221133112907e-01
  3.901999999583e+01,  9.999651908875e-01,  2.180374797212e+01,  7.237295508385e-01
  3.912000000477e+01,  9.999888539314e-01,  2.180372430908e+01,  7.211654782295e-01
  3.921999999881e+01,  1.000030875206e+00,  2.180368228780e+01,  7.231334447861e-01
  3.931999999285e+01,  1.000000596046e+00,  2.180371256696e+01,  7.211589813232e-01
  3.942000000179e+01,  1.000003814697e+00,  2.180370934831e+01,  7.226470112801e-01
  3.951999999583e+01,  1.000008583069e+00,  2.180370457994e+01,  7.200635671616e-01
  3.962000000477e+01,  9.999767541885e-01,  2.180373640882e+01,  7.209008336067e-01
  3.971999999881e+01,  1.000001311302e+00,  2.180371185171e+01,  7.183836102486e-01
  3.981999999285e+01,  1.000020742416e+00,  2.180369242059e+01,  7.220904827118e-01
  3.992000000179e+01,  1.000028491020e+00,  2.180368467199e+01,  7.245016694069e-01
  4.001999999583e+01,  1.000007390976e+00,  2.180370577203e+01,  7.215711474419e-01
  4.012000000477e+01,  1.000018119812e+00,  2.180369504320e+01,  7.225375771523e-01
  4.021999999881e+01,  9.999942183495e-01,  2.180371894466e+01,  7.227329611778e-01
  4.031999999285e+01,  1.000010728836e+00,  2.180370243417e+01,  7.201786041260e-01
  4.042000000179e+01,  9.999793171883e-01,  2.180373384582e+01,  7.189536690712e-01
  4.051999999583e+01,  9.999872446060e-01,  2.180372591840e+01,  7.183416485786e-01
  4.062000000477e+01,  9.999905824661e-01,  2.180372258054e+01,  7.193230390549e-01
  4.071999999881e+01,  1.000023126602e+00,  2.180369003641e+01,  7.209382653236e-01
  4.081999999285e+01,  1.000036001205e+00,  2.180367716180e+01,  7.199774384499e-01
  4.092000000179e+01,  1.000026345253e+00,  2.180368681775e+01,  7.190422415733e-01
  4.101999999583e+01,  9.999954700470e-01,  2.180371769296e+01,  7.168610692024e-01
  4.112000000477e+01,  9.999596476555e-01,  2.180375351535e+01,  7.161993384361e-01
  4.121999999881e+01,  1.000002622604e+00,  2.180371054040e+01,  7.186165452003e-01
  4.131999999285e+01,  9.999872446060e-01,  2.180372591840e+01,  7.188990712166e-01
  4.142000000179e+01,  9.999955296516e-01,  2.180371763336e+01,  7.190072536469e-01
  4.151999999583e+01,  1.000002145767e+00,  2.180371101724e+01,  7.191299200058e-01
  4.162000000477e+01,  1.000019669533e+00,  2.180369349348e+01,  7.197339534760e-01
  4.171999999881e+01,  9.999971985817e-01,  2.180371596443e+01,  7.199940085411e-01
  4.181999999285e+01,  9.999958872795e-01,  2.180371727573e+01,  7.220597863197e-01
  4.192000000179e+01,  9.999909400940e-01,  2.180372222291e+01,  7.214491367340e-01
  4.201999999583e+01,  9.999804496765e-01,  2.180373271333e+01,  7.206729054451e-01
  4.212000000477e+01,  1.000008821487e+00,  2.180370434152e+01,  7.183777093887e-01
  4.221999999881e+01,  1.000017881393e+00,  2.180369528161e+01,  7.206704020500e-01
  4.231999999285e+01,  1.000011086464e+00,  2.180370207654e+01,  7.184044718742e-01
  4.242000000179e+01,  9.999869465828e-01,  2.180372621643e+01,  7.166525721550e-01
  4.251999999583e+01,  1.000008940697e+00,  2.180370422231e+01,  7.192039489746e-01
  4.262000000477e+01,  1.000018715858e+00,  2.180369444715e+01,  7.150722146034e-01
  4.271999999881e+01,  9.999969005585e-01,  2.180371626245e+01,  7.180051803589e-01
  4.281999999285e+01,  1.000000596046e+00,  2.180371256696e+01,  7.172420024872e-01
  4.292000000179e+01,  1.000016689301e+00,  2.180369647371e+01,  7.168777585030e-01
  4.301999999583e+01,  1.000021219254e+00,  2.180369194375e+01,  7.170272469521e-01
  4.312000000477e+01,  9.999672174454e-01,  2.180374594556e+01,  7.170329093933e-01
  4.321999999881e+01,  1.000025391579e+00,  2.180368777143e+01,  7.158451676369e-01
  4.331999999285e+01,  9.999871850014e-01,  2.180372597801e+01,  7.171801328659e-01
  4.342000000179e+01,  1.000011444092e+00,  2.180370171892e+01,  7.175701260567e-01
  4.351999999583e+01,  9.999818205833e-01,  2.180373134242e+01,  7.142606973648e-01
  4.362000000477e+01,  9.999997615814e-01,  2.180371340143e+01,  7.186739444733e-01
  4.371999999881e+01,  9.999814033508e-01,  2.180373175966e+01,  7.147097587585e-01
  4.381999999285e+01,  1.000005245209e+00,  2.180370791780e+01,  7.184103727341e-01
  4.392000000179e+01,  9.999706745148e-01,  2.180374248849e+01,  7.180010676384e-01
  4.401999999583e+01,  1.000006556511e+00,  2.180370660650e+01,  7.171872258186e-01
  4.412000000477e+01,  9.999797940254e-01,  2.180373336898e+01,  7.187540531158e-01
  4.421999999881e+01,  9.999967813492e-01,  2.180371638166e+01,  7.164022326469e-01
  4.431999999285e+01,  9.999952912331e-01,  2.180371787177e+01,  7.181517481804e-01
  4.442000000179e+01,  9.999947547913e-01,  2.180371840822e+01,  7.169730067253e-01
  4.451999999583e+01,  9.999932646751e-01,  2.180371989833e+01,  7.177737355232e-01
  4.462000000477e+01,  9.999854564667e-01,  2.180372770654e+01,  7.189211249352e-01
  4.471999999881e+01,  9.999821186066e-01,  2.180373104440e+01,  7.163589596748e-01
  4.481999999285e+01,  1.000024795532e+00,  2.180368836748e+01,  7.162251472473e-01
  4.492000000179e+01,  1.000024437904e+00,  2.180368872510e+01,  7.150456309319e-01
  4.501999999583e+01,  9.999633431435e-01,  2.180374981986e+01,  7.151634693146e-01
  4.512000000477e+01,  9.999749660492e-01,  2.180373819696e+01,  7.164883017540e-01
  4.521999999881e+01,  9.999768733978e-01,  2.180373628961e+01,  7.146633863449e-01
  4.531999999285e+01,  1.000025391579e+00,  2.180368777143e+01,  7.155355811119e-01
  4.542000000179e+01,  9.999922513962e-01,  2.180372091161e+01,  7.139512896538e-01
  4.551999999583e+01,  1.000012040138e+00,  2.180370112287e+01,  7.147487401962e-01
  4.562000000477e+01,  9.999986886978e-01,  2.180371447431e+01,  7.149193286896e-01
  4.571999999881e+01,  9.999834299088e-01,  2.180372973310e+01,  7.128641605377e-01
  4.581999999285e+01,  9.999999403954e-01,  2.180371322261e+01,  7.160139083862e-01
  4.592000000179e+01,  1.000027298927e+00,  2.180368586408e+01,  7.173767685890e-01
  4.601999999583e+01,  1.000007390976e+00,  2.180370577203e+01,  7.151536941528e-01
  4.612000000477e+01,  9.999700784683e-01,  2.180374308454e+01,  7.160418033600e-01
  4.621999999881e+01,  1.000002861023e+00,  2.180371030198e+01,  7.159628868103e-01
  4.631999999285e+01,  1.000025272369e+00,  2.180368789064e+01,  7.152819633484e-01
  4.642000000179e+01,  1.000014305115e+00,  2.180369885789e+01,  7.162294387817e-01
  4.651999999583e+01,  9.999997615814e-01,  2.180371340143e+01,  7.159230709076e-01
  4.662000000477e+01,  9.999909400940e-01,  2.180372222291e+01,  7.142124176025e-01
  4.671999999881e+01,  9.999907612801e-01,  2.180372240173e+01,  7.123916149139e-01
  4.681999999285e+01,  9.999690055847e-01,  2.180374415742e+01,  7.157610654831e-01
  4.692000000179e+01,  9.999918341637e-01,  2.180372132884e+01,  7.147722840309e-01
  4.701999999583e+01,  9.999817013741e-01,  2.180373146163e+01,  7.125716805458e-01
  4.712000000477e+01,  1.000022411346e+00,  2.180369075166e+01,  7.134979367256e-01
  4.721999999881e+01,  9.999796152115e-01,  2.180373354780e+01,  7.133003473282e-01
  4.731999999285e+01,  1.000006914139e+00,  2.180370624887e+01,  7.132759690285e-01
  4.742000000179e+01,  9.999819993973e-01,  2.180373116361e+01,  7.141065001488e-01
  4.751999999583e+01,  1.000017881393e+00,  2.180369528161e+01,  7.123904228210e-01
  4.762000000477e+01,  1.000021934509e+00,  2.180369122850e+01,  7.121569514275e-01
  4.771999999881e+01,  1.000000119209e+00,  2.180371304380e+01,  7.116735577583e-01
  4.781999999285e+01,  9.999605417252e-01,  2.180375262128e+01,  7.133504152298e-01
  4.792000000179e+01,  9.999678134918e-01,  2.180374534952e+01,  7.110666632652e-01
  4.801999999583e+01,  9.999868273735e-01,  2.180372633563e+01,  7.143022418022e-01
  4.812000000477e+01,  1.000019431114e+00,  2.180369373189e+01,  7.106955647469e-01
  4.821999999881e+01,  1.000000596046e+00,  2.180371256696e+01,  7.144747972488e-01
  4.831999999285e+01,  1.000011920929e+00,  2.180370124208e+01,  7.117952108383e-01
  4.842000000179e+01,  1.000034570694e+00,  2.180367859231e+01,  7.151942253113e-01
  4.851999999583e+01,  1.000014781952e+00,  2.180369838106e+01,  7.127060890198e-01
  4.862000000477e+01,  9.999973773956e-01,  2.180371578561e+01,  7.135710120201e-01
  4.871999999881e+01,  9.999668002129e-01,  2.180374636280e+01,  7.138569951057e-01
  4.881999999285e+01,  9.999897480011e-01,  2.180372341501e+01,  7.117518186569e-01
  4.892000000179e+01,  1.000011324883e+00,  2.180370183813e+01,  7.123786807060e-01
  4.901999999583e+01,  1.000013470650e+00,  2.180369969236e+01,  7.131971716881e-01
  4.912000000477e+01,  9.999995231628e-01,  2.180371363985e+01,  7.100667357445e-01
  4.921999999881e+01,  9.999684691429e-01,  2.180374469386e+01,  7.116470932961e-01
  4.931999999285e+01,  9.999860525131e-01,  2.180372711049e+01,  7.109513878822e-01
  4.942000000179e+01,  1.000018358231e+00,  2.180369480478e+01,  7.122758030891e-01
  4.951999999583e+01,  1.000033974648e+00,  2.180367918836e+01,  7.123353481293e-01
  4.962000000477e+01,  9.999730587006e-01,  2.180374010431e+01,  7.123729586601e-01
  4.971999999881e+01,  1.000023484230e+00,  2.180368967878e+01,  7.116435170174e-01
  4.981999999285e+01,  1.000032305717e+00,  2.180368085729e+01,  7.122910618782e-01
  4.992000000179e+01,  1.000012874603e+00,  2.180370028840e+01,  7.120838761330e-01
  5.001999999583e+01,  9.999901056290e-01,  2.180372305738e+01,  7.084411978722e-01
  5.012000000477e+01,  9.999685287476e-01,  2.180374463426e+01,  7.102144956589e-01
  5.021999999881e+01,  9.999893307686e-01,  2.180372383224e+01,  7.110893726349e-01
  5.031999999285e+01,  9.999860525131e-01,  2.180372711049e+01,  7.100226283073e-01
  5.042000000179e+01,  9.999905228615e-01,  2.180372264015e+01,  7.093961834908e-01
  5.051999999583e+01,  9.999942779541e-01,  2.180371888505e+01,  7.092400193214e-01
  5.062000000477e+01,  9.999837279320e-01,  2.180372943508e+01,  7.100005745888e-01
  5.071999999881e+01,  9.999603033066e-01,  2.180375285970e+01,  7.088783383369e-01
  5.081999999285e+01,  9.999864697456e-01,  2.180372669326e+01,  7.117879390717e-01
  5.092000000179e+01,  9.999805092812e-01,  2.180373265373e+01,  7.087368369102e-01
  5.101999999583e+01,  1.000004649162e+00,  2.180370851385e+01,  7.094897031784e-01
  5.112000000477e+01,  9.999704957008e-01,  2.180374266731e+01,  7.078104019165e-01
  5.121999999881e+01,  1.000033736229e+00,  2.180367942678e+01,  7.101639509201e-01
  5.131999999285e+01,  1.000036478043e+00,  2.180367668497e+01,  7.103195786476e-01
  5.142000000179e+01,  1.000037789345e+00,  2.180367537366e+01,  7.104331254959e-01
  5.151999999583e+01,  1.000013470650e+00,  2.180369969236e+01,  7.099782824516e-01
  5.162000000477e+01,  9.999935030937e-01,  2.180371965991e+01,  7.107786536217e-01
  5.171999999881e+01,  1.000028133392e+00,  2.180368502962e+01,  7.114804983139e-01
  5.181999999285e+01,  1.000026345253e+00,  2.180368681775e+01,  7.108827233315e-01
  5.192000000179e+01,  1.000017046928e+00,  2.180369611608e+01,  7.086107134819e-01
  5.201999999583e+01,  1.000017285347e+00,  2.180369587766e+01,  7.127722501755e-01
  5.212000000477e+01,  1.000027656555e+00,  2.180368550645e+01,  7.089462876320e-01
  5.221999999881e+01,  1.000004291534e+00,  2.180370887147e+01,  7.109802961349e-01
  5.231999999285e+01,  1.000005006790e+00,  2.180370815622e+01,  7.090283036232e-01
  5.242000000179e+01,  9.999962449074e-01,  2.180371691810e+01,  7.114847302437e-01
  5.251999999583e+01,  9.999984502792e-01,  2.180371471273e+01,  7.083563208580e-01
  5.262000000477e+01,  1.000011920929e+00,  2.180370124208e+01,  7.099521160126e-01
  5.271999999881e+01,  1.000006318092e+00,  2.180370684492e+01,  7.104107141495e-01
  5.281999999285e+01,  1.000011801720e+00,  2.180370136129e+01,  7.068240642548e-01
  5.292000000179e+01,  1.000041365623e+00,  2.180367179738e+01,  7.084861993790e-01
  5.301999999583e+01,  1.000019192696e+00,  2.180369397031e+01,  7.086591720581e-01
  5.312000000477e+01,  1.000035047531e+00,  2.180367811548e+01,  7.103073000908e-01
  5.321999999881e+01,  9.999804496765e-01,  2.180373271333e+01,  7.078472971916e-01
  5.331999999285e+01,  1.000001907349e+00,  2.180371125566e+01,  7.075421214104e-01
  5.342000000179e+01,  9.999907016754e-01,  2.180372246133e+01,  7.057127356529e-01
  5.351999999583e+01,  1.000021934509e+00,  2.180369122850e+01,  7.089741826057e-01
  5.362000000477e+01,  1.000027179718e+00,  2.180368598329e+01,  7.057126760483e-01
  5.371999999881e+01,  1.000010967255e+00,  2.180370219575e+01,  7.069725990295e-01
  5.381999999285e+01,  1.000001192093e+00,  2.180371197091e+01,  7.103733420372e-01
  5.392000000179e+01,  1.000002384186e+00,  2.180371077882e+01,  7.055765390396e-01
  5.401999999583e+01,  9.999763369560e-01,  2.180373682605e+01,  7.080423831940e-01
  5.412000000477e+01,  9.999881982803e-01,  2.180372496473e+01,  7.067531943321e-01
  5.421999999881e+01,  9.999688267708e-01,  2.180374433624e+01,  7.053471803665e-01
  5.431999999285e+01,  9.999930262566e-01,  2.180372013675e+01,  7.063139677048e-01
  5.442000000179e+01,  9.999877810478e-01,  2.180372538196e+01,  7.068681120872e-01
  5.451999999583e+01,  9.999842047691e-01,  2.180372895824e+01,  7.071329355240e-01
  5.462000000477e+01,  1.000001311302e+00,  2.180371185171e+01,  7.047209739685e-01
  5.471999999881e+01,  9.999752640724e-01,  2.180373789894e+01,  7.046574354172e-01
  5.481999999285e+01,  9.999989271164e-01,  2.180371423589e+01,  7.053555250168e-01
  5.492000000179e+01,  9.999741911888e-01,  2.180373897182e+01,  7.044010758400e-01
  5.501999999583e+01,  1.000022649765e+00,  2.180369051324e+01,  7.054657936096e-01
  5.512000000477e+01,  9.999967217445e-01,  2.180371644126e+01,  7.044669389725e-01
  5.521999999881e+01,  1.000012636185e+00,  2.180370052682e+01,  7.050632238388e-01
  5.531999999285e+01,  1.000008463860e+00,  2.180370469915e+01,  7.051992416382e-01
  5.542000000179e+01,  1.000001907349e+00,  2.180371125566e+01,  7.026225924492e-01
  5.551999999583e+01,  1.000001430511e+00,  2.180371173250e+01,  7.059893012047e-01
  5.562000000477e+01,  9.999937415123e-01,  2.180371942150e+01,  7.065169811249e-01
  5.571999999881e+01,  9.999828934669e-01,  2.180373026954e+01,  7.061789631844e-01
  5.581999999285e+01,  1.000027060509e+00,  2.180368610250e+01,  7.054589986801e-01
  5.592000000179e+01,  9.999873638153e-01,  2.180372579919e+01,  7.052164077759e-01
  5.601999999583e+01,  9.999850392342e-01,  2.180372812377e+01,  7.046257257462e-01
  5.612000000477e+01,  9.999879598618e-01,  2.180372520315e+01,  7.065861225128e-01
  5.621999999881e+01,  9.999969601631e-01,  2.180371620284e+01,  7.042656540871e-01
  5.631999999285e+01,  9.999994635582e-01,  2.180371369945e+01,  7.054790854454e-01
  5.642000000179e+01,  9.999747872353e-01,  2.180373837577e+01,  7.048153877258e-01
  5.651999999583e+01,  1.000019907951e+00,  2.180369325506e+01,  7.035859823227e-01
  5.662000000477e+01,  9.999977350235e-01,  2.180371542798e+01,  7.046341896057e-01
  5.671999999881e+01,  9.999897480011e-01,  2.180372341501e+01,  7.028828859329e-01
  5.681999999285e+01,  1.000005364418e+00,  2.180370779859e+01,  7.059339880943e-01
  5.692000000179e+01,  1.000008940697e+00,  2.180370422231e+01,  7.033581137657e-01
  5.701999999583e+01,  1.000007867813e+00,  2.180370529519e+01,  7.023782134056e-01
  5.712000000477e+01,  1.000006794930e+00,  2.180370636808e+01,  7.059081196785e-01
  5.721999999881e+01,  1.000046133995e+00,  2.180366702901e+01,  7.029516696930e-01
  5.731999999285e+01,  9.999877214432e-01,  2.180372544156e+01,  7.038924694061e-01
  5.742000000179e+01,  9.999958872795e-01,  2.180371727573e+01,  7.036541700363e-01
  5.751999999583e+01,  9.999820590019e-01,  2.180373110401e+01,  7.050457000732e-01
  5.762000000477e+01,  9.999905228615e-01,  2.180372264015e+01,  7.034058570862e-01
  5.771999999881e+01,  1.000008702278e+00,  2.180370446073e+01,  7.002421021461e-01
  5.781999999285e+01,  9.999986886978e-01,  2.180371447431e+01,  7.049911618233e-01
  5.792000000179e+01,  1.000022172928e+00,  2.180369099008e+01,  7.028356790543e-01
  5.801999999583e+01,  1.000015258789e+00,  2.180369790422e+01,  7.025350928307e-01
  5.812000000477e+01,  1.000019311905e+00,  2.180369385110e+01,  7.046171426773e-01
  5.821999999881e+01,  9.999892711639e-01,  2.180372389184e+01,  7.061246037483e-01
  5.831999999285e+01,  1.000011444092e+00,  2.180370171892e+01,  7.030760049820e-01
  5.842000000179e+01,  1.000018358231e+00,  2.180369480478e+01,  7.034873366356e-01
  5.851999999583e+01,  1.000008106232e+00,  2.180370505678e+01,  7.038227319717e-01
  5.862000000477e+01,  1.000037193298e+00,  2.180367596971e+01,  7.027857899666e-01
  5.871999999881e+01,  1.000004529953e+00,  2.180370863305e+01,  7.039216756821e-01
  5.881999999285e+01,  1.000038623810e+00,  2.180367453920e+01,  7.025951743126e-01
  5.892000000179e+01,  1.000013113022e+00,  2.180370004999e+01,  7.012501358986e-01
  5.901999999583e+01,  1.000001311302e+00,  2.180371185171e+01,  7.028067111969e-01
  5.912000000477e+01,  9.999831914902e-01,  2.180372997152e+01,  7.024115324020e-01
  5.921999999881e+01,  9.999796152115e-01,  2.180373354780e+01,  7.035620808601e-01
  5.931999999285e+01,  1.000003218651e+00,  2.180370994436e+01,  7.025418877602e-01
  5.942000000179e+01,  1.000015735626e+00,  2.180369742738e+01,  7.021492123604e-01
  5.951999999583e+01,  1.000008583069e+00,  2.180370457994e+01,  7.021906375885e-01
  5.962000000477e+01,  1.000009655952e+00,  2.180370350706e+01,  7.052643299103e-01
  5.971999999881e+01,  1.000011205673e+00,  2.180370195733e+01,  7.034128308296e-01
  5.981999999285e+01,  9.999784827232e-01,  2.180373468028e+01,  7.036291360855e-01
  5.992000000179e+01,  1.000014543533e+00,  2.180369861947e+01,  7.025568485260e-01
  6.001999999583e+01,  9.999905228615e-01,  2.180372264015e+01,  7.016085982323e-01
  6.012000000477e+01,  9.999997019768e-01,  2.180371346103e+01,  7.005089521408e-01
  6.021999999881e+01,  1.000034332275e+00,  2.180367883073e+01,  7.014399170876e-01
  6.031999999285e+01,  1.000022053719e+00,  2.180369110929e+01,  7.017215490341e-01
  6.042000000179e+01,  9.999825358391e-01,  2.180373062717e+01,  7.036132812500e-01
  6.051999999583e+01,  9.999785423279e-01,  2.180373462068e+01,  7.019318938255e-01
  6.062000000477e+01,  1.000012397766e+00,  2.180370076524e+01,  7.034670114517e-01
  6.071999999881e+01,  1.000005006790e+00,  2.180370815622e+01,  7.033865451813e-01
  6.081999999285e+01,  9.999945163727e-01,  2.180371864664e+01,  7.040125727654e-01
  6.092000000179e+01,  1.000011801720e+00,  2.180370136129e+01,  7.024241685867e-01
  6.101999999583e+01,  1.000008463860e+00,  2.180370469915e+01,  7.006207108498e-01
  6.112000000477e+01,  9.999981522560e-01,  2.180371501075e+01,  7.016184926033e-01
  6.121999999881e+01,  1.000009059906e+00,  2.180370410310e+01,  7.011144757271e-01
  6.131999999285e+01,  1.000005722046e+00,  2.180370744096e+01,  7.015807628632e-01
  6.142000000179e+01,  1.000022411346e+00,  2.180369075166e+01,  7.018682360649e-01
  6.151999999583e+01,  9.999868273735e-01,  2.180372633563e+01,  7.034189701080e-01
  6.162000000477e+01,  1.000001668930e+00,  2.180371149408e+01,  7.027238607407e-01
  6.162500000000e+01,  1.000008583069e+00,  2.180370457994e+01,  7.028563618660e-01
  6.162600000203e+01,  1.000013232231e+00,  2.180369993078e+01,  7.030251622200e-01
  6.162899999321e+01,  1.000007390976e+00,  2.180370577203e+01,  7.032021284103e-01
  6.172900000215e+01,  9.999656677246e-01,  2.180374749528e+01,  7.019293308258e-01
  6.180699999630e+01,  9.899513721466e-01,  2.181376179086e+01,  6.946558952332e-01
  6.182649999857e+01,  9.798500537872e-01,  2.182386310922e+01,  6.699500083923e-01
  6.183650000393e+01,  9.695351123810e-01,  2.183417805063e+01,  6.474871635437e-01
  6.184399999678e+01,  9.589569568634e-01,  2.184475620614e+01,  6.430754661560e-01
  6.185050000250e+01,  9.486420154572e-01,  2.185507114755e+01,  6.336150169373e-01
  6.185649999976e+01,  9.385292530060e-01,  2.186518391000e+01,  6.231665611267e-01
  6.186249999702e+01,  9.281075000763e-01,  2.187560566293e+01,  6.096472740173e-01
  6.186849999428e+01,  9.175827503204e-01,  2.188613041269e+01,  5.994620323181e-01
  6.187449999154e+01,  9.073898792267e-01,  2.189632328378e+01,  5.893263816833e-01
  6.188099999726e+01,  8.970139026642e-01,  2.190669926034e+01,  5.826005935669e-01
  6.188850000501e+01,  8.866150379181e-01,  2.191709812509e+01,  5.614023208618e-01
  6.189699999988e+01,  8.760216236115e-01,  2.192769153940e+01,  5.297021865845e-01
  6.190500000119e+01,  8.660042285919e-01,  2.193770893442e+01,  5.078516006470e-01
  6.191300000250e+01,  8.554298877716e-01,  2.194828327524e+01,  4.882745742798e-01
  6.192049999535e+01,  8.447449207306e-01,  2.195896824228e+01,  4.703836441040e-01
  6.192749999464e+01,  8.341629505157e-01,  2.196955021249e+01,  4.617853164673e-01
  6.193449999392e+01,  8.236839771271e-01,  2.198002918588e+01,  4.512796401978e-01
  6.194200000167e+01,  8.130066394806e-01,  2.199070652353e+01,  4.394655227661e-01
  6.195000000298e+01,  8.026535511017e-01,  2.200105961191e+01,  4.267816543579e-01
  6.195899999142e+01,  7.925217151642e-01,  2.201119144784e+01,  4.118394851685e-01
  6.196999999881e+01,  7.825166583061e-01,  2.202119650470e+01,  3.959948122501e-01
  6.198399999738e+01,  7.723180651665e-01,  2.203139509784e+01,  3.622232973576e-01
  6.199650000036e+01,  7.622110247612e-01,  2.204150213825e+01,  3.430506289005e-01
  6.200749999285e+01,  7.517148852348e-01,  2.205199827777e+01,  3.294359743595e-01
  6.201749999821e+01,  7.412244677544e-01,  2.206248869525e+01,  3.180567324162e-01
  6.202699999511e+01,  7.310430407524e-01,  2.207267012226e+01,  3.063837587833e-01
  6.203700000048e+01,  7.206289172173e-01,  2.208308424579e+01,  2.924143373966e-01
  6.204749999940e+01,  7.101842761040e-01,  2.209352888690e+01,  2.768618166447e-01
  6.205799999833e+01,  7.001592516899e-01,  2.210355391132e+01,  2.609392702579e-01
  6.206899999082e+01,  6.898519396782e-01,  2.211386122333e+01,  2.444940954447e-01
  6.207999999821e+01,  6.794759631157e-01,  2.212423719989e+01,  2.295366674662e-01
  6.209049999714e+01,  6.693536639214e-01,  2.213435949909e+01,  2.144342809916e-01
  6.210099999607e+01,  6.590921282768e-01,  2.214462103473e+01,  1.981798559427e-01
  6.211149999499e+01,  6.486932635307e-01,  2.215501989948e+01,  1.829630285501e-01
  6.212150000036e+01,  6.386377215385e-01,  2.216507544147e+01,  1.677996069193e-01
  6.213149999082e+01,  6.283761858940e-01,  2.217533697711e+01,  1.508547216654e-01
  6.214100000262e+01,  6.182634234428e-01,  2.218544973957e+01,  1.351076513529e-01
  6.215049999952e+01,  6.077615618706e-01,  2.219595160114e+01,  1.223436743021e-01
  6.215999999642e+01,  5.973092913628e-01,  2.220640387165e+01,  1.090151220560e-01
  6.216949999332e+01,  5.871965289116e-01,  2.221651663410e+01,  9.447731077671e-02
  6.217949999869e+01,  5.770074725151e-01,  2.222670569049e+01,  7.903160154819e-02
  6.218999999762e+01,  5.667535662651e-01,  2.223695959674e+01,  6.462348997593e-02
  6.220100000501e+01,  5.563184618950e-01,  2.224739470111e+01,  4.773582518101e-02
  6.221150000393e+01,  5.461751818657e-01,  2.225753798114e+01,  3.270973265171e-02
  6.222149999440e+01,  5.361490845680e-01,  2.226756407844e+01,  1.915740966797e-02
  6.223149999976e+01,  5.258799195290e-01,  2.227783324348e+01,  6.370544899255e-03
  6.224150000513e+01,  5.156489014626e-01,  2.228806426155e+01, -7.522582542151e-03
  6.225200000405e+01,  5.051661133766e-01,  2.229854704963e+01, -2.202224731445e-02
  6.226250000298e+01,  4.949236810207e-01,  2.230878948199e+01, -3.903198242188e-02
  6.227300000191e+01,  4.846945703030e-01,  2.231901859270e+01, -5.383682250977e-02
  6.228350000083e+01,  4.743452966213e-01,  2.232936786639e+01, -6.814956665039e-02
  6.229399999976e+01,  4.638968408108e-01,  2.233981632220e+01, -8.250808715820e-02
  6.230449999869e+01,  4.534636437893e-01,  2.235024951922e+01, -9.721755981445e-02
  6.231499999762e+01,  4.431219995022e-01,  2.236059116351e+01, -1.119041442871e-01
  6.232549999654e+01,  4.328547418118e-01,  2.237085842120e+01, -1.277999877930e-01
  6.233599999547e+01,  4.225626885891e-01,  2.238115047442e+01, -1.418647766113e-01
  6.234649999440e+01,  4.121447503567e-01,  2.239156841265e+01, -1.560249328613e-01
  6.235649999976e+01,  4.021044671535e-01,  2.240160869585e+01, -1.694717407227e-01
  6.236650000513e+01,  3.919535577297e-01,  2.241175960528e+01, -1.820068359375e-01
  6.237649999559e+01,  3.818484246731e-01,  2.242186473833e+01, -1.952400207520e-01
  6.238699999452e+01,  3.713580071926e-01,  2.243235515582e+01, -2.093048095703e-01
  6.239749999344e+01,  3.609782159328e-01,  2.244273494708e+01, -2.231636047363e-01
  6.240799999237e+01,  3.506289422512e-01,  2.245308422076e+01, -2.376060485840e-01
  6.241849999130e+01,  3.402720391750e-01,  2.246344112383e+01, -2.523727416992e-01
  6.242900000513e+01,  3.297930657864e-01,  2.247392009722e+01, -2.664146423340e-01
  6.243899999559e+01,  3.196688592434e-01,  2.248404430376e+01, -2.805442810059e-01
  6.244900000095e+01,  3.094454705715e-01,  2.249426769244e+01, -2.944679260254e-01
  6.245899999142e+01,  2.992525994778e-01,  2.250446056353e+01, -3.069953918457e-01
  6.246899999678e+01,  2.891932427883e-01,  2.251451992022e+01, -3.195991516113e-01
  6.247949999571e+01,  2.788318395615e-01,  2.252488132345e+01, -3.335598409176e-01
  6.248999999464e+01,  2.685073614120e-01,  2.253520580160e+01, -3.477962911129e-01
  6.250049999356e+01,  2.581275701523e-01,  2.254558559286e+01, -3.613117635250e-01
  6.251099999249e+01,  2.476752847433e-01,  2.255603787826e+01, -3.756130635738e-01
  6.252099999785e+01,  2.376388162374e-01,  2.256607434677e+01, -3.880032002926e-01
  6.253100000322e+01,  2.275909036398e-01,  2.257612225937e+01, -4.001301229000e-01
  6.254150000215e+01,  2.172034829855e-01,  2.258650968002e+01, -4.127453267574e-01
  6.255200000107e+01,  2.068618386984e-01,  2.259685132431e+01, -4.276188313961e-01
  6.256199999154e+01,  1.968558877707e-01,  2.260685727524e+01, -4.394405782223e-01
  6.257199999690e+01,  1.867774575949e-01,  2.261693570541e+01, -4.523380696774e-01
  6.258200000226e+01,  1.766608804464e-01,  2.262705228256e+01, -4.638298451900e-01
  6.259199999273e+01,  1.666320413351e-01,  2.263708112167e+01, -4.757660329342e-01
  6.260249999166e+01,  1.562560647726e-01,  2.264745709824e+01, -4.875725209713e-01
  6.261299999058e+01,  1.460631936789e-01,  2.265764996933e+01, -5.008743405342e-01
  6.262350000441e+01,  1.358359903097e-01,  2.266787717270e+01, -5.127456784248e-01
  6.263400000334e+01,  1.255134195089e-01,  2.267819974350e+01, -5.252807736397e-01
  6.264450000226e+01,  1.150611490011e-01,  2.268865201401e+01, -5.381134152412e-01
  6.265449999273e+01,  1.050208657980e-01,  2.269869229721e+01, -5.504844784737e-01
  6.266449999809e+01,  9.488902986050e-02,  2.270882413315e+01, -5.616386532784e-01
  6.267450000346e+01,  8.481059968472e-02,  2.271890256332e+01, -5.730026364326e-01
  6.268449999392e+01,  7.478557527065e-02,  2.272892758774e+01, -5.835331082344e-01
  6.269499999285e+01,  6.434474885464e-02,  2.273936841415e+01, -5.948055386543e-01
  6.270549999177e+01,  5.407367646694e-02,  2.274963948654e+01, -6.059558987617e-01
  6.271599999070e+01,  4.397045075893e-02,  2.275974271225e+01, -6.170185208321e-01
  6.272699999809e+01,  3.355438262224e-02,  2.277015878039e+01, -6.260690689087e-01
  6.273849999905e+01,  2.343399077654e-02,  2.278027917223e+01, -6.313743591309e-01
  6.275249999762e+01,  1.322204619646e-02,  2.279049111681e+01, -6.359920501709e-01
  6.277549999952e+01,  3.125495975837e-03,  2.280058766703e+01, -6.390181779861e-01
  6.278000000119e+01,  2.098388737068e-03,  2.280161477427e+01, -6.403580904007e-01
  6.278100000322e+01,  1.900978153571e-03,  2.280181218485e+01, -6.407634019852e-01
  6.278900000453e+01,  6.025505717844e-04,  2.280311061244e+01, -6.421381235123e-01
  6.279199999571e+01,  2.277565799886e-04,  2.280348540643e+01, -6.416653394699e-01
  6.307299999893e+01, -2.162669785321e-03,  2.280587583279e+01, -5.656288266182e-01
  6.307400000095e+01, -2.155547030270e-03,  2.280586871004e+01, -5.653551220894e-01
