           Test time,     Standard travel,     Tool separation,      Standard force
                 0.0,                 0.0,  3.158974577350e+01, -1.705965586007e-02
                 0.0,                 0.0,  3.158973781628e+01, -1.705134101212e-02
                 0.0,                 0.0,  3.158974945735e+01, -1.570308394730e-02
                 0.0,                 0.0,  3.158975887442e+01, -1.573953963816e-02
                 0.0,                 0.0,  3.158975524971e+01, -1.585994102061e-02
                 0.0,                 0.0,  3.158583266411e+01, -1.513710897416e-02
  0.000000000000e+00,  0.000000000000e+00,  3.158583823226e+01, -1.507997792214e-02
  8.000000147149e-03, -1.102057285607e-05,  3.158584925284e+01, -1.582994684577e-02
  1.100000017323e-02, -6.438465788960e-06,  3.158584467073e+01, -1.612177118659e-02
  1.300000003539e-02, -1.334818080068e-06,  3.158583956708e+01, -1.645937189460e-02
  1.399999996647e-02, -2.206536009908e-06,  3.158584043880e+01, -1.668443903327e-02
  1.140000000596e-01,  1.625774893910e-05,  3.158582197451e+01, -1.758201792836e-02
  2.140000001527e-01, -4.385838110466e-06,  3.158584261810e+01, -1.803034730256e-02
  3.140000000130e-01,  3.173726508976e-05,  3.158580649500e+01, -1.648200303316e-02
  4.140000001062e-01,  1.381518723065e-05,  3.158582441708e+01, -1.728375814855e-02
  5.139999999665e-01,  8.180572651327e-03,  3.157765765961e+01, -1.438315864652e-02
  5.390000001062e-01,  1.840300858021e-02,  3.156743522368e+01,  1.500197453424e-03
  5.509999999776e-01,  2.859015762806e-02,  3.155724807464e+01,  1.780850440264e-02
  5.590000001248e-01,  3.859610855579e-02,  3.154724212371e+01,  2.319092303514e-02
  5.660000001080e-01,  4.912848770618e-02,  3.153670974456e+01,  2.402622252703e-02
  5.725000000093e-01,  5.974860489368e-02,  3.152608962737e+01,  2.873165160418e-02
  5.785000000615e-01,  6.995292007923e-02,  3.151588531218e+01,  3.160697966814e-02
  5.845000001136e-01,  8.022208511829e-02,  3.150561614714e+01,  3.623420745134e-02
  5.905000001658e-01,  9.025473892689e-02,  3.149558349334e+01,  4.005558043718e-02
  5.970000000671e-01,  1.005582362413e-01,  3.148527999602e+01,  5.100948363543e-02
  6.040000000503e-01,  1.107930690050e-01,  3.147504516326e+01,  5.321771651506e-02
  6.119999999646e-01,  1.210507899523e-01,  3.146478744231e+01,  7.757837325335e-02
  6.204999999609e-01,  1.315793544054e-01,  3.145425887786e+01,  1.036709025502e-01
  6.285000001080e-01,  1.421079188585e-01,  3.144373031340e+01,  1.179226115346e-01
  6.360000001732e-01,  1.524800807238e-01,  3.143335815154e+01,  1.295116692781e-01
  6.435000000056e-01,  1.630773097277e-01,  3.142276092254e+01,  1.409290581942e-01
  6.510000000708e-01,  1.736592799425e-01,  3.141217895232e+01,  1.557262688875e-01
  6.585000001360e-01,  1.841802150011e-01,  3.140165801726e+01,  1.679676324129e-01
  6.659999999683e-01,  1.943311244249e-01,  3.139150710784e+01,  1.770275384188e-01
  6.744999999646e-01,  2.046880275011e-01,  3.138115020476e+01,  1.894195824862e-01
  6.844999999739e-01,  2.150220423937e-01,  3.137081618987e+01,  2.115371972322e-01
  6.959999999963e-01,  2.253064662218e-01,  3.136053176604e+01,  2.347687035799e-01
  7.080000001006e-01,  2.353314906359e-01,  3.135050674163e+01,  2.531822323799e-01
  7.199999999721e-01,  2.455701380968e-01,  3.134026809417e+01,  2.721756100655e-01
  7.310000001453e-01,  2.558845877647e-01,  3.132995364450e+01,  2.868169546127e-01
  7.410000001546e-01,  2.659286856651e-01,  3.131990954660e+01,  3.015645742416e-01
  7.510000001639e-01,  2.762474417686e-01,  3.130959079049e+01,  3.155606985092e-01
  7.610000001732e-01,  2.864517569542e-01,  3.129938647531e+01,  3.316320180893e-01
  7.715000000317e-01,  2.969192862511e-01,  3.128891894601e+01,  3.483823537827e-01
  7.820000001229e-01,  3.072418570518e-01,  3.127859637521e+01,  3.652089834213e-01
  7.924999999814e-01,  3.175510764122e-01,  3.126828715585e+01,  3.827184438705e-01
  8.030000000726e-01,  3.278889060020e-01,  3.125794932626e+01,  4.002546072006e-01
  8.135000001639e-01,  3.381409049034e-01,  3.124769732736e+01,  4.183896780014e-01
  8.240000000224e-01,  3.482212424278e-01,  3.123761698984e+01,  4.370969533920e-01
  8.345000001136e-01,  3.582710623741e-01,  3.122756716989e+01,  4.550985097885e-01
  8.449999999721e-01,  3.685039877892e-01,  3.121733424447e+01,  4.722684621811e-01
  8.555000000633e-01,  3.789982199669e-01,  3.120684001230e+01,  4.897130727768e-01
  8.655000000726e-01,  3.892864584923e-01,  3.119655177377e+01,  5.074285268784e-01
  8.755000000820e-01,  3.997692465782e-01,  3.118606898569e+01,  5.246061086655e-01
  8.855000000913e-01,  4.102558493614e-01,  3.117558238290e+01,  5.406774282455e-01
  8.955000001006e-01,  4.204906821251e-01,  3.116534755014e+01,  5.578206777573e-01
  9.059999999590e-01,  4.309048056602e-01,  3.115493342660e+01,  5.762647390366e-01
  9.165000000503e-01,  4.411262869835e-01,  3.114471194528e+01,  5.947278738022e-01
  9.270000001416e-01,  4.512810111046e-01,  3.113455722116e+01,  6.143392324448e-01
  9.375000000000e-01,  4.613384604454e-01,  3.112449977182e+01,  6.315206289291e-01
  9.485000001732e-01,  4.714397788048e-01,  3.111439845346e+01,  6.466649770737e-01
  9.610000001267e-01,  4.816841483116e-01,  3.110415408395e+01,  6.613858938217e-01
  9.775000000373e-01,  4.918042421341e-01,  3.109403399013e+01,  6.752469539642e-01
  9.930000000168e-01,  4.974471330643e-01,  3.108839109920e+01,  6.871736049652e-01
  1.093000000110e+00,  5.033185482025e-01,  3.108251968406e+01,  7.002671360970e-01
  1.192999999970e+00,  5.027534365654e-01,  3.108308479570e+01,  6.980525255203e-01
  1.293000000063e+00,  5.020034313202e-01,  3.108383480094e+01,  6.937823295593e-01
  1.393000000156e+00,  5.013725161552e-01,  3.108446571611e+01,  6.896171569824e-01
  1.493000000017e+00,  5.009014010429e-01,  3.108493683122e+01,  6.855709552765e-01
  1.593000000110e+00,  5.005898475647e-01,  3.108524838470e+01,  6.862226724625e-01
  1.692999999970e+00,  5.003640651703e-01,  3.108547416709e+01,  6.844665408134e-01
  1.793000000063e+00,  5.002236366272e-01,  3.108561459564e+01,  6.828082203865e-01
  1.893000000156e+00,  5.001133680344e-01,  3.108572486423e+01,  6.818010210991e-01
  1.993000000017e+00,  5.000985264778e-01,  3.108573970579e+01,  6.795074343681e-01
  2.093000000110e+00,  5.000722408295e-01,  3.108576599143e+01,  6.786040067673e-01
  2.192999999970e+00,  5.000145435333e-01,  3.108582368873e+01,  6.765674352646e-01
  2.293000000063e+00,  5.000337958336e-01,  3.108580443643e+01,  6.747690439224e-01
  2.393000000156e+00,  5.000485181808e-01,  3.108578971408e+01,  6.767776608467e-01
  2.493000000017e+00,  5.000101923943e-01,  3.108582803987e+01,  6.732242703438e-01
  2.593000000110e+00,  5.000202059746e-01,  3.108581802629e+01,  6.707312464714e-01
  2.692999999970e+00,  5.000349879265e-01,  3.108580324434e+01,  6.708461046219e-01
  2.793000000063e+00,  5.000403523445e-01,  3.108579787992e+01,  6.710811853409e-01
  2.893000000156e+00,  5.000302195549e-01,  3.108580801271e+01,  6.699903607368e-01
  2.993000000017e+00,  5.000496506691e-01,  3.108578858159e+01,  6.682123541832e-01
  3.093000000110e+00,  5.000055432320e-01,  3.108583268903e+01,  6.681635379791e-01
  3.192999999970e+00,  5.000055432320e-01,  3.108583268903e+01,  6.677775979042e-01
  3.293000000063e+00,  5.000329017639e-01,  3.108580533050e+01,  6.675813794136e-01
  3.393000000156e+00,  5.000323653221e-01,  3.108580586694e+01,  6.649352908134e-01
  3.493000000017e+00,  5.000160932541e-01,  3.108582213901e+01,  6.668005585670e-01
  3.593000000110e+00,  5.000134706497e-01,  3.108582476161e+01,  6.626219749451e-01
  3.692999999970e+00,  5.000319480896e-01,  3.108580628417e+01,  6.611033082008e-01
  3.793000000063e+00,  5.000599026680e-01,  3.108577832960e+01,  6.639347076416e-01
  3.893000000156e+00,  5.000541806221e-01,  3.108578405164e+01,  6.649733185768e-01
  3.993000000017e+00,  5.000160336494e-01,  3.108582219861e+01,  6.623634696007e-01
  4.093000000110e+00,  5.000169873238e-01,  3.108582124494e+01,  6.598476767540e-01
  4.192999999970e+00,  4.999985992908e-01,  3.108583963297e+01,  6.606147885323e-01
  4.293000000063e+00,  5.000190734863e-01,  3.108581915878e+01,  6.590350270271e-01
  4.393000000156e+00,  5.000067353249e-01,  3.108583149694e+01,  6.578858494759e-01
  4.493000000017e+00,  5.000066161156e-01,  3.108583161615e+01,  6.609470248222e-01
  4.593000000110e+00,  5.000066161156e-01,  3.108583161615e+01,  6.580600738525e-01
  4.692999999970e+00,  5.000239610672e-01,  3.108581427120e+01,  6.595759391785e-01
  4.793000000063e+00,  5.000343918800e-01,  3.108580384038e+01,  6.579489707947e-01
  4.893000000156e+00,  5.000007748604e-01,  3.108583745740e+01,  6.568786501884e-01
  4.993000000017e+00,  5.000275373459e-01,  3.108581069492e+01,  6.577442884445e-01
  5.093000000110e+00,  5.000284910202e-01,  3.108580974124e+01,  6.564997434616e-01
  5.192999999970e+00,  5.000361800194e-01,  3.108580205224e+01,  6.569826006889e-01
  5.293000000063e+00,  5.000165700912e-01,  3.108582166217e+01,  6.584591865540e-01
  5.393000000156e+00,  5.000168085098e-01,  3.108582142375e+01,  6.571434736252e-01
  5.493000000017e+00,  5.000169277191e-01,  3.108582130454e+01,  6.551355719566e-01
  5.593000000110e+00,  5.000004172325e-01,  3.108583781503e+01,  6.557824611664e-01
  5.692999999970e+00,  5.000059008598e-01,  3.108583233140e+01,  6.546431779861e-01
  5.793000000063e+00,  5.000070929527e-01,  3.108583113931e+01,  6.548037528992e-01
  5.893000000156e+00,  5.000264048576e-01,  3.108581182741e+01,  6.543799638748e-01
  5.993000000017e+00,  5.000065565109e-01,  3.108583167575e+01,  6.550169587135e-01
  6.093000000110e+00,  4.999819099903e-01,  3.108585632227e+01,  6.526655554771e-01
  6.192999999970e+00,  5.000165104866e-01,  3.108582172178e+01,  6.533022522926e-01
  6.293000000063e+00,  5.000048279762e-01,  3.108583340429e+01,  6.532107591629e-01
  6.393000000156e+00,  5.000165700912e-01,  3.108582166217e+01,  6.520192623138e-01
  6.493000000017e+00,  5.000243782997e-01,  3.108581385396e+01,  6.511834263802e-01
  6.593000000110e+00,  5.000236034393e-01,  3.108581462882e+01,  6.524182558060e-01
  6.692999999970e+00,  5.000287294388e-01,  3.108580950282e+01,  6.501774191856e-01
  6.793000000063e+00,  5.000298619270e-01,  3.108580837034e+01,  6.524950265884e-01
  6.893000000156e+00,  5.000115633011e-01,  3.108582666896e+01,  6.481463313103e-01
  6.993000000017e+00,  5.000420808792e-01,  3.108579615138e+01,  6.492813825607e-01
  7.093000000110e+00,  5.000118613243e-01,  3.108582637094e+01,  6.503825187683e-01
  7.192999999970e+00,  5.000092983246e-01,  3.108582893394e+01,  6.484082341194e-01
  7.293000000063e+00,  5.000046491623e-01,  3.108583358310e+01,  6.467310786247e-01
  7.393000000156e+00,  5.000156164169e-01,  3.108582261585e+01,  6.503223180771e-01
  7.493000000017e+00,  5.000075697899e-01,  3.108583066247e+01,  6.489523649216e-01
  7.593000000110e+00,  5.000304579735e-01,  3.108580777429e+01,  6.469088792801e-01
  7.692999999970e+00,  5.000252723694e-01,  3.108581295989e+01,  6.458704471588e-01
  7.793000000063e+00,  5.000262260437e-01,  3.108581200622e+01,  6.463009715080e-01
  7.893000000156e+00,  5.000161528587e-01,  3.108582207940e+01,  6.484557390213e-01
  7.993000000017e+00,  5.000435709953e-01,  3.108579466127e+01,  6.448010802269e-01
  8.093000000110e+00,  5.000159144402e-01,  3.108582231782e+01,  6.458891034126e-01
  8.192999999970e+00,  5.000011920929e-01,  3.108583704017e+01,  6.445723772049e-01
  8.293000000063e+00,  5.000170469284e-01,  3.108582118533e+01,  6.461494565010e-01
  8.393000000156e+00,  4.999776184559e-01,  3.108586061381e+01,  6.459491848946e-01
  8.493000000017e+00,  4.999919235706e-01,  3.108584630869e+01,  6.457599401474e-01
  8.593000000110e+00,  5.000016689301e-01,  3.108583656333e+01,  6.437674760818e-01
  8.692999999970e+00,  4.999820291996e-01,  3.108585620306e+01,  6.450870633125e-01
  8.793000000063e+00,  5.000228285789e-01,  3.108581540368e+01,  6.443974375725e-01
  8.893000000156e+00,  5.000108480453e-01,  3.108582738422e+01,  6.441547274590e-01
  8.993000000017e+00,  5.000119805336e-01,  3.108582625173e+01,  6.439538598061e-01
  9.093000000110e+00,  5.000293254852e-01,  3.108580890678e+01,  6.464183926582e-01
  9.192999999970e+00,  5.000427961349e-01,  3.108579543613e+01,  6.429552435875e-01
  9.293000000063e+00,  5.000126361847e-01,  3.108582559608e+01,  6.445013284683e-01
  9.393000000156e+00,  5.000128149986e-01,  3.108582541726e+01,  6.439467668533e-01
  9.493000000250e+00,  4.999994039536e-01,  3.108583882831e+01,  6.420372724533e-01
  9.593000000110e+00,  5.000105500221e-01,  3.108582768224e+01,  6.433538794518e-01
  9.692999999970e+00,  4.999994635582e-01,  3.108583876871e+01,  6.434709429741e-01
  9.793000000063e+00,  4.999926686287e-01,  3.108584556363e+01,  6.437303423882e-01
  9.893000000156e+00,  4.999977946281e-01,  3.108584043764e+01,  6.398264765739e-01
  9.993000000017e+00,  4.999676346779e-01,  3.108587059759e+01,  6.411902308464e-01
  1.009300000011e+01,  5.000210404396e-01,  3.108581719182e+01,  6.427252888680e-01
  1.019299999997e+01,  5.000082254410e-01,  3.108583000682e+01,  6.402554512024e-01
  1.029300000006e+01,  5.000084042549e-01,  3.108582982801e+01,  6.416767239571e-01
  1.039300000016e+01,  5.000164508820e-01,  3.108582178138e+01,  6.407734751701e-01
  1.049300000002e+01,  5.000192523003e-01,  3.108581897996e+01,  6.408454179764e-01
  1.059300000011e+01,  5.000317692757e-01,  3.108580646299e+01,  6.386092305183e-01
  1.069299999997e+01,  4.999956786633e-01,  3.108584255360e+01,  6.395723819733e-01
  1.079300000006e+01,  5.000089406967e-01,  3.108582929157e+01,  6.402126550674e-01
  1.089300000016e+01,  4.999838769436e-01,  3.108585435532e+01,  6.372060179710e-01
  1.099300000002e+01,  5.000385046005e-01,  3.108579972766e+01,  6.359609961510e-01
  1.109300000011e+01,  5.000196695328e-01,  3.108581856273e+01,  6.382671594620e-01
  1.119299999997e+01,  5.000398159027e-01,  3.108579841636e+01,  6.380500197411e-01
  1.129300000006e+01,  5.000104904175e-01,  3.108582774185e+01,  6.383497118950e-01
  1.139300000016e+01,  5.000166893005e-01,  3.108582154296e+01,  6.391471028328e-01
  1.149300000002e+01,  5.000073909760e-01,  3.108583084129e+01,  6.378290653229e-01
  1.159300000011e+01,  4.999939799309e-01,  3.108584425233e+01,  6.375932097435e-01
  1.169299999997e+01,  4.999988675117e-01,  3.108583936475e+01,  6.361478567123e-01
  1.179300000006e+01,  5.000258684158e-01,  3.108581236385e+01,  6.383047103882e-01
  1.189300000016e+01,  5.000013113022e-01,  3.108583692096e+01,  6.344480514526e-01
  1.199300000002e+01,  5.000196695328e-01,  3.108581856273e+01,  6.371181011200e-01
  1.209300000011e+01,  4.999965727329e-01,  3.108584165953e+01,  6.377558112144e-01
  1.219299999997e+01,  4.999826848507e-01,  3.108585554741e+01,  6.356605291367e-01
  1.229300000006e+01,  5.000034570694e-01,  3.108583477519e+01,  6.366863846779e-01
  1.239300000016e+01,  5.000023245811e-01,  3.108583590768e+01,  6.339353919029e-01
  1.249300000002e+01,  4.999871551991e-01,  3.108585107706e+01,  6.384984850883e-01
  1.259300000011e+01,  5.000304579735e-01,  3.108580777429e+01,  6.353109478951e-01
  1.269299999997e+01,  4.999917447567e-01,  3.108584648751e+01,  6.357082128525e-01
  1.279300000006e+01,  4.999840259552e-01,  3.108585420631e+01,  6.331949234009e-01
  1.289300000016e+01,  5.000277161598e-01,  3.108581051610e+01,  6.348190307617e-01
  1.299300000002e+01,  4.999971389771e-01,  3.108584109329e+01,  6.352992057800e-01
  1.309300000011e+01,  4.999872744083e-01,  3.108585095785e+01,  6.321370005608e-01
  1.319299999997e+01,  5.000042915344e-01,  3.108583394073e+01,  6.335867047310e-01
  1.329300000006e+01,  5.000039935112e-01,  3.108583423875e+01,  6.335533261299e-01
  1.339300000016e+01,  5.000182390213e-01,  3.108581999324e+01,  6.322939395905e-01
  1.349300000002e+01,  5.000177025795e-01,  3.108582052968e+01,  6.301155686378e-01
  1.359300000011e+01,  5.000157356262e-01,  3.108582249664e+01,  6.322938799858e-01
  1.369299999997e+01,  5.000302791595e-01,  3.108580795310e+01,  6.304501891136e-01
  1.379300000006e+01,  5.000348091125e-01,  3.108580342315e+01,  6.316269636154e-01
  1.389300000016e+01,  5.000236630440e-01,  3.108581456922e+01,  6.337044239044e-01
  1.399300000002e+01,  5.000195503235e-01,  3.108581868194e+01,  6.320606470108e-01
  1.409300000011e+01,  4.999840855598e-01,  3.108585414670e+01,  6.298549771309e-01
  1.419299999997e+01,  5.000285506248e-01,  3.108580968164e+01,  6.314911842346e-01
  1.429300000006e+01,  5.000284314156e-01,  3.108580980085e+01,  6.309547424316e-01
  1.439300000016e+01,  5.000113844872e-01,  3.108582684778e+01,  6.318387389183e-01
  1.449300000002e+01,  4.999725818634e-01,  3.108586565040e+01,  6.307662725449e-01
  1.459300000011e+01,  5.000033378601e-01,  3.108583489440e+01,  6.304436922073e-01
  1.469299999997e+01,  4.999956786633e-01,  3.108584255360e+01,  6.299447417259e-01
  1.479300000006e+01,  5.000079870224e-01,  3.108583024524e+01,  6.313558816910e-01
  1.489300000016e+01,  5.000154972076e-01,  3.108582273506e+01,  6.297318339348e-01
  1.499300000002e+01,  4.999918043613e-01,  3.108584642790e+01,  6.308325529099e-01
  1.509300000011e+01,  4.999972879887e-01,  3.108584094427e+01,  6.291859745979e-01
  1.519299999997e+01,  5.000112652779e-01,  3.108582696699e+01,  6.303594112396e-01
  1.529300000006e+01,  4.999859333038e-01,  3.108585229896e+01,  6.291519403458e-01
  1.539300000016e+01,  5.000013113022e-01,  3.108583692096e+01,  6.300074458122e-01
  1.549300000002e+01,  5.000302195549e-01,  3.108580801271e+01,  6.297470331192e-01
  1.559300000011e+01,  5.000042319298e-01,  3.108583400033e+01,  6.301603913307e-01
  1.569299999997e+01,  5.000064969063e-01,  3.108583173536e+01,  6.268861293793e-01
  1.579300000006e+01,  4.999979734421e-01,  3.108584025882e+01,  6.282550096512e-01
  1.589300000016e+01,  4.999667108059e-01,  3.108587152146e+01,  6.292631626129e-01
  1.599300000002e+01,  5.000119805336e-01,  3.108582625173e+01,  6.270437836647e-01
  1.609300000011e+01,  5.000027418137e-01,  3.108583549045e+01,  6.270596981049e-01
  1.619299999997e+01,  5.000139474869e-01,  3.108582428478e+01,  6.288622617722e-01
  1.629300000006e+01,  5.000041723251e-01,  3.108583405994e+01,  6.294600367546e-01
  1.639300000016e+01,  5.000057816505e-01,  3.108583245061e+01,  6.286996603012e-01
  1.649300000002e+01,  5.000421404839e-01,  3.108579609178e+01,  6.277313232422e-01
  1.659300000011e+01,  4.999970197678e-01,  3.108584121250e+01,  6.278393268585e-01
  1.669299999997e+01,  5.000079274178e-01,  3.108583030485e+01,  6.290328502655e-01
  1.679300000006e+01,  4.999833106995e-01,  3.108585492156e+01,  6.269765496254e-01
  1.689300000016e+01,  5.000185966492e-01,  3.108581963561e+01,  6.280245184898e-01
  1.699300000002e+01,  5.000198483467e-01,  3.108581838392e+01,  6.269284486771e-01
  1.709300000011e+01,  5.000074505806e-01,  3.108583078168e+01,  6.253147721291e-01
  1.719299999997e+01,  5.000234842300e-01,  3.108581474803e+01,  6.288329958916e-01
  1.729300000006e+01,  5.000051259995e-01,  3.108583310626e+01,  6.263221502304e-01
  1.739300000016e+01,  4.999841749668e-01,  3.108585405730e+01,  6.272842884064e-01
  1.749300000002e+01,  4.999985396862e-01,  3.108583969258e+01,  6.224502921104e-01
  1.759300000011e+01,  5.000264644623e-01,  3.108581176780e+01,  6.255043745041e-01
  1.769299999997e+01,  5.000003576279e-01,  3.108583787464e+01,  6.252428889275e-01
  1.779300000006e+01,  5.000147819519e-01,  3.108582345031e+01,  6.269609928131e-01
  1.789300000016e+01,  5.000075101852e-01,  3.108583072208e+01,  6.259692311287e-01
  1.799300000002e+01,  4.999752938747e-01,  3.108586293839e+01,  6.241063475609e-01
  1.809300000011e+01,  5.000093579292e-01,  3.108582887433e+01,  6.258377432823e-01
  1.819299999997e+01,  4.999956786633e-01,  3.108584255360e+01,  6.238873004913e-01
  1.829300000006e+01,  5.000352263451e-01,  3.108580300592e+01,  6.257299780846e-01
  1.839300000016e+01,  5.000039339066e-01,  3.108583429836e+01,  6.247055530548e-01
  1.849300000002e+01,  4.999915361404e-01,  3.108584669612e+01,  6.252302527428e-01
  1.859300000011e+01,  4.999791383743e-01,  3.108585909389e+01,  6.262757182121e-01
  1.869299999997e+01,  4.999863207340e-01,  3.108585191153e+01,  6.226107478142e-01
  1.879300000006e+01,  5.000308156013e-01,  3.108580741666e+01,  6.244383454323e-01
  1.889300000016e+01,  4.999870955944e-01,  3.108585113667e+01,  6.228826045990e-01
  1.899300000002e+01,  4.999832212925e-01,  3.108585501097e+01,  6.231975555420e-01
  1.909300000011e+01,  4.999970793724e-01,  3.108584115289e+01,  6.263683438301e-01
  1.919299999997e+01,  4.999774098396e-01,  3.108586082242e+01,  6.229208707809e-01
  1.929300000006e+01,  4.999834001064e-01,  3.108585483216e+01,  6.223653554916e-01
  1.939300000016e+01,  4.999998509884e-01,  3.108583838127e+01,  6.234272122383e-01
  1.949300000002e+01,  5.000016689301e-01,  3.108583656333e+01,  6.222044825554e-01
  1.959300000011e+01,  4.999814927578e-01,  3.108585673951e+01,  6.237520575523e-01
  1.969299999997e+01,  5.000110864639e-01,  3.108582714580e+01,  6.215773224831e-01
  1.979300000006e+01,  4.999886453152e-01,  3.108584958695e+01,  6.204801797867e-01
  1.989300000016e+01,  4.999848008156e-01,  3.108585343145e+01,  6.236888170242e-01
  1.999300000002e+01,  5.000119805336e-01,  3.108582625173e+01,  6.227180361748e-01
  2.009300000011e+01,  4.999947249889e-01,  3.108584350727e+01,  6.231601834297e-01
  2.019299999997e+01,  4.999971091747e-01,  3.108584112309e+01,  6.215355992317e-01
  2.029300000006e+01,  4.999786019325e-01,  3.108585963033e+01,  6.213487982750e-01
  2.039300000016e+01,  5.000029206276e-01,  3.108583531164e+01,  6.180307865143e-01
  2.049300000002e+01,  5.000041723251e-01,  3.108583405994e+01,  6.200160384178e-01
  2.059300000011e+01,  5.000160932541e-01,  3.108582213901e+01,  6.220237612724e-01
  2.069299999997e+01,  4.999879896641e-01,  3.108585024260e+01,  6.194832921028e-01
  2.079300000006e+01,  5.000228881836e-01,  3.108581534408e+01,  6.176325678825e-01
  2.089300000016e+01,  5.000307559967e-01,  3.108580747627e+01,  6.196910738945e-01
  2.099300000002e+01,  5.000022053719e-01,  3.108583602689e+01,  6.194553971291e-01
  2.109300000011e+01,  5.000117421150e-01,  3.108582649015e+01,  6.220151782036e-01
  2.119299999997e+01,  4.999993741512e-01,  3.108583885811e+01,  6.181606054306e-01
  2.129300000006e+01,  5.000195503235e-01,  3.108581868194e+01,  6.176503300667e-01
  2.139300000016e+01,  5.000361204147e-01,  3.108580211185e+01,  6.183490753174e-01
  2.149300000002e+01,  4.999773800373e-01,  3.108586085223e+01,  6.178065538406e-01
  2.159300000011e+01,  4.999860227108e-01,  3.108585220955e+01,  6.170610785484e-01
  2.169299999997e+01,  5.000191330910e-01,  3.108581909917e+01,  6.184045672417e-01
  2.179300000006e+01,  4.999916553497e-01,  3.108584657691e+01,  6.191982030869e-01
  2.189300000016e+01,  5.000295639038e-01,  3.108580866836e+01,  6.201804876328e-01
  2.199300000002e+01,  4.999658167362e-01,  3.108587241553e+01,  6.183768510818e-01
  2.209300000011e+01,  5.000103712082e-01,  3.108582786106e+01,  6.174195408821e-01
  2.219299999997e+01,  5.000280737877e-01,  3.108581015848e+01,  6.177555918694e-01
  2.229300000006e+01,  4.999898374081e-01,  3.108584839486e+01,  6.176439523697e-01
  2.239300000016e+01,  4.999924600124e-01,  3.108584577225e+01,  6.163662075996e-01
  2.249300000002e+01,  4.999832510948e-01,  3.108585498117e+01,  6.182382106781e-01
  2.259300000011e+01,  4.999901652336e-01,  3.108584806703e+01,  6.173288226128e-01
  2.269299999997e+01,  4.999816119671e-01,  3.108585662030e+01,  6.180189847946e-01
  2.279300000006e+01,  4.999901056290e-01,  3.108584812663e+01,  6.207290887833e-01
  2.289300000016e+01,  4.999970495701e-01,  3.108584118269e+01,  6.185156702995e-01
  2.299300000002e+01,  4.999828040600e-01,  3.108585542820e+01,  6.187146306038e-01
  2.309300000011e+01,  4.999792575836e-01,  3.108585897468e+01,  6.162449717522e-01
  2.319299999997e+01,  4.999651014805e-01,  3.108587313078e+01,  6.164746284485e-01
  2.329300000006e+01,  4.999958872795e-01,  3.108584234498e+01,  6.186736226082e-01
  2.339300000016e+01,  4.999990463257e-01,  3.108583918594e+01,  6.165113449097e-01
  2.349300000002e+01,  4.999937415123e-01,  3.108584449075e+01,  6.165556907654e-01
  2.359300000011e+01,  4.999697804451e-01,  3.108586845182e+01,  6.178383231163e-01
  2.369299999997e+01,  4.999927878380e-01,  3.108584544443e+01,  6.144548654556e-01
  2.379300000006e+01,  4.999921321869e-01,  3.108584610008e+01,  6.136581301689e-01
  2.389300000016e+01,  5.000272989273e-01,  3.108581093334e+01,  6.165689229965e-01
  2.399300000002e+01,  4.999978542328e-01,  3.108584037803e+01,  6.158185601234e-01
  2.409300000011e+01,  4.999656081200e-01,  3.108587262414e+01,  6.173118948936e-01
  2.419299999997e+01,  5.000033378601e-01,  3.108583489440e+01,  6.162850260735e-01
  2.429300000006e+01,  4.999810159206e-01,  3.108585721634e+01,  6.168253421783e-01
  2.439300000016e+01,  5.000100135803e-01,  3.108582821868e+01,  6.156905293465e-01
  2.449300000002e+01,  5.000116825104e-01,  3.108582654975e+01,  6.114241480827e-01
  2.459300000011e+01,  5.000083446503e-01,  3.108582988761e+01,  6.150280237198e-01
  2.469299999997e+01,  5.000203847885e-01,  3.108581784747e+01,  6.112070083618e-01
  2.479300000006e+01,  5.000283122063e-01,  3.108580992006e+01,  6.142699122429e-01
  2.489300000016e+01,  5.000045299530e-01,  3.108583370231e+01,  6.152071356773e-01
  2.499300000002e+01,  4.999949336052e-01,  3.108584329866e+01,  6.135007143021e-01
  2.509300000011e+01,  5.000045895576e-01,  3.108583364271e+01,  6.168236136436e-01
  2.519299999997e+01,  5.000185370445e-01,  3.108581969522e+01,  6.135164499283e-01
  2.529300000006e+01,  5.000079870224e-01,  3.108583024524e+01,  6.139442920685e-01
  2.539300000016e+01,  5.000064373016e-01,  3.108583179496e+01,  6.125388145447e-01
  2.549300000002e+01,  4.999993443489e-01,  3.108583888791e+01,  6.118398904800e-01
  2.559300000011e+01,  5.000068545341e-01,  3.108583137773e+01,  6.132256388664e-01
  2.569299999997e+01,  4.999747574329e-01,  3.108586347483e+01,  6.114123463631e-01
  2.579300000006e+01,  4.999992847443e-01,  3.108583894752e+01,  6.140356659889e-01
  2.589300000016e+01,  5.000153183937e-01,  3.108582291387e+01,  6.131256818771e-01
  2.599300000002e+01,  4.999747872353e-01,  3.108586344503e+01,  6.135356426239e-01
  2.609300000011e+01,  5.000202059746e-01,  3.108581802629e+01,  6.142248511314e-01
  2.619299999997e+01,  5.000041723251e-01,  3.108583405994e+01,  6.115143299103e-01
  2.629300000006e+01,  5.000005364418e-01,  3.108583769582e+01,  6.130189895630e-01
  2.639300000016e+01,  4.999684691429e-01,  3.108586976312e+01,  6.108056306839e-01
  2.649300000002e+01,  4.999999403954e-01,  3.108583829187e+01,  6.114851832390e-01
  2.659300000011e+01,  4.999842941761e-01,  3.108585393809e+01,  6.134352087975e-01
  2.669299999997e+01,  5.000191330910e-01,  3.108581909917e+01,  6.129450201988e-01
  2.679300000006e+01,  4.999891221523e-01,  3.108584911011e+01,  6.126578450203e-01
  2.689300000016e+01,  5.000069141388e-01,  3.108583131812e+01,  6.126884222031e-01
  2.699300000002e+01,  5.000014305115e-01,  3.108583680175e+01,  6.109086871147e-01
  2.709300000011e+01,  4.999983012676e-01,  3.108583993100e+01,  6.099138259888e-01
  2.719299999997e+01,  5.000103712082e-01,  3.108582786106e+01,  6.124894618988e-01
  2.729300000006e+01,  4.999840259552e-01,  3.108585420631e+01,  6.111686229706e-01
  2.739300000016e+01,  4.999861717224e-01,  3.108585206054e+01,  6.087437272072e-01
  2.749300000002e+01,  4.999643266201e-01,  3.108587390564e+01,  6.107526421547e-01
  2.759300000011e+01,  4.999882280827e-01,  3.108585000418e+01,  6.102192997932e-01
  2.769299999997e+01,  5.000116229057e-01,  3.108582660936e+01,  6.106134653091e-01
  2.779300000006e+01,  5.000233650208e-01,  3.108581486724e+01,  6.099976301193e-01
  2.789300000016e+01,  4.999988377094e-01,  3.108583939455e+01,  6.122097373009e-01
  2.799300000002e+01,  4.999954104424e-01,  3.108584282182e+01,  6.088416576385e-01
  2.809300000011e+01,  4.999617934227e-01,  3.108587643884e+01,  6.091611385345e-01
  2.819299999997e+01,  5.000268816948e-01,  3.108581135057e+01,  6.092371344566e-01
  2.829300000006e+01,  5.000203251839e-01,  3.108581790708e+01,  6.115712523460e-01
  2.839300000016e+01,  5.000188946724e-01,  3.108581933759e+01,  6.108049154282e-01
  2.849300000002e+01,  5.000073313713e-01,  3.108583090089e+01,  6.114784479141e-01
  2.859300000011e+01,  5.000280141830e-01,  3.108581021808e+01,  6.112486124039e-01
  2.869299999997e+01,  5.000020265579e-01,  3.108583620571e+01,  6.101238131523e-01
  2.879300000006e+01,  5.000088810921e-01,  3.108582935117e+01,  6.115671396255e-01
  2.889300000016e+01,  4.999909996986e-01,  3.108584723256e+01,  6.090344190598e-01
  2.899300000002e+01,  4.999859035015e-01,  3.108585232876e+01,  6.111606359482e-01
  2.909300000011e+01,  4.999988675117e-01,  3.108583936475e+01,  6.099405884743e-01
  2.919299999997e+01,  4.999889135361e-01,  3.108584931873e+01,  6.105040907860e-01
  2.929300000006e+01,  4.999892711639e-01,  3.108584896110e+01,  6.098208427429e-01
  2.939300000016e+01,  5.000326037407e-01,  3.108580562852e+01,  6.104086637497e-01
  2.949300000002e+01,  5.000168085098e-01,  3.108582142375e+01,  6.131909489632e-01
  2.959300000011e+01,  5.000175237656e-01,  3.108582070850e+01,  6.126829981804e-01
  2.969299999997e+01,  4.999909996986e-01,  3.108584723256e+01,  6.121075749397e-01
  2.979300000006e+01,  5.000374317169e-01,  3.108580080055e+01,  6.107019186020e-01
  2.989300000016e+01,  5.000345110893e-01,  3.108580372117e+01,  6.103321313858e-01
  2.999300000002e+01,  4.999932646751e-01,  3.108584496759e+01,  6.117287874222e-01
  3.009300000011e+01,  4.999847412109e-01,  3.108585349105e+01,  6.065678596497e-01
  3.019299999997e+01,  5.000126957893e-01,  3.108582553647e+01,  6.105564832687e-01
  3.029300000006e+01,  4.999997019768e-01,  3.108583853029e+01,  6.077684760094e-01
  3.039300000016e+01,  4.999924898148e-01,  3.108584574245e+01,  6.101127862930e-01
  3.049300000002e+01,  4.999959170818e-01,  3.108584231518e+01,  6.069884300232e-01
  3.059300000011e+01,  4.999937713146e-01,  3.108584446095e+01,  6.108822822571e-01
  3.069299999997e+01,  5.000129342079e-01,  3.108582529806e+01,  6.078554391861e-01
  3.079300000006e+01,  4.999896287918e-01,  3.108584860347e+01,  6.079924702644e-01
  3.089300000016e+01,  4.999811947346e-01,  3.108585703753e+01,  6.101507544518e-01
  3.099300000002e+01,  4.999931752682e-01,  3.108584505700e+01,  6.094627976418e-01
  3.109300000011e+01,  4.999644756317e-01,  3.108587375663e+01,  6.088874936104e-01
  3.119299999997e+01,  4.999864995480e-01,  3.108585173272e+01,  6.071247458458e-01
  3.129300000006e+01,  5.000155568123e-01,  3.108582267545e+01,  6.096720695496e-01
  3.139300000016e+01,  5.000031590462e-01,  3.108583507322e+01,  6.076329946518e-01
  3.149300000002e+01,  5.000296831131e-01,  3.108580854915e+01,  6.073545813560e-01
  3.159300000011e+01,  4.999964833260e-01,  3.108584174894e+01,  6.075397729874e-01
  3.169299999997e+01,  5.000185966492e-01,  3.108581963561e+01,  6.088947653770e-01
  3.179300000006e+01,  5.000409483910e-01,  3.108579728387e+01,  6.077119112015e-01
  3.189300000016e+01,  5.000264644623e-01,  3.108581176780e+01,  6.079019308090e-01
  3.199300000002e+01,  5.000023841858e-01,  3.108583584808e+01,  6.071137189865e-01
  3.209300000011e+01,  5.000007152557e-01,  3.108583751701e+01,  6.054911613464e-01
  3.219299999997e+01,  5.000013113022e-01,  3.108583692096e+01,  6.073035597801e-01
  3.229300000006e+01,  5.000107288361e-01,  3.108582750343e+01,  6.062800884247e-01
  3.239300000016e+01,  4.999762773514e-01,  3.108586195491e+01,  6.032696366310e-01
  3.249300000002e+01,  4.999831020832e-01,  3.108585513018e+01,  6.067565679550e-01
  3.259300000011e+01,  4.999963343143e-01,  3.108584189795e+01,  6.040823459625e-01
  3.269299999997e+01,  5.000132322311e-01,  3.108582500003e+01,  6.096816658974e-01
  3.279300000006e+01,  4.999876022339e-01,  3.108585063003e+01,  6.048228144646e-01
  3.289300000016e+01,  4.999946355820e-01,  3.108584359668e+01,  6.057000160217e-01
  3.299300000002e+01,  5.000170469284e-01,  3.108582118533e+01,  6.064658164978e-01
  3.309300000011e+01,  4.999852478504e-01,  3.108585298441e+01,  6.049846410751e-01
  3.319299999997e+01,  5.000355243683e-01,  3.108580270789e+01,  6.081915497780e-01
  3.329300000006e+01,  4.999908208847e-01,  3.108584741138e+01,  6.062499880791e-01
  3.339300000016e+01,  4.999980628490e-01,  3.108584016941e+01,  6.056330204010e-01
  3.349300000002e+01,  4.999946355820e-01,  3.108584359668e+01,  6.045501828194e-01
  3.359300000011e+01,  5.000122189522e-01,  3.108582601331e+01,  6.038061380386e-01
  3.369299999997e+01,  4.999944269657e-01,  3.108584380530e+01,  6.052202582359e-01
  3.379300000006e+01,  5.000146627426e-01,  3.108582356952e+01,  6.013974547386e-01
  3.389300000016e+01,  5.000074505806e-01,  3.108583078168e+01,  6.060922741890e-01
  3.399300000002e+01,  5.000334978104e-01,  3.108580473445e+01,  6.051680445671e-01
  3.409300000011e+01,  5.000236630440e-01,  3.108581456922e+01,  6.070147752762e-01
  3.419299999997e+01,  4.999990165234e-01,  3.108583921574e+01,  6.061163544655e-01
  3.429300000006e+01,  5.000187158585e-01,  3.108581951640e+01,  6.049498319626e-01
  3.439300000016e+01,  4.999986290932e-01,  3.108583960317e+01,  6.048852205276e-01
  3.449300000002e+01,  4.999764561653e-01,  3.108586177610e+01,  6.046562790871e-01
  3.459300000011e+01,  4.999923408031e-01,  3.108584589146e+01,  6.060158014297e-01
  3.469299999997e+01,  4.999832808971e-01,  3.108585495137e+01,  6.053637862206e-01
  3.479300000006e+01,  4.999939501286e-01,  3.108584428213e+01,  6.039712429047e-01
  3.489300000016e+01,  5.000049471855e-01,  3.108583328508e+01,  6.043226718903e-01
  3.499300000002e+01,  4.999969303608e-01,  3.108584130190e+01,  6.046567559242e-01
  3.509300000011e+01,  4.999943077564e-01,  3.108584392451e+01,  6.048728227615e-01
  3.519299999997e+01,  5.000110864639e-01,  3.108582714580e+01,  6.049619317055e-01
  3.529300000006e+01,  4.999863803387e-01,  3.108585185192e+01,  6.039818525314e-01
  3.539300000016e+01,  4.999793171883e-01,  3.108585891508e+01,  6.038503646851e-01
  3.549300000002e+01,  4.999881386757e-01,  3.108585009359e+01,  6.051679849625e-01
  3.559300000011e+01,  4.999957978725e-01,  3.108584243439e+01,  6.015731692314e-01
  3.569299999997e+01,  4.999970197678e-01,  3.108584121250e+01,  6.026560068130e-01
  3.579300000006e+01,  5.000068545341e-01,  3.108583137773e+01,  6.029245853424e-01
  3.589300000016e+01,  4.999961555004e-01,  3.108584207676e+01,  6.031423807144e-01
  3.599300000002e+01,  5.000022649765e-01,  3.108583596729e+01,  6.015381813049e-01
  3.609300000011e+01,  5.000144839287e-01,  3.108582374833e+01,  6.026040315628e-01
  3.619299999997e+01,  5.000028014183e-01,  3.108583543084e+01,  6.044484376907e-01
  3.629300000006e+01,  5.000256299973e-01,  3.108581260227e+01,  6.036843061447e-01
  3.639300000016e+01,  5.000347495079e-01,  3.108580348276e+01,  6.035118103027e-01
  3.649300000002e+01,  4.999967217445e-01,  3.108584151052e+01,  6.018558740616e-01
  3.659300000011e+01,  5.000032186508e-01,  3.108583501361e+01,  6.016885638237e-01
  3.669299999997e+01,  4.999665617943e-01,  3.108587167047e+01,  5.994870066643e-01
  3.679300000006e+01,  4.999826550484e-01,  3.108585557721e+01,  6.007067561150e-01
  3.689300000016e+01,  5.000117421150e-01,  3.108582649015e+01,  6.004923582077e-01
  3.699300000002e+01,  5.000097751617e-01,  3.108582845710e+01,  5.996585488319e-01
  3.709300000011e+01,  5.000157356262e-01,  3.108582249664e+01,  6.038857102394e-01
  3.719299999997e+01,  5.000136494637e-01,  3.108582458280e+01,  6.009063720703e-01
  3.729300000006e+01,  5.000079870224e-01,  3.108583024524e+01,  6.032768487930e-01
  3.739300000016e+01,  4.999866783619e-01,  3.108585155390e+01,  6.010643243790e-01
  3.749300000002e+01,  4.999948740005e-01,  3.108584335826e+01,  5.996455550194e-01
  3.759300000011e+01,  4.999845027924e-01,  3.108585372947e+01,  5.990013480186e-01
  3.769299999997e+01,  5.000216364861e-01,  3.108581659578e+01,  6.011208295822e-01
  3.779300000006e+01,  4.999946653843e-01,  3.108584356688e+01,  6.019324660301e-01
  3.789300000016e+01,  4.999791979790e-01,  3.108585903428e+01,  6.014347672462e-01
  3.799300000002e+01,  4.999940991402e-01,  3.108584413312e+01,  6.011531949043e-01
  3.809300000011e+01,  5.000219941139e-01,  3.108581623815e+01,  5.987274646759e-01
  3.819299999997e+01,  4.999903440475e-01,  3.108584788822e+01,  5.993387699127e-01
  3.829300000006e+01,  5.000052452087e-01,  3.108583298705e+01,  6.021192669868e-01
  3.839300000016e+01,  4.999967813492e-01,  3.108584145091e+01,  6.024895310402e-01
  3.849300000002e+01,  5.000107288361e-01,  3.108582750343e+01,  6.018431782722e-01
  3.859300000011e+01,  5.000232458115e-01,  3.108581498645e+01,  6.017476320267e-01
  3.869299999997e+01,  4.999832510948e-01,  3.108585498117e+01,  6.019399762154e-01
  3.879300000006e+01,  4.999744296074e-01,  3.108586380266e+01,  6.007701158524e-01
  3.889300000016e+01,  4.999892413616e-01,  3.108584899090e+01,  6.012482047081e-01
  3.899300000002e+01,  4.999758303165e-01,  3.108586240195e+01,  6.037666797638e-01
  3.909300000011e+01,  5.000026226044e-01,  3.108583560966e+01,  5.998644232750e-01
  3.919299999997e+01,  5.000138282776e-01,  3.108582440399e+01,  6.014806628227e-01
  3.929300000006e+01,  4.999942183495e-01,  3.108584401391e+01,  6.011679172516e-01
  3.939300000016e+01,  4.999794363976e-01,  3.108585879587e+01,  5.991048812866e-01
  3.949300000002e+01,  4.999821782112e-01,  3.108585605405e+01,  6.012561321259e-01
  3.959300000011e+01,  4.999969303608e-01,  3.108584130190e+01,  6.004771590233e-01
  3.969299999997e+01,  5.000017285347e-01,  3.108583650373e+01,  5.993090867996e-01
  3.979300000006e+01,  5.000084042549e-01,  3.108582982801e+01,  5.995572209358e-01
  3.989300000016e+01,  4.999988973141e-01,  3.108583933495e+01,  6.001532673836e-01
  3.999300000002e+01,  5.000329017639e-01,  3.108580533050e+01,  6.016804575920e-01
  4.009300000011e+01,  4.999792873859e-01,  3.108585894488e+01,  6.004458665848e-01
  4.019299999997e+01,  4.999966025352e-01,  3.108584162973e+01,  6.005530357361e-01
  4.029300000006e+01,  4.999943375587e-01,  3.108584389470e+01,  6.003132462502e-01
  4.039300000016e+01,  5.000010132790e-01,  3.108583721898e+01,  5.999732613564e-01
  4.049300000002e+01,  5.000094175339e-01,  3.108582881473e+01,  5.986502766609e-01
  4.059300000011e+01,  4.999805986881e-01,  3.108585763358e+01,  5.994606614113e-01
  4.069299999997e+01,  5.000301003456e-01,  3.108580813192e+01,  6.001725792885e-01
  4.079300000006e+01,  5.000030994415e-01,  3.108583513282e+01,  5.998997688293e-01
  4.089300000016e+01,  5.000190138817e-01,  3.108581921838e+01,  5.997103452682e-01
  4.099300000002e+01,  5.000236630440e-01,  3.108581456922e+01,  5.985491275787e-01
  4.109300000011e+01,  5.000045895576e-01,  3.108583364271e+01,  6.003608703613e-01
  4.119299999997e+01,  5.000348687172e-01,  3.108580336355e+01,  5.994724035263e-01
  4.129300000006e+01,  5.000028014183e-01,  3.108583543084e+01,  5.990793704987e-01
  4.139300000016e+01,  5.000154972076e-01,  3.108582273506e+01,  6.003269553185e-01
  4.149300000002e+01,  5.000035762787e-01,  3.108583465598e+01,  5.981595516205e-01
  4.159300000011e+01,  5.000111460686e-01,  3.108582708619e+01,  5.985415577888e-01
  4.169299999997e+01,  5.000104308128e-01,  3.108582780145e+01,  5.971951484680e-01
  4.179300000006e+01,  4.999750256538e-01,  3.108586320661e+01,  5.992016196251e-01
  4.189300000016e+01,  4.999956190586e-01,  3.108584261320e+01,  5.985609889030e-01
  4.199300000002e+01,  4.999989271164e-01,  3.108583930515e+01,  5.971870422363e-01
  4.209300000011e+01,  4.999938905239e-01,  3.108584434174e+01,  6.002957224846e-01
  4.219299999997e+01,  4.999848902225e-01,  3.108585334204e+01,  5.984581708908e-01
  4.229300000006e+01,  5.000151991844e-01,  3.108582303308e+01,  5.993195772171e-01
  4.239300000016e+01,  4.999908208847e-01,  3.108584741138e+01,  5.972921252251e-01
  4.249300000002e+01,  4.999802410603e-01,  3.108585799120e+01,  5.971165299416e-01
  4.259300000011e+01,  5.000041723251e-01,  3.108583405994e+01,  5.982897281647e-01
  4.269299999997e+01,  5.000400543213e-01,  3.108579817794e+01,  5.962687134743e-01
  4.279300000006e+01,  4.999771118164e-01,  3.108586112045e+01,  5.968297123909e-01
  4.289300000016e+01,  4.999737441540e-01,  3.108586448811e+01,  5.953913331032e-01
  4.299300000002e+01,  5.000060200691e-01,  3.108583221219e+01,  5.954835414886e-01
  4.309300000011e+01,  4.999932646751e-01,  3.108584496759e+01,  5.958054661751e-01
  4.319299999997e+01,  4.999916553497e-01,  3.108584657691e+01,  5.963787436485e-01
  4.329300000006e+01,  5.000151395798e-01,  3.108582309268e+01,  5.972307920456e-01
  4.339300000016e+01,  5.000334382057e-01,  3.108580479406e+01,  5.959607958794e-01
  4.349300000002e+01,  5.000488162041e-01,  3.108578941606e+01,  5.966133475304e-01
  4.359300000011e+01,  5.000212788582e-01,  3.108581695341e+01,  5.969952344894e-01
  4.369299999997e+01,  4.999802112579e-01,  3.108585802101e+01,  5.959044098854e-01
  4.379300000006e+01,  4.999954104424e-01,  3.108584282182e+01,  5.962247252464e-01
  4.389300000016e+01,  5.000016093254e-01,  3.108583662294e+01,  5.962001681328e-01
  4.399300000002e+01,  5.000048279762e-01,  3.108583340429e+01,  5.938360691071e-01
  4.409300000011e+01,  5.000069737434e-01,  3.108583125852e+01,  5.944346785545e-01
  4.419299999997e+01,  5.000102519989e-01,  3.108582798026e+01,  5.971205830574e-01
  4.429300000006e+01,  4.999548494816e-01,  3.108588338278e+01,  5.963060855865e-01
  4.439300000016e+01,  4.999982714653e-01,  3.108583996080e+01,  5.965863466263e-01
  4.449300000002e+01,  5.000004768372e-01,  3.108583775543e+01,  5.956133604050e-01
  4.459300000011e+01,  4.999847114086e-01,  3.108585352085e+01,  5.934695601463e-01
  4.469299999997e+01,  5.000064373016e-01,  3.108583179496e+01,  5.969939231873e-01
  4.479300000006e+01,  5.000193715096e-01,  3.108581886075e+01,  5.983734130859e-01
  4.489300000016e+01,  5.000087022781e-01,  3.108582952999e+01,  5.958343148232e-01
  4.499300000002e+01,  5.000025033951e-01,  3.108583572887e+01,  5.945103764534e-01
  4.509300000011e+01,  5.000161528587e-01,  3.108582207940e+01,  5.955845117569e-01
  4.519299999997e+01,  5.000097155571e-01,  3.108582851671e+01,  5.932013392448e-01
  4.529300000006e+01,  5.000060796738e-01,  3.108583215259e+01,  5.944499969482e-01
  4.539300000016e+01,  5.000102519989e-01,  3.108582798026e+01,  5.951916575432e-01
  4.549300000002e+01,  5.000130534172e-01,  3.108582517885e+01,  5.952274203300e-01
  4.559300000011e+01,  4.999962747097e-01,  3.108584195755e+01,  5.944858193398e-01
  4.569299999997e+01,  4.999817609787e-01,  3.108585647128e+01,  5.954253673553e-01
  4.579300000006e+01,  4.999876916409e-01,  3.108585054062e+01,  5.947209000587e-01
  4.589300000016e+01,  4.999985098839e-01,  3.108583972238e+01,  5.927045941353e-01
  4.599300000002e+01,  5.000014305115e-01,  3.108583680175e+01,  5.948235392570e-01
  4.609300000011e+01,  5.000094771385e-01,  3.108582875512e+01,  5.928739905357e-01
  4.619299999997e+01,  5.000466704369e-01,  3.108579156183e+01,  5.936163067818e-01
  4.629300000006e+01,  4.999802112579e-01,  3.108585802101e+01,  5.929455757141e-01
  4.639300000016e+01,  4.999997019768e-01,  3.108583853029e+01,  5.918088555336e-01
  4.649300000002e+01,  5.000000000000e-01,  3.108583823226e+01,  5.912570357323e-01
  4.659300000011e+01,  4.999828338623e-01,  3.108585539840e+01,  5.917696952820e-01
  4.669299999997e+01,  5.000064969063e-01,  3.108583173536e+01,  5.925862789154e-01
  4.679300000006e+01,  5.000158548355e-01,  3.108582237743e+01,  5.915426611900e-01
  4.689300000016e+01,  5.000170469284e-01,  3.108582118533e+01,  5.930405855179e-01
  4.699300000002e+01,  4.999994039536e-01,  3.108583882831e+01,  5.931079983711e-01
  4.709300000011e+01,  5.000221133232e-01,  3.108581611894e+01,  5.916274785995e-01
  4.719299999997e+01,  5.000094771385e-01,  3.108582875512e+01,  5.929251909256e-01
  4.729300000006e+01,  4.999930560589e-01,  3.108584517620e+01,  5.953173637390e-01
  4.739300000016e+01,  5.000020861626e-01,  3.108583614610e+01,  5.927476882935e-01
  4.749300000002e+01,  4.999977946281e-01,  3.108584043764e+01,  5.916803479195e-01
  4.759300000011e+01,  4.999611973763e-01,  3.108587703489e+01,  5.920996069908e-01
  4.769299999997e+01,  4.999903142452e-01,  3.108584791802e+01,  5.909377932549e-01
  4.779300000006e+01,  4.999743998051e-01,  3.108586383246e+01,  5.939412117004e-01
  4.789300000016e+01,  5.000264644623e-01,  3.108581176780e+01,  5.935317873955e-01
  4.799300000002e+01,  5.000180602074e-01,  3.108582017206e+01,  5.923862457275e-01
  4.809300000011e+01,  4.999592900276e-01,  3.108587894224e+01,  5.914487838745e-01
  4.819299999997e+01,  4.999948143959e-01,  3.108584341787e+01,  5.914711356163e-01
  4.829300000006e+01,  4.999868273735e-01,  3.108585140489e+01,  5.940796732903e-01
  4.839300000016e+01,  4.999935626984e-01,  3.108584466956e+01,  5.924794077873e-01
  4.849300000002e+01,  5.000196695328e-01,  3.108581856273e+01,  5.917035341263e-01
  4.859300000011e+01,  5.000062584877e-01,  3.108583197378e+01,  5.920055508614e-01
  4.869299999997e+01,  5.000078082085e-01,  3.108583042405e+01,  5.932573676109e-01
  4.879300000006e+01,  5.000000596046e-01,  3.108583817266e+01,  5.943214893341e-01
  4.889300000016e+01,  5.000061392784e-01,  3.108583209298e+01,  5.924333930016e-01
  4.899300000002e+01,  5.000072717667e-01,  3.108583096050e+01,  5.951709151268e-01
  4.909300000011e+01,  4.999935925007e-01,  3.108584463976e+01,  5.937389135361e-01
  4.919299999997e+01,  4.999951720238e-01,  3.108584306024e+01,  5.958597660065e-01
  4.929300000006e+01,  4.999847710133e-01,  3.108585346125e+01,  5.926500558853e-01
  4.939300000016e+01,  4.999900460243e-01,  3.108584818624e+01,  5.926721096039e-01
  4.949300000002e+01,  4.999847114086e-01,  3.108585352085e+01,  5.946867465973e-01
  4.959300000011e+01,  5.000020861626e-01,  3.108583614610e+01,  5.921327471733e-01
  4.969299999997e+01,  4.999993145466e-01,  3.108583891772e+01,  5.932834744453e-01
  4.979300000006e+01,  4.999929964542e-01,  3.108584523581e+01,  5.909106135368e-01
  4.989300000016e+01,  4.999959468842e-01,  3.108584228538e+01,  5.915974378586e-01
  4.999300000002e+01,  5.000234842300e-01,  3.108581474803e+01,  5.925229787827e-01
  5.009300000011e+01,  5.000237822533e-01,  3.108581445001e+01,  5.931350588799e-01
  5.019299999997e+01,  4.999711811543e-01,  3.108586705111e+01,  5.889610648155e-01
  5.029300000006e+01,  5.000035166740e-01,  3.108583471559e+01,  5.912798047066e-01
  5.039300000016e+01,  4.999902248383e-01,  3.108584800743e+01,  5.879931449890e-01
  5.049300000002e+01,  5.000365972519e-01,  3.108580163501e+01,  5.891776084900e-01
  5.059300000011e+01,  4.999875128269e-01,  3.108585071944e+01,  5.910649299622e-01
  5.069299999997e+01,  5.000038743019e-01,  3.108583435796e+01,  5.907656550407e-01
  5.079300000006e+01,  4.999903142452e-01,  3.108584791802e+01,  5.925874710083e-01
  5.089300000016e+01,  5.000140070915e-01,  3.108582422517e+01,  5.887910723686e-01
  5.099300000002e+01,  5.000342726707e-01,  3.108580395959e+01,  5.882308483124e-01
  5.109300000011e+01,  4.999913275242e-01,  3.108584690474e+01,  5.885803103447e-01
  5.119299999997e+01,  5.000033378601e-01,  3.108583489440e+01,  5.917618274689e-01
  5.129300000006e+01,  5.000073313713e-01,  3.108583090089e+01,  5.911864638329e-01
  5.139300000016e+01,  5.000060200691e-01,  3.108583221219e+01,  5.871962308884e-01
  5.149300000002e+01,  4.999944269657e-01,  3.108584380530e+01,  5.896773338318e-01
  5.159300000011e+01,  4.999847114086e-01,  3.108585352085e+01,  5.878458619118e-01
  5.169299999997e+01,  5.000126361847e-01,  3.108582559608e+01,  5.886428356171e-01
  5.179300000006e+01,  5.000205039978e-01,  3.108581772827e+01,  5.894697308540e-01
  5.189300000016e+01,  4.999872148037e-01,  3.108585101746e+01,  5.892631411552e-01
  5.199300000002e+01,  4.999927282333e-01,  3.108584550403e+01,  5.891254544258e-01
  5.209300000011e+01,  5.000101923943e-01,  3.108582803987e+01,  5.876378417015e-01
  5.219299999997e+01,  4.999807178974e-01,  3.108585751437e+01,  5.870179533958e-01
  5.229300000006e+01,  5.000219941139e-01,  3.108581623815e+01,  5.883011817932e-01
  5.239300000016e+01,  5.000240206718e-01,  3.108581421159e+01,  5.881179571152e-01
  5.249300000002e+01,  4.999999105930e-01,  3.108583832167e+01,  5.886480212212e-01
  5.259300000011e+01,  4.999918937683e-01,  3.108584633849e+01,  5.870309472084e-01
  5.269299999997e+01,  4.999981820583e-01,  3.108584005020e+01,  5.866618752480e-01
  5.279300000006e+01,  5.000065565109e-01,  3.108583167575e+01,  5.868061184883e-01
  5.289300000016e+01,  4.999759793282e-01,  3.108586225294e+01,  5.887656211853e-01
  5.299300000002e+01,  4.999957084656e-01,  3.108584252380e+01,  5.893713831902e-01
  5.309300000011e+01,  4.999756217003e-01,  3.108586261056e+01,  5.877472758293e-01
  5.319299999997e+01,  5.000068545341e-01,  3.108583137773e+01,  5.873801708221e-01
  5.329300000006e+01,  5.000195503235e-01,  3.108581868194e+01,  5.875431895256e-01
  5.339300000016e+01,  4.999930262566e-01,  3.108584520601e+01,  5.872215032578e-01
  5.349300000002e+01,  4.999914169312e-01,  3.108584681533e+01,  5.867873430252e-01
  5.359300000011e+01,  5.000133514404e-01,  3.108582488082e+01,  5.866407752037e-01
  5.369299999997e+01,  5.000042319298e-01,  3.108583400033e+01,  5.878146290779e-01
  5.379300000006e+01,  5.000203251839e-01,  3.108581790708e+01,  5.872632861137e-01
  5.389300000016e+01,  4.999683201313e-01,  3.108586991213e+01,  5.877943634987e-01
  5.399300000002e+01,  5.000082850456e-01,  3.108582994722e+01,  5.852614045143e-01
  5.409300000011e+01,  4.999894499779e-01,  3.108584878229e+01,  5.866345167160e-01
  5.419299999997e+01,  4.999908804893e-01,  3.108584735177e+01,  5.879670381546e-01
  5.429300000006e+01,  4.999822974205e-01,  3.108585593484e+01,  5.873753428459e-01
  5.439300000016e+01,  5.000158548355e-01,  3.108582237743e+01,  5.876420736313e-01
  5.449300000002e+01,  4.999702870846e-01,  3.108586794518e+01,  5.844875574112e-01
  5.459300000011e+01,  4.999870657921e-01,  3.108585116647e+01,  5.871633291245e-01
  5.469299999997e+01,  5.000046491623e-01,  3.108583358310e+01,  5.868157744408e-01
  5.479300000006e+01,  5.000098943710e-01,  3.108582833789e+01,  5.865777730942e-01
  5.489300000016e+01,  5.000206828117e-01,  3.108581754945e+01,  5.856112837791e-01
  5.499300000002e+01,  5.000050663948e-01,  3.108583316587e+01,  5.878490805626e-01
  5.509300000011e+01,  5.000185370445e-01,  3.108581969522e+01,  5.845237970352e-01
  5.519299999997e+01,  4.999884366989e-01,  3.108584979556e+01,  5.864583849907e-01
  5.529300000006e+01,  5.000189542770e-01,  3.108581927799e+01,  5.850157141685e-01
  5.539300000016e+01,  5.000051259995e-01,  3.108583310626e+01,  5.864824652672e-01
  5.549300000002e+01,  5.000021457672e-01,  3.108583608650e+01,  5.839847922325e-01
  5.559300000011e+01,  4.999766349792e-01,  3.108586159728e+01,  5.837239027023e-01
  5.569299999997e+01,  4.999614059925e-01,  3.108587682627e+01,  5.877751708031e-01
  5.579300000006e+01,  4.999972581863e-01,  3.108584097408e+01,  5.849197506905e-01
  5.589300000016e+01,  4.999659657478e-01,  3.108587226652e+01,  5.844234228134e-01
  5.599300000002e+01,  5.000030398369e-01,  3.108583519243e+01,  5.848427414894e-01
  5.609300000011e+01,  5.000022649765e-01,  3.108583596729e+01,  5.867107510567e-01
  5.619299999997e+01,  5.000231266022e-01,  3.108581510566e+01,  5.881617665291e-01
  5.629300000006e+01,  4.999890029430e-01,  3.108584922932e+01,  5.857180953026e-01
  5.639300000016e+01,  4.999628365040e-01,  3.108587539576e+01,  5.873394012451e-01
  5.649300000002e+01,  5.000053048134e-01,  3.108583292745e+01,  5.853568911552e-01
  5.659300000011e+01,  4.999542236328e-01,  3.108588400863e+01,  5.881031155586e-01
  5.669299999997e+01,  5.000274777412e-01,  3.108581075452e+01,  5.850261449814e-01
  5.679300000006e+01,  4.999908506870e-01,  3.108584738158e+01,  5.850199460983e-01
  5.689300000016e+01,  5.000094771385e-01,  3.108582875512e+01,  5.864390730858e-01
  5.699300000002e+01,  5.000128746033e-01,  3.108582535766e+01,  5.854275226593e-01
  5.709300000011e+01,  5.000118017197e-01,  3.108582643054e+01,  5.876618623734e-01
  5.719299999997e+01,  5.000061988831e-01,  3.108583203338e+01,  5.868489146233e-01
  5.729300000006e+01,  5.000134110451e-01,  3.108582482122e+01,  5.868082642555e-01
  5.739300000016e+01,  5.000089406967e-01,  3.108582929157e+01,  5.858952999115e-01
  5.749300000002e+01,  5.000008344650e-01,  3.108583739780e+01,  5.865557789803e-01
  5.759300000011e+01,  4.999749064445e-01,  3.108586332582e+01,  5.866633057594e-01
  5.769299999997e+01,  5.000011324883e-01,  3.108583709978e+01,  5.865097045898e-01
  5.779300000006e+01,  5.000168085098e-01,  3.108582142375e+01,  5.850429534912e-01
  5.789300000016e+01,  5.000070929527e-01,  3.108583113931e+01,  5.853949189186e-01
  5.799300000002e+01,  4.999953508377e-01,  3.108584288143e+01,  5.848888754845e-01
  5.809300000011e+01,  4.999806582928e-01,  3.108585757397e+01,  5.827205777168e-01
  5.819299999997e+01,  5.000067949295e-01,  3.108583143733e+01,  5.842422246933e-01
  5.829300000006e+01,  4.999870061874e-01,  3.108585122608e+01,  5.832197070122e-01
  5.839300000016e+01,  4.999969899654e-01,  3.108584124230e+01,  5.825685858727e-01
  5.849300000002e+01,  5.000041723251e-01,  3.108583405994e+01,  5.880481600761e-01
  5.859300000011e+01,  5.000074505806e-01,  3.108583078168e+01,  5.831222534180e-01
  5.869299999997e+01,  5.000203251839e-01,  3.108581790708e+01,  5.844281315804e-01
  5.879300000006e+01,  4.999916851521e-01,  3.108584654711e+01,  5.859998464584e-01
  5.889300000016e+01,  4.999683499336e-01,  3.108586988233e+01,  5.852888822556e-01
  5.899300000002e+01,  5.000022649765e-01,  3.108583596729e+01,  5.844374299049e-01
  5.909300000011e+01,  4.999968707561e-01,  3.108584136151e+01,  5.840758085251e-01
  5.919299999997e+01,  4.999947249889e-01,  3.108584350727e+01,  5.871885418892e-01
  5.929300000006e+01,  5.000213980675e-01,  3.108581683420e+01,  5.858427882195e-01
  5.939300000016e+01,  4.999845027924e-01,  3.108585372947e+01,  5.847443938255e-01
  5.949300000002e+01,  4.999807775021e-01,  3.108585745476e+01,  5.846580266953e-01
  5.959300000011e+01,  4.999962747097e-01,  3.108584195755e+01,  5.824216008186e-01
  5.969299999997e+01,  4.999821484089e-01,  3.108585608385e+01,  5.855191946030e-01
  5.979300000006e+01,  4.999850392342e-01,  3.108585319303e+01,  5.843321681023e-01
  5.989300000016e+01,  4.999913275242e-01,  3.108584690474e+01,  5.881703495979e-01
  5.999300000002e+01,  5.000259280205e-01,  3.108581230424e+01,  5.811262130737e-01
  6.009300000011e+01,  5.000051259995e-01,  3.108583310626e+01,  5.847730040550e-01
  6.019299999997e+01,  4.999926090240e-01,  3.108584562324e+01,  5.809592008591e-01
  6.029300000006e+01,  4.999987781048e-01,  3.108583945416e+01,  5.836022496223e-01
  6.039300000016e+01,  5.000063776970e-01,  3.108583185457e+01,  5.826092362404e-01
  6.049300000002e+01,  4.999715983868e-01,  3.108586663388e+01,  5.807318091393e-01
  6.059300000011e+01,  4.999984502792e-01,  3.108583978198e+01,  5.825057029724e-01
  6.069299999997e+01,  5.000291466713e-01,  3.108580908559e+01,  5.805242061615e-01
  6.079300000006e+01,  4.999980628490e-01,  3.108584016941e+01,  5.827555656433e-01
  6.089300000016e+01,  5.000237822533e-01,  3.108581445001e+01,  5.799160599709e-01
  6.099300000002e+01,  4.999901652336e-01,  3.108584806703e+01,  5.837762951851e-01
  6.109300000011e+01,  5.000135898590e-01,  3.108582464240e+01,  5.837321877480e-01
  6.111400000006e+01,  5.000073909760e-01,  3.108583084129e+01,  5.839138627052e-01
  6.111499999999e+01,  5.000039935112e-01,  3.108583423875e+01,  5.839810967445e-01
  6.111800000002e+01,  5.000031590462e-01,  3.108583507322e+01,  5.843492150307e-01
  6.121800000011e+01,  4.997781217098e-01,  3.108606011055e+01,  5.833498835564e-01
  6.128750000009e+01,  4.897584021091e-01,  3.109607983015e+01,  5.801738500595e-01
  6.130949999997e+01,  4.794215261936e-01,  3.110641670607e+01,  5.521901845932e-01
  6.132000000007e+01,  4.690836966038e-01,  3.111675453566e+01,  5.267442464828e-01
  6.132750000013e+01,  4.587534964085e-01,  3.112708473585e+01,  5.217698812485e-01
  6.133400000003e+01,  4.486559927464e-01,  3.113718223952e+01,  5.113672018051e-01
  6.134050000017e+01,  4.379023611546e-01,  3.114793587111e+01,  4.961236715317e-01
  6.134650000022e+01,  4.275969266891e-01,  3.115824130557e+01,  4.835049510002e-01
  6.135250000004e+01,  4.172171354294e-01,  3.116862109683e+01,  4.699818491936e-01
  6.135850000009e+01,  4.071120023727e-01,  3.117872622989e+01,  4.581944346428e-01
  6.136499999999e+01,  3.968275785446e-01,  3.118901065372e+01,  4.486138224602e-01
  6.137250000006e+01,  3.863333463669e-01,  3.119950488590e+01,  4.216591715813e-01
  6.138049999997e+01,  3.757475614548e-01,  3.121009067081e+01,  3.915078043938e-01
  6.138800000004e+01,  3.655928373337e-01,  3.122024539493e+01,  3.731514811516e-01
  6.139550000010e+01,  3.551253080368e-01,  3.123071292423e+01,  3.498284220695e-01
  6.140250000008e+01,  3.448065519333e-01,  3.124103168033e+01,  3.340889811516e-01
  6.140950000007e+01,  3.342627286911e-01,  3.125157550357e+01,  3.240525126457e-01
  6.141650000005e+01,  3.240431547165e-01,  3.126179507755e+01,  3.130165934563e-01
  6.142400000012e+01,  3.140066862106e-01,  3.127183154605e+01,  2.992569804192e-01
  6.143299999996e+01,  3.035506010056e-01,  3.128228763126e+01,  2.803665995598e-01
  6.144350000005e+01,  2.931288480759e-01,  3.129270938419e+01,  2.612187266350e-01
  6.145600000001e+01,  2.828100919724e-01,  3.130302814029e+01,  2.375389784575e-01
  6.146849999996e+01,  2.728079557419e-01,  3.131303027652e+01,  2.124993056059e-01
  6.147950000013e+01,  2.627733945847e-01,  3.132306483768e+01,  1.978737562895e-01
  6.148950000014e+01,  2.526530027390e-01,  3.133318522952e+01,  1.844422072172e-01
  6.149900000007e+01,  2.425669431686e-01,  3.134327128909e+01,  1.727883070707e-01
  6.150850000000e+01,  2.325304746628e-01,  3.135330775760e+01,  1.592957228422e-01
  6.151850000001e+01,  2.223528623581e-01,  3.136348536991e+01,  1.426331251860e-01
  6.152900000010e+01,  2.120493650436e-01,  3.137378886722e+01,  1.261345595121e-01
  6.153949999996e+01,  2.019079923630e-01,  3.138393023990e+01,  1.103760451078e-01
  6.155000000005e+01,  1.916712522507e-01,  3.139416698001e+01,  9.605567157269e-02
  6.156050000014e+01,  1.812952756882e-01,  3.140454295658e+01,  8.345191180706e-02
  6.157050000015e+01,  1.712855100632e-01,  3.141455272220e+01,  7.199446856976e-02
  6.158100000001e+01,  1.608103513718e-01,  3.142502788089e+01,  5.844084918499e-02
  6.159150000010e+01,  1.504038572311e-01,  3.143543437503e+01,  4.420058429241e-02
  6.160150000011e+01,  1.403823494911e-01,  3.144545588277e+01,  3.077192790806e-02
  6.161150000012e+01,  1.300483345985e-01,  3.145578989766e+01,  1.793547160923e-02
  6.162100000004e+01,  1.199012398720e-01,  3.146593699239e+01,  7.559494581074e-03
  6.163049999997e+01,  1.095672249794e-01,  3.147627100728e+01, -5.273383430904e-05
  6.164000000013e+01,  9.932857751846e-02,  3.148650965474e+01, -7.119460497051e-03
  6.165000000014e+01,  8.896023035049e-02,  3.149687800191e+01, -1.506356801838e-02
  6.166050000000e+01,  7.862812280655e-02,  3.150721010946e+01, -2.472428791225e-02
  6.167100000009e+01,  6.858593225479e-02,  3.151725230001e+01, -3.394632041454e-02
  6.168150000018e+01,  5.841785669327e-02,  3.152742037557e+01, -3.866676986217e-02
  6.169200000004e+01,  4.794269800186e-02,  3.153789553426e+01, -3.530423343182e-02
  6.170200000005e+01,  3.786045312881e-02,  3.154797777913e+01, -2.844349853694e-02
  6.171250000014e+01,  2.772289514542e-02,  3.155811533712e+01, -1.843182556331e-02
  6.172450000001e+01,  1.763683557510e-02,  3.156820139669e+01, -8.216067217290e-03
  6.174150000000e+01,  7.434427738190e-03,  3.157840380453e+01, -6.241782102734e-03
  6.175699999998e+01,  2.087175846100e-03,  3.158375105642e+01, -1.003001537174e-02
  6.175800000015e+01,  1.848280313425e-03,  3.158398995195e+01, -1.041053142399e-02
  6.176600000006e+01,  2.771018771455e-04,  3.158556113039e+01, -1.302455272526e-02
  6.176900000009e+01, -1.801849575713e-04,  3.158601841722e+01, -1.391576137394e-02
  6.202600000007e+01, -2.230761107057e-03,  3.158806899337e+01, -1.611424982548e-02
  6.202700000000e+01, -2.224066760391e-03,  3.158806229902e+01, -1.604689657688e-02
