           Test time,     Standard travel,     Tool separation,      Standard force
                 0.0,                 0.0,  3.123573714006e+01, -5.737134721130e-03
                 0.0,                 0.0,  3.123573824275e+01, -5.551168229431e-03
                 0.0,                 0.0,  3.123572547245e+01, -4.919060971588e-03
                 0.0,                 0.0,  3.123571985844e+01, -5.001650657505e-03
                 0.0,                 0.0,  3.123571501556e+01, -4.991108085960e-03
                 0.0,                 0.0,  3.126635950776e+01, -5.637127906084e-03
  0.000000000000e+00,  0.000000000000e+00,  3.126636103051e+01, -5.157906562090e-03
  7.999999914318e-03,  8.742499630898e-07,  3.126636015627e+01, -4.706609994173e-03
  1.099999994040e-02, -2.634973498061e-06,  3.126636366549e+01, -4.884053021669e-03
  1.300000003539e-02,  6.069603841752e-07,  3.126636042355e+01, -4.673052579165e-03
  1.399999996647e-02, -4.042201908305e-06,  3.126636507272e+01, -4.474211484194e-03
  1.140000000596e-01,  1.162200351246e-05,  3.126634940851e+01, -4.475781228393e-03
  2.139999999199e-01,  2.506348573661e-05,  3.126633596703e+01, -5.061011761427e-03
  3.140000000130e-01, -1.225001142302e-05,  3.126637328053e+01, -3.139766398817e-03
  4.140000001062e-01,  2.570945980551e-05,  3.126633532106e+01, -2.103558043018e-03
  5.139999999665e-01,  7.579278317280e-04,  3.126560310268e+01, -5.163288209587e-03
  5.709999999963e-01,  1.075911056250e-02,  3.125560191995e+01,  1.935401465744e-03
  5.904999999329e-01,  2.092527784407e-02,  3.124543575267e+01,  2.222386933863e-02
  6.004999999423e-01,  3.096174634993e-02,  3.123539928417e+01,  3.864303976297e-02
  6.080000000075e-01,  4.121565446258e-02,  3.122514537605e+01,  3.550425916910e-02
  6.149999999907e-01,  5.201124772429e-02,  3.121434978279e+01,  3.936330229044e-02
  6.214999998920e-01,  6.271528452635e-02,  3.120364574599e+01,  4.482213407755e-02
  6.274999999441e-01,  7.290815562010e-02,  3.119345287489e+01,  4.921666532755e-02
  6.334999999963e-01,  8.317350596189e-02,  3.118318752455e+01,  5.685559660196e-02
  6.395000000484e-01,  9.325575083494e-02,  3.117310527968e+01,  6.285039335489e-02
  6.459999999497e-01,  1.036126539111e-01,  3.116274837660e+01,  6.181529909372e-02
  6.535000000149e-01,  1.140954419971e-01,  3.115226558852e+01,  8.001521974802e-02
  6.614999999292e-01,  1.241967603564e-01,  3.114216427016e+01,  1.011639013886e-01
  6.699999999255e-01,  1.345727443695e-01,  3.113178828615e+01,  1.178074255586e-01
  6.784999999218e-01,  1.449182033539e-01,  3.112144282716e+01,  1.307621449232e-01
  6.869999999180e-01,  1.551988124847e-01,  3.111116221803e+01,  1.479549854994e-01
  6.950000000652e-01,  1.652123928070e-01,  3.110114863771e+01,  1.666088551283e-01
  7.024999998976e-01,  1.753479689360e-01,  3.109101306158e+01,  1.796966046095e-01
  7.095000001136e-01,  1.853501051664e-01,  3.108101092535e+01,  1.847758740187e-01
  7.169999999460e-01,  1.959778517485e-01,  3.107038317877e+01,  1.936717480421e-01
  7.245000000112e-01,  2.060372084379e-01,  3.106032382208e+01,  2.060962170362e-01
  7.330000000075e-01,  2.165734022856e-01,  3.104978762823e+01,  2.181010693312e-01
  7.424999999348e-01,  2.268807142973e-01,  3.103948031622e+01,  2.255645245314e-01
  7.549999998882e-01,  2.372013777494e-01,  3.102915965277e+01,  2.467666119337e-01
  7.694999999367e-01,  2.473961561918e-01,  3.101896487432e+01,  2.750869095325e-01
  7.819999998901e-01,  2.577072978020e-01,  3.100865373271e+01,  2.915244400501e-01
  7.924999999814e-01,  2.678677439690e-01,  3.099849328655e+01,  3.058371841908e-01
  8.019999999087e-01,  2.780186533928e-01,  3.098834237712e+01,  3.174834549427e-01
  8.115000000689e-01,  2.884976267815e-01,  3.097786340373e+01,  3.285270035267e-01
  8.209999999963e-01,  2.987744212151e-01,  3.096758660930e+01,  3.407607376575e-01
  8.310000000056e-01,  3.089901804924e-01,  3.095737085002e+01,  3.547034561634e-01
  8.419999999460e-01,  3.194195628166e-01,  3.094694146770e+01,  3.697715103626e-01
  8.534999999683e-01,  3.295056223869e-01,  3.093685540813e+01,  3.878455460072e-01
  8.655000000726e-01,  3.396870493889e-01,  3.092667398113e+01,  4.067702591419e-01
  8.774999999441e-01,  3.500973582268e-01,  3.091626367229e+01,  4.254699051380e-01
  8.885000001173e-01,  3.603989481926e-01,  3.090596208232e+01,  4.418425858021e-01
  8.984999998938e-01,  3.706108927727e-01,  3.089575013774e+01,  4.599776566029e-01
  9.074999999721e-01,  3.807465434074e-01,  3.088561448711e+01,  4.734549820423e-01
  9.159999999683e-01,  3.909050822258e-01,  3.087545594829e+01,  4.875502884388e-01
  9.244999999646e-01,  4.013573527336e-01,  3.086500367778e+01,  4.988303482533e-01
  9.329999999609e-01,  4.116265177727e-01,  3.085473451274e+01,  5.121818184853e-01
  9.420000000391e-01,  4.219338297844e-01,  3.084442720073e+01,  5.267768502235e-01
  9.514999999665e-01,  4.319371879101e-01,  3.083442384260e+01,  5.414028167725e-01
  9.620000000577e-01,  4.420613944530e-01,  3.082429963606e+01,  5.616779327393e-01
  9.729999999981e-01,  4.523076713085e-01,  3.081405335921e+01,  5.824565887451e-01
  9.835000000894e-01,  4.623441398144e-01,  3.080401689070e+01,  6.002140045166e-01
  9.939999999478e-01,  4.728307425976e-01,  3.079353028792e+01,  6.157970428467e-01
  1.003999999957e+00,  4.829854667187e-01,  3.078337556380e+01,  6.302509307861e-01
  1.013999999966e+00,  4.930295646191e-01,  3.077333146590e+01,  6.434154510498e-01
  1.024500000058e+00,  5.031232237816e-01,  3.076323780673e+01,  6.614856719971e-01
  1.035499999998e+00,  5.135754942894e-01,  3.075278553623e+01,  6.801929473877e-01
  1.046000000089e+00,  5.237740874290e-01,  3.074258694309e+01,  7.003879547119e-01
  1.056000000099e+00,  5.338868498802e-01,  3.073247418063e+01,  7.150516510010e-01
  1.066000000108e+00,  5.440759062767e-01,  3.072228512424e+01,  7.325038909912e-01
  1.076000000117e+00,  5.542268157005e-01,  3.071213421481e+01,  7.475223541260e-01
  1.086499999976e+00,  5.646046996117e-01,  3.070175633090e+01,  7.667789459229e-01
  1.097000000067e+00,  5.747441649437e-01,  3.069161686557e+01,  7.836322784424e-01
  1.107499999925e+00,  5.848092436790e-01,  3.068155178684e+01,  8.025531768799e-01
  1.118000000017e+00,  5.951108336449e-01,  3.067125019687e+01,  8.195896148682e-01
  1.128000000026e+00,  6.051587462425e-01,  3.066120228427e+01,  8.346500396729e-01
  1.138000000035e+00,  6.152371764183e-01,  3.065112385410e+01,  8.503055572510e-01
  1.148000000045e+00,  6.253003478050e-01,  3.064106068271e+01,  8.685894012451e-01
  1.158000000054e+00,  6.354169249535e-01,  3.063094410556e+01,  8.857555389404e-01
  1.168000000063e+00,  6.454953551292e-01,  3.062086567539e+01,  9.024333953857e-01
  1.178499999922e+00,  6.559934020042e-01,  3.061036762851e+01,  9.214382171631e-01
  1.189000000013e+00,  6.664418578148e-01,  3.059991917270e+01,  9.395885467529e-01
  1.199500000104e+00,  6.768407225609e-01,  3.058952030795e+01,  9.574909210205e-01
  1.209999999963e+00,  6.871392130852e-01,  3.057922181743e+01,  9.771955013275e-01
  1.220500000054e+00,  6.975342631340e-01,  3.056882676738e+01,  9.971349239349e-01
  1.230500000063e+00,  7.075859904289e-01,  3.055877504009e+01,  1.014148473740e+00
  1.240500000073e+00,  7.176949381828e-01,  3.054866609233e+01,  1.030719518661e+00
  1.250500000082e+00,  7.277924418449e-01,  3.053856858867e+01,  1.048141241074e+00
  1.260500000091e+00,  7.378708720207e-01,  3.052849015849e+01,  1.064922094345e+00
  1.270500000101e+00,  7.479225993156e-01,  3.051843843120e+01,  1.082843542099e+00
  1.280500000110e+00,  7.579819560051e-01,  3.050837907451e+01,  1.101329565048e+00
  1.290500000119e+00,  7.680756449699e-01,  3.049828538555e+01,  1.119117498398e+00
  1.300499999896e+00,  7.781197428703e-01,  3.048824128764e+01,  1.135326147079e+00
  1.310999999987e+00,  7.884957194328e-01,  3.047786531108e+01,  1.153468847275e+00
  1.321500000078e+00,  7.987896800041e-01,  3.046757135051e+01,  1.172008275986e+00
  1.331999999937e+00,  8.091160655022e-01,  3.045724496501e+01,  1.189643621445e+00
  1.342500000028e+00,  8.195416331291e-01,  3.044681939739e+01,  1.209918737411e+00
  1.352500000037e+00,  8.296048045158e-01,  3.043675622600e+01,  1.228202581406e+00
  1.362500000047e+00,  8.397099375725e-01,  3.042665109294e+01,  1.246410131454e+00
  1.372500000056e+00,  8.497578501701e-01,  3.041660318034e+01,  1.264934301376e+00
  1.382999999914e+00,  8.601796030998e-01,  3.040618142742e+01,  1.284030675888e+00
  1.393500000006e+00,  8.704525828362e-01,  3.039590844768e+01,  1.302638769150e+00
  1.404000000097e+00,  8.806950449944e-01,  3.038566598552e+01,  1.321700811386e+00
  1.414499999955e+00,  8.911282420158e-01,  3.037523278850e+01,  1.342681646347e+00
  1.424499999965e+00,  9.012905955315e-01,  3.036507043498e+01,  1.359550237656e+00
  1.434499999974e+00,  9.115445017815e-01,  3.035481652873e+01,  1.377940893173e+00
  1.444499999983e+00,  9.218403697014e-01,  3.034452066081e+01,  1.395351171494e+00
  1.454499999993e+00,  9.320166707039e-01,  3.033434435981e+01,  1.413771629333e+00
  1.465000000084e+00,  9.424384236336e-01,  3.032392260688e+01,  1.431857109070e+00
  1.475499999942e+00,  9.526923298836e-01,  3.031366870063e+01,  1.454180717468e+00
  1.486000000034e+00,  9.630988240242e-01,  3.030326220649e+01,  1.472887992859e+00
  1.496000000043e+00,  9.731238484383e-01,  3.029323718208e+01,  1.490767478943e+00
  1.506000000052e+00,  9.831870198250e-01,  3.028317401069e+01,  1.508551597595e+00
  1.516000000061e+00,  9.932616353035e-01,  3.027309939521e+01,  1.526167869568e+00
  1.526499999920e+00,  1.003736853600e+00,  3.026262417692e+01,  1.544032096863e+00
  1.537000000011e+00,  1.014070868492e+00,  3.025229016202e+01,  1.565199851990e+00
  1.547500000102e+00,  1.024496436119e+00,  3.024186459440e+01,  1.585001945496e+00
  1.557500000112e+00,  1.034616827965e+00,  3.023174420255e+01,  1.602923393250e+00
  1.567499999888e+00,  1.044847846031e+00,  3.022151318448e+01,  1.619956016541e+00
  1.577499999898e+00,  1.055059790611e+00,  3.021130123990e+01,  1.638319969177e+00
  1.587499999907e+00,  1.065092444420e+00,  3.020126858610e+01,  1.655943870544e+00
  1.597999999998e+00,  1.075361609459e+00,  3.019099942106e+01,  1.675463676453e+00
  1.608500000089e+00,  1.085531592369e+00,  3.018082943815e+01,  1.696455955505e+00
  1.618999999948e+00,  1.095814108849e+00,  3.017054692167e+01,  1.715620994568e+00
  1.629500000039e+00,  1.106304526329e+00,  3.016005650419e+01,  1.733580589294e+00
  1.639500000048e+00,  1.116421103477e+00,  3.014993992704e+01,  1.751669883728e+00
  1.649500000058e+00,  1.126572012901e+00,  3.013978901761e+01,  1.770209312439e+00
  1.659500000067e+00,  1.136673331261e+00,  3.012968769925e+01,  1.788046836853e+00
  1.669999999925e+00,  1.147159934044e+00,  3.011920109647e+01,  1.807261466980e+00
  1.680500000017e+00,  1.157577872276e+00,  3.010878315824e+01,  1.826540946960e+00
  1.691000000108e+00,  1.168007254601e+00,  3.009835377591e+01,  1.845416069031e+00
  1.701499999966e+00,  1.178478598595e+00,  3.008788243192e+01,  1.863165855408e+00
  1.712000000058e+00,  1.188916802406e+00,  3.007744422811e+01,  1.882394552231e+00
  1.722499999916e+00,  1.199285149574e+00,  3.006707588094e+01,  1.901811361313e+00
  1.733000000007e+00,  1.209680199623e+00,  3.005668083089e+01,  1.921304464340e+00
  1.743000000017e+00,  1.219770073891e+00,  3.004659095662e+01,  1.939134359360e+00
  1.753000000026e+00,  1.230062127113e+00,  3.003629890340e+01,  1.955987691879e+00
  1.763000000035e+00,  1.240430474281e+00,  3.002593055623e+01,  1.972692251205e+00
  1.773000000045e+00,  1.250711083412e+00,  3.001564994710e+01,  1.991140127182e+00
  1.783000000054e+00,  1.260881066322e+00,  3.000547996419e+01,  2.009309530258e+00
  1.793499999912e+00,  1.271367669106e+00,  2.999499336141e+01,  2.027635335922e+00
  1.804000000004e+00,  1.281720757484e+00,  2.998464027303e+01,  2.047349691391e+00
  1.814500000095e+00,  1.292176842690e+00,  2.997418418783e+01,  2.065030813217e+00
  1.824500000104e+00,  1.302312493324e+00,  2.996404853719e+01,  2.081994771957e+00
  1.834500000114e+00,  1.312493920326e+00,  2.995386711019e+01,  2.100072622299e+00
  1.844499999890e+00,  1.322644829750e+00,  2.994371620076e+01,  2.119447469711e+00
  1.854499999899e+00,  1.332727074623e+00,  2.993363395589e+01,  2.138868093491e+00
  1.864999999991e+00,  1.343175530434e+00,  2.992318550008e+01,  2.159291982651e+00
  1.875500000082e+00,  1.353654503822e+00,  2.991270652669e+01,  2.179235219955e+00
  1.885500000091e+00,  1.363816857338e+00,  2.990254417318e+01,  2.196950674057e+00
  1.895500000101e+00,  1.374063134193e+00,  2.989229789632e+01,  2.212465047836e+00
  1.905500000110e+00,  1.384191155434e+00,  2.988216987508e+01,  2.230577230453e+00
  1.915500000119e+00,  1.394197106361e+00,  2.987216392415e+01,  2.250051259995e+00
  1.925999999978e+00,  1.404538750648e+00,  2.986182227987e+01,  2.269784688950e+00
  1.936500000069e+00,  1.414739251137e+00,  2.985162177938e+01,  2.290750265121e+00
  1.946999999927e+00,  1.425021767616e+00,  2.984133926290e+01,  2.311383962631e+00
  1.957500000019e+00,  1.435495018959e+00,  2.983086601156e+01,  2.330877542496e+00
  1.967500000028e+00,  1.445619225502e+00,  2.982074180501e+01,  2.348604440689e+00
  1.977500000037e+00,  1.455751061440e+00,  2.981060996908e+01,  2.367719888687e+00
  1.987500000047e+00,  1.465802788734e+00,  2.980055824178e+01,  2.385633707047e+00
  1.997999999905e+00,  1.476243615150e+00,  2.979011741536e+01,  2.405950784683e+00
  2.008499999996e+00,  1.486615777016e+00,  2.977974525350e+01,  2.424986124039e+00
  2.019000000088e+00,  1.496991753578e+00,  2.976936927694e+01,  2.445913553238e+00
  2.029000000097e+00,  1.507054924965e+00,  2.975930610555e+01,  2.465223550797e+00
  2.039000000106e+00,  1.517240166664e+00,  2.974912086385e+01,  2.484079599380e+00
  2.049000000115e+00,  1.527410149574e+00,  2.973895088094e+01,  2.502908945084e+00
  2.058999999892e+00,  1.537480950356e+00,  2.972888008016e+01,  2.521925210953e+00
  2.069499999983e+00,  1.547898888588e+00,  2.971846214193e+01,  2.541750192642e+00
  2.080000000075e+00,  1.558217644691e+00,  2.970814338582e+01,  2.562124490738e+00
  2.090499999933e+00,  1.568624138832e+00,  2.969773689168e+01,  2.582990884781e+00
  2.100499999942e+00,  1.578691124916e+00,  2.968766990560e+01,  2.602079629898e+00
  2.110499999952e+00,  1.588861107826e+00,  2.967749992269e+01,  2.621500253677e+00
  2.120499999961e+00,  1.599031090736e+00,  2.966732993978e+01,  2.639330148697e+00
  2.130499999970e+00,  1.609059929848e+00,  2.965730110067e+01,  2.658712625504e+00
  2.141000000061e+00,  1.619451165199e+00,  2.964690986532e+01,  2.678331613541e+00
  2.151499999920e+00,  1.629804253578e+00,  2.963655677694e+01,  2.700353860855e+00
  2.162000000011e+00,  1.640298485756e+00,  2.962606254476e+01,  2.721006631851e+00
  2.172000000020e+00,  1.650434136391e+00,  2.961592689412e+01,  2.740228891373e+00
  2.182000000030e+00,  1.660565972328e+00,  2.960579505819e+01,  2.760286569595e+00
  2.192000000039e+00,  1.670640587807e+00,  2.959572044271e+01,  2.780599832535e+00
  2.202000000048e+00,  1.680680871010e+00,  2.958568015951e+01,  2.800939798355e+00
  2.212000000058e+00,  1.690716028214e+00,  2.957564500230e+01,  2.820025920868e+00
  2.222000000067e+00,  1.700721979141e+00,  2.956563905137e+01,  2.839519023895e+00
  2.232000000076e+00,  1.710762262344e+00,  2.955559876817e+01,  2.858233928680e+00
  2.242000000086e+00,  1.720791101456e+00,  2.954556992906e+01,  2.878070354462e+00
  2.252499999944e+00,  1.731281518936e+00,  2.953507951158e+01,  2.897181987762e+00
  2.263000000035e+00,  1.741695642471e+00,  2.952466538804e+01,  2.919387340546e+00
  2.273499999894e+00,  1.752193689346e+00,  2.951416734117e+01,  2.940726757050e+00
  2.283499999903e+00,  1.762256860733e+00,  2.950410416978e+01,  2.961207866669e+00
  2.293499999912e+00,  1.772289514542e+00,  2.949407151597e+01,  2.980144023895e+00
  2.304000000004e+00,  1.782703638077e+00,  2.948365739244e+01,  3.001536846161e+00
  2.314500000095e+00,  1.793045282364e+00,  2.947331574815e+01,  3.022807598114e+00
  2.324999999953e+00,  1.803436517715e+00,  2.946292451280e+01,  3.043570995331e+00
  2.335500000045e+00,  1.813934564590e+00,  2.945242646592e+01,  3.064094066620e+00
  2.345500000054e+00,  1.824062585831e+00,  2.944229844468e+01,  3.083995342255e+00
  2.355500000063e+00,  1.834236383438e+00,  2.943212464708e+01,  3.102687358856e+00
  2.365500000073e+00,  1.844261407852e+00,  2.942209962266e+01,  3.120856761932e+00
  2.375999999931e+00,  1.854524850845e+00,  2.941183617967e+01,  3.142364025116e+00
  2.386500000022e+00,  1.864711999893e+00,  2.940164903062e+01,  3.164542675018e+00
  2.397000000114e+00,  1.874927759171e+00,  2.939143327134e+01,  3.185683727264e+00
  2.407499999972e+00,  1.885296106339e+00,  2.938106492418e+01,  3.207839488983e+00
  2.417499999981e+00,  1.895336389542e+00,  2.937102464097e+01,  3.227622509003e+00
  2.427499999991e+00,  1.905533075333e+00,  2.936082795518e+01,  3.246543407440e+00
  2.437500000000e+00,  1.915714502335e+00,  2.935064652818e+01,  3.266326427460e+00
  2.447500000009e+00,  1.925842523575e+00,  2.934051850694e+01,  3.286635875702e+00
  2.457500000019e+00,  1.935896635056e+00,  2.933046439546e+01,  3.307118415833e+00
  2.468000000110e+00,  1.946367979050e+00,  2.931999305147e+01,  3.328316688538e+00
  2.478499999968e+00,  1.956709623337e+00,  2.930965140718e+01,  3.349717140198e+00
  2.489000000060e+00,  1.967055082321e+00,  2.929930594819e+01,  3.370671272278e+00
  2.499499999918e+00,  1.977530241013e+00,  2.928883078950e+01,  3.391659736633e+00
  2.509499999927e+00,  1.987677335739e+00,  2.927868369478e+01,  3.412701606750e+00
  2.519499999937e+00,  1.997946500778e+00,  2.926841452974e+01,  3.434597969055e+00
  2.529499999946e+00,  2.008173704147e+00,  2.925818732637e+01,  3.454564094543e+00
  2.539499999955e+00,  2.018187284470e+00,  2.924817374605e+01,  3.475426673889e+00
  2.550000000047e+00,  2.028544187546e+00,  2.923781684297e+01,  3.498734474182e+00
  2.560499999905e+00,  2.038866758347e+00,  2.922749427217e+01,  3.519940376282e+00
  2.570999999996e+00,  2.049303770065e+00,  2.921705726045e+01,  3.540566444397e+00
  2.581000000006e+00,  2.059317350388e+00,  2.920704368013e+01,  3.561039924622e+00
  2.591000000015e+00,  2.069342374802e+00,  2.919701865571e+01,  3.580700874329e+00
  2.601500000106e+00,  2.079756498337e+00,  2.918660453218e+01,  3.600903511047e+00
  2.611999999965e+00,  2.090132474899e+00,  2.917622855562e+01,  3.620892524719e+00
  2.622500000056e+00,  2.100483655930e+00,  2.916587737459e+01,  3.640736579895e+00
  2.632999999914e+00,  2.110802412033e+00,  2.915555861848e+01,  3.660294532776e+00
  2.643500000006e+00,  2.121182203293e+00,  2.914517882722e+01,  3.681218147278e+00
  2.654000000097e+00,  2.131672620773e+00,  2.913468840974e+01,  3.702740669250e+00
  2.664000000106e+00,  2.141701459885e+00,  2.912465957063e+01,  3.723252296448e+00
  2.674499999965e+00,  2.152199506760e+00,  2.911416152376e+01,  3.744587898254e+00
  2.685000000056e+00,  2.162686109543e+00,  2.910367492097e+01,  3.766568183899e+00
  2.695499999914e+00,  2.173165082932e+00,  2.909319594758e+01,  3.787529945374e+00
  2.706000000006e+00,  2.183513164520e+00,  2.908284786599e+01,  3.807511568069e+00
  2.716500000097e+00,  2.193820476532e+00,  2.907254055398e+01,  3.829148530960e+00
  2.726999999955e+00,  2.204249858856e+00,  2.906211117166e+01,  3.850312471390e+00
  2.736999999965e+00,  2.214297771454e+00,  2.905206325906e+01,  3.869984865189e+00
  2.746999999974e+00,  2.224486827850e+00,  2.904187420266e+01,  3.890927553177e+00
  2.756999999983e+00,  2.234717845917e+00,  2.903164318460e+01,  3.911824464798e+00
  2.766999999993e+00,  2.244822978973e+00,  2.902153805154e+01,  3.931248903275e+00
  2.777500000084e+00,  2.255191326141e+00,  2.901116970437e+01,  3.953000307083e+00
  2.787999999942e+00,  2.265433788300e+00,  2.900092724222e+01,  3.976094484329e+00
  2.798500000034e+00,  2.275674343109e+00,  2.899068668741e+01,  3.997559785843e+00
  2.808999999892e+00,  2.286065578461e+00,  2.898029545205e+01,  4.021039009094e+00
  2.818999999901e+00,  2.296201229095e+00,  2.897015980142e+01,  4.042325019836e+00
  2.828999999911e+00,  2.306462764740e+00,  2.895989826578e+01,  4.064900398254e+00
  2.838999999920e+00,  2.316716670990e+00,  2.894964435953e+01,  4.086277961731e+00
  2.848999999929e+00,  2.326844692230e+00,  2.893951633828e+01,  4.107708930969e+00
  2.859500000020e+00,  2.337338924408e+00,  2.892902210611e+01,  4.128663063049e+00
  2.870000000112e+00,  2.347703456879e+00,  2.891865757364e+01,  4.151490211487e+00
  2.880499999970e+00,  2.358106136322e+00,  2.890825489419e+01,  4.172799110413e+00
  2.891000000061e+00,  2.368566036224e+00,  2.889779499429e+01,  4.193341255188e+00
  2.901499999920e+00,  2.379006862640e+00,  2.888735416787e+01,  4.215207099915e+00
  2.912000000011e+00,  2.389394283295e+00,  2.887696674722e+01,  4.237118721008e+00
  2.922500000102e+00,  2.399789333344e+00,  2.886657169717e+01,  4.258694648743e+00
  2.932999999961e+00,  2.410275936127e+00,  2.885608509439e+01,  4.280385017395e+00
  2.942999999970e+00,  2.420377254486e+00,  2.884598377603e+01,  4.302136421204e+00
  2.952999999980e+00,  2.430551052094e+00,  2.883580997842e+01,  4.322194099426e+00
  2.962999999989e+00,  2.440576553345e+00,  2.882578447717e+01,  4.344056606293e+00
  2.973500000080e+00,  2.450908660889e+00,  2.881545236963e+01,  4.365319728851e+00
  2.983999999939e+00,  2.460964202881e+00,  2.880539682763e+01,  4.385957241058e+00
  2.995499999961e+00,  2.471376419067e+00,  2.879498461145e+01,  4.405831813812e+00
  3.007999999914e+00,  2.481426239014e+00,  2.878493479150e+01,  4.423680782318e+00
  3.024500000058e+00,  2.491605758667e+00,  2.877475527185e+01,  4.442992687225e+00
  3.040000000037e+00,  2.497349739075e+00,  2.876901129144e+01,  4.453465938568e+00
  3.139999999898e+00,  2.502815246582e+00,  2.876354578393e+01,  4.457034111023e+00
  3.239999999991e+00,  2.502378463745e+00,  2.876398256677e+01,  4.444229125977e+00
  3.340000000084e+00,  2.501651525497e+00,  2.876470950502e+01,  4.433034896851e+00
  3.439999999944e+00,  2.501028776169e+00,  2.876533225435e+01,  4.423981666565e+00
  3.540000000037e+00,  2.500653505325e+00,  2.876570752519e+01,  4.415468215942e+00
  3.639999999898e+00,  2.500361442566e+00,  2.876599958795e+01,  4.409531116486e+00
  3.739999999991e+00,  2.500237226486e+00,  2.876612380403e+01,  4.401669502258e+00
  3.840000000084e+00,  2.500163078308e+00,  2.876619795221e+01,  4.396084785461e+00
  3.939999999944e+00,  2.500072956085e+00,  2.876628807443e+01,  4.389065742493e+00
  4.040000000037e+00,  2.500050067902e+00,  2.876631096261e+01,  4.386779785156e+00
  4.139999999898e+00,  2.500021457672e+00,  2.876633957284e+01,  4.378953456879e+00
  4.239999999991e+00,  2.500014305115e+00,  2.876634672540e+01,  4.376712322235e+00
  4.340000000084e+00,  2.500015735626e+00,  2.876634529489e+01,  4.370289325714e+00
  4.439999999944e+00,  2.500015974045e+00,  2.876634505647e+01,  4.367260932922e+00
  4.540000000037e+00,  2.500010013580e+00,  2.876635101693e+01,  4.360091686249e+00
  4.639999999898e+00,  2.500001192093e+00,  2.876635983842e+01,  4.356932163239e+00
  4.739999999991e+00,  2.500011444092e+00,  2.876634958642e+01,  4.354529857635e+00
  4.840000000084e+00,  2.500020503998e+00,  2.876634052652e+01,  4.350408077240e+00
  4.939999999944e+00,  2.500047206879e+00,  2.876631382364e+01,  4.346869468689e+00
  5.040000000037e+00,  2.500034570694e+00,  2.876632645982e+01,  4.340023040771e+00
  5.139999999898e+00,  2.500014066696e+00,  2.876634696382e+01,  4.337115764618e+00
  5.239999999991e+00,  2.500035285950e+00,  2.876632574457e+01,  4.333555698395e+00
  5.340000000084e+00,  2.499992609024e+00,  2.876636842149e+01,  4.332915782928e+00
  5.439999999944e+00,  2.500019788742e+00,  2.876634124177e+01,  4.330511569977e+00
  5.540000000037e+00,  2.500009298325e+00,  2.876635173219e+01,  4.325573444366e+00
  5.639999999898e+00,  2.500015020370e+00,  2.876634601014e+01,  4.323223590851e+00
  5.739999999991e+00,  2.500008344650e+00,  2.876635268586e+01,  4.320169925690e+00
  5.840000000084e+00,  2.500031232834e+00,  2.876632979768e+01,  4.317458152771e+00
  5.939999999944e+00,  2.499999761581e+00,  2.876636126893e+01,  4.314361095428e+00
  6.040000000037e+00,  2.500016212463e+00,  2.876634481805e+01,  4.313123226166e+00
  6.139999999898e+00,  2.500003576279e+00,  2.876635745424e+01,  4.308864116669e+00
  6.239999999991e+00,  2.500011920929e+00,  2.876634910959e+01,  4.304975986481e+00
  6.340000000084e+00,  2.500022172928e+00,  2.876633885759e+01,  4.300996303558e+00
  6.439999999944e+00,  2.499976634979e+00,  2.876638439554e+01,  4.302243709564e+00
  6.540000000037e+00,  2.500013351440e+00,  2.876634767907e+01,  4.296633243561e+00
  6.639999999898e+00,  2.500020265579e+00,  2.876634076494e+01,  4.294459819794e+00
  6.739999999991e+00,  2.500015020370e+00,  2.876634601014e+01,  4.293003559113e+00
  6.840000000084e+00,  2.500039339066e+00,  2.876632169145e+01,  4.292148590088e+00
  6.939999999944e+00,  2.499998807907e+00,  2.876636222261e+01,  4.286749839783e+00
  7.040000000037e+00,  2.499997138977e+00,  2.876636389154e+01,  4.286694526672e+00
  7.139999999898e+00,  2.500021934509e+00,  2.876633909601e+01,  4.285508632660e+00
  7.239999999991e+00,  2.500051736832e+00,  2.876630929368e+01,  4.282907485962e+00
  7.340000000084e+00,  2.499980211258e+00,  2.876638081926e+01,  4.279068470001e+00
  7.439999999944e+00,  2.500023126602e+00,  2.876633790391e+01,  4.277317047119e+00
  7.540000000037e+00,  2.500005483627e+00,  2.876635554689e+01,  4.274706363678e+00
  7.639999999898e+00,  2.500024795532e+00,  2.876633623498e+01,  4.273971557617e+00
  7.739999999991e+00,  2.499997854233e+00,  2.876636317628e+01,  4.269972801208e+00
  7.840000000084e+00,  2.499983310699e+00,  2.876637771982e+01,  4.269129276276e+00
  7.939999999944e+00,  2.500016689301e+00,  2.876634434121e+01,  4.266263484955e+00
  8.040000000037e+00,  2.500034093857e+00,  2.876632693666e+01,  4.265104293823e+00
  8.139999999898e+00,  2.500031948090e+00,  2.876632908243e+01,  4.264366149902e+00
  8.239999999991e+00,  2.500007152557e+00,  2.876635387796e+01,  4.263530254364e+00
  8.340000000084e+00,  2.499997377396e+00,  2.876636365312e+01,  4.259598731995e+00
  8.439999999944e+00,  2.500022172928e+00,  2.876633885759e+01,  4.258316516876e+00
  8.540000000037e+00,  2.499984025955e+00,  2.876637700456e+01,  4.255807399750e+00
  8.639999999898e+00,  2.499972105026e+00,  2.876638892549e+01,  4.255667209625e+00
  8.739999999991e+00,  2.499983310699e+00,  2.876637771982e+01,  4.255015373230e+00
  8.840000000084e+00,  2.500014066696e+00,  2.876634696382e+01,  4.250680446625e+00
  8.939999999944e+00,  2.500000715256e+00,  2.876636031526e+01,  4.247163772583e+00
  9.040000000037e+00,  2.500033855438e+00,  2.876632717508e+01,  4.249832153320e+00
  9.139999999898e+00,  2.499986886978e+00,  2.876637414354e+01,  4.246700763702e+00
  9.239999999991e+00,  2.500019073486e+00,  2.876634195703e+01,  4.245431423187e+00
  9.340000000084e+00,  2.500011920929e+00,  2.876634910959e+01,  4.242046356201e+00
  9.439999999944e+00,  2.500037431717e+00,  2.876632359880e+01,  4.243079185486e+00
  9.540000000037e+00,  2.500000238419e+00,  2.876636079210e+01,  4.240451335907e+00
  9.639999999898e+00,  2.500013589859e+00,  2.876634744066e+01,  4.239522457123e+00
  9.739999999991e+00,  2.500030755997e+00,  2.876633027452e+01,  4.238617897034e+00
  9.840000000084e+00,  2.500004053116e+00,  2.876635697740e+01,  4.235505580902e+00
  9.939999999944e+00,  2.499978065491e+00,  2.876638296502e+01,  4.232177734375e+00
  1.004000000004e+01,  2.499996423721e+00,  2.876636460679e+01,  4.231122493744e+00
  1.013999999990e+01,  2.500017166138e+00,  2.876634386438e+01,  4.231957912445e+00
  1.023999999999e+01,  2.499989509583e+00,  2.876637152093e+01,  4.229523658752e+00
  1.034000000008e+01,  2.499990463257e+00,  2.876637056726e+01,  4.227874755859e+00
  1.043999999994e+01,  2.500027179718e+00,  2.876633385080e+01,  4.225102424622e+00
  1.054000000004e+01,  2.500010728836e+00,  2.876635030168e+01,  4.224146842957e+00
  1.063999999990e+01,  2.500015258789e+00,  2.876634577173e+01,  4.222024440765e+00
  1.073999999999e+01,  2.500006914139e+00,  2.876635411638e+01,  4.220122337341e+00
  1.084000000008e+01,  2.499994039536e+00,  2.876636699098e+01,  4.215374946594e+00
  1.093999999994e+01,  2.500033855438e+00,  2.876632717508e+01,  4.216571807861e+00
  1.104000000004e+01,  2.500019788742e+00,  2.876634124177e+01,  4.216506004333e+00
  1.113999999990e+01,  2.500018835068e+00,  2.876634219545e+01,  4.213016986847e+00
  1.123999999999e+01,  2.500004768372e+00,  2.876635626214e+01,  4.213264942169e+00
  1.134000000008e+01,  2.499995470047e+00,  2.876636556047e+01,  4.212448596954e+00
  1.143999999994e+01,  2.500019311905e+00,  2.876634171861e+01,  4.209080219269e+00
  1.154000000004e+01,  2.500034809113e+00,  2.876632622140e+01,  4.209516048431e+00
  1.163999999990e+01,  2.500027418137e+00,  2.876633361238e+01,  4.206309795380e+00
  1.173999999999e+01,  2.500009536743e+00,  2.876635149377e+01,  4.203598976135e+00
  1.184000000008e+01,  2.500037193298e+00,  2.876632383722e+01,  4.205571651459e+00
  1.193999999994e+01,  2.500012159348e+00,  2.876634887117e+01,  4.202099800110e+00
  1.204000000004e+01,  2.500009775162e+00,  2.876635125535e+01,  4.202986240387e+00
  1.213999999990e+01,  2.500010251999e+00,  2.876635077852e+01,  4.201770305634e+00
  1.223999999999e+01,  2.500030517578e+00,  2.876633051294e+01,  4.199486255646e+00
  1.234000000008e+01,  2.500020980835e+00,  2.876634004968e+01,  4.198271751404e+00
  1.243999999994e+01,  2.500020742416e+00,  2.876634028810e+01,  4.196172714233e+00
  1.254000000004e+01,  2.500019311905e+00,  2.876634171861e+01,  4.194147109985e+00
  1.263999999990e+01,  2.499998807907e+00,  2.876636222261e+01,  4.194222927094e+00
  1.273999999999e+01,  2.500026941299e+00,  2.876633408922e+01,  4.193092346191e+00
  1.284000000008e+01,  2.499983549118e+00,  2.876637748140e+01,  4.191213130951e+00
  1.293999999994e+01,  2.500020027161e+00,  2.876634100335e+01,  4.188527584076e+00
  1.304000000004e+01,  2.499996662140e+00,  2.876636436838e+01,  4.188275814056e+00
  1.313999999990e+01,  2.500012874603e+00,  2.876634815591e+01,  4.184008598328e+00
  1.323999999999e+01,  2.499991893768e+00,  2.876636913675e+01,  4.186494827271e+00
  1.334000000008e+01,  2.500035285950e+00,  2.876632574457e+01,  4.182558536530e+00
  1.343999999994e+01,  2.500026941299e+00,  2.876633408922e+01,  4.181870460510e+00
  1.354000000004e+01,  2.500020980835e+00,  2.876634004968e+01,  4.180860519409e+00
  1.363999999990e+01,  2.499998569489e+00,  2.876636246103e+01,  4.180927753448e+00
  1.373999999999e+01,  2.500015497208e+00,  2.876634553331e+01,  4.178956031799e+00
  1.384000000008e+01,  2.500010728836e+00,  2.876635030168e+01,  4.176930427551e+00
  1.393999999994e+01,  2.500005006790e+00,  2.876635602372e+01,  4.176246166229e+00
  1.404000000004e+01,  2.500003099442e+00,  2.876635793107e+01,  4.176935195923e+00
  1.413999999990e+01,  2.500004529953e+00,  2.876635650056e+01,  4.174598693848e+00
  1.423999999999e+01,  2.500029325485e+00,  2.876633170503e+01,  4.172535896301e+00
  1.434000000008e+01,  2.500009298325e+00,  2.876635173219e+01,  4.170348167419e+00
  1.443999999994e+01,  2.500011920929e+00,  2.876634910959e+01,  4.169853210449e+00
  1.454000000004e+01,  2.499991178513e+00,  2.876636985200e+01,  4.169425010681e+00
  1.463999999990e+01,  2.500032663345e+00,  2.876632836717e+01,  4.166493415833e+00
  1.473999999999e+01,  2.499999046326e+00,  2.876636198419e+01,  4.166899681091e+00
  1.484000000008e+01,  2.499983787537e+00,  2.876637724298e+01,  4.166267395020e+00
  1.493999999994e+01,  2.500030755997e+00,  2.876633027452e+01,  4.165133953094e+00
  1.504000000004e+01,  2.500013351440e+00,  2.876634767907e+01,  4.162427425385e+00
  1.513999999990e+01,  2.500000238419e+00,  2.876636079210e+01,  4.162083625793e+00
  1.523999999999e+01,  2.499985694885e+00,  2.876637533563e+01,  4.162009239197e+00
  1.534000000008e+01,  2.500015497208e+00,  2.876634553331e+01,  4.159467697144e+00
  1.543999999994e+01,  2.499993562698e+00,  2.876636746782e+01,  4.158138275146e+00
  1.554000000004e+01,  2.500018119812e+00,  2.876634291070e+01,  4.158636093140e+00
  1.563999999990e+01,  2.499997377396e+00,  2.876636365312e+01,  4.154528141022e+00
  1.573999999999e+01,  2.500014781952e+00,  2.876634624856e+01,  4.157823085785e+00
  1.584000000008e+01,  2.499998331070e+00,  2.876636269945e+01,  4.154106616974e+00
  1.593999999994e+01,  2.499999523163e+00,  2.876636150735e+01,  4.153152942657e+00
  1.604000000004e+01,  2.500007152557e+00,  2.876635387796e+01,  4.152201652527e+00
  1.613999999990e+01,  2.500003576279e+00,  2.876635745424e+01,  4.148764133453e+00
  1.623999999999e+01,  2.500008106232e+00,  2.876635292428e+01,  4.148971080780e+00
  1.634000000008e+01,  2.500005483627e+00,  2.876635554689e+01,  4.147958278656e+00
  1.643999999994e+01,  2.500008106232e+00,  2.876635292428e+01,  4.150324344635e+00
  1.654000000004e+01,  2.500006914139e+00,  2.876635411638e+01,  4.150573730469e+00
  1.663999999990e+01,  2.500031948090e+00,  2.876632908243e+01,  4.148876190186e+00
  1.673999999999e+01,  2.500010967255e+00,  2.876635006326e+01,  4.145870208740e+00
  1.684000000008e+01,  2.500006914139e+00,  2.876635411638e+01,  4.146139621735e+00
  1.693999999994e+01,  2.499992132187e+00,  2.876636889833e+01,  4.145588874817e+00
  1.704000000004e+01,  2.500024080276e+00,  2.876633695024e+01,  4.141462326050e+00
  1.713999999990e+01,  2.500013828278e+00,  2.876634720224e+01,  4.144093990326e+00
  1.723999999999e+01,  2.499983787537e+00,  2.876637724298e+01,  4.140617370605e+00
  1.734000000008e+01,  2.499998092651e+00,  2.876636293786e+01,  4.139452934265e+00
  1.743999999994e+01,  2.500033855438e+00,  2.876632717508e+01,  4.140248298645e+00
  1.754000000004e+01,  2.500025272369e+00,  2.876633575815e+01,  4.138085365295e+00
  1.763999999990e+01,  2.500011444092e+00,  2.876634958642e+01,  4.137296676636e+00
  1.773999999999e+01,  2.500001668930e+00,  2.876635936158e+01,  4.135519027710e+00
  1.784000000008e+01,  2.500010728836e+00,  2.876635030168e+01,  4.135454177856e+00
  1.793999999994e+01,  2.499979257584e+00,  2.876638177293e+01,  4.136742115021e+00
  1.804000000004e+01,  2.500013113022e+00,  2.876634791749e+01,  4.133720874786e+00
  1.813999999990e+01,  2.500016450882e+00,  2.876634457963e+01,  4.131005287170e+00
  1.823999999999e+01,  2.499987363815e+00,  2.876637366670e+01,  4.131528854370e+00
  1.834000000008e+01,  2.499974250793e+00,  2.876638677972e+01,  4.132579803467e+00
  1.843999999994e+01,  2.500004529953e+00,  2.876635650056e+01,  4.130660533905e+00
  1.854000000004e+01,  2.500014305115e+00,  2.876634672540e+01,  4.131436347961e+00
  1.863999999990e+01,  2.500015020370e+00,  2.876634601014e+01,  4.127630710602e+00
  1.873999999999e+01,  2.500000238419e+00,  2.876636079210e+01,  4.129677295685e+00
  1.884000000008e+01,  2.499976634979e+00,  2.876638439554e+01,  4.129076004028e+00
  1.893999999994e+01,  2.499981641769e+00,  2.876637938875e+01,  4.122891902924e+00
  1.904000000004e+01,  2.499986886978e+00,  2.876637414354e+01,  4.125076770782e+00
  1.913999999990e+01,  2.499999046326e+00,  2.876636198419e+01,  4.123552799225e+00
  1.923999999999e+01,  2.500018358231e+00,  2.876634267228e+01,  4.122055053711e+00
  1.934000000008e+01,  2.499996662140e+00,  2.876636436838e+01,  4.122681617737e+00
  1.943999999994e+01,  2.500000000000e+00,  2.876636103051e+01,  4.120843410492e+00
  1.954000000004e+01,  2.500016689301e+00,  2.876634434121e+01,  4.118349552155e+00
  1.963999999990e+01,  2.499991416931e+00,  2.876636961358e+01,  4.118999958038e+00
  1.973999999999e+01,  2.500025272369e+00,  2.876633575815e+01,  4.117640972137e+00
  1.984000000008e+01,  2.500001192093e+00,  2.876635983842e+01,  4.118637084961e+00
  1.993999999994e+01,  2.499993085861e+00,  2.876636794465e+01,  4.116999626160e+00
  2.004000000004e+01,  2.499992847443e+00,  2.876636818307e+01,  4.114937782288e+00
  2.013999999990e+01,  2.499994516373e+00,  2.876636651414e+01,  4.115373134613e+00
  2.023999999999e+01,  2.500011920929e+00,  2.876634910959e+01,  4.116515159607e+00
  2.034000000008e+01,  2.500006675720e+00,  2.876635435479e+01,  4.113293647766e+00
  2.043999999994e+01,  2.500004529953e+00,  2.876635650056e+01,  4.114477634430e+00
  2.054000000004e+01,  2.500016689301e+00,  2.876634434121e+01,  4.112889766693e+00
  2.063999999990e+01,  2.500000238419e+00,  2.876636079210e+01,  4.112240314484e+00
  2.073999999999e+01,  2.500000238419e+00,  2.876636079210e+01,  4.111543655396e+00
  2.084000000008e+01,  2.500000000000e+00,  2.876636103051e+01,  4.111202239990e+00
  2.093999999994e+01,  2.499995946884e+00,  2.876636508363e+01,  4.110094547272e+00
  2.104000000004e+01,  2.500004053116e+00,  2.876635697740e+01,  4.107435703278e+00
  2.113999999990e+01,  2.500033855438e+00,  2.876632717508e+01,  4.106557846069e+00
  2.123999999999e+01,  2.500011444092e+00,  2.876634958642e+01,  4.106091976166e+00
  2.134000000008e+01,  2.500017404556e+00,  2.876634362596e+01,  4.106051445007e+00
  2.143999999994e+01,  2.500014781952e+00,  2.876634624856e+01,  4.105494499207e+00
  2.154000000004e+01,  2.500000238419e+00,  2.876636079210e+01,  4.106552600861e+00
  2.163999999990e+01,  2.500013828278e+00,  2.876634720224e+01,  4.102440357208e+00
  2.173999999999e+01,  2.500005483627e+00,  2.876635554689e+01,  4.102900505066e+00
  2.184000000008e+01,  2.499966144562e+00,  2.876639488595e+01,  4.103340148926e+00
  2.193999999994e+01,  2.500008344650e+00,  2.876635268586e+01,  4.103206634521e+00
  2.204000000004e+01,  2.499995946884e+00,  2.876636508363e+01,  4.102353096008e+00
  2.213999999990e+01,  2.500031948090e+00,  2.876632908243e+01,  4.099753379822e+00
  2.223999999999e+01,  2.499999046326e+00,  2.876636198419e+01,  4.099861621857e+00
  2.234000000008e+01,  2.499992609024e+00,  2.876636842149e+01,  4.098751068115e+00
  2.243999999994e+01,  2.499972343445e+00,  2.876638868707e+01,  4.097359657288e+00
  2.254000000004e+01,  2.500023603439e+00,  2.876633742708e+01,  4.098722934723e+00
  2.263999999990e+01,  2.499949693680e+00,  2.876641133684e+01,  4.094688892365e+00
  2.273999999999e+01,  2.499984741211e+00,  2.876637628930e+01,  4.097339153290e+00
  2.284000000008e+01,  2.500011920929e+00,  2.876634910959e+01,  4.094716072083e+00
  2.293999999994e+01,  2.499987840652e+00,  2.876637318986e+01,  4.094371318817e+00
  2.304000000004e+01,  2.500000476837e+00,  2.876636055368e+01,  4.092742443085e+00
  2.313999999990e+01,  2.500035285950e+00,  2.876632574457e+01,  4.090709686279e+00
  2.323999999999e+01,  2.499963760376e+00,  2.876639727014e+01,  4.091417312622e+00
  2.334000000008e+01,  2.500007152557e+00,  2.876635387796e+01,  4.089875698090e+00
  2.343999999994e+01,  2.499992609024e+00,  2.876636842149e+01,  4.089531898499e+00
  2.354000000004e+01,  2.500037193298e+00,  2.876632383722e+01,  4.085330963135e+00
  2.363999999990e+01,  2.500013589859e+00,  2.876634744066e+01,  4.084680557251e+00
  2.373999999999e+01,  2.499968290329e+00,  2.876639274019e+01,  4.085981369019e+00
  2.384000000008e+01,  2.500001907349e+00,  2.876635912317e+01,  4.088828563690e+00
  2.393999999994e+01,  2.499990224838e+00,  2.876637080568e+01,  4.084456920624e+00
  2.404000000004e+01,  2.500007629395e+00,  2.876635340112e+01,  4.084774017334e+00
  2.413999999990e+01,  2.500008821487e+00,  2.876635220903e+01,  4.082602500916e+00
  2.423999999999e+01,  2.499995470047e+00,  2.876636556047e+01,  4.083072185516e+00
  2.434000000008e+01,  2.499995231628e+00,  2.876636579889e+01,  4.083273410797e+00
  2.443999999994e+01,  2.500039339066e+00,  2.876632169145e+01,  4.083387374878e+00
  2.454000000004e+01,  2.500053882599e+00,  2.876630714792e+01,  4.082902908325e+00
  2.463999999990e+01,  2.499989748001e+00,  2.876637128251e+01,  4.079006671906e+00
  2.473999999999e+01,  2.499985456467e+00,  2.876637557405e+01,  4.078704357147e+00
  2.484000000008e+01,  2.500026941299e+00,  2.876633408922e+01,  4.075804233551e+00
  2.493999999994e+01,  2.500027894974e+00,  2.876633313554e+01,  4.076277732849e+00
  2.504000000004e+01,  2.499996900558e+00,  2.876636412996e+01,  4.076355934143e+00
  2.513999999990e+01,  2.499983549118e+00,  2.876637748140e+01,  4.074459552765e+00
  2.523999999999e+01,  2.499991893768e+00,  2.876636913675e+01,  4.074676990509e+00
  2.534000000008e+01,  2.500011205673e+00,  2.876634982484e+01,  4.073956012726e+00
  2.543999999994e+01,  2.499999284744e+00,  2.876636174577e+01,  4.073790550232e+00
  2.554000000004e+01,  2.499993801117e+00,  2.876636722940e+01,  4.071338176727e+00
  2.563999999990e+01,  2.499982595444e+00,  2.876637843507e+01,  4.074739933014e+00
  2.573999999999e+01,  2.499992370605e+00,  2.876636865991e+01,  4.071401596069e+00
  2.584000000008e+01,  2.499984741211e+00,  2.876637628930e+01,  4.072836399078e+00
  2.593999999994e+01,  2.499994993210e+00,  2.876636603731e+01,  4.071478843689e+00
  2.604000000004e+01,  2.499982833862e+00,  2.876637819665e+01,  4.070649623871e+00
  2.613999999990e+01,  2.500010967255e+00,  2.876635006326e+01,  4.069015502930e+00
  2.623999999999e+01,  2.499983787537e+00,  2.876637724298e+01,  4.067208290100e+00
  2.634000000008e+01,  2.500015020370e+00,  2.876634601014e+01,  4.067991733551e+00
  2.643999999994e+01,  2.500023126602e+00,  2.876633790391e+01,  4.065626144409e+00
  2.654000000004e+01,  2.499990463257e+00,  2.876637056726e+01,  4.066322803497e+00
  2.663999999990e+01,  2.500014305115e+00,  2.876634672540e+01,  4.066692829132e+00
  2.673999999999e+01,  2.500017642975e+00,  2.876634338754e+01,  4.063243865967e+00
  2.684000000008e+01,  2.500012874603e+00,  2.876634815591e+01,  4.062809944153e+00
  2.693999999994e+01,  2.500000476837e+00,  2.876636055368e+01,  4.062727451324e+00
  2.704000000004e+01,  2.500005006790e+00,  2.876635602372e+01,  4.062089920044e+00
  2.713999999990e+01,  2.500010728836e+00,  2.876635030168e+01,  4.063956737518e+00
  2.723999999999e+01,  2.499967336655e+00,  2.876639369386e+01,  4.060058593750e+00
  2.734000000008e+01,  2.500014781952e+00,  2.876634624856e+01,  4.060188770294e+00
  2.743999999994e+01,  2.500024557114e+00,  2.876633647340e+01,  4.059998989105e+00
  2.754000000004e+01,  2.499995946884e+00,  2.876636508363e+01,  4.058981418610e+00
  2.763999999990e+01,  2.500026464462e+00,  2.876633456605e+01,  4.058850765228e+00
  2.773999999999e+01,  2.499996900558e+00,  2.876636412996e+01,  4.055824279785e+00
  2.784000000008e+01,  2.500002861023e+00,  2.876635816949e+01,  4.057253837585e+00
  2.793999999994e+01,  2.500009775162e+00,  2.876635125535e+01,  4.056464672089e+00
  2.804000000004e+01,  2.499998092651e+00,  2.876636293786e+01,  4.056506633759e+00
  2.813999999990e+01,  2.499990463257e+00,  2.876637056726e+01,  4.055644035339e+00
  2.823999999999e+01,  2.499985456467e+00,  2.876637557405e+01,  4.056160449982e+00
  2.834000000008e+01,  2.499994516373e+00,  2.876636651414e+01,  4.055817127228e+00
  2.843999999994e+01,  2.499973297119e+00,  2.876638773340e+01,  4.053405761719e+00
  2.854000000004e+01,  2.499984741211e+00,  2.876637628930e+01,  4.054572105408e+00
  2.863999999990e+01,  2.500018835068e+00,  2.876634219545e+01,  4.052983760834e+00
  2.873999999999e+01,  2.499988555908e+00,  2.876637247461e+01,  4.050899505615e+00
  2.884000000008e+01,  2.500042676926e+00,  2.876631835359e+01,  4.050905704498e+00
  2.893999999994e+01,  2.499976158142e+00,  2.876638487237e+01,  4.050302028656e+00
  2.904000000004e+01,  2.500015020370e+00,  2.876634601014e+01,  4.049148082733e+00
  2.913999999990e+01,  2.500004053116e+00,  2.876635697740e+01,  4.047504901886e+00
  2.923999999999e+01,  2.500011920929e+00,  2.876634910959e+01,  4.050822257996e+00
  2.934000000008e+01,  2.499986648560e+00,  2.876637438196e+01,  4.045300960541e+00
  2.943999999994e+01,  2.499983072281e+00,  2.876637795823e+01,  4.045132160187e+00
  2.954000000004e+01,  2.500005245209e+00,  2.876635578531e+01,  4.047150135040e+00
  2.963999999990e+01,  2.500018358231e+00,  2.876634267228e+01,  4.047085762024e+00
  2.973999999999e+01,  2.499991416931e+00,  2.876636961358e+01,  4.044171810150e+00
  2.984000000008e+01,  2.499977827072e+00,  2.876638320344e+01,  4.044206142426e+00
  2.993999999994e+01,  2.500008106232e+00,  2.876635292428e+01,  4.043138504028e+00
  3.004000000004e+01,  2.499990463257e+00,  2.876637056726e+01,  4.040003776550e+00
  3.013999999990e+01,  2.500025510788e+00,  2.876633551973e+01,  4.041149139404e+00
  3.023999999999e+01,  2.499969720840e+00,  2.876639130967e+01,  4.039463043213e+00
  3.034000000008e+01,  2.499985933304e+00,  2.876637509721e+01,  4.042337417603e+00
  3.043999999994e+01,  2.500000000000e+00,  2.876636103051e+01,  4.041317939758e+00
  3.054000000004e+01,  2.499998331070e+00,  2.876636269945e+01,  4.038697719574e+00
  3.063999999990e+01,  2.499992370605e+00,  2.876636865991e+01,  4.039081573486e+00
  3.073999999999e+01,  2.499995946884e+00,  2.876636508363e+01,  4.036974906921e+00
  3.084000000008e+01,  2.500017642975e+00,  2.876634338754e+01,  4.038619041443e+00
  3.093999999994e+01,  2.499996423721e+00,  2.876636460679e+01,  4.035011291504e+00
  3.104000000004e+01,  2.500030755997e+00,  2.876633027452e+01,  4.037681102753e+00
  3.113999999990e+01,  2.499995946884e+00,  2.876636508363e+01,  4.034261226654e+00
  3.123999999999e+01,  2.499962329865e+00,  2.876639870065e+01,  4.036296367645e+00
  3.134000000008e+01,  2.500015497208e+00,  2.876634553331e+01,  4.033892631531e+00
  3.143999999994e+01,  2.500003576279e+00,  2.876635745424e+01,  4.032211303711e+00
  3.154000000004e+01,  2.499993562698e+00,  2.876636746782e+01,  4.034518241882e+00
  3.163999999990e+01,  2.500028133392e+00,  2.876633289712e+01,  4.030128955841e+00
  3.173999999999e+01,  2.500012636185e+00,  2.876634839433e+01,  4.029977321625e+00
  3.184000000008e+01,  2.499988794327e+00,  2.876637223619e+01,  4.031018733978e+00
  3.193999999994e+01,  2.500006437302e+00,  2.876635459321e+01,  4.031992912292e+00
  3.204000000004e+01,  2.499982118607e+00,  2.876637891191e+01,  4.030141353607e+00
  3.213999999990e+01,  2.499991416931e+00,  2.876636961358e+01,  4.030145168304e+00
  3.223999999999e+01,  2.499996423721e+00,  2.876636460679e+01,  4.030554771423e+00
  3.234000000008e+01,  2.499996900558e+00,  2.876636412996e+01,  4.028330802917e+00
  3.243999999994e+01,  2.499980211258e+00,  2.876638081926e+01,  4.027877807617e+00
  3.254000000004e+01,  2.500030517578e+00,  2.876633051294e+01,  4.026521205902e+00
  3.263999999990e+01,  2.500014305115e+00,  2.876634672540e+01,  4.025133609772e+00
  3.273999999999e+01,  2.500024557114e+00,  2.876633647340e+01,  4.026469707489e+00
  3.284000000008e+01,  2.500037908554e+00,  2.876632312196e+01,  4.023976802826e+00
  3.293999999994e+01,  2.499967336655e+00,  2.876639369386e+01,  4.025932312012e+00
  3.304000000004e+01,  2.500014781952e+00,  2.876634624856e+01,  4.024192810059e+00
  3.313999999990e+01,  2.500019311905e+00,  2.876634171861e+01,  4.023212432861e+00
  3.323999999999e+01,  2.499981403351e+00,  2.876637962716e+01,  4.023364543915e+00
  3.334000000008e+01,  2.499988317490e+00,  2.876637271303e+01,  4.022794246674e+00
  3.343999999994e+01,  2.499979972839e+00,  2.876638105768e+01,  4.020462036133e+00
  3.354000000004e+01,  2.499984502792e+00,  2.876637652772e+01,  4.020318984985e+00
  3.363999999990e+01,  2.500016927719e+00,  2.876634410280e+01,  4.021044254303e+00
  3.373999999999e+01,  2.500017166138e+00,  2.876634386438e+01,  4.021315097809e+00
  3.384000000008e+01,  2.499952316284e+00,  2.876640871423e+01,  4.022922992706e+00
  3.393999999994e+01,  2.499997377396e+00,  2.876636365312e+01,  4.020552158356e+00
  3.404000000004e+01,  2.499994993210e+00,  2.876636603731e+01,  4.020372867584e+00
  3.413999999990e+01,  2.499984264374e+00,  2.876637676614e+01,  4.021614551544e+00
  3.423999999999e+01,  2.500012874603e+00,  2.876634815591e+01,  4.018785476685e+00
  3.434000000008e+01,  2.500020503998e+00,  2.876634052652e+01,  4.020354747772e+00
  3.443999999994e+01,  2.499987602234e+00,  2.876637342828e+01,  4.018291950226e+00
  3.454000000004e+01,  2.500028610229e+00,  2.876633242029e+01,  4.018251419067e+00
  3.463999999990e+01,  2.499994754791e+00,  2.876636627572e+01,  4.017548561096e+00
  3.473999999999e+01,  2.499988317490e+00,  2.876637271303e+01,  4.016448974609e+00
  3.484000000008e+01,  2.499979019165e+00,  2.876638201135e+01,  4.017934799194e+00
  3.493999999994e+01,  2.499988079071e+00,  2.876637295144e+01,  4.017255783081e+00
  3.504000000004e+01,  2.499982357025e+00,  2.876637867349e+01,  4.015913486481e+00
  3.513999999990e+01,  2.500000000000e+00,  2.876636103051e+01,  4.014469146729e+00
  3.523999999999e+01,  2.500010967255e+00,  2.876635006326e+01,  4.013165950775e+00
  3.534000000008e+01,  2.500010490417e+00,  2.876635054010e+01,  4.013406276703e+00
  3.543999999994e+01,  2.500010013580e+00,  2.876635101693e+01,  4.012841224670e+00
  3.554000000004e+01,  2.499987602234e+00,  2.876637342828e+01,  4.011209487915e+00
  3.563999999990e+01,  2.500010251999e+00,  2.876635077852e+01,  4.013495922089e+00
  3.573999999999e+01,  2.500001192093e+00,  2.876635983842e+01,  4.012655735016e+00
  3.584000000008e+01,  2.499978542328e+00,  2.876638248819e+01,  4.011331558228e+00
  3.593999999994e+01,  2.499982357025e+00,  2.876637867349e+01,  4.011049747467e+00
  3.604000000004e+01,  2.500020265579e+00,  2.876634076494e+01,  4.008355140686e+00
  3.613999999990e+01,  2.499992370605e+00,  2.876636865991e+01,  4.008345603943e+00
  3.623999999999e+01,  2.499998092651e+00,  2.876636293786e+01,  4.006594181061e+00
  3.634000000008e+01,  2.499992132187e+00,  2.876636889833e+01,  4.006338119507e+00
  3.643999999994e+01,  2.500005006790e+00,  2.876635602372e+01,  4.004862308502e+00
  3.654000000004e+01,  2.499975204468e+00,  2.876638582605e+01,  4.005418777466e+00
  3.663999999990e+01,  2.499998569489e+00,  2.876636246103e+01,  4.004065513611e+00
  3.673999999999e+01,  2.499994039536e+00,  2.876636699098e+01,  4.002850532532e+00
  3.684000000008e+01,  2.500001668930e+00,  2.876635936158e+01,  4.004538536072e+00
  3.693999999994e+01,  2.499977588654e+00,  2.876638344186e+01,  4.003851413727e+00
  3.704000000004e+01,  2.500003576279e+00,  2.876635745424e+01,  4.002702713013e+00
  3.713999999990e+01,  2.499987363815e+00,  2.876637366670e+01,  4.002693653107e+00
  3.723999999999e+01,  2.500029802322e+00,  2.876633122819e+01,  4.002144336700e+00
  3.734000000008e+01,  2.500005006790e+00,  2.876635602372e+01,  4.001787185669e+00
  3.743999999994e+01,  2.499983549118e+00,  2.876637748140e+01,  4.001036167145e+00
  3.754000000004e+01,  2.500017166138e+00,  2.876634386438e+01,  4.000099658966e+00
  3.763999999990e+01,  2.500003576279e+00,  2.876635745424e+01,  3.999255657196e+00
  3.773999999999e+01,  2.500007867813e+00,  2.876635316270e+01,  4.000059604645e+00
  3.784000000008e+01,  2.499968767166e+00,  2.876639226335e+01,  4.000361919403e+00
  3.793999999994e+01,  2.499995708466e+00,  2.876636532205e+01,  3.998889923096e+00
  3.804000000004e+01,  2.500006675720e+00,  2.876635435479e+01,  3.999066352844e+00
  3.813999999990e+01,  2.500013828278e+00,  2.876634720224e+01,  3.998449802399e+00
  3.823999999999e+01,  2.500003814697e+00,  2.876635721582e+01,  3.996995449066e+00
  3.834000000008e+01,  2.499989986420e+00,  2.876637104410e+01,  3.994505643845e+00
  3.843999999994e+01,  2.499985694885e+00,  2.876637533563e+01,  3.993387937546e+00
  3.854000000004e+01,  2.500044107437e+00,  2.876631692308e+01,  3.996715068817e+00
  3.863999999990e+01,  2.500028848648e+00,  2.876633218187e+01,  3.995220184326e+00
  3.873999999999e+01,  2.499993562698e+00,  2.876636746782e+01,  3.993244647980e+00
  3.884000000008e+01,  2.499999284744e+00,  2.876636174577e+01,  3.990655899048e+00
  3.893999999994e+01,  2.500000715256e+00,  2.876636031526e+01,  3.995380401611e+00
  3.904000000004e+01,  2.500009775162e+00,  2.876635125535e+01,  3.990500211716e+00
  3.913999999990e+01,  2.499936819077e+00,  2.876642421144e+01,  3.993205547333e+00
  3.923999999999e+01,  2.499964237213e+00,  2.876639679330e+01,  3.992125034332e+00
  3.934000000008e+01,  2.499970197678e+00,  2.876639083284e+01,  3.990108966827e+00
  3.943999999994e+01,  2.500007629395e+00,  2.876635340112e+01,  3.990782976151e+00
  3.954000000004e+01,  2.500048637390e+00,  2.876631239312e+01,  3.990015029907e+00
  3.963999999990e+01,  2.500003099442e+00,  2.876635793107e+01,  3.990401268005e+00
  3.973999999999e+01,  2.500028848648e+00,  2.876633218187e+01,  3.989255905151e+00
  3.984000000008e+01,  2.500014543533e+00,  2.876634648698e+01,  3.988760948181e+00
  3.993999999994e+01,  2.500002384186e+00,  2.876635864633e+01,  3.988343477249e+00
  4.004000000004e+01,  2.499988079071e+00,  2.876637295144e+01,  3.990479946136e+00
  4.013999999990e+01,  2.500026941299e+00,  2.876633408922e+01,  3.985165357590e+00
  4.023999999999e+01,  2.500028848648e+00,  2.876633218187e+01,  3.984839677811e+00
  4.034000000008e+01,  2.500012636185e+00,  2.876634839433e+01,  3.986005544662e+00
  4.043999999994e+01,  2.500013589859e+00,  2.876634744066e+01,  3.984225749969e+00
  4.054000000004e+01,  2.500024557114e+00,  2.876633647340e+01,  3.984882593155e+00
  4.063999999990e+01,  2.500011444092e+00,  2.876634958642e+01,  3.985387802124e+00
  4.073999999999e+01,  2.499986171722e+00,  2.876637485879e+01,  3.983574390411e+00
  4.084000000008e+01,  2.500013828278e+00,  2.876634720224e+01,  3.984834671021e+00
  4.093999999994e+01,  2.499974012375e+00,  2.876638701814e+01,  3.983866453171e+00
  4.104000000004e+01,  2.499966859818e+00,  2.876639417070e+01,  3.985218286514e+00
  4.113999999990e+01,  2.499991416931e+00,  2.876636961358e+01,  3.983074426651e+00
  4.123999999999e+01,  2.500001430511e+00,  2.876635960000e+01,  3.983374357224e+00
  4.134000000008e+01,  2.499988794327e+00,  2.876637223619e+01,  3.981202602386e+00
  4.143999999994e+01,  2.500011682510e+00,  2.876634934800e+01,  3.980696439743e+00
  4.154000000004e+01,  2.500007867813e+00,  2.876635316270e+01,  3.982865810394e+00
  4.163999999990e+01,  2.500008583069e+00,  2.876635244745e+01,  3.981570243835e+00
  4.173999999999e+01,  2.499968528748e+00,  2.876639250177e+01,  3.981606721878e+00
  4.184000000008e+01,  2.500035285950e+00,  2.876632574457e+01,  3.980422258377e+00
  4.193999999994e+01,  2.499995231628e+00,  2.876636579889e+01,  3.980320692062e+00
  4.204000000004e+01,  2.499990463257e+00,  2.876637056726e+01,  3.977908849716e+00
  4.213999999990e+01,  2.500047445297e+00,  2.876631358522e+01,  3.977161645889e+00
  4.223999999999e+01,  2.500005006790e+00,  2.876635602372e+01,  3.980503082275e+00
  4.234000000008e+01,  2.500010728836e+00,  2.876635030168e+01,  3.974782705307e+00
  4.243999999994e+01,  2.500014305115e+00,  2.876634672540e+01,  3.974239110947e+00
  4.254000000004e+01,  2.499999046326e+00,  2.876636198419e+01,  3.973198890686e+00
  4.263999999990e+01,  2.500006198883e+00,  2.876635483163e+01,  3.977518558502e+00
  4.273999999999e+01,  2.500036954880e+00,  2.876632407564e+01,  3.975920677185e+00
  4.284000000008e+01,  2.500000238419e+00,  2.876636079210e+01,  3.976144790649e+00
  4.293999999994e+01,  2.500028371811e+00,  2.876633265870e+01,  3.974589586258e+00
  4.304000000004e+01,  2.500025033951e+00,  2.876633599656e+01,  3.975909709930e+00
  4.313999999990e+01,  2.500025510788e+00,  2.876633551973e+01,  3.975933551788e+00
  4.323999999999e+01,  2.499991655350e+00,  2.876636937517e+01,  3.973836898804e+00
  4.334000000008e+01,  2.500028610229e+00,  2.876633242029e+01,  3.973762750626e+00
  4.343999999994e+01,  2.499994993210e+00,  2.876636603731e+01,  3.972235202789e+00
  4.354000000004e+01,  2.499984979630e+00,  2.876637605089e+01,  3.971010208130e+00
  4.363999999990e+01,  2.500018835068e+00,  2.876634219545e+01,  3.973563671112e+00
  4.373999999999e+01,  2.500010251999e+00,  2.876635077852e+01,  3.970666885376e+00
  4.384000000008e+01,  2.499980688095e+00,  2.876638034242e+01,  3.968915700912e+00
  4.393999999994e+01,  2.499981880188e+00,  2.876637915033e+01,  3.968518733978e+00
  4.404000000004e+01,  2.499993562698e+00,  2.876636746782e+01,  3.966356515884e+00
  4.413999999990e+01,  2.500020027161e+00,  2.876634100335e+01,  3.968727588654e+00
  4.423999999999e+01,  2.500026702881e+00,  2.876633432763e+01,  3.969598054886e+00
  4.434000000008e+01,  2.500041246414e+00,  2.876631978410e+01,  3.966374158859e+00
  4.443999999994e+01,  2.499997854233e+00,  2.876636317628e+01,  3.967919826508e+00
  4.454000000004e+01,  2.499993801117e+00,  2.876636722940e+01,  3.967094421387e+00
  4.463999999990e+01,  2.500023365021e+00,  2.876633766549e+01,  3.966904401779e+00
  4.473999999999e+01,  2.500025987625e+00,  2.876633504289e+01,  3.964346408844e+00
  4.484000000008e+01,  2.499975919724e+00,  2.876638511079e+01,  3.964077472687e+00
  4.493999999994e+01,  2.500005483627e+00,  2.876635554689e+01,  3.964886903763e+00
  4.504000000004e+01,  2.500010251999e+00,  2.876635077852e+01,  3.965003490448e+00
  4.513999999990e+01,  2.499982357025e+00,  2.876637867349e+01,  3.965055704117e+00
  4.523999999999e+01,  2.500010728836e+00,  2.876635030168e+01,  3.964208841324e+00
  4.534000000008e+01,  2.499994516373e+00,  2.876636651414e+01,  3.963254451752e+00
  4.543999999994e+01,  2.500012159348e+00,  2.876634887117e+01,  3.963113307953e+00
  4.554000000004e+01,  2.500005960464e+00,  2.876635507005e+01,  3.962109088898e+00
  4.563999999990e+01,  2.500005483627e+00,  2.876635554689e+01,  3.962965250015e+00
  4.573999999999e+01,  2.499987363815e+00,  2.876637366670e+01,  3.960246086121e+00
  4.584000000008e+01,  2.500013589859e+00,  2.876634744066e+01,  3.960661172867e+00
  4.593999999994e+01,  2.499999046326e+00,  2.876636198419e+01,  3.962710380554e+00
  4.604000000004e+01,  2.499985218048e+00,  2.876637581247e+01,  3.959950923920e+00
  4.613999999990e+01,  2.499989509583e+00,  2.876637152093e+01,  3.959383726120e+00
  4.623999999999e+01,  2.499979972839e+00,  2.876638105768e+01,  3.960279941559e+00
  4.634000000008e+01,  2.499984264374e+00,  2.876637676614e+01,  3.959861040115e+00
  4.643999999994e+01,  2.499991655350e+00,  2.876636937517e+01,  3.960214614868e+00
  4.654000000004e+01,  2.500002145767e+00,  2.876635888475e+01,  3.958316802979e+00
  4.663999999990e+01,  2.500033855438e+00,  2.876632717508e+01,  3.958182811737e+00
  4.673999999999e+01,  2.499969482422e+00,  2.876639154809e+01,  3.956265926361e+00
  4.684000000008e+01,  2.499982595444e+00,  2.876637843507e+01,  3.957665205002e+00
  4.693999999994e+01,  2.500002622604e+00,  2.876635840791e+01,  3.955329418182e+00
  4.704000000004e+01,  2.499995231628e+00,  2.876636579889e+01,  3.957087039948e+00
  4.713999999990e+01,  2.500004053116e+00,  2.876635697740e+01,  3.954984426498e+00
  4.723999999999e+01,  2.499985933304e+00,  2.876637509721e+01,  3.956327438354e+00
  4.734000000008e+01,  2.500005483627e+00,  2.876635554689e+01,  3.955592393875e+00
  4.743999999994e+01,  2.500023841858e+00,  2.876633718866e+01,  3.954728364944e+00
  4.754000000004e+01,  2.499998807907e+00,  2.876636222261e+01,  3.955426692963e+00
  4.763999999990e+01,  2.500000238419e+00,  2.876636079210e+01,  3.954910278320e+00
  4.773999999999e+01,  2.500000953674e+00,  2.876636007684e+01,  3.955442190170e+00
  4.784000000008e+01,  2.499984502792e+00,  2.876637652772e+01,  3.953878879547e+00
  4.793999999994e+01,  2.500007390976e+00,  2.876635363954e+01,  3.953928470612e+00
  4.804000000004e+01,  2.500014543533e+00,  2.876634648698e+01,  3.954897403717e+00
  4.813999999990e+01,  2.499997138977e+00,  2.876636389154e+01,  3.951073408127e+00
  4.823999999999e+01,  2.500006675720e+00,  2.876635435479e+01,  3.952938795090e+00
  4.834000000008e+01,  2.499985694885e+00,  2.876637533563e+01,  3.951949119568e+00
  4.843999999994e+01,  2.500013113022e+00,  2.876634791749e+01,  3.954215049744e+00
  4.854000000004e+01,  2.500012159348e+00,  2.876634887117e+01,  3.951248168945e+00
  4.863999999990e+01,  2.500005006790e+00,  2.876635602372e+01,  3.950521469116e+00
  4.873999999999e+01,  2.499985456467e+00,  2.876637557405e+01,  3.952694416046e+00
  4.884000000008e+01,  2.499980688095e+00,  2.876638034242e+01,  3.951389789581e+00
  4.893999999994e+01,  2.499993324280e+00,  2.876636770624e+01,  3.953111171722e+00
  4.904000000004e+01,  2.500003337860e+00,  2.876635769265e+01,  3.952286720276e+00
  4.913999999990e+01,  2.499988555908e+00,  2.876637247461e+01,  3.950097799301e+00
  4.923999999999e+01,  2.500015258789e+00,  2.876634577173e+01,  3.950858116150e+00
  4.934000000008e+01,  2.499995708466e+00,  2.876636532205e+01,  3.947994709015e+00
  4.943999999994e+01,  2.499989748001e+00,  2.876637128251e+01,  3.948205471039e+00
  4.954000000004e+01,  2.499992609024e+00,  2.876636842149e+01,  3.949234008789e+00
  4.963999999990e+01,  2.499990224838e+00,  2.876637080568e+01,  3.948689460754e+00
  4.973999999999e+01,  2.499997854233e+00,  2.876636317628e+01,  3.947460174561e+00
  4.984000000008e+01,  2.499988794327e+00,  2.876637223619e+01,  3.947284698486e+00
  4.993999999994e+01,  2.499988555908e+00,  2.876637247461e+01,  3.946052312851e+00
  5.004000000004e+01,  2.499992609024e+00,  2.876636842149e+01,  3.944523572922e+00
  5.013999999990e+01,  2.500020265579e+00,  2.876634076494e+01,  3.947223901749e+00
  5.023999999999e+01,  2.500020027161e+00,  2.876634100335e+01,  3.947000026703e+00
  5.034000000008e+01,  2.500005245209e+00,  2.876635578531e+01,  3.943651914597e+00
  5.043999999994e+01,  2.500015258789e+00,  2.876634577173e+01,  3.947672605515e+00
  5.054000000004e+01,  2.500005722046e+00,  2.876635530847e+01,  3.943997859955e+00
  5.063999999990e+01,  2.499994277954e+00,  2.876636675256e+01,  3.941836118698e+00
  5.073999999999e+01,  2.500003099442e+00,  2.876635793107e+01,  3.942700147629e+00
  5.084000000008e+01,  2.499990463257e+00,  2.876637056726e+01,  3.942703962326e+00
  5.093999999994e+01,  2.499995470047e+00,  2.876636556047e+01,  3.942654848099e+00
  5.104000000004e+01,  2.500006198883e+00,  2.876635483163e+01,  3.942246437073e+00
  5.113999999990e+01,  2.500004291534e+00,  2.876635673898e+01,  3.941994905472e+00
  5.123999999999e+01,  2.499988317490e+00,  2.876637271303e+01,  3.944360733032e+00
  5.134000000008e+01,  2.500004291534e+00,  2.876635673898e+01,  3.940966844559e+00
  5.143999999994e+01,  2.499987840652e+00,  2.876637318986e+01,  3.940889358521e+00
  5.154000000004e+01,  2.500010967255e+00,  2.876635006326e+01,  3.939566373825e+00
  5.163999999990e+01,  2.500002622604e+00,  2.876635840791e+01,  3.941370010376e+00
  5.173999999999e+01,  2.500005960464e+00,  2.876635507005e+01,  3.938908815384e+00
  5.184000000008e+01,  2.499979734421e+00,  2.876638129609e+01,  3.938342571259e+00
  5.193999999994e+01,  2.499988555908e+00,  2.876637247461e+01,  3.938514471054e+00
  5.204000000004e+01,  2.499993801117e+00,  2.876636722940e+01,  3.939060449600e+00
  5.213999999990e+01,  2.500018119812e+00,  2.876634291070e+01,  3.940302848816e+00
  5.223999999999e+01,  2.500001668930e+00,  2.876635936158e+01,  3.937753200531e+00
  5.234000000008e+01,  2.499998807907e+00,  2.876636222261e+01,  3.937621116638e+00
  5.243999999994e+01,  2.500005245209e+00,  2.876635578531e+01,  3.938226222992e+00
  5.254000000004e+01,  2.500011682510e+00,  2.876634934800e+01,  3.937656164169e+00
  5.263999999990e+01,  2.500017404556e+00,  2.876634362596e+01,  3.935470342636e+00
  5.273999999999e+01,  2.499998331070e+00,  2.876636269945e+01,  3.934380292892e+00
  5.284000000008e+01,  2.500017881393e+00,  2.876634314912e+01,  3.937234401703e+00
  5.293999999994e+01,  2.500026226044e+00,  2.876633480447e+01,  3.933357954025e+00
  5.304000000004e+01,  2.499985933304e+00,  2.876637509721e+01,  3.938020944595e+00
  5.313999999990e+01,  2.499969720840e+00,  2.876639130967e+01,  3.935637474060e+00
  5.323999999999e+01,  2.500025272369e+00,  2.876633575815e+01,  3.933259010315e+00
  5.334000000008e+01,  2.499985933304e+00,  2.876637509721e+01,  3.933791637421e+00
  5.343999999994e+01,  2.499997854233e+00,  2.876636317628e+01,  3.931638002396e+00
  5.354000000004e+01,  2.499988317490e+00,  2.876637271303e+01,  3.933914422989e+00
  5.363999999990e+01,  2.500007867813e+00,  2.876635316270e+01,  3.931594610214e+00
  5.373999999999e+01,  2.500051021576e+00,  2.876631000894e+01,  3.931175708771e+00
  5.384000000008e+01,  2.499999523163e+00,  2.876636150735e+01,  3.931150197983e+00
  5.393999999994e+01,  2.499983310699e+00,  2.876637771982e+01,  3.929427385330e+00
  5.404000000004e+01,  2.499999284744e+00,  2.876636174577e+01,  3.930079221725e+00
  5.413999999990e+01,  2.499981880188e+00,  2.876637915033e+01,  3.929842710495e+00
  5.423999999999e+01,  2.500005245209e+00,  2.876635578531e+01,  3.928519487381e+00
  5.434000000008e+01,  2.500005960464e+00,  2.876635507005e+01,  3.931175231934e+00
  5.443999999994e+01,  2.499961853027e+00,  2.876639917749e+01,  3.929766416550e+00
  5.454000000004e+01,  2.499993085861e+00,  2.876636794465e+01,  3.927371263504e+00
  5.463999999990e+01,  2.499982833862e+00,  2.876637819665e+01,  3.928110599518e+00
  5.473999999999e+01,  2.499938011169e+00,  2.876642301935e+01,  3.928132295609e+00
  5.484000000008e+01,  2.499999523163e+00,  2.876636150735e+01,  3.928834199905e+00
  5.493999999994e+01,  2.500026464462e+00,  2.876633456605e+01,  3.925992250443e+00
  5.504000000004e+01,  2.499989032745e+00,  2.876637199777e+01,  3.925716400146e+00
  5.513999999990e+01,  2.499943494797e+00,  2.876641753572e+01,  3.923296451569e+00
  5.523999999999e+01,  2.499994277954e+00,  2.876636675256e+01,  3.925620079041e+00
  5.534000000008e+01,  2.499986410141e+00,  2.876637462037e+01,  3.924584865570e+00
  5.543999999994e+01,  2.499997377396e+00,  2.876636365312e+01,  3.924627780914e+00
  5.554000000004e+01,  2.499997615814e+00,  2.876636341470e+01,  3.924898624420e+00
  5.563999999990e+01,  2.499969244003e+00,  2.876639178651e+01,  3.925390005112e+00
  5.573999999999e+01,  2.499994993210e+00,  2.876636603731e+01,  3.923408985138e+00
  5.584000000008e+01,  2.500011682510e+00,  2.876634934800e+01,  3.921850681305e+00
  5.593999999994e+01,  2.499994516373e+00,  2.876636651414e+01,  3.927222251892e+00
  5.604000000004e+01,  2.500004291534e+00,  2.876635673898e+01,  3.922990798950e+00
  5.613999999990e+01,  2.500038623810e+00,  2.876632240671e+01,  3.922209501266e+00
  5.623999999999e+01,  2.500023126602e+00,  2.876633790391e+01,  3.923797369003e+00
  5.634000000008e+01,  2.499999523163e+00,  2.876636150735e+01,  3.923171758652e+00
  5.643999999994e+01,  2.500004529953e+00,  2.876635650056e+01,  3.923742532730e+00
  5.654000000004e+01,  2.500016689301e+00,  2.876634434121e+01,  3.920903205872e+00
  5.663999999990e+01,  2.499986171722e+00,  2.876637485879e+01,  3.923510313034e+00
  5.673999999999e+01,  2.499980449677e+00,  2.876638058084e+01,  3.920646429062e+00
  5.684000000008e+01,  2.500016450882e+00,  2.876634457963e+01,  3.921363830566e+00
  5.693999999994e+01,  2.500018596649e+00,  2.876634243387e+01,  3.919283628464e+00
  5.704000000004e+01,  2.500007390976e+00,  2.876635363954e+01,  3.920570373535e+00
  5.713999999990e+01,  2.499990940094e+00,  2.876637009042e+01,  3.920286655426e+00
  5.723999999999e+01,  2.499989509583e+00,  2.876637152093e+01,  3.915019273758e+00
  5.734000000008e+01,  2.500002861023e+00,  2.876635816949e+01,  3.919160604477e+00
  5.743999999994e+01,  2.499995231628e+00,  2.876636579889e+01,  3.915217876434e+00
  5.754000000004e+01,  2.500005722046e+00,  2.876635530847e+01,  3.918712377548e+00
  5.763999999990e+01,  2.499979734421e+00,  2.876638129609e+01,  3.915040254593e+00
  5.773999999999e+01,  2.500029087067e+00,  2.876633194345e+01,  3.916927099228e+00
  5.784000000008e+01,  2.499986410141e+00,  2.876637462037e+01,  3.915967226028e+00
  5.793999999994e+01,  2.500007867813e+00,  2.876635316270e+01,  3.918659448624e+00
  5.804000000004e+01,  2.499993562698e+00,  2.876636746782e+01,  3.916773796082e+00
  5.813999999990e+01,  2.499998331070e+00,  2.876636269945e+01,  3.916752576828e+00
  5.823999999999e+01,  2.499988555908e+00,  2.876637247461e+01,  3.912937402725e+00
  5.834000000008e+01,  2.499985218048e+00,  2.876637581247e+01,  3.914973258972e+00
  5.843999999994e+01,  2.500000000000e+00,  2.876636103051e+01,  3.913799762726e+00
  5.854000000004e+01,  2.500007390976e+00,  2.876635363954e+01,  3.911423921585e+00
  5.863999999990e+01,  2.499987602234e+00,  2.876637342828e+01,  3.913912296295e+00
  5.873999999999e+01,  2.500018358231e+00,  2.876634267228e+01,  3.912547826767e+00
  5.884000000008e+01,  2.500036478043e+00,  2.876632455247e+01,  3.914671182632e+00
  5.893999999994e+01,  2.499993085861e+00,  2.876636794465e+01,  3.912908077240e+00
  5.904000000004e+01,  2.499995470047e+00,  2.876636556047e+01,  3.912292957306e+00
  5.913999999990e+01,  2.499994277954e+00,  2.876636675256e+01,  3.913991689682e+00
  5.923999999999e+01,  2.499980449677e+00,  2.876638058084e+01,  3.910786151886e+00
  5.934000000008e+01,  2.499985456467e+00,  2.876637557405e+01,  3.910646200180e+00
  5.943999999994e+01,  2.499980688095e+00,  2.876638034242e+01,  3.909768342972e+00
  5.954000000004e+01,  2.500014543533e+00,  2.876634648698e+01,  3.910581111908e+00
  5.963999999990e+01,  2.500018358231e+00,  2.876634267228e+01,  3.909724712372e+00
  5.973999999999e+01,  2.500019311905e+00,  2.876634171861e+01,  3.907448291779e+00
  5.984000000008e+01,  2.500026464462e+00,  2.876633456605e+01,  3.907086133957e+00
  5.993999999994e+01,  2.499972105026e+00,  2.876638892549e+01,  3.907461643219e+00
  6.004000000004e+01,  2.499973535538e+00,  2.876638749498e+01,  3.907514810562e+00
  6.013999999990e+01,  2.499961614609e+00,  2.876639941591e+01,  3.906348228455e+00
  6.023999999999e+01,  2.500001668930e+00,  2.876635936158e+01,  3.908226966858e+00
  6.034000000008e+01,  2.499996900558e+00,  2.876636412996e+01,  3.905300855637e+00
  6.043999999994e+01,  2.499980211258e+00,  2.876638081926e+01,  3.908071279526e+00
  6.054000000004e+01,  2.500024080276e+00,  2.876633695024e+01,  3.906932592392e+00
  6.063999999990e+01,  2.500016212463e+00,  2.876634481805e+01,  3.907955646515e+00
  6.073999999999e+01,  2.500010967255e+00,  2.876635006326e+01,  3.905481100082e+00
  6.084000000008e+01,  2.499978780746e+00,  2.876638224977e+01,  3.904282569885e+00
  6.093999999994e+01,  2.500009059906e+00,  2.876635197061e+01,  3.904843330383e+00
  6.104000000004e+01,  2.500036954880e+00,  2.876632407564e+01,  3.903371810913e+00
  6.113999999990e+01,  2.500003814697e+00,  2.876635721582e+01,  3.903785228729e+00
  6.123999999999e+01,  2.499998092651e+00,  2.876636293786e+01,  3.905489921570e+00
  6.134000000008e+01,  2.500019788742e+00,  2.876634124177e+01,  3.904675960541e+00
  6.143999999994e+01,  2.500005722046e+00,  2.876635530847e+01,  3.902903079987e+00
  6.154000000004e+01,  2.500008583069e+00,  2.876635244745e+01,  3.905303001404e+00
  6.163999999990e+01,  2.500004291534e+00,  2.876635673898e+01,  3.903831720352e+00
  6.173999999999e+01,  2.500053405762e+00,  2.876630762475e+01,  3.903579711914e+00
  6.184000000008e+01,  2.500009536743e+00,  2.876635149377e+01,  3.901733636856e+00
  6.193999999994e+01,  2.499978542328e+00,  2.876638248819e+01,  3.902406930923e+00
  6.204000000004e+01,  2.499969959259e+00,  2.876639107126e+01,  3.901388168335e+00
  6.213999999990e+01,  2.499974250793e+00,  2.876638677972e+01,  3.902988195419e+00
  6.223999999999e+01,  2.500018596649e+00,  2.876634243387e+01,  3.899420976639e+00
  6.234000000008e+01,  2.500010251999e+00,  2.876635077852e+01,  3.902031660080e+00
  6.243999999994e+01,  2.500015497208e+00,  2.876634553331e+01,  3.903655767441e+00
  6.254000000004e+01,  2.499986648560e+00,  2.876637438196e+01,  3.900076627731e+00
  6.263999999990e+01,  2.499972581863e+00,  2.876638844865e+01,  3.900223016739e+00
  6.273999999999e+01,  2.499998807907e+00,  2.876636222261e+01,  3.900252819061e+00
  6.284000000008e+01,  2.499987125397e+00,  2.876637390512e+01,  3.898993968964e+00
  6.293999999994e+01,  2.500005006790e+00,  2.876635602372e+01,  3.899657011032e+00
  6.303700000001e+01,  2.500010490417e+00,  2.876635054010e+01,  3.897384405136e+00
  6.303799999994e+01,  2.500012874603e+00,  2.876634815591e+01,  3.897337436676e+00
  6.304099999997e+01,  2.500009059906e+00,  2.876635197061e+01,  3.897340536118e+00
  6.314100000006e+01,  2.499859333038e+00,  2.876650169748e+01,  3.896337509155e+00
  6.321399999992e+01,  2.489726305008e+00,  2.877663472551e+01,  3.897228717804e+00
  6.323650000012e+01,  2.479602098465e+00,  2.878675893205e+01,  3.873405456543e+00
  6.324799999991e+01,  2.469428300858e+00,  2.879693272966e+01,  3.843841552734e+00
  6.325600000005e+01,  2.458873033524e+00,  2.880748799699e+01,  3.833057403564e+00
  6.326249999995e+01,  2.448760271072e+00,  2.881760075944e+01,  3.822704315186e+00
  6.326850000001e+01,  2.438746690750e+00,  2.882761433976e+01,  3.806285858154e+00
  6.327450000006e+01,  2.428347826004e+00,  2.883801320451e+01,  3.791126251221e+00
  6.328050000011e+01,  2.417849779129e+00,  2.884851125139e+01,  3.772464752197e+00
  6.328649999993e+01,  2.407504320145e+00,  2.885885671037e+01,  3.757335662842e+00
  6.329300000006e+01,  2.396872758865e+00,  2.886948827165e+01,  3.737537384033e+00
  6.330000000005e+01,  2.386500597000e+00,  2.887986043351e+01,  3.725957870483e+00
  6.330799999996e+01,  2.376368761063e+00,  2.888999226945e+01,  3.691801071167e+00
  6.331649999996e+01,  2.366358995438e+00,  2.890000203508e+01,  3.660573959351e+00
  6.332499999995e+01,  2.356208086014e+00,  2.891015294450e+01,  3.635747909546e+00
  6.333300000010e+01,  2.346184968948e+00,  2.892017606157e+01,  3.607542276382e+00
  6.334049999993e+01,  2.335950136185e+00,  2.893041089433e+01,  3.583593606949e+00
  6.334749999992e+01,  2.325715303421e+00,  2.894064572709e+01,  3.568388223648e+00
  6.335449999990e+01,  2.315449953079e+00,  2.895091107744e+01,  3.552900552750e+00
  6.336199999996e+01,  2.304940462112e+00,  2.896142056840e+01,  3.531423807144e+00
  6.337000000011e+01,  2.294602632523e+00,  2.897175839799e+01,  3.508749246597e+00
  6.337899999996e+01,  2.284157991409e+00,  2.898220303911e+01,  3.487493753433e+00
  6.338950000005e+01,  2.274064302444e+00,  2.899229672807e+01,  3.467226266861e+00
  6.340299999993e+01,  2.263880968094e+00,  2.900248006242e+01,  3.427263498306e+00
  6.341599999997e+01,  2.253474473953e+00,  2.901288655656e+01,  3.398241281509e+00
  6.342699999991e+01,  2.243003129959e+00,  2.902335790056e+01,  3.377016305923e+00
  6.343650000007e+01,  2.232947587967e+00,  2.903341344255e+01,  3.359087228775e+00
  6.344600000000e+01,  2.222567796707e+00,  2.904379323381e+01,  3.339777231216e+00
  6.345549999992e+01,  2.212390184402e+00,  2.905397084611e+01,  3.319689035416e+00
  6.346549999993e+01,  2.202182054520e+00,  2.906417897600e+01,  3.298410654068e+00
  6.347600000002e+01,  2.192134141922e+00,  2.907422688859e+01,  3.274912118912e+00
  6.348750000005e+01,  2.181739091873e+00,  2.908462193864e+01,  3.248720407486e+00
  6.349900000007e+01,  2.171281099319e+00,  2.909507993120e+01,  3.225237131119e+00
  6.351000000001e+01,  2.160996675491e+00,  2.910536435502e+01,  3.204878091812e+00
  6.352050000010e+01,  2.150988817215e+00,  2.911537221330e+01,  3.183073282242e+00
  6.353099999996e+01,  2.140584230423e+00,  2.912577680009e+01,  3.159704446793e+00
  6.354099999997e+01,  2.130181550980e+00,  2.913617947954e+01,  3.136587381363e+00
  6.355049999990e+01,  2.119885683060e+00,  2.914647534746e+01,  3.114347696304e+00
  6.355949999997e+01,  2.109772920609e+00,  2.915658810991e+01,  3.091772317886e+00
  6.356850000005e+01,  2.099446535110e+00,  2.916691449540e+01,  3.072683572769e+00
  6.357749999990e+01,  2.089329719543e+00,  2.917703131097e+01,  3.054229974747e+00
  6.358700000006e+01,  2.079285621643e+00,  2.918707540887e+01,  3.033771753311e+00
  6.359749999992e+01,  2.068953514099e+00,  2.919740751642e+01,  3.010502099991e+00
  6.360850000009e+01,  2.058600425720e+00,  2.920776060479e+01,  2.984531641006e+00
  6.361899999995e+01,  2.048527717590e+00,  2.921783331292e+01,  2.961593866348e+00
  6.362950000004e+01,  2.038104057312e+00,  2.922825697320e+01,  2.939827203751e+00
  6.363950000005e+01,  2.027911186218e+00,  2.923844984430e+01,  2.919601678848e+00
  6.364950000006e+01,  2.017668724060e+00,  2.924869230645e+01,  2.899841547012e+00
  6.365950000007e+01,  2.007628440857e+00,  2.925873258966e+01,  2.878502130508e+00
  6.366999999993e+01,  1.997338294983e+00,  2.926902273553e+01,  2.855156183243e+00
  6.368050000002e+01,  1.986958503723e+00,  2.927940252679e+01,  2.832496881485e+00
  6.369050000003e+01,  1.976902961731e+00,  2.928945806878e+01,  2.811455011368e+00
  6.370050000004e+01,  1.966816902161e+00,  2.929954412835e+01,  2.791286706924e+00
  6.371050000004e+01,  1.956746101379e+00,  2.930961492914e+01,  2.772934198380e+00
  6.372099999990e+01,  1.946347236633e+00,  2.932001379388e+01,  2.752193689346e+00
  6.373149999999e+01,  1.936097145081e+00,  2.933026388543e+01,  2.728367090225e+00
  6.374200000009e+01,  1.925637245178e+00,  2.934072378534e+01,  2.707557916641e+00
  6.375200000009e+01,  1.915440559387e+00,  2.935092047113e+01,  2.689071893692e+00
  6.376200000010e+01,  1.905365943909e+00,  2.936099508661e+01,  2.668945550919e+00
  6.377249999996e+01,  1.895028114319e+00,  2.937133291620e+01,  2.648494958878e+00
  6.378300000005e+01,  1.884930610657e+00,  2.938143041986e+01,  2.627063989639e+00
  6.379349999991e+01,  1.874835014343e+00,  2.939152601617e+01,  2.603962182999e+00
  6.380400000000e+01,  1.864472389221e+00,  2.940188864129e+01,  2.581123590469e+00
  6.381400000001e+01,  1.854351997375e+00,  2.941200903314e+01,  2.560882806778e+00
  6.382400000002e+01,  1.844098091125e+00,  2.942226293939e+01,  2.540714502335e+00
  6.383400000003e+01,  1.833853006363e+00,  2.943250802415e+01,  2.522452354431e+00
  6.384400000004e+01,  1.823782205582e+00,  2.944257882493e+01,  2.501212120056e+00
  6.385449999990e+01,  1.813379526138e+00,  2.945298150438e+01,  2.479704856873e+00
  6.386499999999e+01,  1.802927255630e+00,  2.946343377488e+01,  2.457541465759e+00
  6.387500000000e+01,  1.792864084244e+00,  2.947349694627e+01,  2.437346458435e+00
  6.388500000001e+01,  1.782690286636e+00,  2.948367074388e+01,  2.417834281921e+00
  6.389500000002e+01,  1.772550821304e+00,  2.949381020921e+01,  2.400706291199e+00
  6.390500000003e+01,  1.762521982193e+00,  2.950383904832e+01,  2.379572868347e+00
  6.391500000004e+01,  1.752519845963e+00,  2.951384118455e+01,  2.359133720398e+00
  6.392500000005e+01,  1.742441415787e+00,  2.952391961473e+01,  2.338297843933e+00
  6.393500000006e+01,  1.732252359390e+00,  2.953410867112e+01,  2.319640159607e+00
  6.394500000007e+01,  1.721998453140e+00,  2.954436257737e+01,  2.298960685730e+00
  6.395500000007e+01,  1.711744546890e+00,  2.955461648362e+01,  2.282038688660e+00
  6.396500000008e+01,  1.701689004898e+00,  2.956467202562e+01,  2.264101982117e+00
  6.397549999994e+01,  1.691429376602e+00,  2.957493165391e+01,  2.244753837585e+00
  6.398600000003e+01,  1.681331872940e+00,  2.958502915757e+01,  2.222460746765e+00
  6.399649999989e+01,  1.671119928360e+00,  2.959524110216e+01,  2.202948570251e+00
  6.400699999998e+01,  1.660732507706e+00,  2.960562852281e+01,  2.183634757996e+00
  6.401699999999e+01,  1.650650262833e+00,  2.961571076768e+01,  2.165457725525e+00
  6.402700000000e+01,  1.640606164932e+00,  2.962575486558e+01,  2.147467613220e+00
  6.403750000009e+01,  1.630195856094e+00,  2.963616517442e+01,  2.127333641052e+00
  6.404799999995e+01,  1.619867563248e+00,  2.964649346727e+01,  2.106200218201e+00
  6.405850000004e+01,  1.609445810318e+00,  2.965691522020e+01,  2.085871696472e+00
  6.406850000005e+01,  1.599420785904e+00,  2.966694024461e+01,  2.067774772644e+00
  6.407850000006e+01,  1.589320659637e+00,  2.967704037088e+01,  2.050396442413e+00
  6.408899999992e+01,  1.578856945038e+00,  2.968750408548e+01,  2.032162189484e+00
  6.409950000001e+01,  1.568610668182e+00,  2.969775036233e+01,  2.010838031769e+00
  6.411000000010e+01,  1.558385372162e+00,  2.970797565835e+01,  1.988346576691e+00
  6.412049999996e+01,  1.547894954681e+00,  2.971846607583e+01,  1.967773914337e+00
  6.413049999997e+01,  1.537656307220e+00,  2.972870472329e+01,  1.949081897736e+00
  6.414049999998e+01,  1.527364253998e+00,  2.973899677652e+01,  1.932686328888e+00
  6.415049999999e+01,  1.517167568207e+00,  2.974919346231e+01,  1.916428089142e+00
  6.416050000000e+01,  1.507092952728e+00,  2.975926807779e+01,  1.898613452911e+00
  6.417100000009e+01,  1.496610164642e+00,  2.976975086587e+01,  1.879284381866e+00
  6.418149999995e+01,  1.486180782318e+00,  2.978018024820e+01,  1.859646320343e+00
  6.419200000004e+01,  1.475762844086e+00,  2.979059818643e+01,  1.840019702911e+00
  6.420249999990e+01,  1.465344905853e+00,  2.980101612466e+01,  1.821022510529e+00
  6.421299999999e+01,  1.454915523529e+00,  2.981144550699e+01,  1.802307605743e+00
  6.422300000000e+01,  1.444852352142e+00,  2.982150867837e+01,  1.784107685089e+00
  6.423300000001e+01,  1.434590816498e+00,  2.983177021402e+01,  1.767502307892e+00
  6.424300000002e+01,  1.424264431000e+00,  2.984209659952e+01,  1.749218463898e+00
  6.425300000003e+01,  1.414124965668e+00,  2.985223606485e+01,  1.732571125031e+00
  6.426350000012e+01,  1.403783321381e+00,  2.986257770913e+01,  1.714111804962e+00
  6.427399999998e+01,  1.393664836884e+00,  2.987269619363e+01,  1.695789813995e+00
  6.428450000007e+01,  1.383494853973e+00,  2.988286617654e+01,  1.677776813507e+00
  6.429499999993e+01,  1.373124599457e+00,  2.989323643106e+01,  1.658695697784e+00
  6.430499999993e+01,  1.363069057465e+00,  2.990329197305e+01,  1.641033649445e+00
  6.431499999994e+01,  1.352998256683e+00,  2.991336277383e+01,  1.623455524445e+00
  6.432550000004e+01,  1.342557430267e+00,  2.992380360025e+01,  1.604397296906e+00
  6.433599999989e+01,  1.332207918167e+00,  2.993415311235e+01,  1.584448575974e+00
  6.434649999999e+01,  1.321831941605e+00,  2.994452908891e+01,  1.566633939743e+00
  6.435700000008e+01,  1.311356782913e+00,  2.995500424760e+01,  1.547587156296e+00
  6.436700000009e+01,  1.301278352737e+00,  2.996508267778e+01,  1.528712034225e+00
  6.437700000009e+01,  1.291173219681e+00,  2.997518781083e+01,  1.510214567184e+00
  6.438700000010e+01,  1.281094789505e+00,  2.998526624101e+01,  1.493353605270e+00
  6.439700000011e+01,  1.271073579788e+00,  2.999528745073e+01,  1.475550413132e+00
  6.440699999989e+01,  1.260991334915e+00,  3.000536969560e+01,  1.458224058151e+00
  6.441699999990e+01,  1.250882387161e+00,  3.001547864335e+01,  1.441385984421e+00
  6.442699999991e+01,  1.240880250931e+00,  3.002548077958e+01,  1.423765897751e+00
  6.443750000000e+01,  1.230559587479e+00,  3.003580144304e+01,  1.403120756149e+00
  6.444800000009e+01,  1.220277070999e+00,  3.004608395952e+01,  1.384188413620e+00
  6.445849999995e+01,  1.209950685501e+00,  3.005641034501e+01,  1.365019559860e+00
  6.446900000004e+01,  1.199509859085e+00,  3.006685117143e+01,  1.346682310104e+00
  6.447900000005e+01,  1.189412355423e+00,  3.007694867509e+01,  1.328825712204e+00
  6.448900000006e+01,  1.179269075394e+00,  3.008709195512e+01,  1.310709714890e+00
  6.449900000007e+01,  1.169209718704e+00,  3.009715131181e+01,  1.292628049850e+00
  6.450949999993e+01,  1.158849000931e+00,  3.010751202958e+01,  1.273268461227e+00
  6.452000000002e+01,  1.148617982864e+00,  3.011774304765e+01,  1.253664731979e+00
  6.453050000011e+01,  1.138230562210e+00,  3.012813046830e+01,  1.234492063522e+00
  6.454050000012e+01,  1.128125429153e+00,  3.013823560136e+01,  1.216791868210e+00
  6.455049999990e+01,  1.117909669876e+00,  3.014845136064e+01,  1.198599576950e+00
  6.456049999991e+01,  1.107617616653e+00,  3.015874341386e+01,  1.181536436081e+00
  6.457049999991e+01,  1.097390413284e+00,  3.016897061723e+01,  1.163786649704e+00
  6.458049999992e+01,  1.087332129478e+00,  3.017902890104e+01,  1.147226452827e+00
  6.459100000001e+01,  1.076975226402e+00,  3.018938580411e+01,  1.128080487251e+00
  6.460150000011e+01,  1.066614508629e+00,  3.019974652189e+01,  1.109567761421e+00
  6.461199999996e+01,  1.056158423424e+00,  3.021020260709e+01,  1.091104626656e+00
  6.462250000006e+01,  1.045729041100e+00,  3.022063198942e+01,  1.073419690132e+00
  6.463299999991e+01,  1.035353064537e+00,  3.023100796598e+01,  1.055730938911e+00
  6.464350000001e+01,  1.025061011314e+00,  3.024130001920e+01,  1.038442730904e+00
  6.465400000010e+01,  1.014849066734e+00,  3.025151196378e+01,  1.021688580513e+00
  6.466449999996e+01,  1.004644751549e+00,  3.026171627897e+01,  1.000856518745e+00
  6.467500000005e+01,  9.942344427109e-01,  3.027212658780e+01,  9.811002612114e-01
  6.468500000006e+01,  9.840873479843e-01,  3.028227368253e+01,  9.626752734184e-01
  6.469500000007e+01,  9.738487005234e-01,  3.029251232999e+01,  9.443189501762e-01
  6.470500000007e+01,  9.636214971542e-01,  3.030273953336e+01,  9.260999560356e-01
  6.471500000008e+01,  9.535354375839e-01,  3.031282559293e+01,  9.091703295708e-01
  6.472549999994e+01,  9.430869817734e-01,  3.032327404874e+01,  8.904287219048e-01
  6.473600000003e+01,  9.326347112656e-01,  3.033372631925e+01,  8.730222582817e-01
  6.474649999989e+01,  9.221633672714e-01,  3.034419766324e+01,  8.548452258110e-01
  6.475699999998e+01,  9.116729497910e-01,  3.035468808072e+01,  8.377591967583e-01
  6.476699999999e+01,  9.015983343124e-01,  3.036476269620e+01,  8.222677111626e-01
  6.477700000000e+01,  8.915427923203e-01,  3.037481823819e+01,  8.076345324516e-01
  6.478750000009e+01,  8.811134099960e-01,  3.038524762052e+01,  7.883703112602e-01
  6.479799999995e+01,  8.707793951035e-01,  3.039558163541e+01,  7.698156237602e-01
  6.480850000004e+01,  8.603767156601e-01,  3.040598431485e+01,  7.495176196098e-01
  6.481850000005e+01,  8.503478765488e-01,  3.041601315397e+01,  7.338926196098e-01
  6.482850000006e+01,  8.403075337410e-01,  3.042605349677e+01,  7.188341617584e-01
  6.483899999992e+01,  8.298361897469e-01,  3.043652484077e+01,  7.040560245514e-01
  6.484950000001e+01,  8.194144368172e-01,  3.044694659370e+01,  6.884157657623e-01
  6.486000000010e+01,  8.090003132820e-01,  3.045736071723e+01,  6.707575321198e-01
  6.487000000011e+01,  7.989905476570e-01,  3.046737048286e+01,  6.534922122955e-01
  6.487999999989e+01,  7.888815999031e-01,  3.047747943061e+01,  6.361925601959e-01
  6.488999999990e+01,  7.787154316902e-01,  3.048764559882e+01,  6.205408573151e-01
  6.489999999991e+01,  7.685835957527e-01,  3.049777743476e+01,  6.051104068756e-01
  6.490999999992e+01,  7.585471272469e-01,  3.050781390327e+01,  5.907022953033e-01
  6.492050000001e+01,  7.481978535652e-01,  3.051816317695e+01,  5.735743045807e-01
  6.493100000010e+01,  7.378905415535e-01,  3.052847048896e+01,  5.564997196198e-01
  6.494149999996e+01,  7.275107502937e-01,  3.053885028022e+01,  5.387690067291e-01
  6.495149999997e+01,  7.174666523933e-01,  3.054889437812e+01,  5.238459110260e-01
  6.496149999998e+01,  7.072737812996e-01,  3.055908724922e+01,  5.105516910553e-01
  6.497149999999e+01,  6.971228718758e-01,  3.056923815864e+01,  4.974482357502e-01
  6.498200000008e+01,  6.867087483406e-01,  3.057965228217e+01,  4.818919003010e-01
  6.499249999993e+01,  6.765063405037e-01,  3.058985469001e+01,  4.656641781330e-01
  6.500300000003e+01,  6.663058400154e-01,  3.060005519050e+01,  4.480479061604e-01
  6.501350000012e+01,  6.558573842049e-01,  3.061050364631e+01,  4.308779537678e-01
  6.502349999989e+01,  6.456530690193e-01,  3.062070796150e+01,  4.162867367268e-01
  6.503349999990e+01,  6.354144215584e-01,  3.063094660896e+01,  4.016688168049e-01
  6.504349999991e+01,  6.252864003181e-01,  3.064107463020e+01,  3.866007626057e-01
  6.505400000000e+01,  6.148760914803e-01,  3.065148493903e+01,  3.706629574299e-01
  6.506450000009e+01,  6.046794056892e-01,  3.066168162483e+01,  3.522074520588e-01
  6.507499999995e+01,  5.942919850349e-01,  3.067206904548e+01,  3.363497555256e-01
  6.508499999996e+01,  5.841092467308e-01,  3.068225178378e+01,  3.234471678734e-01
  6.509499999997e+01,  5.738667845726e-01,  3.069249424594e+01,  3.106335997581e-01
  6.510499999998e+01,  5.637273192406e-01,  3.070263371127e+01,  2.981252074242e-01
  6.511550000007e+01,  5.533437132835e-01,  3.071301731723e+01,  2.834271788597e-01
  6.512599999993e+01,  5.431069731712e-01,  3.072325405734e+01,  2.674245238304e-01
  6.513650000002e+01,  5.327615141869e-01,  3.073359951633e+01,  2.529324889183e-01
  6.514700000011e+01,  5.222825407982e-01,  3.074407848972e+01,  2.379178255796e-01
  6.515699999989e+01,  5.121697783470e-01,  3.075419125217e+01,  2.251004427671e-01
  6.516699999990e+01,  5.020493865013e-01,  3.076431164401e+01,  2.125004976988e-01
  6.517749999999e+01,  4.916276037693e-01,  3.077473342675e+01,  1.974744051695e-01
  6.518800000008e+01,  4.812630712986e-01,  3.078509795922e+01,  1.815442293882e-01
  6.519849999994e+01,  4.707955420017e-01,  3.079556548851e+01,  1.683758944273e-01
  6.520900000003e+01,  4.603470861912e-01,  3.080601394432e+01,  1.545972079039e-01
  6.521900000004e+01,  4.503258764744e-01,  3.081603515404e+01,  1.426724642515e-01
  6.522900000005e+01,  4.403046667576e-01,  3.082605636376e+01,  1.307782381773e-01
  6.523900000006e+01,  4.302987158298e-01,  3.083606231469e+01,  1.175297945738e-01
  6.524949999992e+01,  4.198044836521e-01,  3.084655654686e+01,  1.032628268003e-01
  6.525949999993e+01,  4.096650183201e-01,  3.085669601219e+01,  9.136478602886e-02
  6.526949999994e+01,  3.994645178318e-01,  3.086689651268e+01,  8.088962733746e-02
  6.527949999995e+01,  3.893593847752e-01,  3.087700164574e+01,  7.028095424175e-02
  6.529000000004e+01,  3.788842260838e-01,  3.088747680443e+01,  5.917828157544e-02
  6.530049999990e+01,  3.684433996677e-01,  3.089791763085e+01,  4.639904573560e-02
  6.531099999999e+01,  3.579567968845e-01,  3.090840423363e+01,  3.302853181958e-02
  6.532100000000e+01,  3.478097021580e-01,  3.091855132836e+01,  2.195255830884e-02
  6.533100000001e+01,  3.375976085663e-01,  3.092876342195e+01,  1.259383093566e-02
  6.534150000010e+01,  3.271148204803e-01,  3.093924621003e+01,  3.614033572376e-03
  6.535199999996e+01,  3.169600963593e-01,  3.094940093416e+01, -7.231150753796e-03
  6.536250000005e+01,  3.068683147430e-01,  3.095949271577e+01, -2.047578059137e-02
  6.537299999991e+01,  2.963893413544e-01,  3.096997168916e+01, -3.072968684137e-02
  6.538299999991e+01,  2.861659526825e-01,  3.098019507783e+01, -3.806534782052e-02
  6.539299999992e+01,  2.759768962860e-01,  3.099038413423e+01, -4.501191154122e-02
  6.540299999993e+01,  2.659137248993e-01,  3.100044730562e+01, -4.912272468209e-02
  6.541350000002e+01,  2.557494640350e-01,  3.101061156648e+01, -4.947334900498e-02
  6.542449999996e+01,  2.454097270966e-01,  3.102095130342e+01, -5.057526007295e-02
  6.543449999997e+01,  2.353579998016e-01,  3.103100303071e+01, -3.916550055146e-02
  6.544449999998e+01,  2.249629497528e-01,  3.104139808076e+01, -2.772904001176e-02
  6.545449999999e+01,  2.146098613739e-01,  3.105175116914e+01, -1.543426979333e-02
  6.546450000000e+01,  2.045466899872e-01,  3.106181434053e+01, -5.004887469113e-03
  6.547549999994e+01,  1.941230297089e-01,  3.107223800081e+01, -4.115109331906e-03
  6.548650000012e+01,  1.838328838348e-01,  3.108252814668e+01, -1.246741879731e-02
  6.549649999989e+01,  1.737506389618e-01,  3.109261039155e+01, -1.205490995198e-02
  6.550649999990e+01,  1.632907390594e-01,  3.110307029146e+01, -9.522427804768e-03
  6.551649999991e+01,  1.529376506805e-01,  3.111342337983e+01, -7.457246072590e-03
  6.552700000000e+01,  1.424643993378e-01,  3.112389663118e+01, -4.918922670186e-03
  6.553799999994e+01,  1.320235729218e-01,  3.113433745759e+01, -1.054375339299e-02
  6.554850000003e+01,  1.215808466077e-01,  3.114478018391e+01, -1.260613370687e-02
  6.555850000004e+01,  1.110484674573e-01,  3.115531256306e+01, -1.049493718892e-02
  6.556799999997e+01,  1.009509637952e-01,  3.116541006672e+01, -8.651961572468e-03
  6.557799999998e+01,  9.054828435183e-02,  3.117581274616e+01, -6.601323373616e-03
  6.558850000007e+01,  8.023917675018e-02,  3.118612185376e+01, -2.926996676251e-03
  6.559950000001e+01,  7.017219066620e-02,  3.119618883985e+01, -1.288562174886e-02
  6.561000000010e+01,  5.975043773651e-02,  3.120661059278e+01, -1.364784594625e-02
  6.561950000003e+01,  4.953849315643e-02,  3.121682253736e+01, -1.067476626486e-02
  6.562899999996e+01,  3.921592235565e-02,  3.122714510816e+01, -7.401756010950e-03
  6.563899999997e+01,  2.888572402298e-02,  3.123747530649e+01, -1.786521403119e-03
  6.565049999999e+01,  1.886642165482e-02,  3.124749460886e+01,  8.206077851355e-03
  6.566950000008e+01,  8.835674263537e-03,  3.125752535625e+01, -8.702788036317e-04
  6.569699999993e+01,  2.033115597442e-03,  3.126432791492e+01, -8.120826445520e-03
  6.569800000009e+01,  1.881004427560e-03,  3.126448002609e+01, -8.166006766260e-03
  6.570600000001e+01,  8.331547724083e-04,  3.126552787574e+01, -8.291727863252e-03
  6.570900000003e+01,  5.038987146690e-04,  3.126585713180e+01, -7.984644733369e-03
  6.592599999998e+01, -2.344670239836e-03,  3.126870570075e+01, -8.798837661743e-03
  6.592699999991e+01, -2.341123763472e-03,  3.126870215428e+01, -8.895635604858e-03
