           Test time,     Standard travel,     Tool separation,      Standard force
                 0.0,                 0.0,  2.018613951210e+01, -1.644232682884e-02
                 0.0,                 0.0,  2.018614642624e+01, -1.645035110414e-02
                 0.0,                 0.0,  2.018616299633e+01, -1.668458245695e-02
                 0.0,                 0.0,  2.018616967205e+01, -1.712327264249e-02
                 0.0,                 0.0,  2.018617396358e+01, -1.718430779874e-02
                 0.0,                 0.0,  1.821028467774e+01, -1.535597536713e-02
  0.000000000000e+00,  0.000000000000e+00,  1.821027987011e+01, -1.550725195557e-02
  8.000001311302e-03, -1.218169927597e-06,  1.821028108828e+01, -1.568907499313e-02
  1.100000739098e-02,  3.961493348470e-06,  1.821027590862e+01, -1.580056548119e-02
  1.300001144409e-02,  3.892575477948e-06,  1.821027597754e+01, -1.583123952150e-02
  1.399999856949e-02,  7.126127457013e-06,  1.821027274399e+01, -1.575732976198e-02
  1.140000075102e-01,  4.322209497332e-05,  1.821023664802e+01, -1.431016903371e-02
  2.145000100136e-01, -9.963214324671e-06,  1.821028983333e+01, -1.483361236751e-02
  3.149999976158e-01,  2.092223876389e-04,  1.821007064773e+01, -1.587056368589e-02
  3.865000009537e-01,  1.028052996844e-02,  1.819999934014e+01, -1.451454963535e-02
  4.074999988079e-01,  2.055003866553e-02,  1.818972983145e+01,  3.040916286409e-03
  4.185000061989e-01,  3.058841452003e-02,  1.817969145559e+01,  1.256085094064e-02
  4.265000075102e-01,  4.089191183448e-02,  1.816938795828e+01,  1.047635730356e-02
  4.335000067949e-01,  5.169131979346e-02,  1.815858855032e+01,  6.725854473189e-04
  4.399999976158e-01,  6.250216811895e-02,  1.814777770199e+01, -6.611579097807e-03
  4.460000097752e-01,  7.283618301153e-02,  1.813744368710e+01, -1.207804027945e-02
  4.520000070333e-01,  8.323504775763e-02,  1.812704482236e+01, -1.624750345945e-02
  4.580000042915e-01,  9.347750991583e-02,  1.811680236020e+01, -2.303766459227e-02
  4.645000100136e-01,  1.040404066443e-01,  1.810623946347e+01, -2.519976347685e-02
  4.715000092983e-01,  1.144659742713e-01,  1.809581389584e+01, -3.571175783873e-02
  4.795000106096e-01,  1.247809156775e-01,  1.808549895444e+01, -2.510308474302e-02
  4.880000054836e-01,  1.348631680012e-01,  1.807541670211e+01, -1.626633852720e-02
  4.970000088215e-01,  1.454451382160e-01,  1.806483473190e+01, -1.466992590576e-02
  5.055000036955e-01,  1.554587185383e-01,  1.805482115158e+01, -1.446895394474e-02
  5.139999985695e-01,  1.655485928059e-01,  1.804473127731e+01, -1.083164010197e-02
  5.225000083447e-01,  1.760428249836e-01,  1.803423704513e+01, -9.349391795695e-03
  5.305000096560e-01,  1.865141689777e-01,  1.802376570114e+01, -1.797244767658e-03
  5.375000089407e-01,  1.966383755207e-01,  1.801364149459e+01, -4.089281894267e-03
  5.445000082254e-01,  2.073157131672e-01,  1.800296415695e+01, -1.591865718365e-02
  5.515000075102e-01,  2.177603542805e-01,  1.799251951583e+01, -2.151863276958e-02
  5.590000003576e-01,  2.282965481281e-01,  1.798198332199e+01, -2.667801082134e-02
  5.670000016689e-01,  2.384436428547e-01,  1.797183622726e+01, -2.990178763866e-02
  5.764999985695e-01,  2.488501369953e-01,  1.796142973312e+01, -3.432606160641e-02
  5.890000015497e-01,  2.590887844563e-01,  1.795119108566e+01, -3.027461469173e-02
  6.050000041723e-01,  2.694151699543e-01,  1.794086470016e+01, -9.762988425791e-03
  6.180000007153e-01,  2.795565426350e-01,  1.793072332748e+01, -5.499766208231e-03
  6.290000081062e-01,  2.899668514729e-01,  1.792031301864e+01, -5.885289050639e-03
  6.385000050068e-01,  3.000300228596e-01,  1.791024984725e+01, -1.061217579991e-02
  6.480000019073e-01,  3.105053007603e-01,  1.789977456935e+01, -1.526135299355e-02
  6.574999988079e-01,  3.208698332310e-01,  1.788941003688e+01, -1.819962263107e-02
  6.675000041723e-01,  3.312648832798e-01,  1.787901498683e+01, -2.048808336258e-02
  6.780000030994e-01,  3.413871824741e-01,  1.786889268764e+01, -1.901561021805e-02
  6.895000040531e-01,  3.516220152378e-01,  1.785865785488e+01, -1.613411307335e-02
  7.014999985695e-01,  3.619960844517e-01,  1.784828378566e+01, -1.259955856949e-02
  7.129999995232e-01,  3.722003996372e-01,  1.783807947048e+01, -1.102984044701e-02
  7.240000069141e-01,  3.825267851353e-01,  1.782775308498e+01, -1.121473405510e-02
  7.339999973774e-01,  3.926853239536e-01,  1.781759454616e+01, -9.240032173693e-03
  7.435000091791e-01,  4.032100737095e-01,  1.780706979640e+01, -9.105728007853e-03
  7.520000040531e-01,  4.132923185825e-01,  1.779698755153e+01, -1.235489640385e-02
  7.604999989271e-01,  4.235652983189e-01,  1.778671457179e+01, -1.695255935192e-02
  7.695000022650e-01,  4.341091215611e-01,  1.777617074855e+01, -1.855055987835e-02
  7.789999991655e-01,  4.446147978306e-01,  1.776566507228e+01, -2.042977511883e-02
  7.890000045300e-01,  4.547485411167e-01,  1.775553132900e+01, -1.952105388045e-02
  8.000000119209e-01,  4.649261534214e-01,  1.774535371669e+01, -1.600730046630e-02
  8.114999979734e-01,  4.753574430943e-01,  1.773492242702e+01, -9.490844793618e-03
  8.220000118017e-01,  4.855522215366e-01,  1.772472764858e+01, -8.458522148430e-03
  8.320000022650e-01,  4.958557188511e-01,  1.771442415126e+01, -1.249447185546e-02
  8.414999991655e-01,  5.058692693710e-01,  1.770441060074e+01, -1.576891168952e-02
  8.515000045300e-01,  5.162986516953e-01,  1.769398121842e+01, -1.716850325465e-02
  8.615000098944e-01,  5.263923406601e-01,  1.768388752945e+01, -1.641901955009e-02
  8.720000088215e-01,  5.366500616074e-01,  1.767362980851e+01, -1.640766486526e-02
  8.825000077486e-01,  5.468086004257e-01,  1.766347126969e+01, -1.493678428233e-02
  8.930000066757e-01,  5.570474863052e-01,  1.765323238381e+01, -1.436649728566e-02
  9.035000056028e-01,  5.675188302994e-01,  1.764276103981e+01, -1.532085705549e-02
  9.135000109673e-01,  5.777040719986e-01,  1.763257579811e+01, -1.563390158117e-02
  9.235000014305e-01,  5.879427194595e-01,  1.762233715065e+01, -1.618099957705e-02
  9.335000067949e-01,  5.981088876724e-01,  1.761217098244e+01, -1.488465815783e-02
  9.435000121593e-01,  6.082330942154e-01,  1.760204677590e+01, -1.416405662894e-02
  9.535000026226e-01,  6.182543039322e-01,  1.759202556618e+01, -1.397528126836e-02
  9.640000015497e-01,  6.286760568619e-01,  1.758160381325e+01, -1.397680118680e-02
  9.745000004768e-01,  6.391130685806e-01,  1.757116680153e+01, -1.319192722440e-02
  9.845000058413e-01,  6.492067575455e-01,  1.756107311257e+01, -1.467414572835e-02
  9.945000112057e-01,  6.593652963638e-01,  1.755091457375e+01, -1.698108389974e-02
  1.004500001669e+00,  6.694895029068e-01,  1.754079036721e+01, -1.751836016774e-02
  1.015000000596e+00,  6.799761056900e-01,  1.753030376442e+01, -1.733352616429e-02
  1.025499999523e+00,  6.902872323990e-01,  1.751999263771e+01, -1.622750237584e-02
  1.035999998450e+00,  7.003751993179e-01,  1.750990467080e+01, -1.407845690846e-02
  1.047000005841e+00,  7.108522653580e-01,  1.749942760476e+01, -1.145680621266e-02
  1.057500004768e+00,  7.211748361588e-01,  1.748910503395e+01, -1.120408251882e-02
  1.067500010133e+00,  7.314478158951e-01,  1.747883205422e+01, -1.341040804982e-02
  1.077500000596e+00,  7.418810129166e-01,  1.746839885720e+01, -1.575215533376e-02
  1.087500005960e+00,  7.522264719009e-01,  1.745805339821e+01, -1.786144450307e-02
  1.097500011325e+00,  7.623239755630e-01,  1.744795589455e+01, -1.805300451815e-02
  1.108000010252e+00,  7.725397348404e-01,  1.743774013527e+01, -1.728416047990e-02
  1.119000002742e+00,  7.829653024673e-01,  1.742731456765e+01, -1.540578063577e-02
  1.129500001669e+00,  7.931066751480e-01,  1.741717319497e+01, -1.418674644083e-02
  1.140000000596e+00,  8.035436868668e-01,  1.740673618325e+01, -1.449257787317e-02
  1.150000005960e+00,  8.136879205704e-01,  1.739659194954e+01, -1.483626477420e-02
  1.160000011325e+00,  8.238960504532e-01,  1.738638381966e+01, -1.642425172031e-02
  1.170000001788e+00,  8.339630365372e-01,  1.737631683358e+01, -1.669631712139e-02
  1.180500000715e+00,  8.443199396133e-01,  1.736595993050e+01, -1.615388505161e-02
  1.190999999642e+00,  8.545166254044e-01,  1.735576324471e+01, -1.560139469802e-02
  1.201499998569e+00,  8.647438287735e-01,  1.734553604134e+01, -1.533753238618e-02
  1.211999997497e+00,  8.751045465469e-01,  1.733517532357e+01, -1.524225436151e-02
  1.222000002861e+00,  8.851982355118e-01,  1.732508163460e+01, -1.458830200136e-02
  1.232000008225e+00,  8.954559564590e-01,  1.731482391365e+01, -1.573068462312e-02
  1.241999998689e+00,  9.057632684708e-01,  1.730451660164e+01, -1.717824302614e-02
  1.252000004053e+00,  9.159294366837e-01,  1.729435043343e+01, -1.731212995946e-02
  1.262500002980e+00,  9.263778924942e-01,  1.728390197762e+01, -1.655807159841e-02
  1.273000001907e+00,  9.365764856339e-01,  1.727370338448e+01, -1.565238647163e-02
  1.283500000834e+00,  9.468380212784e-01,  1.726344184883e+01, -1.263829879463e-02
  1.293500006199e+00,  9.568668603897e-01,  1.725341300972e+01, -1.296865753829e-02
  1.304000005126e+00,  9.672867059708e-01,  1.724299316414e+01, -1.651775650680e-02
  1.314999997616e+00,  9.774242639542e-01,  1.723285560616e+01, -2.041065506637e-02
  1.328500002623e+00,  9.877201318741e-01,  1.722255973824e+01, -2.571499161422e-02
  1.350000008941e+00,  9.974733591080e-01,  1.721280651101e+01, -2.145397476852e-02
  1.450500011444e+00,  1.003483533859e+00,  1.720679633625e+01, -1.082825660706e-02
  1.550999999046e+00,  1.002834320068e+00,  1.720744555004e+01, -1.337270438671e-02
  1.651000007987e+00,  1.001998424530e+00,  1.720828144558e+01, -1.711978390813e-02
  1.751500010490e+00,  1.001360058784e+00,  1.720891981133e+01, -1.550222095102e-02
  1.851999998093e+00,  1.000893831253e+00,  1.720938603886e+01, -1.429436169565e-02
  1.952000007033e+00,  1.000562667847e+00,  1.720971720227e+01, -1.393218059093e-02
  2.052500009537e+00,  1.000325560570e+00,  1.720995430954e+01, -1.334123499691e-02
  2.153000012040e+00,  1.000225901604e+00,  1.721005396851e+01, -1.368258427829e-02
  2.253499999642e+00,  1.000117540359e+00,  1.721016232975e+01, -1.477829460055e-02
  2.353500008583e+00,  1.000097632408e+00,  1.721018223771e+01, -1.645254343748e-02
  2.454000011086e+00,  1.000031471252e+00,  1.721024839886e+01, -1.718041673303e-02
  2.554499998689e+00,  1.000031590462e+00,  1.721024827965e+01, -1.540776994079e-02
  2.654500007629e+00,  1.000036001205e+00,  1.721024386891e+01, -1.738579943776e-02
  2.755000010133e+00,  1.000020503998e+00,  1.721025936612e+01, -1.414502598345e-02
  2.855499997735e+00,  1.000004410744e+00,  1.721027545937e+01, -1.665871776640e-02
  2.955500006676e+00,  9.999818801880e-01,  1.721029798993e+01, -1.480478607118e-02
  3.056000009179e+00,  1.000001907349e+00,  1.721027796276e+01, -1.396091282368e-02
  3.156500011683e+00,  1.000008583069e+00,  1.721027128704e+01, -1.576738059521e-02
  3.256999999285e+00,  1.000030636787e+00,  1.721024923333e+01, -1.544839795679e-02
  3.357000008225e+00,  1.000004172325e+00,  1.721027569779e+01, -1.574203185737e-02
  3.457500010729e+00,  1.000012159348e+00,  1.721026771077e+01, -1.508811302483e-02
  3.557999998331e+00,  1.000033974648e+00,  1.721024589547e+01, -1.346702128649e-02
  3.658000007272e+00,  1.000023961067e+00,  1.721025590905e+01, -1.305092405528e-02
  3.758500009775e+00,  1.000035881996e+00,  1.721024398812e+01, -1.441198866814e-02
  3.858999997377e+00,  1.000013470650e+00,  1.721026639946e+01, -1.360358018428e-02
  3.959000006318e+00,  9.999975562096e-01,  1.721028231390e+01, -1.422614976764e-02
  4.059500008821e+00,  1.000024914742e+00,  1.721025495537e+01, -1.390434708446e-02
  4.160000011325e+00,  1.000037074089e+00,  1.721024279602e+01, -1.317332591861e-02
  4.260499998927e+00,  1.000012040138e+00,  1.721026782998e+01, -1.407076139003e-02
  4.360500007868e+00,  1.000047564507e+00,  1.721023230561e+01, -1.451483089477e-02
  4.461000010371e+00,  1.000018954277e+00,  1.721026091584e+01, -1.488956063986e-02
  4.561499997973e+00,  1.000026345253e+00,  1.721025352486e+01, -1.608900725842e-02
  4.661500006914e+00,  1.000047206879e+00,  1.721023266323e+01, -1.291862782091e-02
  4.762000009418e+00,  1.000025272369e+00,  1.721025459774e+01, -1.472752448171e-02
  4.862500011921e+00,  1.000016689301e+00,  1.721026318081e+01, -1.519535575062e-02
  4.962999999523e+00,  1.000001549721e+00,  1.721027832039e+01, -1.493409555405e-02
  5.063000008464e+00,  9.999959468842e-01,  1.721028392323e+01, -1.418646331877e-02
  5.163500010967e+00,  1.000017046928e+00,  1.721026282318e+01, -1.499623246491e-02
  5.263999998569e+00,  9.999961256981e-01,  1.721028374442e+01, -1.534531079233e-02
  5.364000007510e+00,  1.000010013580e+00,  1.721026985653e+01, -1.743453741074e-02
  5.464500010014e+00,  1.000022888184e+00,  1.721025698193e+01, -1.813717000186e-02
  5.564999997616e+00,  1.000015854836e+00,  1.721026401528e+01, -1.673435606062e-02
  5.665000006557e+00,  1.000024437904e+00,  1.721025543221e+01, -1.636501960456e-02
  5.765500009060e+00,  1.000017404556e+00,  1.721026246556e+01, -1.407037302852e-02
  5.866000011563e+00,  1.000005722046e+00,  1.721027414807e+01, -1.709561608732e-02
  5.966000005603e+00,  1.000007390976e+00,  1.721027247914e+01, -1.664550416172e-02
  6.065999999642e+00,  1.000012159348e+00,  1.721026771077e+01, -1.613166183233e-02
  6.166000008583e+00,  1.000014305115e+00,  1.721026556500e+01, -1.573389396071e-02
  6.266000002623e+00,  1.000005722046e+00,  1.721027414807e+01, -1.579482667148e-02
  6.366000011563e+00,  1.000038743019e+00,  1.721024112709e+01, -1.846838928759e-02
  6.466000005603e+00,  9.999829530716e-01,  1.721029691704e+01, -1.507442165166e-02
  6.565999999642e+00,  1.000010490417e+00,  1.721026937970e+01, -1.406926754862e-02
  6.666000008583e+00,  9.999909996986e-01,  1.721028887041e+01, -1.622063666582e-02
  6.766000002623e+00,  1.000033617020e+00,  1.721024625309e+01, -1.870581507683e-02
  6.866000011563e+00,  1.000018596649e+00,  1.721026127346e+01, -1.509002968669e-02
  6.966000005603e+00,  1.000020861626e+00,  1.721025900849e+01, -1.471336279064e-02
  7.065999999642e+00,  1.000034809113e+00,  1.721024506100e+01, -1.579875499010e-02
  7.166000008583e+00,  1.000027775764e+00,  1.721025209435e+01, -1.652835123241e-02
  7.266000002623e+00,  9.999957680702e-01,  1.721028410204e+01, -1.818710006773e-02
  7.366000011563e+00,  9.999988675117e-01,  1.721028100260e+01, -1.681927964091e-02
  7.466000005603e+00,  1.000027775764e+00,  1.721025209435e+01, -1.557132322341e-02
  7.565999999642e+00,  1.000012636185e+00,  1.721026723393e+01, -1.583420857787e-02
  7.666000008583e+00,  1.000021100044e+00,  1.721025877007e+01, -1.538981404155e-02
  7.766000002623e+00,  1.000025987625e+00,  1.721025388249e+01, -1.377592980862e-02
  7.866000011563e+00,  9.999918937683e-01,  1.721028797634e+01, -1.423499733210e-02
  7.966000005603e+00,  1.000015139580e+00,  1.721026473053e+01, -1.660716533661e-02
  8.065999999642e+00,  1.000023126602e+00,  1.721025674351e+01, -1.377040520310e-02
  8.166000008583e+00,  1.000045776367e+00,  1.721023409375e+01, -1.465802453458e-02
  8.266000002623e+00,  9.999973773956e-01,  1.721028249272e+01, -1.416477654129e-02
  8.366000011563e+00,  9.999802112579e-01,  1.721029965886e+01, -1.685503870249e-02
  8.466000005603e+00,  9.999706745148e-01,  1.721030919560e+01, -1.539749279618e-02
  8.565999999642e+00,  1.000038981438e+00,  1.721024088868e+01, -1.650904491544e-02
  8.666000008583e+00,  1.000013470650e+00,  1.721026639946e+01, -1.499470602721e-02
  8.766000002623e+00,  1.000017404556e+00,  1.721026246556e+01, -1.639288291335e-02
  8.866000011563e+00,  1.000017404556e+00,  1.721026246556e+01, -1.431178115308e-02
  8.966000005603e+00,  1.000013947487e+00,  1.721026592263e+01, -1.559640280902e-02
  9.065999999642e+00,  1.000038504601e+00,  1.721024136551e+01, -1.561224646866e-02
  9.166000008583e+00,  9.999939799309e-01,  1.721028589018e+01, -1.411629747599e-02
  9.266000002623e+00,  1.000002741814e+00,  1.721027712830e+01, -1.387335080653e-02
  9.366000011563e+00,  9.999943971634e-01,  1.721028547295e+01, -1.473401952535e-02
  9.466000005603e+00,  1.000039339066e+00,  1.721024053105e+01, -1.388253364712e-02
  9.565999999642e+00,  1.000021576881e+00,  1.721025829323e+01, -1.523439679295e-02
  9.666000008583e+00,  9.999939799309e-01,  1.721028589018e+01, -1.601962372661e-02
  9.766000002623e+00,  1.000002861023e+00,  1.721027700909e+01, -1.670804247260e-02
  9.866000011563e+00,  1.000002384186e+00,  1.721027748593e+01, -1.627218723297e-02
  9.966000005603e+00,  9.999866485596e-01,  1.721029322155e+01, -1.661599427462e-02
  1.006599999964e+01,  1.000018119812e+00,  1.721026175030e+01, -1.720781624317e-02
  1.016600000858e+01,  1.000010371208e+00,  1.721026949891e+01, -1.611761935055e-02
  1.026600000262e+01,  1.000012874603e+00,  1.721026699551e+01, -1.694220677018e-02
  1.036600001156e+01,  9.999808669090e-01,  1.721029900320e+01, -1.807317137718e-02
  1.046600000560e+01,  1.000025391579e+00,  1.721025447853e+01, -1.587361283600e-02
  1.056599999964e+01,  1.000004887581e+00,  1.721027498253e+01, -1.724839583039e-02
  1.066600000858e+01,  1.000014305115e+00,  1.721026556500e+01, -1.444542314857e-02
  1.076600000262e+01,  1.000005125999e+00,  1.721027474411e+01, -1.858553849161e-02
  1.086600001156e+01,  1.000000476837e+00,  1.721027939328e+01, -1.671970076859e-02
  1.096600000560e+01,  1.000003576279e+00,  1.721027629383e+01, -1.818318292499e-02
  1.106599999964e+01,  1.000002384186e+00,  1.721027748593e+01, -1.500435825437e-02
  1.116600000858e+01,  1.000033378601e+00,  1.721024649151e+01, -1.563548296690e-02
  1.126600000262e+01,  1.000007629395e+00,  1.721027224072e+01, -1.561050489545e-02
  1.136600001156e+01,  1.000021338463e+00,  1.721025853165e+01, -1.726295426488e-02
  1.146600000560e+01,  1.000007629395e+00,  1.721027224072e+01, -1.852563582361e-02
  1.156599999964e+01,  9.999948143959e-01,  1.721028505572e+01, -1.348140276968e-02
  1.166600000858e+01,  9.999946951866e-01,  1.721028517493e+01, -1.655049622059e-02
  1.176600000262e+01,  9.999929070473e-01,  1.721028696307e+01, -1.430213358253e-02
  1.186600001156e+01,  1.000045895576e+00,  1.721023397454e+01, -1.505844015628e-02
  1.196600000560e+01,  9.999787807465e-01,  1.721030108937e+01, -1.554122660309e-02
  1.206599999964e+01,  1.000010013580e+00,  1.721026985653e+01, -1.577767916024e-02
  1.216600000858e+01,  9.999734759331e-01,  1.721030639418e+01, -1.469896920025e-02
  1.226600000262e+01,  9.999971985817e-01,  1.721028267153e+01, -1.864334195852e-02
  1.236600001156e+01,  1.000002622604e+00,  1.721027724751e+01, -1.707265712321e-02
  1.246600000560e+01,  9.999946355820e-01,  1.721028523453e+01, -1.701826229692e-02
  1.256599999964e+01,  1.000004172325e+00,  1.721027569779e+01, -1.578900218010e-02
  1.266600000858e+01,  1.000027894974e+00,  1.721025197514e+01, -1.636489294469e-02
  1.276600000262e+01,  1.000023126602e+00,  1.721025674351e+01, -1.670582219958e-02
  1.286600001156e+01,  1.000010728836e+00,  1.721026914128e+01, -1.627472415566e-02
  1.296600000560e+01,  1.000019073486e+00,  1.721026079663e+01, -1.547724660486e-02
  1.306599999964e+01,  1.000025033951e+00,  1.721025483616e+01, -1.550523098558e-02
  1.316600000858e+01,  9.999986290932e-01,  1.721028124102e+01, -1.593784429133e-02
  1.326600000262e+01,  1.000005722046e+00,  1.721027414807e+01, -1.499814726412e-02
  1.336600001156e+01,  1.000023841858e+00,  1.721025602826e+01, -1.668854244053e-02
  1.346600000560e+01,  9.999991059303e-01,  1.721028076418e+01, -1.511570625007e-02
  1.356599999964e+01,  1.000004529953e+00,  1.721027534016e+01, -1.650198176503e-02
  1.366600000858e+01,  1.000022649765e+00,  1.721025722035e+01, -1.403199322522e-02
  1.376600000262e+01,  1.000007510185e+00,  1.721027235993e+01, -1.629636995494e-02
  1.386600001156e+01,  1.000020623207e+00,  1.721025924691e+01, -1.622585393488e-02
  1.396600000560e+01,  9.999943971634e-01,  1.721028547295e+01, -1.648745313287e-02
  1.406599999964e+01,  1.000024080276e+00,  1.721025578984e+01, -1.687995716929e-02
  1.416600000858e+01,  1.000034451485e+00,  1.721024541863e+01, -1.730919070542e-02
  1.426600000262e+01,  1.000023365021e+00,  1.721025650509e+01, -1.606896519661e-02
  1.436600001156e+01,  9.999978542328e-01,  1.721028201588e+01, -1.519029308110e-02
  1.446600000560e+01,  9.999967217445e-01,  1.721028314837e+01, -1.757510937750e-02
  1.456599999964e+01,  1.000006675720e+00,  1.721027319439e+01, -1.718077994883e-02
  1.466600000858e+01,  1.000013709068e+00,  1.721026616105e+01, -1.744271256030e-02
  1.476600000262e+01,  1.000015854836e+00,  1.721026401528e+01, -1.411108672619e-02
  1.486600001156e+01,  9.999920129776e-01,  1.721028785714e+01, -1.534142345190e-02
  1.496600000560e+01,  9.999826550484e-01,  1.721029721506e+01, -1.502821687609e-02
  1.506599999964e+01,  1.000003814697e+00,  1.721027605542e+01, -1.683622039855e-02
  1.516600000858e+01,  1.000012636185e+00,  1.721026723393e+01, -1.730016060174e-02
  1.526600000262e+01,  9.999997019768e-01,  1.721028016814e+01, -1.666282303631e-02
  1.536600001156e+01,  1.000023722649e+00,  1.721025614746e+01, -1.783224195242e-02
  1.546600000560e+01,  1.000015735626e+00,  1.721026413449e+01, -1.672951690853e-02
  1.556599999964e+01,  1.000049471855e+00,  1.721023039826e+01, -1.447831746191e-02
  1.566600000858e+01,  9.999991059303e-01,  1.721028076418e+01, -1.952931098640e-02
  1.576600000262e+01,  1.000005125999e+00,  1.721027474411e+01, -1.659428142011e-02
  1.586600001156e+01,  1.000013828278e+00,  1.721026604184e+01, -1.625013723969e-02
  1.596600000560e+01,  1.000018119812e+00,  1.721026175030e+01, -1.657256297767e-02
  1.606599999964e+01,  1.000010132790e+00,  1.721026973732e+01, -1.693883724511e-02
  1.616600000858e+01,  9.999831914902e-01,  1.721029667862e+01, -1.490707229823e-02
  1.626600000262e+01,  9.999852776527e-01,  1.721029459246e+01, -1.538680028170e-02
  1.636600001156e+01,  9.999909400940e-01,  1.721028893002e+01, -1.611176133156e-02
  1.646600000560e+01,  9.999963641167e-01,  1.721028350600e+01, -1.460472121835e-02
  1.656599999964e+01,  1.000023722649e+00,  1.721025614746e+01, -1.435811351985e-02
  1.666600000858e+01,  9.999767541885e-01,  1.721030311592e+01, -1.478898618370e-02
  1.676600000262e+01,  1.000015854836e+00,  1.721026401528e+01, -1.649332232773e-02
  1.686600001156e+01,  1.000002622604e+00,  1.721027724751e+01, -1.459448970854e-02
  1.696600000560e+01,  9.999710321426e-01,  1.721030883797e+01, -1.598723977804e-02
  1.706599999964e+01,  1.000037312508e+00,  1.721024255761e+01, -1.938563212752e-02
  1.716600000858e+01,  9.999942183495e-01,  1.721028565176e+01, -1.534770429134e-02
  1.726600000262e+01,  9.999949336052e-01,  1.721028493651e+01, -1.816402003169e-02
  1.736600001156e+01,  1.000006794930e+00,  1.721027307518e+01, -1.592611894011e-02
  1.746600000560e+01,  1.000004887581e+00,  1.721027498253e+01, -1.653725653887e-02
  1.756599999964e+01,  1.000007152557e+00,  1.721027271756e+01, -1.546583417803e-02
  1.766600000858e+01,  9.999632835388e-01,  1.721031658657e+01, -1.607820205390e-02
  1.776600000262e+01,  1.000013709068e+00,  1.721026616105e+01, -1.528828311712e-02
  1.786600001156e+01,  9.999996423721e-01,  1.721028022774e+01, -1.703880168498e-02
  1.796600000560e+01,  1.000019192696e+00,  1.721026067742e+01, -1.581612229347e-02
  1.806599999964e+01,  9.999997019768e-01,  1.721028016814e+01, -1.652236655354e-02
  1.816600000858e+01,  1.000009775162e+00,  1.721027009495e+01, -1.600183919072e-02
  1.826600000262e+01,  1.000012755394e+00,  1.721026711472e+01, -1.555251795799e-02
  1.836600001156e+01,  1.000021576881e+00,  1.721025829323e+01, -1.551383733749e-02
  1.846600000560e+01,  9.999846816063e-01,  1.721029518851e+01, -1.643210649490e-02
  1.856599999964e+01,  9.999980926514e-01,  1.721028177746e+01, -1.378755550832e-02
  1.866600000858e+01,  1.000024437904e+00,  1.721025543221e+01, -1.846847683191e-02
  1.876600000262e+01,  1.000007033348e+00,  1.721027283677e+01, -1.693646609783e-02
  1.886600001156e+01,  9.999999403954e-01,  1.721027992972e+01, -1.619748026133e-02
  1.896600000560e+01,  9.999916553497e-01,  1.721028821476e+01, -1.893143914640e-02
  1.906599999964e+01,  9.999961256981e-01,  1.721028374442e+01, -1.732839643955e-02
  1.916600000858e+01,  9.999949336052e-01,  1.721028493651e+01, -1.603302173316e-02
  1.926600000262e+01,  9.999617934227e-01,  1.721031807669e+01, -1.701816730201e-02
  1.936600001156e+01,  1.000043630600e+00,  1.721023623951e+01, -1.515762880445e-02
  1.946600000560e+01,  9.999855756760e-01,  1.721029429444e+01, -1.552277244627e-02
  1.956599999964e+01,  9.999874234200e-01,  1.721029244669e+01, -1.720013655722e-02
  1.966600000858e+01,  1.000002622604e+00,  1.721027724751e+01, -1.553349383175e-02
  1.976600000262e+01,  1.000023365021e+00,  1.721025650509e+01, -1.776175573468e-02
  1.986600001156e+01,  9.999921321869e-01,  1.721028773793e+01, -1.675993762910e-02
  1.996600000560e+01,  9.999970793724e-01,  1.721028279074e+01, -1.609193906188e-02
  2.006599999964e+01,  1.000011444092e+00,  1.721026842602e+01, -1.663115620613e-02
  2.016600000858e+01,  9.999772310257e-01,  1.721030263909e+01, -1.798299141228e-02
  2.026600000262e+01,  1.000008821487e+00,  1.721027104863e+01, -1.815771311522e-02
  2.036600001156e+01,  9.999905824661e-01,  1.721028928765e+01, -1.750016026199e-02
  2.046600000560e+01,  1.000005483627e+00,  1.721027438649e+01, -1.704082265496e-02
  2.056599999964e+01,  9.999901652336e-01,  1.721028970488e+01, -1.689848862588e-02
  2.066600000858e+01,  9.999976158142e-01,  1.721028225430e+01, -1.693333126605e-02
  2.076600000262e+01,  1.000003099442e+00,  1.721027677067e+01, -1.698781736195e-02
  2.086600001156e+01,  1.000001072884e+00,  1.721027879723e+01, -1.608015596867e-02
  2.096600000560e+01,  1.000020146370e+00,  1.721025972374e+01, -1.765894703567e-02
  2.106599999964e+01,  1.000016450882e+00,  1.721026341923e+01, -1.492875255644e-02
  2.116600000858e+01,  1.000039339066e+00,  1.721024053105e+01, -1.483552344143e-02
  2.126600000262e+01,  9.999867081642e-01,  1.721029316195e+01, -1.489928737283e-02
  2.136600001156e+01,  1.000019907951e+00,  1.721025996216e+01, -1.716748438776e-02
  2.146600000560e+01,  1.000013709068e+00,  1.721026616105e+01, -1.677121594548e-02
  2.156599999964e+01,  1.000030755997e+00,  1.721024911412e+01, -1.552592031658e-02
  2.166600000858e+01,  9.999934434891e-01,  1.721028642662e+01, -1.725685596466e-02
  2.176600000262e+01,  9.999971389771e-01,  1.721028273114e+01, -1.516582723707e-02
  2.186600001156e+01,  1.000030994415e+00,  1.721024887570e+01, -1.572466269135e-02
  2.196600000560e+01,  1.000016331673e+00,  1.721026353844e+01, -1.682141236961e-02
  2.206599999964e+01,  1.000022172928e+00,  1.721025769719e+01, -1.619105227292e-02
  2.216600000858e+01,  1.000007867813e+00,  1.721027200230e+01, -1.669207029045e-02
  2.226600000262e+01,  1.000012993813e+00,  1.721026687630e+01, -1.510696485639e-02
  2.236600001156e+01,  9.999937415123e-01,  1.721028612860e+01, -1.826645433903e-02
  2.246600000560e+01,  1.000024080276e+00,  1.721025578984e+01, -1.756527833641e-02
  2.256599999964e+01,  1.000017404556e+00,  1.721026246556e+01, -1.547657884657e-02
  2.266600000858e+01,  1.000001788139e+00,  1.721027808197e+01, -1.584831997752e-02
  2.276600000262e+01,  9.999682307243e-01,  1.721031163939e+01, -1.626647822559e-02
  2.286600001156e+01,  1.000000953674e+00,  1.721027891644e+01, -1.526352390647e-02
  2.296600000560e+01,  1.000001430511e+00,  1.721027843960e+01, -1.679670810699e-02
  2.306599999964e+01,  1.000000476837e+00,  1.721027939328e+01, -1.607427187264e-02
  2.316600000858e+01,  1.000010490417e+00,  1.721026937970e+01, -1.632091589272e-02
  2.326600000262e+01,  1.000018596649e+00,  1.721026127346e+01, -1.504230685532e-02
  2.336600001156e+01,  9.999975562096e-01,  1.721028231390e+01, -1.438613422215e-02
  2.346600000560e+01,  9.999856948853e-01,  1.721029417523e+01, -1.541475579143e-02
  2.356599999964e+01,  1.000016212463e+00,  1.721026365765e+01, -1.338832732290e-02
  2.366600000858e+01,  1.000003933907e+00,  1.721027593621e+01, -1.653678901494e-02
  2.376600000262e+01,  1.000014185905e+00,  1.721026568421e+01, -1.558714080602e-02
  2.386600001156e+01,  9.999984502792e-01,  1.721028141983e+01, -1.808126643300e-02
  2.396600000560e+01,  9.999880194664e-01,  1.721029185065e+01, -2.038089185953e-02
  2.406599999964e+01,  9.999997615814e-01,  1.721028010853e+01, -1.174689829350e-02
  2.416600000858e+01,  1.000006437302e+00,  1.721027343281e+01, -1.813652366400e-02
  2.426600000262e+01,  9.999915957451e-01,  1.721028827437e+01, -1.756847463548e-02
  2.436600001156e+01,  1.000024795532e+00,  1.721025507458e+01, -1.269443333149e-02
  2.446600000560e+01,  1.000005602837e+00,  1.721027426728e+01, -1.349849253893e-02
  2.456599999964e+01,  1.000036239624e+00,  1.721024363049e+01, -1.787452958524e-02
  2.466600000858e+01,  9.999793767929e-01,  1.721030049332e+01, -1.566592603922e-02
  2.476600000262e+01,  1.000008106232e+00,  1.721027176388e+01, -1.498698536307e-02
  2.486600001156e+01,  9.999774694443e-01,  1.721030240067e+01, -9.799332357943e-03
  2.496600000560e+01,  9.999728202820e-01,  1.721030704983e+01, -1.389682665467e-02
  2.506599999964e+01,  1.000005006790e+00,  1.721027486332e+01, -1.260692998767e-02
  2.516600000858e+01,  1.000007987022e+00,  1.721027188309e+01, -1.873534917831e-02
  2.526600000262e+01,  9.999902248383e-01,  1.721028964528e+01, -1.365541946143e-02
  2.536600001156e+01,  1.000003218651e+00,  1.721027665146e+01, -1.231651846319e-02
  2.546600000560e+01,  9.999863505363e-01,  1.721029351958e+01, -1.746038533747e-02
  2.556599999964e+01,  1.000011563301e+00,  1.721026830681e+01, -1.716519333422e-02
  2.566600000858e+01,  1.000014901161e+00,  1.721026496895e+01, -1.854129321873e-02
  2.576600000262e+01,  1.000006556511e+00,  1.721027331360e+01, -1.269355602562e-02
  2.586600001156e+01,  1.000005364418e+00,  1.721027450570e+01, -1.544367149472e-02
  2.596600000560e+01,  1.000009059906e+00,  1.721027081021e+01, -1.355753559619e-02
  2.606599999964e+01,  1.000019192696e+00,  1.721026067742e+01, -1.708177104592e-02
  2.616600000858e+01,  1.000035285950e+00,  1.721024458416e+01, -1.846025511622e-02
  2.626600000262e+01,  1.000023961067e+00,  1.721025590905e+01, -1.600658521056e-02
  2.636600001156e+01,  1.000018954277e+00,  1.721026091584e+01, -1.756747439504e-02
  2.646600000560e+01,  9.999695420265e-01,  1.721031032809e+01, -1.656750030816e-02
  2.656599999964e+01,  9.999824166298e-01,  1.721029745348e+01, -1.842523179948e-02
  2.666600000858e+01,  1.000018358231e+00,  1.721026151188e+01, -1.585759036243e-02
  2.676600000262e+01,  9.999949336052e-01,  1.721028493651e+01, -1.803155057132e-02
  2.686600001156e+01,  1.000022530556e+00,  1.721025733956e+01, -1.616098731756e-02
  2.696600000560e+01,  1.000015258789e+00,  1.721026461132e+01, -1.657642982900e-02
  2.706599999964e+01,  9.999927282333e-01,  1.721028714188e+01, -1.772364787757e-02
  2.716600000858e+01,  9.999818205833e-01,  1.721029804953e+01, -1.741781271994e-02
  2.726600000262e+01,  9.999937415123e-01,  1.721028612860e+01, -1.588173955679e-02
  2.736600001156e+01,  9.999948740005e-01,  1.721028499611e+01, -1.378250028938e-02
  2.746600000560e+01,  9.999778270721e-01,  1.721030204304e+01, -1.732924953103e-02
  2.756599999964e+01,  1.000005960464e+00,  1.721027390965e+01, -1.870382204652e-02
  2.766600000858e+01,  9.999796748161e-01,  1.721030019530e+01, -1.754353754222e-02
  2.776600000262e+01,  1.000023603439e+00,  1.721025626667e+01, -1.526815630496e-02
  2.786600001156e+01,  1.000008344650e+00,  1.721027152546e+01, -1.658905670047e-02
  2.796600000560e+01,  9.999880194664e-01,  1.721029185065e+01, -1.669382303953e-02
  2.806599999964e+01,  1.000009417534e+00,  1.721027045258e+01, -1.791216805577e-02
  2.816600000858e+01,  1.000003814697e+00,  1.721027605542e+01, -1.726790703833e-02
  2.826600000262e+01,  9.999982118607e-01,  1.721028165825e+01, -1.556522957981e-02
  2.836600001156e+01,  1.000020742416e+00,  1.721025912770e+01, -1.508919708431e-02
  2.846600000560e+01,  9.999996423721e-01,  1.721028022774e+01, -1.744680292904e-02
  2.856599999964e+01,  1.000008583069e+00,  1.721027128704e+01, -1.727312244475e-02
  2.866600000858e+01,  1.000000715256e+00,  1.721027915486e+01, -1.769062876701e-02
  2.876600000262e+01,  1.000024080276e+00,  1.721025578984e+01, -1.458779256791e-02
  2.886600001156e+01,  1.000015020370e+00,  1.721026484974e+01, -1.497390866280e-02
  2.896600000560e+01,  9.999926686287e-01,  1.721028720148e+01, -1.459245011210e-02
  2.906599999964e+01,  1.000001907349e+00,  1.721027796276e+01, -1.733599416912e-02
  2.916600000858e+01,  1.000009179115e+00,  1.721027069100e+01, -1.611149683595e-02
  2.926600000262e+01,  9.999811649323e-01,  1.721029870518e+01, -1.833667047322e-02
  2.936600001156e+01,  9.999756217003e-01,  1.721030424841e+01, -1.874318532646e-02
  2.946600000560e+01,  1.000003457069e+00,  1.721027641304e+01, -1.392574794590e-02
  2.956599999964e+01,  9.999945759773e-01,  1.721028529414e+01, -1.699710264802e-02
  2.966600000858e+01,  1.000009655952e+00,  1.721027021416e+01, -1.590753719211e-02
  2.976600000262e+01,  9.999958276749e-01,  1.721028404244e+01, -1.588792726398e-02
  2.986600001156e+01,  1.000010609627e+00,  1.721026926049e+01, -1.768921501935e-02
  2.996600000560e+01,  9.999672770500e-01,  1.721031259306e+01, -1.641868427396e-02
  3.006599999964e+01,  1.000021219254e+00,  1.721025865086e+01, -1.721814088523e-02
  3.016600000858e+01,  9.999771118164e-01,  1.721030275830e+01, -1.592029817402e-02
  3.026600000262e+01,  9.999889135361e-01,  1.721029095658e+01, -1.817481778562e-02
  3.036600001156e+01,  1.000004768372e+00,  1.721027510174e+01, -1.729244925082e-02
  3.046600000560e+01,  9.999795556068e-01,  1.721030031451e+01, -1.654212176800e-02
  3.056599999964e+01,  1.000014424324e+00,  1.721026544579e+01, -1.652687042952e-02
  3.066600000858e+01,  1.000001072884e+00,  1.721027879723e+01, -1.440912578255e-02
  3.076600000262e+01,  9.999991655350e-01,  1.721028070458e+01, -1.434628944844e-02
  3.086600001156e+01,  9.999864697456e-01,  1.721029340037e+01, -1.395220030099e-02
  3.096600000560e+01,  9.999926686287e-01,  1.721028720148e+01, -1.683312840760e-02
  3.106599999964e+01,  1.000004529953e+00,  1.721027534016e+01, -1.676842570305e-02
  3.116600000858e+01,  1.000003099442e+00,  1.721027677067e+01, -1.628138497472e-02
  3.126600000262e+01,  9.999672174454e-01,  1.721031265267e+01, -1.612678728998e-02
  3.136600001156e+01,  9.999814629555e-01,  1.721029840716e+01, -1.593473926187e-02
  3.146600000560e+01,  9.999830722809e-01,  1.721029679783e+01, -1.559559162706e-02
  3.156599999964e+01,  1.000009775162e+00,  1.721027009495e+01, -1.444069389254e-02
  3.166600000858e+01,  1.000004887581e+00,  1.721027498253e+01, -1.709541492164e-02
  3.176600000262e+01,  1.000006437302e+00,  1.721027343281e+01, -1.748570427299e-02
  3.186600001156e+01,  1.000005483627e+00,  1.721027438649e+01, -1.599076762795e-02
  3.196600000560e+01,  9.999622106552e-01,  1.721031765946e+01, -1.624555885792e-02
  3.206599999964e+01,  9.999839663506e-01,  1.721029590376e+01, -1.718683168292e-02
  3.216600000858e+01,  9.999945163727e-01,  1.721028535374e+01, -1.804137229919e-02
  3.226600000262e+01,  1.000013470650e+00,  1.721026639946e+01, -1.837003044784e-02
  3.236600001156e+01,  9.999895691872e-01,  1.721029030093e+01, -1.796369999647e-02
  3.246600000560e+01,  1.000018954277e+00,  1.721026091584e+01, -1.560162287205e-02
  3.256599999964e+01,  1.000043272972e+00,  1.721023659714e+01, -1.608521863818e-02
  3.266600000858e+01,  9.999876618385e-01,  1.721029220827e+01, -1.325798220932e-02
  3.276600000262e+01,  9.999899268150e-01,  1.721028994330e+01, -1.727977395058e-02
  3.286600001156e+01,  9.999853372574e-01,  1.721029453286e+01, -1.568730920553e-02
  3.296600000560e+01,  1.000014901161e+00,  1.721026496895e+01, -1.534211542457e-02
  3.306599999964e+01,  9.999899268150e-01,  1.721028994330e+01, -1.466102059931e-02
  3.316600000858e+01,  1.000018954277e+00,  1.721026091584e+01, -1.581385917962e-02
  3.326600000262e+01,  1.000001788139e+00,  1.721027808197e+01, -1.496524270624e-02
  3.336600001156e+01,  9.999858140945e-01,  1.721029405602e+01, -1.361692417413e-02
  3.346600000560e+01,  1.000011801720e+00,  1.721026806839e+01, -1.506593171507e-02
  3.356599999964e+01,  9.999991059303e-01,  1.721028076418e+01, -1.572920009494e-02
  3.366600000858e+01,  1.000005483627e+00,  1.721027438649e+01, -1.386935357004e-02
  3.376600000262e+01,  1.000055909157e+00,  1.721022396096e+01, -1.789729297161e-02
  3.386600001156e+01,  1.000000357628e+00,  1.721027951249e+01, -1.524440664798e-02
  3.396600000560e+01,  1.000014662743e+00,  1.721026520737e+01, -1.707967929542e-02
  3.406599999964e+01,  1.000004768372e+00,  1.721027510174e+01, -1.397363282740e-02
  3.416600000858e+01,  9.999979138374e-01,  1.721028195628e+01, -1.775785163045e-02
  3.426600000262e+01,  9.999946355820e-01,  1.721028523453e+01, -1.543812174350e-02
  3.436600001156e+01,  9.999966025352e-01,  1.721028326758e+01, -1.620176993310e-02
  3.446600000560e+01,  1.000002503395e+00,  1.721027736672e+01, -1.411634031683e-02
  3.456599999964e+01,  1.000006675720e+00,  1.721027319439e+01, -1.675106026232e-02
  3.466600000858e+01,  1.000015139580e+00,  1.721026473053e+01, -1.851255446672e-02
  3.476600000262e+01,  9.999856352806e-01,  1.721029423483e+01, -1.481123175472e-02
  3.486600001156e+01,  1.000007510185e+00,  1.721027235993e+01, -1.632790826261e-02
  3.496600000560e+01,  1.000015258789e+00,  1.721026461132e+01, -1.500230003148e-02
  3.506599999964e+01,  9.999908208847e-01,  1.721028904923e+01, -1.551345456392e-02
  3.516600000858e+01,  9.999936819077e-01,  1.721028618821e+01, -1.642787829041e-02
  3.526600000262e+01,  1.000001192093e+00,  1.721027867802e+01, -1.342792250216e-02
  3.536600001156e+01,  9.999967813492e-01,  1.721028308876e+01, -1.575426012278e-02
  3.546600000560e+01,  1.000018000603e+00,  1.721026186951e+01, -1.603682152927e-02
  3.556599999964e+01,  1.000014066696e+00,  1.721026580342e+01, -1.481018122286e-02
  3.566600000858e+01,  1.000002264977e+00,  1.721027760514e+01, -1.422235649079e-02
  3.576600000262e+01,  1.000001311302e+00,  1.721027855881e+01, -1.495230756700e-02
  3.586600001156e+01,  9.999966621399e-01,  1.721028320797e+01, -1.697972603142e-02
  3.596600000560e+01,  9.999918937683e-01,  1.721028797634e+01, -1.629143394530e-02
  3.606599999964e+01,  9.999844431877e-01,  1.721029542693e+01, -1.670851744711e-02
  3.616600000858e+01,  1.000019669533e+00,  1.721026020058e+01, -1.859623380005e-02
  3.626600000262e+01,  9.999858736992e-01,  1.721029399641e+01, -1.587396301329e-02
  3.636600001156e+01,  1.000023722649e+00,  1.721025614746e+01, -1.698257587850e-02
  3.646600000560e+01,  1.000005722046e+00,  1.721027414807e+01, -1.465057861060e-02
  3.656599999964e+01,  9.999904632568e-01,  1.721028940686e+01, -1.565643958747e-02
  3.666600000858e+01,  1.000005602837e+00,  1.721027426728e+01, -1.518835127354e-02
  3.676600000262e+01,  9.999980926514e-01,  1.721028177746e+01, -1.676392182708e-02
  3.686600001156e+01,  1.000004172325e+00,  1.721027569779e+01, -1.452821120620e-02
  3.696600000560e+01,  1.000030994415e+00,  1.721024887570e+01, -1.792821474373e-02
  3.706599999964e+01,  1.000008702278e+00,  1.721027116784e+01, -1.734680868685e-02
  3.716600000858e+01,  1.000010132790e+00,  1.721026973732e+01, -1.477732509375e-02
  3.726600000262e+01,  1.000013947487e+00,  1.721026592263e+01, -1.606214791536e-02
  3.736600001156e+01,  1.000002145767e+00,  1.721027772435e+01, -1.670110970736e-02
  3.746600000560e+01,  9.999978542328e-01,  1.721028201588e+01, -1.705135405064e-02
  3.756599999964e+01,  9.999869465828e-01,  1.721029292353e+01, -1.540618669242e-02
  3.766600000858e+01,  9.999952912331e-01,  1.721028457888e+01, -1.614453643560e-02
  3.776600000262e+01,  9.999901056290e-01,  1.721028976448e+01, -1.506135798991e-02
  3.786600001156e+01,  9.999688863754e-01,  1.721031098374e+01, -1.790339127183e-02
  3.796600000560e+01,  9.999949336052e-01,  1.721028493651e+01, -1.706450060010e-02
  3.806599999964e+01,  1.000017523766e+00,  1.721026234635e+01, -1.556431129575e-02
  3.816600000858e+01,  1.000021219254e+00,  1.721025865086e+01, -1.643464528024e-02
  3.826600000262e+01,  9.999904036522e-01,  1.721028946646e+01, -1.702448911965e-02
  3.836600001156e+01,  1.000010848045e+00,  1.721026902207e+01, -1.850238628685e-02
  3.846600000560e+01,  9.999738335609e-01,  1.721030603655e+01, -1.600952446461e-02
  3.856599999964e+01,  1.000011444092e+00,  1.721026842602e+01, -1.441978197545e-02
  3.866600000858e+01,  1.000003695488e+00,  1.721027617463e+01, -1.581986434758e-02
  3.876600000262e+01,  1.000017523766e+00,  1.721026234635e+01, -1.628056727350e-02
  3.886600001156e+01,  9.999915957451e-01,  1.721028827437e+01, -1.746448129416e-02
  3.896600000560e+01,  9.999938011169e-01,  1.721028606900e+01, -1.741775125265e-02
  3.906599999964e+01,  1.000023603439e+00,  1.721025626667e+01, -1.577971503139e-02
  3.916600000858e+01,  1.000029563904e+00,  1.721025030621e+01, -1.338754780591e-02
  3.926600000262e+01,  9.999911785126e-01,  1.721028869160e+01, -1.654953882098e-02
  3.936600001156e+01,  1.000036239624e+00,  1.721024363049e+01, -1.403897907585e-02
  3.946600000560e+01,  9.999938011169e-01,  1.721028606900e+01, -1.491071749479e-02
  3.956599999964e+01,  1.000007390976e+00,  1.721027247914e+01, -1.415592804551e-02
  3.966600000858e+01,  1.000016808510e+00,  1.721026306160e+01, -1.261463016272e-02
  3.976600000262e+01,  1.000002384186e+00,  1.721027748593e+01, -1.595242135227e-02
  3.986600001156e+01,  9.999912977219e-01,  1.721028857239e+01, -1.468171924353e-02
  3.996600000560e+01,  1.000000476837e+00,  1.721027939328e+01, -1.516468822956e-02
  4.006599999964e+01,  1.000024437904e+00,  1.721025543221e+01, -1.500789541751e-02
  4.016600000858e+01,  9.999945163727e-01,  1.721028535374e+01, -1.415376272053e-02
  4.026600000262e+01,  9.999991059303e-01,  1.721028076418e+01, -1.643705926836e-02
  4.036600001156e+01,  9.999889135361e-01,  1.721029095658e+01, -1.664784923196e-02
  4.046600000560e+01,  1.000013828278e+00,  1.721026604184e+01, -1.722510904074e-02
  4.056599999964e+01,  9.999984502792e-01,  1.721028141983e+01, -1.678825169802e-02
  4.066600000858e+01,  1.000027656555e+00,  1.721025221356e+01, -1.501005701721e-02
  4.076600000262e+01,  9.999833703041e-01,  1.721029649981e+01, -1.523276139051e-02
  4.086600001156e+01,  9.999898672104e-01,  1.721029000290e+01, -1.688073016703e-02
  4.096600000560e+01,  1.000041365623e+00,  1.721023850449e+01, -1.399547606707e-02
  4.106599999964e+01,  9.999986290932e-01,  1.721028124102e+01, -1.495438627899e-02
  4.116600000858e+01,  9.999821186066e-01,  1.721029775151e+01, -1.407127548009e-02
  4.126600000262e+01,  1.000008702278e+00,  1.721027116784e+01, -1.705934852362e-02
  4.136600001156e+01,  1.000012993813e+00,  1.721026687630e+01, -1.627779379487e-02
  4.146600000560e+01,  9.999978542328e-01,  1.721028201588e+01, -1.677578128874e-02
  4.156599999964e+01,  9.999797344208e-01,  1.721030013569e+01, -1.661603339016e-02
  4.166600000858e+01,  9.999962449074e-01,  1.721028362521e+01, -1.758780702949e-02
  4.176600000262e+01,  1.000009298325e+00,  1.721027057179e+01, -1.601393893361e-02
  4.186600001156e+01,  1.000004053116e+00,  1.721027581700e+01, -1.642332412302e-02
  4.196600000560e+01,  9.999934434891e-01,  1.721028642662e+01, -1.814007200301e-02
  4.206599999964e+01,  1.000001788139e+00,  1.721027808197e+01, -1.779036968946e-02
  4.216600000858e+01,  1.000010132790e+00,  1.721026973732e+01, -1.727258786559e-02
  4.226600000262e+01,  9.999749660492e-01,  1.721030490406e+01, -1.743872649968e-02
  4.236600001156e+01,  1.000001311302e+00,  1.721027855881e+01, -1.776009239256e-02
  4.246600000560e+01,  1.000011920929e+00,  1.721026794918e+01, -1.913299970329e-02
  4.256599999964e+01,  1.000022053719e+00,  1.721025781639e+01, -1.821357384324e-02
  4.266600000858e+01,  9.999920725822e-01,  1.721028779753e+01, -1.800096966326e-02
  4.276600000262e+01,  1.000012516975e+00,  1.721026735314e+01, -1.923652924597e-02
  4.286600001156e+01,  1.000007271767e+00,  1.721027259835e+01, -1.690088026226e-02
  4.296600000560e+01,  9.999901652336e-01,  1.721028970488e+01, -1.882270537317e-02
  4.306599999964e+01,  1.000009536743e+00,  1.721027033337e+01, -1.698163710535e-02
  4.316600000858e+01,  9.999851584435e-01,  1.721029471167e+01, -2.024212293327e-02
  4.326600000262e+01,  1.000007629395e+00,  1.721027224072e+01, -1.886712014675e-02
  4.336600001156e+01,  9.999701380730e-01,  1.721030973204e+01, -1.849511638284e-02
  4.346600000560e+01,  9.999849796295e-01,  1.721029489048e+01, -1.921652071178e-02
  4.356599999964e+01,  9.999872446060e-01,  1.721029262551e+01, -1.883181743324e-02
  4.366600000858e+01,  9.999727010727e-01,  1.721030716904e+01, -1.901355013251e-02
  4.376600000262e+01,  1.000033378601e+00,  1.721024649151e+01, -1.881734095514e-02
  4.386600001156e+01,  1.000021338463e+00,  1.721025853165e+01, -1.934626139700e-02
  4.396600000560e+01,  1.000025629997e+00,  1.721025424012e+01, -1.798110641539e-02
  4.406599999964e+01,  1.000008463860e+00,  1.721027140625e+01, -1.808039471507e-02
  4.416600000858e+01,  1.000005722046e+00,  1.721027414807e+01, -1.979750953615e-02
  4.426600000262e+01,  1.000000596046e+00,  1.721027927407e+01, -2.010427787900e-02
  4.436600001156e+01,  1.000029325485e+00,  1.721025054463e+01, -1.964094117284e-02
  4.446600000560e+01,  1.000016927719e+00,  1.721026294239e+01, -1.975025236607e-02
  4.456599999964e+01,  1.000020861626e+00,  1.721025900849e+01, -1.888698711991e-02
  4.466600000858e+01,  1.000012397766e+00,  1.721026747235e+01, -1.926118135452e-02
  4.476600000262e+01,  9.999643564224e-01,  1.721031551369e+01, -1.677267253399e-02
  4.486600001156e+01,  1.000013470650e+00,  1.721026639946e+01, -1.911851949990e-02
  4.496600000560e+01,  9.999877810478e-01,  1.721029208907e+01, -2.105245739222e-02
  4.506599999964e+01,  9.999938011169e-01,  1.721028606900e+01, -1.948573812842e-02
  4.516600000858e+01,  1.000023007393e+00,  1.721025686272e+01, -1.755802705884e-02
  4.526600000262e+01,  9.999962449074e-01,  1.721028362521e+01, -1.747629605234e-02
  4.536600001156e+01,  1.000003933907e+00,  1.721027593621e+01, -1.664250157773e-02
  4.546600000560e+01,  9.999992251396e-01,  1.721028064497e+01, -1.804019697011e-02
  4.556599999964e+01,  9.999772906303e-01,  1.721030257948e+01, -1.872380450368e-02
  4.566600000858e+01,  9.999774098396e-01,  1.721030246027e+01, -1.815899461508e-02
  4.576600000262e+01,  9.999679327011e-01,  1.721031193741e+01, -1.977602392435e-02
  4.586600001156e+01,  9.999609589577e-01,  1.721031891116e+01, -1.861531287432e-02
  4.596600000560e+01,  9.999826550484e-01,  1.721029721506e+01, -1.704448089004e-02
  4.606599999964e+01,  1.000016927719e+00,  1.721026294239e+01, -1.847843453288e-02
  4.616600000858e+01,  9.999994635582e-01,  1.721028040656e+01, -1.735408231616e-02
  4.626600000262e+01,  9.999876618385e-01,  1.721029220827e+01, -1.985269412398e-02
  4.636600001156e+01,  1.000006318092e+00,  1.721027355202e+01, -1.885366998613e-02
  4.646600000560e+01,  1.000013113022e+00,  1.721026675709e+01, -1.824218966067e-02
  4.656599999964e+01,  1.000008106232e+00,  1.721027176388e+01, -1.797405071557e-02
  4.666600000858e+01,  1.000006675720e+00,  1.721027319439e+01, -1.637552306056e-02
  4.676600000262e+01,  1.000001430511e+00,  1.721027843960e+01, -1.657795719802e-02
  4.686600001156e+01,  1.000004172325e+00,  1.721027569779e+01, -1.544909551740e-02
  4.696600000560e+01,  9.999962449074e-01,  1.721028362521e+01, -1.859199628234e-02
  4.706599999964e+01,  1.000020027161e+00,  1.721025984295e+01, -1.712420955300e-02
  4.716600000858e+01,  9.999967813492e-01,  1.721028308876e+01, -1.727719046175e-02
  4.726600000262e+01,  9.999959468842e-01,  1.721028392323e+01, -1.690518856049e-02
  4.736600001156e+01,  9.999923110008e-01,  1.721028755911e+01, -1.716551184654e-02
  4.746600000560e+01,  9.999969601631e-01,  1.721028290995e+01, -1.698791049421e-02
  4.756599999964e+01,  1.000020503998e+00,  1.721025936612e+01, -1.736641861498e-02
  4.766600000858e+01,  1.000033855438e+00,  1.721024601468e+01, -1.567330770195e-02
  4.776600000262e+01,  9.999811649323e-01,  1.721029870518e+01, -1.627856492996e-02
  4.786600001156e+01,  1.000000715256e+00,  1.721027915486e+01, -1.587707549334e-02
  4.796600000560e+01,  1.000011086464e+00,  1.721026878365e+01, -1.664141751826e-02
  4.806599999964e+01,  1.000013709068e+00,  1.721026616105e+01, -1.370764337480e-02
  4.816600000858e+01,  1.000027179718e+00,  1.721025269040e+01, -1.806204766035e-02
  4.826600000262e+01,  9.999933838844e-01,  1.721028648623e+01, -1.609745435417e-02
  4.836600001156e+01,  9.999774694443e-01,  1.721030240067e+01, -1.709635742009e-02
  4.846600000560e+01,  9.999967813492e-01,  1.721028308876e+01, -1.613142527640e-02
  4.856599999964e+01,  9.999707341194e-01,  1.721030913599e+01, -1.576700992882e-02
  4.866600000858e+01,  1.000007033348e+00,  1.721027283677e+01, -1.790271513164e-02
  4.876600000262e+01,  9.999921917915e-01,  1.721028767832e+01, -1.604622229934e-02
  4.886600001156e+01,  9.999965429306e-01,  1.721028332718e+01, -1.844465360045e-02
  4.896600000560e+01,  9.999740123749e-01,  1.721030585774e+01, -1.655114814639e-02
  4.906599999964e+01,  9.999898672104e-01,  1.721029000290e+01, -1.677435263991e-02
  4.916600000858e+01,  1.000005960464e+00,  1.721027390965e+01, -1.640143617988e-02
  4.926600000262e+01,  9.999834895134e-01,  1.721029638060e+01, -1.849430613220e-02
  4.936600001156e+01,  9.999747872353e-01,  1.721030508288e+01, -1.732559502125e-02
  4.946600000560e+01,  1.000016808510e+00,  1.721026306160e+01, -1.752046681941e-02
  4.956599999964e+01,  1.000011324883e+00,  1.721026854523e+01, -1.578757539392e-02
  4.966600000858e+01,  1.000009059906e+00,  1.721027081021e+01, -1.848382689059e-02
  4.976600000262e+01,  1.000011682510e+00,  1.721026818760e+01, -1.759489253163e-02
  4.986600001156e+01,  1.000005483627e+00,  1.721027438649e+01, -1.583959348500e-02
  4.996600000560e+01,  9.999892115593e-01,  1.721029065855e+01, -1.764884032309e-02
  5.006599999964e+01,  9.999952912331e-01,  1.721028457888e+01, -1.736245676875e-02
  5.016600000858e+01,  1.000006437302e+00,  1.721027343281e+01, -1.743908785284e-02
  5.026600000262e+01,  1.000023603439e+00,  1.721025626667e+01, -1.763007417321e-02
  5.036600001156e+01,  9.999982714653e-01,  1.721028159865e+01, -1.738104969263e-02
  5.046600000560e+01,  9.999948143959e-01,  1.721028505572e+01, -1.476399321109e-02
  5.056599999964e+01,  9.999999403954e-01,  1.721027992972e+01, -1.530158240348e-02
  5.066600000858e+01,  1.000008106232e+00,  1.721027176388e+01, -1.875549927354e-02
  5.076600000262e+01,  1.000004649162e+00,  1.721027522095e+01, -1.770625449717e-02
  5.086600001156e+01,  9.999917745590e-01,  1.721028809555e+01, -1.949341595173e-02
  5.096600000560e+01,  1.000017881393e+00,  1.721026198872e+01, -1.642128080130e-02
  5.106599999964e+01,  9.999899864197e-01,  1.721028988369e+01, -1.804441027343e-02
  5.116600000858e+01,  9.999882578850e-01,  1.721029161223e+01, -1.763953082263e-02
  5.126600000262e+01,  1.000005483627e+00,  1.721027438649e+01, -1.878924667835e-02
  5.136600001156e+01,  1.000016808510e+00,  1.721026306160e+01, -1.931340433657e-02
  5.146600000560e+01,  9.999988675117e-01,  1.721028100260e+01, -1.810465939343e-02
  5.156599999964e+01,  1.000025510788e+00,  1.721025435933e+01, -1.839840412140e-02
  5.166600000858e+01,  1.000013589859e+00,  1.721026628025e+01, -1.844828203321e-02
  5.176600000262e+01,  1.000018954277e+00,  1.721026091584e+01, -1.617310382426e-02
  5.186600001156e+01,  1.000007629395e+00,  1.721027224072e+01, -1.880279369652e-02
  5.196600000560e+01,  9.999959468842e-01,  1.721028392323e+01, -1.696649007499e-02
  5.206599999964e+01,  9.999925494194e-01,  1.721028732069e+01, -1.753703504801e-02
  5.216600000858e+01,  1.000002384186e+00,  1.721027748593e+01, -1.704228296876e-02
  5.226600000262e+01,  1.000013470650e+00,  1.721026639946e+01, -1.639249734581e-02
  5.236600001156e+01,  1.000017285347e+00,  1.721026258477e+01, -1.743924431503e-02
  5.246600000560e+01,  9.999940991402e-01,  1.721028577097e+01, -1.704084686935e-02
  5.256599999964e+01,  1.000000596046e+00,  1.721027927407e+01, -1.858062669635e-02
  5.266600000858e+01,  9.999847412109e-01,  1.721029512890e+01, -1.646580547094e-02
  5.276600000262e+01,  9.999803900719e-01,  1.721029948004e+01, -1.841800101101e-02
  5.286600001156e+01,  1.000002741814e+00,  1.721027712830e+01, -1.484993193299e-02
  5.296600000560e+01,  1.000001788139e+00,  1.721027808197e+01, -1.875983551145e-02
  5.306599999964e+01,  9.999918937683e-01,  1.721028797634e+01, -1.547503843904e-02
  5.316600000858e+01,  1.000013947487e+00,  1.721026592263e+01, -1.757755503058e-02
  5.326600000262e+01,  9.999880194664e-01,  1.721029185065e+01, -1.607799530029e-02
  5.336600001156e+01,  1.000003933907e+00,  1.721027593621e+01, -1.597556658089e-02
  5.346600000560e+01,  9.999746084213e-01,  1.721030526169e+01, -1.735124737024e-02
  5.356599999964e+01,  1.000017881393e+00,  1.721026198872e+01, -1.852937228978e-02
  5.366600000858e+01,  1.000020742416e+00,  1.721025912770e+01, -1.793667115271e-02
  5.376600000262e+01,  1.000006079674e+00,  1.721027379044e+01, -1.760672219098e-02
  5.386600001156e+01,  1.000000953674e+00,  1.721027891644e+01, -1.639964990318e-02
  5.396600000560e+01,  1.000002980232e+00,  1.721027688988e+01, -1.792897097766e-02
  5.406599999964e+01,  1.000015139580e+00,  1.721026473053e+01, -1.641816645861e-02
  5.416600000858e+01,  9.999998211861e-01,  1.721028004893e+01, -1.846363209188e-02
  5.426600000262e+01,  9.999949336052e-01,  1.721028493651e+01, -1.781558804214e-02
  5.436600001156e+01,  9.999909400940e-01,  1.721028893002e+01, -1.941427588463e-02
  5.446600000560e+01,  1.000023245811e+00,  1.721025662430e+01, -1.812925375998e-02
  5.456599999964e+01,  1.000000834465e+00,  1.721027903565e+01, -1.818035170436e-02
  5.466600000858e+01,  9.999894499779e-01,  1.721029042014e+01, -1.827143877745e-02
  5.476600000262e+01,  1.000004649162e+00,  1.721027522095e+01, -1.507028657943e-02
  5.486600001156e+01,  9.999895691872e-01,  1.721029030093e+01, -1.704497449100e-02
  5.496600000560e+01,  1.000023007393e+00,  1.721025686272e+01, -1.525135803968e-02
  5.506599999964e+01,  1.000006198883e+00,  1.721027367123e+01, -1.716346107423e-02
  5.516600000858e+01,  9.999930262566e-01,  1.721028684386e+01, -1.613027416170e-02
  5.526600000262e+01,  1.000017642975e+00,  1.721026222714e+01, -1.689654961228e-02
  5.536600001156e+01,  9.999815821648e-01,  1.721029828795e+01, -1.685758493841e-02
  5.546600000560e+01,  1.000004410744e+00,  1.721027545937e+01, -1.695768535137e-02
  5.556599999964e+01,  9.999697208405e-01,  1.721031014927e+01, -1.423294004053e-02
  5.566600000858e+01,  1.000001668930e+00,  1.721027820118e+01, -1.643597520888e-02
  5.576600000262e+01,  9.999923706055e-01,  1.721028749951e+01, -1.810934953392e-02
  5.586600001156e+01,  1.000025868416e+00,  1.721025400170e+01, -1.719283498824e-02
  5.596600000560e+01,  9.999806880951e-01,  1.721029918202e+01, -1.789700239897e-02
  5.606599999964e+01,  1.000024080276e+00,  1.721025578984e+01, -1.769569702446e-02
  5.616600000858e+01,  9.999676346779e-01,  1.721031223544e+01, -1.772653311491e-02
  5.626600000262e+01,  9.999758005142e-01,  1.721030406960e+01, -1.702551916242e-02
  5.636600001156e+01,  1.000004768372e+00,  1.721027510174e+01, -1.542328856885e-02
  5.646600000560e+01,  9.999769330025e-01,  1.721030293711e+01, -1.714837551117e-02
  5.656599999964e+01,  1.000009417534e+00,  1.721027045258e+01, -1.633299328387e-02
  5.666600000858e+01,  1.000009775162e+00,  1.721027009495e+01, -1.570970378816e-02
  5.676600000262e+01,  9.999873638153e-01,  1.721029250630e+01, -1.647238433361e-02
  5.686600001156e+01,  1.000003337860e+00,  1.721027653225e+01, -1.535305380821e-02
  5.696600000560e+01,  1.000022053719e+00,  1.721025781639e+01, -1.520401611924e-02
  5.706599999964e+01,  9.999997615814e-01,  1.721028010853e+01, -1.687420904636e-02
  5.716600000858e+01,  1.000010013580e+00,  1.721026985653e+01, -1.569144986570e-02
  5.726600000262e+01,  9.999953508377e-01,  1.721028451928e+01, -1.706917583942e-02
  5.736600001156e+01,  9.999991655350e-01,  1.721028070458e+01, -1.788541302085e-02
  5.746600000560e+01,  1.000000476837e+00,  1.721027939328e+01, -1.574786007404e-02
  5.756599999964e+01,  1.000025033951e+00,  1.721025483616e+01, -1.614590361714e-02
  5.766600000858e+01,  9.999913573265e-01,  1.721028851279e+01, -1.666419021785e-02
  5.776600000262e+01,  9.999963045120e-01,  1.721028356560e+01, -1.611407846212e-02
  5.786600001156e+01,  9.999961256981e-01,  1.721028374442e+01, -1.716410741210e-02
  5.796600000560e+01,  9.999795556068e-01,  1.721030031451e+01, -1.465643942356e-02
  5.806599999964e+01,  1.000009298325e+00,  1.721027057179e+01, -1.526462007314e-02
  5.816600000858e+01,  9.999929666519e-01,  1.721028690346e+01, -1.600965112448e-02
  5.826600000262e+01,  9.999918341637e-01,  1.721028803595e+01, -1.581571437418e-02
  5.836600001156e+01,  9.999981522560e-01,  1.721028171786e+01, -1.620936580002e-02
  5.846600000560e+01,  9.999844431877e-01,  1.721029542693e+01, -1.724606566131e-02
  5.856599999964e+01,  9.999969601631e-01,  1.721028290995e+01, -1.757786609232e-02
  5.866600000858e+01,  1.000002980232e+00,  1.721027688988e+01, -1.722236908972e-02
  5.876600000262e+01,  9.999788999557e-01,  1.721030097016e+01, -1.755040138960e-02
  5.886600001156e+01,  1.000001311302e+00,  1.721027855881e+01, -1.835171319544e-02
  5.896600000560e+01,  1.000012397766e+00,  1.721026747235e+01, -1.656618714333e-02
  5.906599999964e+01,  9.999816417694e-01,  1.721029822834e+01, -1.828292198479e-02
  5.916600000858e+01,  9.999938011169e-01,  1.721028606900e+01, -1.383419334888e-02
  5.926600000262e+01,  1.000019192696e+00,  1.721026067742e+01, -1.772548444569e-02
  5.936600001156e+01,  1.000002980232e+00,  1.721027688988e+01, -1.684708707035e-02
  5.946600000560e+01,  9.999973773956e-01,  1.721028249272e+01, -1.773725450039e-02
  5.956599999964e+01,  9.999844431877e-01,  1.721029542693e+01, -1.527930609882e-02
  5.966600000858e+01,  1.000016927719e+00,  1.721026294239e+01, -1.757588796318e-02
  5.976600000262e+01,  1.000035643578e+00,  1.721024422654e+01, -1.892010495067e-02
  5.986600001156e+01,  1.000004768372e+00,  1.721027510174e+01, -1.833599619567e-02
  5.996600000560e+01,  9.999737143517e-01,  1.721030615576e+01, -1.889838650823e-02
  6.006599999964e+01,  1.000006914139e+00,  1.721027295597e+01, -1.762258820236e-02
  6.016600000858e+01,  1.000002264977e+00,  1.721027760514e+01, -1.955866254866e-02
  6.026600000262e+01,  1.000016570091e+00,  1.721026330002e+01, -1.777963154018e-02
  6.036600001156e+01,  1.000007987022e+00,  1.721027188309e+01, -1.906586438417e-02
  6.046600000560e+01,  1.000028729439e+00,  1.721025114067e+01, -2.017981559038e-02
  6.056599999964e+01,  9.999855160713e-01,  1.721029435404e+01, -1.590623892844e-02
  6.066600000858e+01,  9.999813437462e-01,  1.721029852637e+01, -2.042644098401e-02
  6.076600000262e+01,  9.999973773956e-01,  1.721028249272e+01, -2.008581534028e-02
  6.086600001156e+01,  1.000000357628e+00,  1.721027951249e+01, -1.882992126048e-02
  6.096600000560e+01,  1.000010848045e+00,  1.721026902207e+01, -1.774175278842e-02
  6.106599999964e+01,  1.000020742416e+00,  1.721025912770e+01, -2.056307718158e-02
  6.116600000858e+01,  1.000019192696e+00,  1.721026067742e+01, -1.718121767044e-02
  6.126600000262e+01,  1.000000953674e+00,  1.721027891644e+01, -1.829200237989e-02
  6.136600001156e+01,  1.000000953674e+00,  1.721027891644e+01, -1.889135316014e-02
  6.146000000834e+01,  9.999934434891e-01,  1.721028642662e+01, -1.640398055315e-02
  6.146100001037e+01,  9.999992847443e-01,  1.721028058537e+01, -1.635427027941e-02
  6.146400000155e+01,  9.999947547913e-01,  1.721028511532e+01, -1.609916239977e-02
  6.156400001049e+01,  9.999390840530e-01,  1.721034078606e+01, -1.761959120631e-02
  6.164750000834e+01,  9.898537397385e-01,  1.722042613037e+01, -2.126397937536e-02
  6.166700001061e+01,  9.796265363693e-01,  1.723065333374e+01, -3.903856128454e-02
  6.167700000107e+01,  9.691532850266e-01,  1.724112658509e+01, -4.484596103430e-02
  6.168450000882e+01,  9.586132764816e-01,  1.725166659363e+01, -3.433647006750e-02
  6.169099999964e+01,  9.484127759933e-01,  1.726186709412e+01, -2.972068637609e-02
  6.169700001180e+01,  9.383915662766e-01,  1.727188830384e+01, -2.440490573645e-02
  6.170300000906e+01,  9.280651807785e-01,  1.728221468933e+01, -1.995124667883e-02
  6.170900000632e+01,  9.177044630051e-01,  1.729257540711e+01, -1.386871095747e-02
  6.171500000358e+01,  9.076756238937e-01,  1.730260424622e+01, -8.392713032663e-03
  6.172150000930e+01,  8.975361585617e-01,  1.731274371155e+01,  2.769090700895e-03
  6.172900000215e+01,  8.874577283859e-01,  1.732282214173e+01, -3.487012814730e-03
  6.173750001192e+01,  8.771847486496e-01,  1.733309512146e+01, -1.463165041059e-02
  6.174600000679e+01,  8.671597242355e-01,  1.734312014588e+01, -2.112998813391e-02
  6.175450000167e+01,  8.566387891769e-01,  1.735364108094e+01, -2.812709659338e-02
  6.176200000942e+01,  8.464711308479e-01,  1.736380873927e+01, -3.140518441796e-02
  6.176900000870e+01,  8.360455632210e-01,  1.737423430689e+01, -2.714595571160e-02
  6.177549999952e+01,  8.258946537971e-01,  1.738438521632e+01, -1.696834340692e-02
  6.178249999881e+01,  8.151829838753e-01,  1.739509688624e+01, -1.117954123765e-02
  6.178949999809e+01,  8.050397038460e-01,  1.740524016627e+01, -7.894133217633e-03
  6.179700000584e+01,  7.950146794319e-01,  1.741526519068e+01, -2.470586914569e-03
  6.180600000918e+01,  7.846539616585e-01,  1.742562590845e+01,  2.399827819318e-03
  6.181800000370e+01,  7.743313908577e-01,  1.743594847926e+01, -5.979281850159e-04
  6.183349999785e+01,  7.641213536263e-01,  1.744615851649e+01, -2.384087815881e-02
  6.184650000930e+01,  7.538045048714e-01,  1.745647536524e+01, -3.040510788560e-02
  6.185700000823e+01,  7.435391545296e-01,  1.746674071558e+01, -2.760988846421e-02
  6.186650000513e+01,  7.331326603889e-01,  1.747714720972e+01, -2.134520187974e-02
  6.187550000846e+01,  7.229741215706e-01,  1.748730574854e+01, -1.627260819077e-02
  6.188500000536e+01,  7.125485539436e-01,  1.749773131617e+01, -1.267201174051e-02
  6.189500001073e+01,  7.022908329964e-01,  1.750798903712e+01, -1.151356566697e-02
  6.190600000322e+01,  6.919110417366e-01,  1.751836882838e+01, -1.441821921617e-02
  6.191750000417e+01,  6.817086338997e-01,  1.752857123621e+01, -1.892242208123e-02
  6.192900000513e+01,  6.715348362923e-01,  1.753874503382e+01, -2.161774411798e-02
  6.193999999762e+01,  6.614220738411e-01,  1.754885779627e+01, -2.009210363030e-02
  6.195100000501e+01,  6.509698033333e-01,  1.755931006678e+01, -1.804313436151e-02
  6.196150000393e+01,  6.408208012581e-01,  1.756945906886e+01, -1.718286052346e-02
  6.197200000286e+01,  6.305268406868e-01,  1.757975302943e+01, -1.985832117498e-02
  6.198200000823e+01,  6.201012730598e-01,  1.759017859705e+01, -2.084740065038e-02
  6.199100001156e+01,  6.100876927376e-01,  1.760019217738e+01, -1.836498640478e-02
  6.200000000000e+01,  5.998452305794e-01,  1.761043463953e+01, -1.453121658415e-02
  6.200900000334e+01,  5.897668004036e-01,  1.762051306971e+01, -1.513393875211e-02
  6.201800000668e+01,  5.796707272530e-01,  1.763060914286e+01, -1.779118739069e-02
  6.202700001001e+01,  5.695236325264e-01,  1.764075623759e+01, -1.029339898378e-02
  6.203650000691e+01,  5.594871640205e-01,  1.765079270609e+01, -1.139662135392e-02
  6.204700000584e+01,  5.492313504219e-01,  1.766104851969e+01, -1.246124971658e-02
  6.205799999833e+01,  5.389221310616e-01,  1.767135773905e+01, -1.678652130067e-02
  6.206900000572e+01,  5.285652279854e-01,  1.768171464213e+01, -1.600093208253e-02
  6.207950000465e+01,  5.184009671211e-01,  1.769187890299e+01, -1.913565956056e-02
  6.208950001001e+01,  5.082843899727e-01,  1.770199548014e+01, -1.599616371095e-02
  6.209950000048e+01,  4.981258511543e-01,  1.771215401896e+01, -1.620352827013e-02
  6.210950000584e+01,  4.880779385567e-01,  1.772220193156e+01, -1.436627376825e-02
  6.212000000477e+01,  4.779232144356e-01,  1.773235665568e+01, -1.487137097865e-02
  6.213100001216e+01,  4.677017331123e-01,  1.774257813700e+01, -1.949323527515e-02
  6.214150001109e+01,  4.575508236885e-01,  1.775272904642e+01, -2.254859916866e-02
  6.215150000155e+01,  4.472015500069e-01,  1.776307832011e+01, -1.876489631832e-02
  6.216150000691e+01,  4.367759823799e-01,  1.777350388773e+01, -1.606289856136e-02
  6.217149999738e+01,  4.266784787178e-01,  1.778360139140e+01, -1.436225790530e-02
  6.218200001121e+01,  4.166343808174e-01,  1.779364548930e+01, -1.505792047828e-02
  6.219300000370e+01,  4.064663052559e-01,  1.780381356486e+01, -2.350652217865e-02
  6.220350000262e+01,  3.960579037666e-01,  1.781422196635e+01, -2.372527867556e-02
  6.221299999952e+01,  3.860443234444e-01,  1.782423554667e+01, -1.904750615358e-02
  6.222250001132e+01,  3.760307431221e-01,  1.783424912699e+01, -1.745010167360e-02
  6.223250000179e+01,  3.657577633858e-01,  1.784452210673e+01, -1.498819049448e-02
  6.224300000072e+01,  3.555038571358e-01,  1.785477601298e+01, -1.448541041464e-02
  6.225400000811e+01,  3.452804684639e-01,  1.786499940165e+01, -2.303176373243e-02
  6.226450000703e+01,  3.348756134510e-01,  1.787540425666e+01, -2.488486841321e-02
  6.227400000393e+01,  3.248124420643e-01,  1.788546742805e+01, -1.850097253919e-02
  6.228350000083e+01,  3.148026764393e-01,  1.789547719367e+01, -1.517360191792e-02
  6.229350000620e+01,  3.046784698963e-01,  1.790560140022e+01, -1.183001976460e-02
  6.230449999869e+01,  2.942624390125e-01,  1.791601743110e+01, -1.190462242812e-02
  6.231599999964e+01,  2.839627563953e-01,  1.792631711372e+01, -2.066841349006e-02
  6.232649999857e+01,  2.737298309803e-01,  1.793655003913e+01, -2.490606531501e-02
  6.233600001037e+01,  2.635293304920e-01,  1.794675053962e+01, -1.944914087653e-02
  6.234550000727e+01,  2.532334625721e-01,  1.795704640754e+01, -1.621999964118e-02
  6.235549999774e+01,  2.427392154932e-01,  1.796754065462e+01, -1.278057228774e-02
  6.236600001156e+01,  2.324967533350e-01,  1.797778311678e+01, -1.031675469130e-02
  6.237749999762e+01,  2.223515659571e-01,  1.798792830416e+01, -1.804390177131e-02
  6.238850000501e+01,  2.122483402491e-01,  1.799803152986e+01, -2.487030252814e-02
  6.239850001037e+01,  2.019562870264e-01,  1.800832358309e+01, -2.081575617194e-02
  6.240800000727e+01,  1.917901188135e-01,  1.801848975130e+01, -1.759758219123e-02
  6.241750000417e+01,  1.817155033350e-01,  1.802856436678e+01, -1.519217621535e-02
  6.242750000954e+01,  1.716084629297e-01,  1.803867140718e+01, -1.168956886977e-02
  6.243850000203e+01,  1.614365726709e-01,  1.804884329744e+01, -1.463152002543e-02
  6.245000000298e+01,  1.510796695948e-01,  1.805920020052e+01, -2.267099544406e-02
  6.246050000191e+01,  1.405949741602e-01,  1.806968489595e+01, -2.408201619983e-02
  6.246999999881e+01,  1.302647739649e-01,  1.808001509615e+01, -1.843531057239e-02
  6.247950001061e+01,  1.198582798243e-01,  1.809042159029e+01, -1.566250249743e-02
  6.248900000751e+01,  1.098218113184e-01,  1.810045805879e+01, -1.263398956507e-02
  6.249950000644e+01,  9.948779642582e-02,  1.811079207369e+01, -1.200092863292e-02
  6.251049999893e+01,  8.929683268070e-02,  1.812098303743e+01, -1.919759437442e-02
  6.252099999785e+01,  7.908698916435e-02,  1.813119288095e+01, -2.293426543474e-02
  6.253050000966e+01,  6.907340884209e-02,  1.814120646127e+01, -1.972372084856e-02
  6.254000000656e+01,  5.880042910576e-02,  1.815147944101e+01, -1.629144698381e-02
  6.254950000346e+01,  4.873344302177e-02,  1.816154642709e+01, -1.425177603960e-02
  6.256000000238e+01,  3.838035464287e-02,  1.817189951547e+01, -7.249899208546e-03
  6.257250000536e+01,  2.802726440132e-02,  1.818225260571e+01, -1.011971384287e-02
  6.258699999750e+01,  1.792976073921e-02,  1.819235010937e+01, -1.289679855108e-02
  6.260450001061e+01,  7.862774655223e-03,  1.820241709546e+01, -1.143043488264e-02
  6.261800000072e+01,  2.388684311882e-03,  1.820789118580e+01, -1.197064667940e-02
  6.261900000274e+01,  2.071110764518e-03,  1.820820875935e+01, -1.194370537996e-02
  6.262700000405e+01, -5.653661719407e-05,  1.821033640673e+01, -1.057887822390e-02
  6.263000001013e+01, -6.664113607258e-04,  1.821094628147e+01, -1.062431558967e-02
  6.293299999833e+01, -2.233517356217e-03,  1.821251338747e+01, -1.528562791646e-02
  6.293400000036e+01, -2.228361554444e-03,  1.821250823167e+01, -1.526184566319e-02
