           Test time,     Standard travel,     Tool separation,      Standard force
                 0.0,                 0.0,  2.657086833699e+01, -1.276723574847e-02
                 0.0,                 0.0,  2.657086835189e+01, -1.286308001727e-02
                 0.0,                 0.0,  2.657087428256e+01, -1.332388352603e-02
                 0.0,                 0.0,  2.657086070760e+01, -1.291165780276e-02
                 0.0,                 0.0,  2.657086604221e+01, -1.288918685168e-02
                 0.0,                 0.0,  2.664602188039e+01, -1.043170783669e-02
  0.000000000000e+00,  0.000000000000e+00,  2.664601478858e+01, -1.036405283958e-02
  8.000001311302e-03,  2.491203758836e-06,  2.664601229737e+01, -1.057637576014e-02
  1.100000739098e-02,  3.077936980844e-06,  2.664601171064e+01, -1.115287188441e-02
  1.300001144409e-02,  3.141732577205e-06,  2.664601164684e+01, -1.128018740565e-02
  1.400001347065e-02,  1.652256571560e-07,  2.664601462335e+01, -1.126209739596e-02
  1.145000010729e-01, -3.902849584847e-06,  2.664601869143e+01, -1.338243577629e-02
  2.145000100136e-01,  3.163964095165e-07,  2.664601447218e+01, -1.272392738611e-02
  3.150000125170e-01, -3.909350198228e-06,  2.664601869793e+01, -1.037291344255e-02
  4.155000001192e-01,  8.935094228946e-07,  2.664601389507e+01, -9.394295513630e-03
  5.155000090599e-01,  8.829530328512e-03,  2.663718525825e+01,  1.111532840878e-02
  5.280000120401e-01,  1.882975921035e-02,  2.662718502937e+01,  2.409435622394e-02
  5.360000133514e-01,  2.954524382949e-02,  2.661646954475e+01,  2.832342498004e-02
  5.420000106096e-01,  3.982966765761e-02,  2.660618512092e+01,  1.298834104091e-02
  5.474999994040e-01,  5.011790618300e-02,  2.659589688239e+01,  2.319934574189e-04
  5.530000030994e-01,  6.071132048965e-02,  2.658530346809e+01, -9.899842552841e-03
  5.585000067949e-01,  7.120936363935e-02,  2.657480542494e+01, -1.538728456944e-02
  5.640000104904e-01,  8.135264366865e-02,  2.656466214491e+01, -2.478288300335e-02
  5.700000077486e-01,  9.140818566084e-02,  2.655460660292e+01, -3.658317402005e-02
  5.775000005960e-01,  1.020321175456e-01,  2.654398267103e+01, -3.921197727323e-02
  5.875000059605e-01,  1.122650429606e-01,  2.653374974562e+01, -3.819345310330e-02
  6.020000129938e-01,  1.225647255778e-01,  2.652345006300e+01,  1.380217378028e-03
  6.134999990463e-01,  1.325649619102e-01,  2.651344982667e+01,  3.345978446305e-03
  6.235000044107e-01,  1.429714560509e-01,  2.650304333253e+01, -4.312026314437e-03
  6.330000013113e-01,  1.535114645958e-01,  2.649250332398e+01, -1.046704035252e-02
  6.425000131130e-01,  1.640247702599e-01,  2.648199001832e+01, -1.640080101788e-02
  6.525000035763e-01,  1.744465231895e-01,  2.647156826539e+01, -2.217100746930e-02
  6.635000109673e-01,  1.846355795860e-01,  2.646137920899e+01, -1.623378880322e-02
  6.750000119209e-01,  1.950306296349e-01,  2.645098415894e+01, -7.065164856613e-03
  6.855000108480e-01,  2.052482962608e-01,  2.644076649232e+01, -5.115735344589e-03
  6.955000013113e-01,  2.155861258507e-01,  2.643042866273e+01, -7.689702324569e-03
  7.055000066757e-01,  2.260956168175e-01,  2.641991917176e+01, -1.099275331944e-02
  7.155000120401e-01,  2.363533377647e-01,  2.640966145081e+01, -1.482652407140e-02
  7.260000109673e-01,  2.465862631798e-01,  2.639942852540e+01, -1.445083599538e-02
  7.370000034571e-01,  2.570194602013e-01,  2.638899532837e+01, -1.009683590382e-02
  7.475000023842e-01,  2.672256827354e-01,  2.637878910584e+01, -8.459120057523e-03
  7.575000077486e-01,  2.773314118385e-01,  2.636868337674e+01, -9.077692404389e-03
  7.675000131130e-01,  2.877226471901e-01,  2.635829214139e+01, -1.149056293070e-02
  7.775000035763e-01,  2.981138825417e-01,  2.634790090603e+01, -1.302311755717e-02
  7.875000089407e-01,  3.083601593971e-01,  2.633765462918e+01, -1.410535909235e-02
  7.974999994040e-01,  3.184843659401e-01,  2.632753042264e+01, -1.257471181452e-02
  8.075000047684e-01,  3.285437226295e-01,  2.631747106595e+01, -1.082901097834e-02
  8.180000036955e-01,  3.390303254128e-01,  2.630698446316e+01, -7.882157340646e-03
  8.285000026226e-01,  3.495016694069e-01,  2.629651311917e+01, -6.693730130792e-03
  8.390000015497e-01,  3.599653840065e-01,  2.628604940457e+01, -6.570715457201e-03
  8.495000004768e-01,  3.704176545143e-01,  2.627559713406e+01, -6.298106163740e-03
  8.595000058413e-01,  3.804922699928e-01,  2.626552251858e+01, -6.436329334974e-03
  8.695000112057e-01,  3.906698822975e-01,  2.625534490628e+01, -6.892668083310e-03
  8.795000016689e-01,  4.009199738503e-01,  2.624509481473e+01, -6.655501201749e-03
  8.895000070333e-01,  4.111090302467e-01,  2.623490575833e+01, -5.200551822782e-03
  8.995000123978e-01,  4.211569428444e-01,  2.622485784573e+01, -4.016952589154e-03
  9.100000113249e-01,  4.315367341042e-01,  2.621447805447e+01, -2.208324382082e-03
  9.205000102520e-01,  4.418516755104e-01,  2.620416311307e+01, -1.250227360288e-04
  9.310000091791e-01,  4.522200226784e-01,  2.619379476590e+01,  5.627552745864e-04
  9.415000081062e-01,  4.626646637917e-01,  2.618335012478e+01,  2.993432572111e-03
  9.515000134706e-01,  4.726858735085e-01,  2.617332891507e+01,  6.882516667247e-03
  9.615000039339e-01,  4.827566742897e-01,  2.616325811429e+01,  9.619561955333e-03
  9.715000092983e-01,  4.928007721901e-01,  2.615321401639e+01,  1.255211047828e-02
  9.820000082254e-01,  5.032683014870e-01,  2.614274648709e+01,  1.517662219703e-02
  9.925000071526e-01,  5.136557221413e-01,  2.613235906643e+01,  1.693162135780e-02
  1.003000006080e+00,  5.240240693092e-01,  2.612199071927e+01,  1.824113540351e-02
  1.013500005007e+00,  5.344315767288e-01,  2.611158321185e+01,  2.233150787652e-02
  1.024000003934e+00,  5.449296236038e-01,  2.610108516497e+01,  2.614906616509e-02
  1.034000009298e+00,  5.549737215042e-01,  2.609104106707e+01,  2.815273590386e-02
  1.043999999762e+00,  5.650368928909e-01,  2.608097789569e+01,  2.965191192925e-02
  1.054000005126e+00,  5.751458406448e-01,  2.607086894793e+01,  3.078046627343e-02
  1.064000010490e+00,  5.852547883987e-01,  2.606076000018e+01,  3.173563256860e-02
  1.074000000954e+00,  5.953217744827e-01,  2.605069301409e+01,  3.297746554017e-02
  1.084000006318e+00,  6.053925752640e-01,  2.604062221331e+01,  3.655183687806e-02
  1.094000011683e+00,  6.155282258987e-01,  2.603048656268e+01,  4.016435518861e-02
  1.104000002146e+00,  6.256638765335e-01,  2.602035091204e+01,  4.428804293275e-02
  1.114000007510e+00,  6.357575654984e-01,  2.601025722308e+01,  4.617679491639e-02
  1.124000012875e+00,  6.457940340042e-01,  2.600022075457e+01,  4.870272055268e-02
  1.134500011802e+00,  6.562691926956e-01,  2.598974559588e+01,  5.106228962541e-02
  1.145000010729e+00,  6.666756868362e-01,  2.597933910174e+01,  5.343550816178e-02
  1.155500009656e+00,  6.770859956741e-01,  2.596892879290e+01,  5.601138249040e-02
  1.165500000119e+00,  6.870881319046e-01,  2.595892665667e+01,  6.085414066911e-02
  1.175500005484e+00,  6.972810029984e-01,  2.594873378558e+01,  6.503933668137e-02
  1.185500010848e+00,  7.075845003128e-01,  2.593843028826e+01,  6.715458631516e-02
  1.195500001311e+00,  7.178460359573e-01,  2.592816875262e+01,  6.904858350754e-02
  1.205500006676e+00,  7.280350923538e-01,  2.591797969622e+01,  7.166689634323e-02
  1.215500012040e+00,  7.380753755569e-01,  2.590793941302e+01,  7.454985380173e-02
  1.226000010967e+00,  7.484780550003e-01,  2.589753673358e+01,  7.954710721970e-02
  1.236500009894e+00,  7.588807344437e-01,  2.588713405413e+01,  8.500593900681e-02
  1.246500000358e+00,  7.689210176468e-01,  2.587709377093e+01,  8.844774961472e-02
  1.256500005722e+00,  7.789628505707e-01,  2.586705193801e+01,  9.219872206450e-02
  1.266500011086e+00,  7.889764308929e-01,  2.585703835768e+01,  9.501635283232e-02
  1.277000010014e+00,  7.994592189789e-01,  2.584655556960e+01,  9.742086380720e-02
  1.287500008941e+00,  8.099420070648e-01,  2.583607278151e+01,  1.011275574565e-01
  1.297499999404e+00,  8.199632167816e-01,  2.582605157179e+01,  1.057709977031e-01
  1.307500004768e+00,  8.300569057465e-01,  2.581595788283e+01,  1.086487099528e-01
  1.317500010133e+00,  8.401925563812e-01,  2.580582223220e+01,  1.114858910441e-01
  1.327500000596e+00,  8.502671718597e-01,  2.579574761672e+01,  1.141194626689e-01
  1.337999999523e+00,  8.606317043304e-01,  2.578538308425e+01,  1.179303452373e-01
  1.348500013351e+00,  8.708798885345e-01,  2.577513490004e+01,  1.229771897197e-01
  1.359000012279e+00,  8.811700344086e-01,  2.576484475417e+01,  1.275138258934e-01
  1.369500011206e+00,  8.915650844574e-01,  2.575444970412e+01,  1.317672133446e-01
  1.379500001669e+00,  9.015824794769e-01,  2.574443230910e+01,  1.359977126122e-01
  1.389500007033e+00,  9.117181301117e-01,  2.573429665846e+01,  1.387233138084e-01
  1.399500012398e+00,  9.218003749847e-01,  2.572421441359e+01,  1.400993466377e-01
  1.410000011325e+00,  9.322488307953e-01,  2.571376595778e+01,  1.438120007515e-01
  1.420500010252e+00,  9.426400661469e-01,  2.570337472243e+01,  1.481025815010e-01
  1.431000009179e+00,  9.530847072601e-01,  2.569293008132e+01,  1.534793972969e-01
  1.440999999642e+00,  9.631516933441e-01,  2.568286309523e+01,  1.581123471260e-01
  1.451000005007e+00,  9.733521938324e-01,  2.567266259474e+01,  1.627057194710e-01
  1.461000010371e+00,  9.835526943207e-01,  2.566246209426e+01,  1.656158566475e-01
  1.471000000834e+00,  9.937112331390e-01,  2.565230355544e+01,  1.687553524971e-01
  1.481000006199e+00,  1.003762960434e+00,  2.564225182814e+01,  1.720841526985e-01
  1.491500005126e+00,  1.014257192612e+00,  2.563175759596e+01,  1.762688755989e-01
  1.502000004053e+00,  1.024747610092e+00,  2.562126717848e+01,  1.822360157967e-01
  1.512000009418e+00,  1.034812331200e+00,  2.561120245738e+01,  1.876403391361e-01
  1.521999999881e+00,  1.044925093651e+00,  2.560108969493e+01,  1.913415491581e-01
  1.532000005245e+00,  1.055034041405e+00,  2.559098074717e+01,  1.940888464451e-01
  1.542000010610e+00,  1.065085768700e+00,  2.558092901988e+01,  1.985787451267e-01
  1.552000001073e+00,  1.075114607811e+00,  2.557090018077e+01,  2.020968496799e-01
  1.562000006437e+00,  1.085143446922e+00,  2.556087134165e+01,  2.051514685154e-01
  1.572500005364e+00,  1.095641493797e+00,  2.555037329478e+01,  2.093276083469e-01
  1.583000004292e+00,  1.106059432030e+00,  2.553995535655e+01,  2.139195501804e-01
  1.593500003219e+00,  1.116420149803e+00,  2.552959463877e+01,  2.173050940037e-01
  1.604000002146e+00,  1.126719832420e+00,  2.551929495616e+01,  2.218650877476e-01
  1.614500001073e+00,  1.137126326561e+00,  2.550888846202e+01,  2.260307371616e-01
  1.624500006437e+00,  1.147200942039e+00,  2.549881384654e+01,  2.300187647343e-01
  1.634500011802e+00,  1.157332777977e+00,  2.548868201060e+01,  2.329799234867e-01
  1.644500002265e+00,  1.167388319969e+00,  2.547862646861e+01,  2.375537455082e-01
  1.654500007629e+00,  1.177394270897e+00,  2.546862051768e+01,  2.413398325443e-01
  1.665000006557e+00,  1.187846541405e+00,  2.545816824717e+01,  2.457620203495e-01
  1.675500005484e+00,  1.198195815086e+00,  2.544781897349e+01,  2.500869333744e-01
  1.686000004411e+00,  1.208590865135e+00,  2.543742392344e+01,  2.551490366459e-01
  1.696500003338e+00,  1.219066023827e+00,  2.542694876475e+01,  2.583278715611e-01
  1.707000002265e+00,  1.229541182518e+00,  2.541647360606e+01,  2.624057829380e-01
  1.717500001192e+00,  1.239989638329e+00,  2.540602515025e+01,  2.670692503452e-01
  1.728000000119e+00,  1.250407576561e+00,  2.539560721202e+01,  2.716521322727e-01
  1.738499999046e+00,  1.260829329491e+00,  2.538518545909e+01,  2.749399244785e-01
  1.749000012875e+00,  1.271315932274e+00,  2.537469885630e+01,  2.776383459568e-01
  1.759000003338e+00,  1.281367778778e+00,  2.536464700980e+01,  2.811093628407e-01
  1.769000008702e+00,  1.291438579559e+00,  2.535457620902e+01,  2.861552536488e-01
  1.778999999166e+00,  1.301551342010e+00,  2.534446344657e+01,  2.904610931873e-01
  1.789000004530e+00,  1.311603069305e+00,  2.533441171927e+01,  2.960067093372e-01
  1.799500003457e+00,  1.322062969208e+00,  2.532395181937e+01,  3.025822937489e-01
  1.810000002384e+00,  1.332461833954e+00,  2.531355295462e+01,  3.059215843678e-01
  1.820500001311e+00,  1.342769145966e+00,  2.530324564261e+01,  3.094511330128e-01
  1.831000000238e+00,  1.353021144867e+00,  2.529299364371e+01,  3.153839409351e-01
  1.841499999166e+00,  1.363461971283e+00,  2.528255281729e+01,  3.193846046925e-01
  1.851500004530e+00,  1.373574733734e+00,  2.527244005484e+01,  3.224792778492e-01
  1.861500009894e+00,  1.383744716644e+00,  2.526227007193e+01,  3.262934982777e-01
  1.871500000358e+00,  1.393880367279e+00,  2.525213442130e+01,  3.293397724628e-01
  1.881500005722e+00,  1.403924465179e+00,  2.524209032340e+01,  3.316166698933e-01
  1.892000004649e+00,  1.414300441742e+00,  2.523171434683e+01,  3.353646099567e-01
  1.902500003576e+00,  1.424630641937e+00,  2.522138414664e+01,  3.403523266315e-01
  1.913000002503e+00,  1.435090541840e+00,  2.521092424674e+01,  3.449957668781e-01
  1.923000007868e+00,  1.445184230804e+00,  2.520083055777e+01,  3.489783108234e-01
  1.933000013232e+00,  1.455274105072e+00,  2.519074068350e+01,  3.531248867512e-01
  1.943000003695e+00,  1.465306758881e+00,  2.518070802970e+01,  3.571484386921e-01
  1.953500002623e+00,  1.475717067719e+00,  2.517029772086e+01,  3.618490993977e-01
  1.964000001550e+00,  1.485963344574e+00,  2.516005144400e+01,  3.659565746784e-01
  1.974500000477e+00,  1.496213436127e+00,  2.514980135245e+01,  3.708212673664e-01
  1.984999999404e+00,  1.506608486176e+00,  2.513940630240e+01,  3.741743862629e-01
  1.995500013232e+00,  1.517110347748e+00,  2.512890444083e+01,  3.789322674274e-01
  2.005500003695e+00,  1.527150630951e+00,  2.511886415763e+01,  3.824479877949e-01
  2.015500009060e+00,  1.537225961685e+00,  2.510878882689e+01,  3.868376612663e-01
  2.026000007987e+00,  1.547712564468e+00,  2.509830222411e+01,  3.905674815178e-01
  2.036500006914e+00,  1.558092355728e+00,  2.508792243285e+01,  3.954855799675e-01
  2.047000005841e+00,  1.568411111832e+00,  2.507760367674e+01,  3.985945582390e-01
  2.057500004768e+00,  1.578674554825e+00,  2.506734023375e+01,  4.046790003777e-01
  2.068000003695e+00,  1.589102029800e+00,  2.505691275878e+01,  4.108015894890e-01
  2.078000009060e+00,  1.599283456802e+00,  2.504673133177e+01,  4.141256213188e-01
  2.087999999523e+00,  1.609571695328e+00,  2.503644309325e+01,  4.173752665520e-01
  2.098000004888e+00,  1.619810342789e+00,  2.502620444579e+01,  4.219858050346e-01
  2.108000010252e+00,  1.629934549332e+00,  2.501608023924e+01,  4.233181476593e-01
  2.118500009179e+00,  1.640356302261e+00,  2.500565848631e+01,  4.272902011871e-01
  2.129000008106e+00,  1.650627374649e+00,  2.499538741393e+01,  4.340393543243e-01
  2.139500007033e+00,  1.660976648331e+00,  2.498503814025e+01,  4.388477802277e-01
  2.149500012398e+00,  1.670986413956e+00,  2.497502837462e+01,  4.424841403961e-01
  2.159500002861e+00,  1.681106805801e+00,  2.496490798277e+01,  4.470250606537e-01
  2.169500008225e+00,  1.691265344620e+00,  2.495474944396e+01,  4.502775669098e-01
  2.179499998689e+00,  1.701366662979e+00,  2.494464812560e+01,  4.545547962189e-01
  2.189500004053e+00,  1.711391687393e+00,  2.493462310118e+01,  4.588100910187e-01
  2.200000002980e+00,  1.721828699112e+00,  2.492418608946e+01,  4.635450839996e-01
  2.210500001907e+00,  1.732132196426e+00,  2.491388259215e+01,  4.687006473541e-01
  2.221000000834e+00,  1.742376565933e+00,  2.490363822264e+01,  4.741184711456e-01
  2.231499999762e+00,  1.752733469009e+00,  2.489328131957e+01,  4.770071506500e-01
  2.241999998689e+00,  1.763204813004e+00,  2.488280997557e+01,  4.804050922394e-01
  2.252000004053e+00,  1.773283243179e+00,  2.487273154540e+01,  4.836723804474e-01
  2.262000009418e+00,  1.783410310745e+00,  2.486260447783e+01,  4.875234365463e-01
  2.271999999881e+00,  1.793465852737e+00,  2.485254893584e+01,  4.914497137070e-01
  2.282499998808e+00,  1.803872346878e+00,  2.484214244170e+01,  4.972909688950e-01
  2.293000012636e+00,  1.814206361771e+00,  2.483180842681e+01,  5.033267736435e-01
  2.303500011563e+00,  1.824616670609e+00,  2.482139811797e+01,  5.084222555161e-01
  2.313500002027e+00,  1.834676027298e+00,  2.481133876128e+01,  5.117105245590e-01
  2.323500007391e+00,  1.844792604446e+00,  2.480122218413e+01,  5.158351659775e-01
  2.333500012755e+00,  1.854832887650e+00,  2.479118190093e+01,  5.196460485458e-01
  2.344000011683e+00,  1.865258455276e+00,  2.478075633330e+01,  5.245078802109e-01
  2.354500010610e+00,  1.875645875931e+00,  2.477036891265e+01,  5.301259756088e-01
  2.365000009537e+00,  1.886105775833e+00,  2.475990901274e+01,  5.349172353745e-01
  2.375000000000e+00,  1.896188020706e+00,  2.474982676787e+01,  5.378965139389e-01
  2.385000005364e+00,  1.906293153763e+00,  2.473972163481e+01,  5.403445959091e-01
  2.395000010729e+00,  1.916344881058e+00,  2.472966990752e+01,  5.429743528366e-01
  2.405500009656e+00,  1.926743745804e+00,  2.471927104277e+01,  5.468343496323e-01
  2.416000008583e+00,  1.937022447586e+00,  2.470899234099e+01,  5.530961751938e-01
  2.426500007510e+00,  1.947318315506e+00,  2.469869647307e+01,  5.581153631210e-01
  2.437000006437e+00,  1.957785844803e+00,  2.468822894377e+01,  5.640243291855e-01
  2.447000011802e+00,  1.967875719070e+00,  2.467813906951e+01,  5.683463811874e-01
  2.457000002265e+00,  1.978030443192e+00,  2.466798434538e+01,  5.713380575180e-01
  2.467000007629e+00,  1.988055467606e+00,  2.465795932097e+01,  5.744613409042e-01
  2.477500006557e+00,  1.998439073563e+00,  2.464757571501e+01,  5.796369314194e-01
  2.488000005484e+00,  2.008698701859e+00,  2.463731608672e+01,  5.842641592026e-01
  2.498500004411e+00,  2.018910646439e+00,  2.462710414214e+01,  5.910085439682e-01
  2.509000003338e+00,  2.029287338257e+00,  2.461672745032e+01,  5.955324172974e-01
  2.519000008702e+00,  2.039422988892e+00,  2.460659179968e+01,  5.985054969788e-01
  2.528999999166e+00,  2.049608230591e+00,  2.459640655799e+01,  6.022973060608e-01
  2.539000004530e+00,  2.059793472290e+00,  2.458622131629e+01,  6.057286262512e-01
  2.549000009894e+00,  2.069864273071e+00,  2.457615051550e+01,  6.089344024658e-01
  2.559500008821e+00,  2.080240249634e+00,  2.456577453894e+01,  6.145668029785e-01
  2.570000007749e+00,  2.090539932251e+00,  2.455547485633e+01,  6.202621459961e-01
  2.580500006676e+00,  2.100912094116e+00,  2.454510269446e+01,  6.230360269547e-01
  2.591000005603e+00,  2.111330032349e+00,  2.453468475623e+01,  6.271330118179e-01
  2.601000010967e+00,  2.121347427368e+00,  2.452466736121e+01,  6.314970254898e-01
  2.611000001431e+00,  2.131452560425e+00,  2.451456222815e+01,  6.364322900772e-01
  2.621000006795e+00,  2.141614913940e+00,  2.450439987464e+01,  6.421180963516e-01
  2.631000012159e+00,  2.151811599731e+00,  2.449420318884e+01,  6.472126245499e-01
  2.641000002623e+00,  2.161989212036e+00,  2.448402557654e+01,  6.519571542740e-01
  2.651000007987e+00,  2.172060012817e+00,  2.447395477576e+01,  6.558691263199e-01
  2.661500006914e+00,  2.182455062866e+00,  2.446355972571e+01,  6.607338190079e-01
  2.672000005841e+00,  2.192794799805e+00,  2.445321998877e+01,  6.640340089798e-01
  2.682500004768e+00,  2.203174591064e+00,  2.444284019751e+01,  6.696711778641e-01
  2.692500010133e+00,  2.213191986084e+00,  2.443282280249e+01,  6.742469072342e-01
  2.702500000596e+00,  2.223316192627e+00,  2.442269859595e+01,  6.778274774551e-01
  2.712500005960e+00,  2.233409881592e+00,  2.441260490698e+01,  6.814285516739e-01
  2.723000004888e+00,  2.243858337402e+00,  2.440215645117e+01,  6.868921518326e-01
  2.733500003815e+00,  2.254215240479e+00,  2.439179954810e+01,  6.912142038345e-01
  2.744000002742e+00,  2.264579772949e+00,  2.438143501563e+01,  6.957041025162e-01
  2.754000008106e+00,  2.274600982666e+00,  2.437141380591e+01,  7.001520395279e-01
  2.764000013471e+00,  2.284735918045e+00,  2.436127887053e+01,  7.027554512024e-01
  2.774000003934e+00,  2.294898271561e+00,  2.435111651702e+01,  7.057299613953e-01
  2.784000009298e+00,  2.304995775223e+00,  2.434101901335e+01,  7.093014717102e-01
  2.794500008225e+00,  2.315451860428e+00,  2.433056292815e+01,  7.135157585144e-01
  2.805000007153e+00,  2.325797319412e+00,  2.432021746916e+01,  7.187390327454e-01
  2.815500006080e+00,  2.336261034012e+00,  2.430975375456e+01,  7.235665321350e-01
  2.825500011444e+00,  2.346381425858e+00,  2.429963336272e+01,  7.268199920654e-01
  2.835500001907e+00,  2.356566667557e+00,  2.428944812102e+01,  7.303981781006e-01
  2.845500007272e+00,  2.366778612137e+00,  2.427923617644e+01,  7.355718612671e-01
  2.855500012636e+00,  2.376986742020e+00,  2.426902804656e+01,  7.399368286133e-01
  2.865500003099e+00,  2.387122392654e+00,  2.425889239592e+01,  7.442626953125e-01
  2.875500008464e+00,  2.397242784500e+00,  2.424877200408e+01,  7.507934570313e-01
  2.885499998927e+00,  2.407473802567e+00,  2.423854098601e+01,  7.551879882813e-01
  2.895500004292e+00,  2.417750597000e+00,  2.422826419158e+01,  7.572256326675e-01
  2.905500009656e+00,  2.427893877029e+00,  2.421812091155e+01,  7.614523172379e-01
  2.915500000119e+00,  2.437911272049e+00,  2.420810351653e+01,  7.656418085098e-01
  2.925999999046e+00,  2.448266267776e+00,  2.419774852080e+01,  7.696682214737e-01
  2.936500012875e+00,  2.458453416824e+00,  2.418756137175e+01,  7.754007577896e-01
  2.947000011802e+00,  2.468692064285e+00,  2.417732272429e+01,  7.820831537247e-01
  2.957500010729e+00,  2.479117631912e+00,  2.416689715666e+01,  7.857767343521e-01
  2.967500001192e+00,  2.489119768143e+00,  2.415689502043e+01,  7.887579202652e-01
  2.978000000119e+00,  2.499541521072e+00,  2.414647326750e+01,  7.929130792618e-01
  2.988499999046e+00,  2.509909868240e+00,  2.413610492034e+01,  7.979809045792e-01
  2.999000012875e+00,  2.520240068436e+00,  2.412577472014e+01,  8.027287721634e-01
  3.009500011802e+00,  2.530637264252e+00,  2.411537752432e+01,  8.087633848190e-01
  3.019500002265e+00,  2.540723323822e+00,  2.410529146475e+01,  8.138169050217e-01
  3.029500007629e+00,  2.550904750824e+00,  2.409511003775e+01,  8.183640241623e-01
  3.039500012994e+00,  2.561036586761e+00,  2.408497820181e+01,  8.219794034958e-01
  3.050000011921e+00,  2.571488857269e+00,  2.407452593131e+01,  8.265970945358e-01
  3.060500010848e+00,  2.581723690033e+00,  2.406429109854e+01,  8.321655988693e-01
  3.071000009775e+00,  2.591872692108e+00,  2.405414209647e+01,  8.377789258957e-01
  3.081500008702e+00,  2.602239131927e+00,  2.404377565665e+01,  8.430603742599e-01
  3.091499999166e+00,  2.612355709076e+00,  2.403365907950e+01,  8.467272520065e-01
  3.101500004530e+00,  2.622647762299e+00,  2.402336702628e+01,  8.488105535507e-01
  3.111500009894e+00,  2.632928371429e+00,  2.401308641715e+01,  8.514252901077e-01
  3.121500000358e+00,  2.643067836761e+00,  2.400294695181e+01,  8.555785417557e-01
  3.131999999285e+00,  2.653542995453e+00,  2.399247179312e+01,  8.612586259842e-01
  3.142500013113e+00,  2.663957118988e+00,  2.398205766959e+01,  8.670607805252e-01
  3.153000012040e+00,  2.674439907074e+00,  2.397157488150e+01,  8.730927705765e-01
  3.163000002503e+00,  2.684556484222e+00,  2.396145830435e+01,  8.785582780838e-01
  3.173000007868e+00,  2.694768428802e+00,  2.395124635977e+01,  8.827039003372e-01
  3.183000013232e+00,  2.704968929291e+00,  2.394104585929e+01,  8.859640359879e-01
  3.193000003695e+00,  2.715066432953e+00,  2.393094835562e+01,  8.914123773575e-01
  3.203500002623e+00,  2.725533962250e+00,  2.392048082633e+01,  8.974806070328e-01
  3.214000001550e+00,  2.735967159271e+00,  2.391004762931e+01,  9.009748697281e-01
  3.224500000477e+00,  2.746434688568e+00,  2.389958010001e+01,  9.060417413712e-01
  3.234999999404e+00,  2.756925106049e+00,  2.388908968253e+01,  9.109255075455e-01
  3.245000004768e+00,  2.766946315765e+00,  2.387906847281e+01,  9.151250123978e-01
  3.255000010133e+00,  2.776975154877e+00,  2.386903963370e+01,  9.189664125443e-01
  3.265500009060e+00,  2.787446260452e+00,  2.385856852812e+01,  9.248601198196e-01
  3.276000007987e+00,  2.797856569290e+00,  2.384815821929e+01,  9.295197725296e-01
  3.286500006914e+00,  2.808316469193e+00,  2.383769831938e+01,  9.335247278214e-01
  3.297000005841e+00,  2.818806886673e+00,  2.382720790190e+01,  9.389797449112e-01
  3.307500004768e+00,  2.829308748245e+00,  2.381670604033e+01,  9.446321725845e-01
  3.317500010133e+00,  2.839379549026e+00,  2.380663523955e+01,  9.479261636734e-01
  3.327500000596e+00,  2.849454164505e+00,  2.379656062407e+01,  9.520899057388e-01
  3.337999999523e+00,  2.859921693802e+00,  2.378609309477e+01,  9.579778909683e-01
  3.348500013351e+00,  2.870396852493e+00,  2.377561793608e+01,  9.626661539078e-01
  3.358500003815e+00,  2.880448579788e+00,  2.376556620879e+01,  9.676481485367e-01
  3.368500009179e+00,  2.890542268753e+00,  2.375547251982e+01,  9.728704690933e-01
  3.378499999642e+00,  2.900647401810e+00,  2.374536738677e+01,  9.776312112808e-01
  3.388500005007e+00,  2.910691499710e+00,  2.373532328887e+01,  9.830051660538e-01
  3.398500010371e+00,  2.920716524124e+00,  2.372529826445e+01,  9.860969781876e-01
  3.409000009298e+00,  2.931191682816e+00,  2.371482310576e+01,  9.897156953812e-01
  3.419500008225e+00,  2.941579103470e+00,  2.370443568511e+01,  9.964858293533e-01
  3.430000007153e+00,  2.951913118362e+00,  2.369410167021e+01,  1.002354741096e+00
  3.440500006080e+00,  2.962201356888e+00,  2.368381343169e+01,  1.005396008492e+00
  3.451500013471e+00,  2.972554445267e+00,  2.367346034331e+01,  1.006709098816e+00
  3.464000001550e+00,  2.982924699783e+00,  2.366309008879e+01,  1.006701827049e+00
  3.480000004172e+00,  2.992993593216e+00,  2.365302119536e+01,  1.008184790611e+00
  3.489000007510e+00,  2.996843576431e+00,  2.364917121214e+01,  1.010958790779e+00
  3.589500010014e+00,  3.003677129745e+00,  2.364233765883e+01,  1.014182567596e+00
  3.690000012517e+00,  3.002838850021e+00,  2.364317593855e+01,  1.011441826820e+00
  3.790500000119e+00,  3.001947164536e+00,  2.364406762404e+01,  1.005833506584e+00
  3.890500009060e+00,  3.001260757446e+00,  2.364475403113e+01,  1.002900719643e+00
  3.991000011563e+00,  3.000763416290e+00,  2.364525137229e+01,  1.000795960426e+00
  4.091499999166e+00,  3.000403165817e+00,  2.364561162276e+01,  9.974213242531e-01
  4.191500008106e+00,  3.000226020813e+00,  2.364578876776e+01,  9.943788647652e-01
  4.292000010610e+00,  3.000134944916e+00,  2.364587984366e+01,  9.929366707802e-01
  4.392500013113e+00,  3.000044822693e+00,  2.364596996588e+01,  9.903254508972e-01
  4.493000000715e+00,  2.999958753586e+00,  2.364605603499e+01,  9.863603711128e-01
  4.593000009656e+00,  2.999926567078e+00,  2.364608822150e+01,  9.876296520233e-01
  4.693500012159e+00,  2.999959707260e+00,  2.364605508132e+01,  9.838792681694e-01
  4.793999999762e+00,  2.999968767166e+00,  2.364604602141e+01,  9.825195074081e-01
  4.894000008702e+00,  2.999962091446e+00,  2.364605269713e+01,  9.819886684418e-01
  4.994500011206e+00,  2.999963998795e+00,  2.364605078978e+01,  9.803079366684e-01
  5.094999998808e+00,  2.999967098236e+00,  2.364604769034e+01,  9.778698682785e-01
  5.195000007749e+00,  2.999954938889e+00,  2.364605984969e+01,  9.776316285133e-01
  5.295500010252e+00,  2.999975204468e+00,  2.364603958411e+01,  9.748628735542e-01
  5.396000012755e+00,  2.999973773956e+00,  2.364604101462e+01,  9.735798835754e-01
  5.496500000358e+00,  3.000014305115e+00,  2.364600048346e+01,  9.719852209091e-01
  5.596500009298e+00,  3.000020265579e+00,  2.364599452300e+01,  9.721585512161e-01
  5.697000011802e+00,  2.999994754791e+00,  2.364602003378e+01,  9.681050777435e-01
  5.797499999404e+00,  2.999990224838e+00,  2.364602456374e+01,  9.696618914604e-01
  5.897500008345e+00,  2.999989271164e+00,  2.364602551741e+01,  9.670802950859e-01
  5.997500002384e+00,  2.999975442886e+00,  2.364603934569e+01,  9.661043286324e-01
  6.097500011325e+00,  3.000016927719e+00,  2.364599786086e+01,  9.663156270981e-01
  6.197500005364e+00,  3.000010490417e+00,  2.364600429816e+01,  9.647904038429e-01
  6.297499999404e+00,  3.000003576279e+00,  2.364601121230e+01,  9.653449058533e-01
  6.397500008345e+00,  3.000017881393e+00,  2.364599690718e+01,  9.640414714813e-01
  6.497500002384e+00,  3.000010728836e+00,  2.364600405974e+01,  9.638975858688e-01
  6.597500011325e+00,  3.000013113022e+00,  2.364600167555e+01,  9.646583795547e-01
  6.697500005364e+00,  3.000002384186e+00,  2.364601240439e+01,  9.635525345802e-01
  6.797499999404e+00,  3.000009775162e+00,  2.364600501341e+01,  9.627004861832e-01
  6.897500008345e+00,  2.999996900558e+00,  2.364601788802e+01,  9.628029465675e-01
  6.997500002384e+00,  3.000003337860e+00,  2.364601145072e+01,  9.584867358208e-01
  7.097500011325e+00,  2.999989032745e+00,  2.364602575583e+01,  9.598013758659e-01
  7.197500005364e+00,  3.000021934509e+00,  2.364599285407e+01,  9.574079513550e-01
  7.297499999404e+00,  3.000002145767e+00,  2.364601264281e+01,  9.579562544823e-01
  7.397500008345e+00,  2.999989986420e+00,  2.364602480216e+01,  9.596273303032e-01
  7.497500002384e+00,  2.999969720840e+00,  2.364604506774e+01,  9.574350714684e-01
  7.597500011325e+00,  2.999994993210e+00,  2.364601979537e+01,  9.553048610687e-01
  7.697500005364e+00,  2.999993562698e+00,  2.364602122588e+01,  9.554572701454e-01
  7.797499999404e+00,  3.000011205673e+00,  2.364600358290e+01,  9.556816816330e-01
  7.897500008345e+00,  3.000005483627e+00,  2.364600930495e+01,  9.536392688751e-01
  7.997500002384e+00,  3.000020742416e+00,  2.364599404616e+01,  9.532878398895e-01
  8.097500011325e+00,  3.000022411346e+00,  2.364599237723e+01,  9.532690644264e-01
  8.197500005364e+00,  3.000010728836e+00,  2.364600405974e+01,  9.540446400642e-01
  8.297499999404e+00,  3.000014781952e+00,  2.364600000662e+01,  9.529803395271e-01
  8.397500008345e+00,  3.000037908554e+00,  2.364597688002e+01,  9.502328038216e-01
  8.497500002384e+00,  2.999995708466e+00,  2.364601908011e+01,  9.515849351883e-01
  8.597500011325e+00,  3.000007390976e+00,  2.364600739760e+01,  9.500669836998e-01
  8.697500005364e+00,  3.000011682510e+00,  2.364600310607e+01,  9.489940404892e-01
  8.797499999404e+00,  3.000006675720e+00,  2.364600811286e+01,  9.519262313843e-01
  8.897500008345e+00,  3.000021696091e+00,  2.364599309249e+01,  9.490218758583e-01
  8.997500002384e+00,  3.000004291534e+00,  2.364601049704e+01,  9.459031224251e-01
  9.097500011325e+00,  3.000002861023e+00,  2.364601192755e+01,  9.475016593933e-01
  9.197500005364e+00,  3.000011682510e+00,  2.364600310607e+01,  9.460599422455e-01
  9.297499999404e+00,  3.000025749207e+00,  2.364598903937e+01,  9.469999670982e-01
  9.397500008345e+00,  3.000035524368e+00,  2.364597926421e+01,  9.449075460434e-01
  9.497500002384e+00,  3.000036478043e+00,  2.364597831053e+01,  9.431469440460e-01
  9.597500011325e+00,  3.000014543533e+00,  2.364600024504e+01,  9.439358115196e-01
  9.697500005364e+00,  2.999986886978e+00,  2.364602790160e+01,  9.426215291023e-01
  9.797499999404e+00,  2.999976873398e+00,  2.364603791518e+01,  9.416449666023e-01
  9.897500008345e+00,  3.000014305115e+00,  2.364600048346e+01,  9.414757490158e-01
  9.997500002384e+00,  2.999981641769e+00,  2.364603314681e+01,  9.397748112679e-01
  1.009750001132e+01,  3.000000238419e+00,  2.364601455016e+01,  9.388095736504e-01
  1.019750000536e+01,  2.999990463257e+00,  2.364602432532e+01,  9.394998550415e-01
  1.029749999940e+01,  3.000022172928e+00,  2.364599261565e+01,  9.385488033295e-01
  1.039750000834e+01,  3.000013351440e+00,  2.364600143714e+01,  9.403464794159e-01
  1.049750000238e+01,  3.000011205673e+00,  2.364600358290e+01,  9.380453228951e-01
  1.059750001132e+01,  3.000011444092e+00,  2.364600334448e+01,  9.368352890015e-01
  1.069750000536e+01,  3.000010013580e+00,  2.364600477500e+01,  9.364491701126e-01
  1.079749999940e+01,  2.999985694885e+00,  2.364602909369e+01,  9.355030059814e-01
  1.089750000834e+01,  2.999996900558e+00,  2.364601788802e+01,  9.353698492050e-01
  1.099750000238e+01,  2.999993562698e+00,  2.364602122588e+01,  9.370861649513e-01
  1.109750001132e+01,  3.000020027161e+00,  2.364599476142e+01,  9.360921978951e-01
  1.119750000536e+01,  2.999990463257e+00,  2.364602432532e+01,  9.370931982994e-01
  1.129749999940e+01,  2.999990701675e+00,  2.364602408690e+01,  9.356259107590e-01
  1.139750000834e+01,  3.000009536743e+00,  2.364600525183e+01,  9.364295005798e-01
  1.149750000238e+01,  2.999996185303e+00,  2.364601860327e+01,  9.358440637589e-01
  1.159750001132e+01,  3.000011920929e+00,  2.364600286765e+01,  9.343895316124e-01
  1.169750000536e+01,  2.999966621399e+00,  2.364604816718e+01,  9.369354844093e-01
  1.179749999940e+01,  3.000005960464e+00,  2.364600882811e+01,  9.352564215660e-01
  1.189750000834e+01,  3.000003814697e+00,  2.364601097388e+01,  9.317797422409e-01
  1.199750000238e+01,  2.999996900558e+00,  2.364601788802e+01,  9.310144782066e-01
  1.209750001132e+01,  3.000020265579e+00,  2.364599452300e+01,  9.331615567207e-01
  1.219750000536e+01,  3.000011682510e+00,  2.364600310607e+01,  9.299987554550e-01
  1.229749999940e+01,  3.000017166138e+00,  2.364599762244e+01,  9.306616187096e-01
  1.239750000834e+01,  3.000009059906e+00,  2.364600572867e+01,  9.290514588356e-01
  1.249750000238e+01,  2.999993085861e+00,  2.364602170272e+01,  9.296165108681e-01
  1.259750001132e+01,  3.000010967255e+00,  2.364600382132e+01,  9.280677437782e-01
  1.269750000536e+01,  2.999996662140e+00,  2.364601812644e+01,  9.264706969261e-01
  1.279749999940e+01,  3.000025033951e+00,  2.364598975463e+01,  9.289272427559e-01
  1.289750000834e+01,  3.000010013580e+00,  2.364600477500e+01,  9.295397996902e-01
  1.299750000238e+01,  3.000020265579e+00,  2.364599452300e+01,  9.297037720680e-01
  1.309750001132e+01,  2.999991416931e+00,  2.364602337165e+01,  9.298580288887e-01
  1.319750000536e+01,  2.999982357025e+00,  2.364603243155e+01,  9.279052615166e-01
  1.329749999940e+01,  3.000005006790e+00,  2.364600978179e+01,  9.285711050034e-01
  1.339750000834e+01,  2.999998807907e+00,  2.364601598067e+01,  9.281101822853e-01
  1.349750000238e+01,  3.000011682510e+00,  2.364600310607e+01,  9.279604554176e-01
  1.359750001132e+01,  2.999993085861e+00,  2.364602170272e+01,  9.263359308243e-01
  1.360200001299e+01,  3.000000000000e+00,  2.364601478858e+01,  9.268528819084e-01
  1.360300000012e+01,  2.999998331070e+00,  2.364601645751e+01,  9.267905354500e-01
  1.360600000620e+01,  2.999999284744e+00,  2.364601550383e+01,  9.262593388557e-01
  1.370600000024e+01,  2.999972343445e+00,  2.364604244513e+01,  9.244787096977e-01
  1.379450000823e+01,  2.989885091782e+00,  2.365612969679e+01,  9.226243495941e-01
  1.381500001252e+01,  2.979714155197e+00,  2.366630063338e+01,  9.061162471771e-01
  1.382600000501e+01,  2.969326734543e+00,  2.367668805403e+01,  8.899458646774e-01
  1.383400000632e+01,  2.958611249924e+00,  2.368740353865e+01,  8.955181837082e-01
  1.384100000560e+01,  2.947941541672e+00,  2.369807324690e+01,  8.971922397614e-01
  1.384750001132e+01,  2.937474012375e+00,  2.370854077620e+01,  8.965252637863e-01
  1.385400000215e+01,  2.926697492599e+00,  2.371931729598e+01,  8.945702314377e-01
  1.386050000787e+01,  2.915871381760e+00,  2.373014340682e+01,  8.938881158829e-01
  1.386699999869e+01,  2.905342817307e+00,  2.374067197127e+01,  8.937404155731e-01
  1.387400001287e+01,  2.894856214523e+00,  2.375115857405e+01,  8.990747928619e-01
  1.388199999928e+01,  2.884506940842e+00,  2.376150784773e+01,  8.847277164459e-01
  1.389050000906e+01,  2.874447584152e+00,  2.377156720442e+01,  8.698923587799e-01
  1.389950001240e+01,  2.863899946213e+00,  2.378211484236e+01,  8.614885807037e-01
  1.390800000727e+01,  2.853848218918e+00,  2.379216656966e+01,  8.520395755768e-01
  1.391650000215e+01,  2.843300580978e+00,  2.380271420760e+01,  8.401491641998e-01
  1.392400000989e+01,  2.833119153976e+00,  2.381289563460e+01,  8.298799991608e-01
  1.393100000918e+01,  2.822746992111e+00,  2.382326779647e+01,  8.333032131195e-01
  1.393800000846e+01,  2.812206983566e+00,  2.383380780501e+01,  8.365228772163e-01
  1.394500000775e+01,  2.802075147629e+00,  2.384393964095e+01,  8.346703648567e-01
  1.395250000060e+01,  2.791886091232e+00,  2.385412869734e+01,  8.324654698372e-01
  1.396100001037e+01,  2.781395673752e+00,  2.386461911482e+01,  8.322790861130e-01
  1.397100000083e+01,  2.771097898483e+00,  2.387491689009e+01,  8.311297297478e-01
  1.398450000584e+01,  2.760809659958e+00,  2.388520512862e+01,  8.070842623711e-01
  1.399800001085e+01,  2.750628232956e+00,  2.389538655562e+01,  7.910472750664e-01
  1.400900000334e+01,  2.740616559982e+00,  2.390539822859e+01,  7.860166430473e-01
  1.401900000870e+01,  2.730263471603e+00,  2.391575131697e+01,  7.853100895882e-01
  1.402850000560e+01,  2.719910383224e+00,  2.392610440535e+01,  7.861310243607e-01
  1.403800000250e+01,  2.709690332413e+00,  2.393632445616e+01,  7.841699719429e-01
  1.404800000787e+01,  2.699486017227e+00,  2.394652877135e+01,  7.803190350533e-01
  1.405900000036e+01,  2.689026117325e+00,  2.395698867125e+01,  7.737043499947e-01
  1.407050000131e+01,  2.678610086441e+00,  2.396740470214e+01,  7.644193768501e-01
  1.408150000870e+01,  2.668590784073e+00,  2.397742400450e+01,  7.576549649239e-01
  1.409250000119e+01,  2.658220529556e+00,  2.398779425902e+01,  7.534516453743e-01
  1.410300000012e+01,  2.648044824600e+00,  2.399796996398e+01,  7.480376362801e-01
  1.411349999905e+01,  2.637672662735e+00,  2.400834212584e+01,  7.417796254158e-01
  1.412350000441e+01,  2.627517938614e+00,  2.401849684996e+01,  7.368853688240e-01
  1.413350000978e+01,  2.617073297501e+00,  2.402894149108e+01,  7.306416630745e-01
  1.414300000668e+01,  2.606853723526e+00,  2.403916106505e+01,  7.255347371101e-01
  1.415250000358e+01,  2.596454858780e+00,  2.404955992980e+01,  7.226814627647e-01
  1.416200000048e+01,  2.586101770401e+00,  2.405991301818e+01,  7.199806571007e-01
  1.417200000584e+01,  2.575611352921e+00,  2.407040343566e+01,  7.162308096886e-01
  1.418250000477e+01,  2.565176248550e+00,  2.408083854003e+01,  7.098659873009e-01
  1.419300000370e+01,  2.555116891861e+00,  2.409089789672e+01,  7.025722861290e-01
  1.420350000262e+01,  2.545046091080e+00,  2.410096869750e+01,  6.949285864830e-01
  1.421400000155e+01,  2.534742593765e+00,  2.411127219481e+01,  6.893534064293e-01
  1.422400000691e+01,  2.524713754654e+00,  2.412130103392e+01,  6.856045126915e-01
  1.423400001228e+01,  2.514627695084e+00,  2.413138709349e+01,  6.826624274254e-01
  1.424400000274e+01,  2.504625558853e+00,  2.414138922972e+01,  6.778578162193e-01
  1.425450000167e+01,  2.494226694107e+00,  2.415178809447e+01,  6.731685996056e-01
  1.426500000060e+01,  2.483801126480e+00,  2.416221366210e+01,  6.662315726280e-01
  1.427500000596e+01,  2.473737955093e+00,  2.417227683348e+01,  6.621183753014e-01
  1.428500001132e+01,  2.463547706604e+00,  2.418246708197e+01,  6.583204269409e-01
  1.429500000179e+01,  2.453358650208e+00,  2.419265613837e+01,  6.544227600098e-01
  1.430500000715e+01,  2.443264961243e+00,  2.420274982733e+01,  6.485404968262e-01
  1.431550000608e+01,  2.432839393616e+00,  2.421317539496e+01,  6.441822052002e-01
  1.432600000501e+01,  2.422474861145e+00,  2.422353992743e+01,  6.363906860352e-01
  1.433600001037e+01,  2.412446022034e+00,  2.423356876654e+01,  6.303319931030e-01
  1.434600000083e+01,  2.402215003967e+00,  2.424379978461e+01,  6.271042823792e-01
  1.435600000620e+01,  2.391972541809e+00,  2.425404224677e+01,  6.237263679504e-01
  1.436600001156e+01,  2.381806373596e+00,  2.426420841498e+01,  6.196331977844e-01
  1.437650001049e+01,  2.371331214905e+00,  2.427468357367e+01,  6.160626411438e-01
  1.438700000942e+01,  2.361073493958e+00,  2.428494129462e+01,  6.099619865417e-01
  1.439750000834e+01,  2.350842475891e+00,  2.429517231269e+01,  6.030287742615e-01
  1.440800000727e+01,  2.340449333191e+00,  2.430556545539e+01,  5.982289314270e-01
  1.441850000620e+01,  2.329966545105e+00,  2.431604824347e+01,  5.933527946472e-01
  1.442900000513e+01,  2.319472312927e+00,  2.432654247565e+01,  5.870833396912e-01
  1.443900001049e+01,  2.309462547302e+00,  2.433655224127e+01,  5.834164619446e-01
  1.444950000942e+01,  2.299006462097e+00,  2.434700832648e+01,  5.782713890076e-01
  1.446000000834e+01,  2.288641929626e+00,  2.435737285895e+01,  5.723071098328e-01
  1.447050000727e+01,  2.278246879578e+00,  2.436776790900e+01,  5.678229331970e-01
  1.448100000620e+01,  2.267798423767e+00,  2.437821636481e+01,  5.647399425507e-01
  1.449150000513e+01,  2.257411003113e+00,  2.438860378546e+01,  5.614650249481e-01
  1.450200000405e+01,  2.247078895569e+00,  2.439893589301e+01,  5.566446781158e-01
  1.451250000298e+01,  2.236798286438e+00,  2.440921650214e+01,  5.490334033966e-01
  1.452300000191e+01,  2.226510047913e+00,  2.441950474066e+01,  5.419304370880e-01
  1.453350000083e+01,  2.216141462326e+00,  2.442987332625e+01,  5.358929038048e-01
  1.454350000620e+01,  2.206101179123e+00,  2.443991360945e+01,  5.320743918419e-01
  1.455350001156e+01,  2.195976972580e+00,  2.445003781600e+01,  5.282153487206e-01
  1.456350000203e+01,  2.185875654221e+00,  2.446013913436e+01,  5.254892706871e-01
  1.457350000739e+01,  2.175797224045e+00,  2.447021756453e+01,  5.222830176353e-01
  1.458350001276e+01,  2.165776014328e+00,  2.448023877425e+01,  5.189213156700e-01
  1.459400001168e+01,  2.155304670334e+00,  2.449071011824e+01,  5.121063590050e-01
  1.460450001061e+01,  2.144840955734e+00,  2.450117383284e+01,  5.071730017662e-01
  1.461500000954e+01,  2.134396314621e+00,  2.451161847396e+01,  5.025171637535e-01
  1.462550000846e+01,  2.123947858810e+00,  2.452206692977e+01,  4.962324500084e-01
  1.463549999893e+01,  2.113934278488e+00,  2.453208051009e+01,  4.920963644981e-01
  1.464550000429e+01,  2.103886365891e+00,  2.454212842269e+01,  4.882859587669e-01
  1.465550000966e+01,  2.093804121017e+00,  2.455221066756e+01,  4.844941496849e-01
  1.466550000012e+01,  2.083660840988e+00,  2.456235394759e+01,  4.799384474754e-01
  1.467550000548e+01,  2.073559522629e+00,  2.457245526595e+01,  4.763697981834e-01
  1.468550001085e+01,  2.063557386398e+00,  2.458245740218e+01,  4.717091917992e-01
  1.469600000978e+01,  2.053189039230e+00,  2.459282574935e+01,  4.669589400291e-01
  1.470650000870e+01,  2.042927503586e+00,  2.460308728499e+01,  4.623278975487e-01
  1.471700000763e+01,  2.032589673996e+00,  2.461342511458e+01,  4.572791457176e-01
  1.472700001299e+01,  2.022495985031e+00,  2.462351880355e+01,  4.529027342796e-01
  1.473700000346e+01,  2.012364149094e+00,  2.463365063948e+01,  4.485964179039e-01
  1.474700000882e+01,  2.002354383469e+00,  2.464366040511e+01,  4.430040717125e-01
  1.475750000775e+01,  1.991898417473e+00,  2.465411637110e+01,  4.391159415245e-01
  1.476800000668e+01,  1.981530070305e+00,  2.466448471827e+01,  4.361214041710e-01
  1.477850000560e+01,  1.971217036247e+00,  2.467479775233e+01,  4.306654334068e-01
  1.478900000453e+01,  1.960747718811e+00,  2.468526706977e+01,  4.274338483810e-01
  1.479900000989e+01,  1.950596809387e+00,  2.469541797919e+01,  4.228123426437e-01
  1.480900000036e+01,  1.940377235413e+00,  2.470563755316e+01,  4.179428815842e-01
  1.481900000572e+01,  1.930260658264e+00,  2.471575413031e+01,  4.139841794968e-01
  1.482950000465e+01,  1.919922828674e+00,  2.472609195990e+01,  4.101828336716e-01
  1.484000000358e+01,  1.909756660461e+00,  2.473625812811e+01,  4.034622907639e-01
  1.485050000250e+01,  1.899447441101e+00,  2.474656734748e+01,  3.990086317062e-01
  1.486050000787e+01,  1.889353752136e+00,  2.475666103644e+01,  3.954499959946e-01
  1.487050001323e+01,  1.879057884216e+00,  2.476695690436e+01,  3.926166296005e-01
  1.488050000370e+01,  1.868670463562e+00,  2.477734432501e+01,  3.879140615463e-01
  1.489050000906e+01,  1.858321189880e+00,  2.478769359870e+01,  3.844512701035e-01
  1.490049999952e+01,  1.848227500916e+00,  2.479778728766e+01,  3.808234930038e-01
  1.491100001335e+01,  1.837904930115e+00,  2.480810985846e+01,  3.746818304062e-01
  1.492150001228e+01,  1.827652931213e+00,  2.481836185736e+01,  3.689578771591e-01
  1.493200001121e+01,  1.817166328430e+00,  2.482884846015e+01,  3.637517690659e-01
  1.494200000167e+01,  1.806920051575e+00,  2.483909473700e+01,  3.587297201157e-01
  1.495200000703e+01,  1.796498298645e+00,  2.484951648993e+01,  3.567250967026e-01
  1.496200001240e+01,  1.786149024963e+00,  2.485986576361e+01,  3.528131246567e-01
  1.497200000286e+01,  1.775952339172e+00,  2.487006244940e+01,  3.484090566635e-01
  1.498250000179e+01,  1.765492439270e+00,  2.488052234931e+01,  3.428777456284e-01
  1.499300000072e+01,  1.755204200745e+00,  2.489081058783e+01,  3.375610113144e-01
  1.500349999964e+01,  1.744891166687e+00,  2.490112362189e+01,  3.321918249130e-01
  1.501350000501e+01,  1.734881401062e+00,  2.491113338751e+01,  3.293575048447e-01
  1.502350001037e+01,  1.724764823914e+00,  2.492124996466e+01,  3.255676031113e-01
  1.503350000083e+01,  1.714628934860e+00,  2.493138585372e+01,  3.228767514229e-01
  1.504350000620e+01,  1.704600095749e+00,  2.494141469283e+01,  3.198764920235e-01
  1.505400000513e+01,  1.694227933884e+00,  2.495178685469e+01,  3.139312863350e-01
  1.506450000405e+01,  1.683893918991e+00,  2.496212086959e+01,  3.090341687202e-01
  1.507500000298e+01,  1.673491239548e+00,  2.497252354903e+01,  3.049758076668e-01
  1.508550000191e+01,  1.663023710251e+00,  2.498299107833e+01,  3.002036213875e-01
  1.509550000727e+01,  1.652987241745e+00,  2.499302754683e+01,  2.951529622078e-01
  1.510550001264e+01,  1.642893552780e+00,  2.500312123580e+01,  2.914884686470e-01
  1.511550000310e+01,  1.632742643356e+00,  2.501327214522e+01,  2.886997759342e-01
  1.512550000846e+01,  1.622660398483e+00,  2.502335439009e+01,  2.859300673008e-01
  1.513600000739e+01,  1.612280607224e+00,  2.503373418135e+01,  2.822121679783e-01
  1.514650000632e+01,  1.602040052414e+00,  2.504397473616e+01,  2.777222692966e-01
  1.515700000525e+01,  1.591795682907e+00,  2.505421910567e+01,  2.721299231052e-01
  1.516750000417e+01,  1.581446409225e+00,  2.506456837935e+01,  2.666110098362e-01
  1.517750000954e+01,  1.571402311325e+00,  2.507461247725e+01,  2.634715139866e-01
  1.518750000000e+01,  1.561251401901e+00,  2.508476338667e+01,  2.603830397129e-01
  1.519750000536e+01,  1.551008939743e+00,  2.509500584883e+01,  2.573379576206e-01
  1.520750001073e+01,  1.540770292282e+00,  2.510524449629e+01,  2.540458738804e-01
  1.521750000119e+01,  1.530653715134e+00,  2.511536107344e+01,  2.499469667673e-01
  1.522800000012e+01,  1.520174741745e+00,  2.512584004683e+01,  2.436202913523e-01
  1.523800000548e+01,  1.510161161423e+00,  2.513585362715e+01,  2.388500124216e-01
  1.524800001085e+01,  1.500159025192e+00,  2.514585576338e+01,  2.361393123865e-01
  1.525850000978e+01,  1.489725828171e+00,  2.515628896041e+01,  2.306013256311e-01
  1.526850000024e+01,  1.479723691940e+00,  2.516629109664e+01,  2.247171550989e-01
  1.527850000560e+01,  1.469496488571e+00,  2.517651830001e+01,  2.215867191553e-01
  1.528850001097e+01,  1.459203243256e+00,  2.518681154532e+01,  2.190178781748e-01
  1.529850000143e+01,  1.448949337006e+00,  2.519706545157e+01,  2.148817926645e-01
  1.530850000679e+01,  1.438767910004e+00,  2.520724687857e+01,  2.113036066294e-01
  1.531850001216e+01,  1.428678035736e+00,  2.521733675284e+01,  2.082346826792e-01
  1.532900001109e+01,  1.418210506439e+00,  2.522780428214e+01,  2.031706720591e-01
  1.533900000155e+01,  1.408204555511e+00,  2.523781023306e+01,  1.998428255320e-01
  1.534900000691e+01,  1.398202419281e+00,  2.524781236930e+01,  1.963991075754e-01
  1.535950000584e+01,  1.387761592865e+00,  2.525825319571e+01,  1.921867281199e-01
  1.537000000477e+01,  1.377400875092e+00,  2.526861391348e+01,  1.876434236765e-01
  1.538050000370e+01,  1.367040157318e+00,  2.527897463126e+01,  1.817172914743e-01
  1.539100000262e+01,  1.356587886810e+00,  2.528942690177e+01,  1.770185381174e-01
  1.540100000799e+01,  1.346524715424e+00,  2.529949007315e+01,  1.742593199015e-01
  1.541100001335e+01,  1.336503505707e+00,  2.530951128287e+01,  1.720818430185e-01
  1.542150001228e+01,  1.326089382172e+00,  2.531992540640e+01,  1.695386469364e-01
  1.543200001121e+01,  1.315818309784e+00,  2.533019647879e+01,  1.647903025150e-01
  1.544250001013e+01,  1.305507183075e+00,  2.534050760550e+01,  1.587993204594e-01
  1.545250000060e+01,  1.295421123505e+00,  2.535059366507e+01,  1.543294489384e-01
  1.546250000596e+01,  1.285201549530e+00,  2.536081323905e+01,  1.517397463322e-01
  1.547250001132e+01,  1.274997234344e+00,  2.537101755423e+01,  1.485952436924e-01
  1.548250000179e+01,  1.264930248260e+00,  2.538108454032e+01,  1.462027132511e-01
  1.549300000072e+01,  1.254577159882e+00,  2.539143762869e+01,  1.423684656620e-01
  1.550349999964e+01,  1.244418621063e+00,  2.540159616751e+01,  1.367246210575e-01
  1.551400001347e+01,  1.234138011932e+00,  2.541187677664e+01,  1.313716471195e-01
  1.552400000393e+01,  1.224078655243e+00,  2.542193613333e+01,  1.277333796024e-01
  1.553400000930e+01,  1.213778734207e+00,  2.543223605437e+01,  1.251488924026e-01
  1.554399999976e+01,  1.203440904617e+00,  2.544257388396e+01,  1.219898387790e-01
  1.555400000513e+01,  1.193209886551e+00,  2.545280490203e+01,  1.195217296481e-01
  1.556400001049e+01,  1.183161973953e+00,  2.546285281462e+01,  1.155821010470e-01
  1.557450000942e+01,  1.172736406326e+00,  2.547327838225e+01,  1.101547405124e-01
  1.558500000834e+01,  1.162295579910e+00,  2.548371920867e+01,  1.047559902072e-01
  1.559499999881e+01,  1.152171373367e+00,  2.549384341521e+01,  1.018434688449e-01
  1.560500000417e+01,  1.141978502274e+00,  2.550403628630e+01,  9.832393378019e-02
  1.561500000954e+01,  1.131774187088e+00,  2.551424060149e+01,  9.494506567717e-02
  1.562500000000e+01,  1.121661424637e+00,  2.552435336394e+01,  9.197103232145e-02
  1.563549999893e+01,  1.111182451248e+00,  2.553483233733e+01,  8.806239813566e-02
  1.564600001276e+01,  1.100810289383e+00,  2.554520449919e+01,  8.254443854094e-02
  1.565650001168e+01,  1.090422868729e+00,  2.555559191985e+01,  7.731258124113e-02
  1.566700001061e+01,  1.079978227615e+00,  2.556603656096e+01,  7.310687750578e-02
  1.567700000107e+01,  1.069957017899e+00,  2.557605777068e+01,  7.025300711393e-02
  1.568750000000e+01,  1.059489488602e+00,  2.558652529997e+01,  6.745540350676e-02
  1.569799999893e+01,  1.049206972122e+00,  2.559680781645e+01,  6.307613104582e-02
  1.570850001276e+01,  1.038958787918e+00,  2.560705600066e+01,  5.896913260221e-02
  1.571900001168e+01,  1.028657197952e+00,  2.561735759062e+01,  5.383168905973e-02
  1.572950001061e+01,  1.018326997757e+00,  2.562768779082e+01,  4.971372336149e-02
  1.574000000954e+01,  1.007951021194e+00,  2.563806376738e+01,  4.528104513884e-02
  1.575050000846e+01,  9.975751042366e-01,  2.564843968434e+01,  4.079782217741e-02
  1.576100000739e+01,  9.872029423714e-01,  2.565881184620e+01,  3.821384161711e-02
  1.577150000632e+01,  9.767773747444e-01,  2.566923741383e+01,  3.562008589506e-02
  1.578200000525e+01,  9.662869572639e-01,  2.567972783131e+01,  3.145539015532e-02
  1.579200001061e+01,  9.561972022057e-01,  2.568981758637e+01,  2.712346054614e-02
  1.580200000107e+01,  9.460424780846e-01,  2.569997231049e+01,  2.499462105334e-02
  1.581200000644e+01,  9.358839392662e-01,  2.571013084931e+01,  2.020812965930e-02
  1.582200001180e+01,  9.258207678795e-01,  2.572019402070e+01,  1.670289970934e-02
  1.583250001073e+01,  9.153952002525e-01,  2.573061958832e+01,  1.415897253901e-02
  1.584300000966e+01,  9.051145911217e-01,  2.574090019745e+01,  1.167989615351e-02
  1.585350000858e+01,  8.948416113853e-01,  2.575117317719e+01,  7.018336094916e-03
  1.586400000751e+01,  8.845037817955e-01,  2.576151100678e+01,  6.830777856521e-04
  1.587400001287e+01,  8.744978308678e-01,  2.577151695771e+01, -4.764310084283e-03
  1.588400000334e+01,  8.643240332603e-01,  2.578169075532e+01, -8.235207758844e-03
  1.589400000870e+01,  8.539556860924e-01,  2.579205910248e+01, -1.032023783773e-02
  1.590399999917e+01,  8.436636328697e-01,  2.580235115571e+01, -1.087429281324e-02
  1.591400000453e+01,  8.336271643639e-01,  2.581238762421e+01, -1.329781766981e-02
  1.592450000346e+01,  8.233198523521e-01,  2.582269493622e+01, -1.926591061056e-02
  1.593500000238e+01,  8.130087256432e-01,  2.583300606293e+01, -2.552392147481e-02
  1.594550000131e+01,  8.026022315025e-01,  2.584341255707e+01, -3.085114620626e-02
  1.595550000668e+01,  7.924856543541e-01,  2.585352913422e+01, -3.567387908697e-02
  1.596550001204e+01,  7.822393774986e-01,  2.586377541108e+01, -3.615020960569e-02
  1.597550000250e+01,  7.720617651939e-01,  2.587395302338e+01, -3.706636652350e-02
  1.598600000143e+01,  7.616094946861e-01,  2.588440529389e+01, -4.062834009528e-02
  1.599650000036e+01,  7.513346076012e-01,  2.589468018098e+01, -4.545107111335e-02
  1.600699999928e+01,  7.410387396812e-01,  2.590497604889e+01, -5.074777826667e-02
  1.601750001311e+01,  7.305788397789e-01,  2.591543594880e+01, -5.497064813972e-02
  1.602750000358e+01,  7.205194830894e-01,  2.592549530549e+01, -5.788489803672e-02
  1.603750000894e+01,  7.104472517967e-01,  2.593556753678e+01, -5.918447673321e-02
  1.604800000787e+01,  6.999606490135e-01,  2.594605413956e+01, -6.213943660259e-02
  1.605850000679e+01,  6.895732283592e-01,  2.595644156022e+01, -6.574241816998e-02
  1.606900000572e+01,  6.792392134666e-01,  2.596677557511e+01, -6.950943171978e-02
  1.607950000465e+01,  6.688861250877e-01,  2.597712866349e+01, -7.361213862896e-02
  1.609000000358e+01,  6.585597395897e-01,  2.598745504899e+01, -7.946579158306e-02
  1.610050000250e+01,  6.481761336327e-01,  2.599783865494e+01, -8.291856944561e-02
  1.611100000143e+01,  6.377658247948e-01,  2.600824896378e+01, -8.427766710520e-02
  1.612150000036e+01,  6.273555159569e-01,  2.601865927262e+01, -8.658961206675e-02
  1.613199999928e+01,  6.169146895409e-01,  2.602910009904e+01, -9.188250452280e-02
  1.614200000465e+01,  6.069011092186e-01,  2.603911367936e+01, -9.520319849253e-02
  1.615200001001e+01,  5.968684554100e-01,  2.604914633317e+01, -9.911993891001e-02
  1.616250000894e+01,  5.863856673241e-01,  2.605962912125e+01, -1.044614687562e-01
  1.617300000787e+01,  5.758838057518e-01,  2.607013098282e+01, -1.084950342774e-01
  1.618300001323e+01,  5.657977461815e-01,  2.608021704239e+01, -1.106217280030e-01
  1.619300000370e+01,  5.556659102440e-01,  2.609034887833e+01, -1.143529787660e-01
  1.620300000906e+01,  5.455378890038e-01,  2.610047689957e+01, -1.183154955506e-01
  1.621299999952e+01,  5.353946089745e-01,  2.611062017960e+01, -1.225860491395e-01
  1.622300000489e+01,  5.252971053123e-01,  2.612071768326e+01, -1.260889023542e-01
  1.623300001025e+01,  5.152606368065e-01,  2.613075415177e+01, -1.291716545820e-01
  1.624350000918e+01,  5.048045516014e-01,  2.614121023697e+01, -1.321127861738e-01
  1.625400000811e+01,  4.944247603416e-01,  2.615159002823e+01, -1.344767063856e-01
  1.626450000703e+01,  4.840411543846e-01,  2.616197363419e+01, -1.392698734999e-01
  1.627450001240e+01,  4.739817976952e-01,  2.617203299088e+01, -1.423359364271e-01
  1.628450001776e+01,  4.638912975788e-01,  2.618212349100e+01, -1.461177766323e-01
  1.629450000823e+01,  4.537976086140e-01,  2.619221717996e+01, -1.494689881802e-01
  1.630449999869e+01,  4.437306225300e-01,  2.620228416605e+01, -1.541591584682e-01
  1.631450000405e+01,  4.337017834187e-01,  2.621231300516e+01, -1.556010246277e-01
  1.632500000298e+01,  4.233563244343e-01,  2.622265846414e+01, -1.591944694519e-01
  1.633550000191e+01,  4.130413830280e-01,  2.623297340555e+01, -1.633267402649e-01
  1.634600000083e+01,  4.026387035847e-01,  2.624337608499e+01, -1.672768592834e-01
  1.635649999976e+01,  3.921711742878e-01,  2.625384361429e+01, -1.688284873962e-01
  1.636699999869e+01,  3.816922008991e-01,  2.626432258768e+01, -1.716794967651e-01
  1.637750001252e+01,  3.712475597858e-01,  2.627476722879e+01, -1.751794815063e-01
  1.638800001144e+01,  3.608792126179e-01,  2.628513557596e+01, -1.773319244385e-01
  1.639850001037e+01,  3.506119549274e-01,  2.629540283365e+01, -1.816000938416e-01
  1.640900000930e+01,  3.402531445026e-01,  2.630576164407e+01, -1.869444847107e-01
  1.641899999976e+01,  3.301937878132e-01,  2.631582100076e+01, -1.904063224792e-01
  1.642900000513e+01,  3.200581371784e-01,  2.632595665140e+01, -1.936988830566e-01
  1.643900001049e+01,  3.098805248737e-01,  2.633613426370e+01, -1.979446411133e-01
  1.644900000095e+01,  2.996990978718e-01,  2.634631569070e+01, -2.018899917603e-01
  1.645900000632e+01,  2.895787060261e-01,  2.635643608255e+01, -2.029095590115e-01
  1.646950000525e+01,  2.791836559772e-01,  2.636683113260e+01, -2.066298425198e-01
  1.648000000417e+01,  2.688629925251e-01,  2.637715179605e+01, -2.106400430202e-01
  1.649050000310e+01,  2.585022747517e-01,  2.638751251382e+01, -2.156735360622e-01
  1.650100000203e+01,  2.480156868696e-01,  2.639799910171e+01, -2.176667153835e-01
  1.651150000095e+01,  2.375557869673e-01,  2.640845900161e+01, -2.225295007229e-01
  1.652150000632e+01,  2.274735420942e-01,  2.641854124648e+01, -2.247364223003e-01
  1.653150001168e+01,  2.173378914595e-01,  2.642867689712e+01, -2.273127734661e-01
  1.654150000215e+01,  2.072130292654e-01,  2.643880175931e+01, -2.283675372601e-01
  1.655200000107e+01,  1.967149823904e-01,  2.644929980619e+01, -2.337777316570e-01
  1.656250000000e+01,  1.862856000662e-01,  2.645972918851e+01, -2.373592555523e-01
  1.657299999893e+01,  1.759592145681e-01,  2.647005557401e+01, -2.418358027935e-01
  1.658350001276e+01,  1.656175702810e-01,  2.648039721830e+01, -2.453314960003e-01
  1.659400001168e+01,  1.551538556814e-01,  2.649086093289e+01, -2.473565787077e-01
  1.660400000215e+01,  1.451135724783e-01,  2.650090121610e+01, -2.484482377768e-01
  1.661400000751e+01,  1.350542157888e-01,  2.651096057279e+01, -2.513405084610e-01
  1.662400001287e+01,  1.250177472830e-01,  2.652099704129e+01, -2.549167871475e-01
  1.663400000334e+01,  1.150118038058e-01,  2.653100298477e+01, -2.586041688919e-01
  1.664450000226e+01,  1.045480892062e-01,  2.654146669937e+01, -2.641936540604e-01
  1.665450000763e+01,  9.451162070036e-02,  2.655150316788e+01, -2.668925523758e-01
  1.666450001299e+01,  8.440648764372e-02,  2.656160830093e+01, -2.693766355515e-01
  1.667450000346e+01,  7.426702231169e-02,  2.657174776626e+01, -2.711081504822e-01
  1.668450000882e+01,  6.419622153044e-02,  2.658181856705e+01, -2.748141288757e-01
  1.669449999928e+01,  5.414830520749e-02,  2.659186648337e+01, -2.776169776917e-01
  1.670450000465e+01,  4.411183670163e-02,  2.660190295187e+01, -2.821574211121e-01
  1.671450001001e+01,  3.408681228757e-02,  2.661192797629e+01, -2.856392860413e-01
  1.672500000894e+01,  2.359258010983e-02,  2.662242220847e+01, -2.892804145813e-01
  1.673550000787e+01,  1.314412429929e-02,  2.663287066428e+01, -2.907612919807e-01
  1.674600000679e+01,  2.878774190322e-03,  2.664313601439e+01, -2.944739460945e-01
  1.675650000572e+01, -7.386576384306e-03,  2.665340136496e+01, -2.992079854012e-01
  1.676700000465e+01, -1.788843795657e-02,  2.666390322653e+01, -3.028810620308e-01
  1.677700001001e+01, -2.814234420657e-02,  2.667415713278e+01, -3.058908581734e-01
  1.678700000048e+01, -3.844381868839e-02,  2.668445860726e+01, -3.085519671440e-01
  1.679700000584e+01, -4.865957796574e-02,  2.669467436654e+01, -3.096785545349e-01
  1.680750000477e+01, -5.909658968449e-02,  2.670511137826e+01, -3.127734661102e-01
  1.681800000370e+01, -6.921507418156e-02,  2.671522986276e+01, -3.180634975433e-01
  1.682850000262e+01, -7.931639254093e-02,  2.672533118112e+01, -3.236358165741e-01
  1.683900000155e+01, -8.974577486515e-02,  2.673576056344e+01, -3.277566432953e-01
  1.684900000691e+01, -9.989668428898e-02,  2.674591147287e+01, -3.301870822906e-01
  1.685900001228e+01, -1.101048141718e-01,  2.675611960275e+01, -3.310613930225e-01
  1.686900000274e+01, -1.202137619257e-01,  2.676622855050e+01, -3.326290249825e-01
  1.687950000167e+01, -1.306355148554e-01,  2.677665030343e+01, -3.365991711617e-01
  1.689000000060e+01, -1.410458236933e-01,  2.678706061227e+01, -3.407476544380e-01
  1.690000000596e+01, -1.510861068964e-01,  2.679710089547e+01, -3.439417481422e-01
  1.691000001132e+01, -1.611836105585e-01,  2.680719839913e+01, -3.465743660927e-01
  1.692000000179e+01, -1.712429672480e-01,  2.681725775582e+01, -3.496695160866e-01
  1.693000000715e+01, -1.812603622675e-01,  2.682727515084e+01, -3.510636687279e-01
  1.694050000608e+01, -1.916859298944e-01,  2.683770071847e+01, -3.538349270821e-01
  1.695100000501e+01, -2.021267563105e-01,  2.684814154489e+01, -3.568734526634e-01
  1.696100001037e+01, -2.121899276972e-01,  2.685820471627e+01, -3.603815436363e-01
  1.697100000083e+01, -2.223751693964e-01,  2.686838995797e+01, -3.632752895355e-01
  1.698100000620e+01, -2.325146347284e-01,  2.687852942330e+01, -3.670728206635e-01
  1.699100001156e+01, -2.425396591425e-01,  2.688855444772e+01, -3.700783252716e-01
  1.700100000203e+01, -2.525532543659e-01,  2.689856804294e+01, -3.739550113678e-01
  1.701100000739e+01, -2.626889050007e-01,  2.690870369358e+01, -3.745497763157e-01
  1.702100001276e+01, -2.728283703327e-01,  2.691884315891e+01, -3.762737810612e-01
  1.703100000322e+01, -2.829144299030e-01,  2.692892921848e+01, -3.789221346378e-01
  1.704150000215e+01, -2.934071123600e-01,  2.693942190094e+01, -3.836216628551e-01
  1.705200000107e+01, -3.038097918034e-01,  2.694982458038e+01, -3.867361247540e-01
  1.706250000000e+01, -3.141418993473e-01,  2.696015668792e+01, -3.919927775860e-01
  1.707299999893e+01, -3.245979845524e-01,  2.697061277313e+01, -3.946559131145e-01
  1.708300000429e+01, -3.346954882145e-01,  2.698071027679e+01, -3.961828649044e-01
  1.709300000966e+01, -3.448463976383e-01,  2.699086118621e+01, -3.963057994843e-01
  1.710300000012e+01, -3.548676073551e-01,  2.700088239593e+01, -3.996798992157e-01
  1.711349999905e+01, -3.652550280094e-01,  2.701126981659e+01, -4.041488170624e-01
  1.712400001287e+01, -3.756004869938e-01,  2.702161527557e+01, -4.084222316742e-01
  1.713450001180e+01, -3.860222399235e-01,  2.703203702850e+01, -4.130513668060e-01
  1.714450000226e+01, -3.961273729801e-01,  2.704214216156e+01, -4.149979948997e-01
  1.715450000763e+01, -4.063087999821e-01,  2.705232358856e+01, -4.157592356205e-01
  1.716450001299e+01, -4.163948595524e-01,  2.706240964813e+01, -4.168446958065e-01
  1.717500001192e+01, -4.267441332340e-01,  2.707275892181e+01, -4.188884794712e-01
  1.718550001085e+01, -4.369350969791e-01,  2.708294988556e+01, -4.231418669224e-01
  1.719600000978e+01, -4.471546709538e-01,  2.709316945953e+01, -4.293703138828e-01
  1.720650000870e+01, -4.576031267643e-01,  2.710361791534e+01, -4.330390989780e-01
  1.721649999917e+01, -4.678112566471e-01,  2.711382604522e+01, -4.348300993443e-01
  1.722650000453e+01, -4.782291948795e-01,  2.712424398346e+01, -4.352988004684e-01
  1.723650000989e+01, -4.885441362858e-01,  2.713455892486e+01, -4.351637065411e-01
  1.724650000036e+01, -4.985653460026e-01,  2.714458013458e+01, -4.372954368591e-01
  1.725699999928e+01, -5.088135600090e-01,  2.715482834859e+01, -4.405946731567e-01
  1.726750001311e+01, -5.190178751945e-01,  2.716503266377e+01, -4.463491439819e-01
  1.727800001204e+01, -5.294739603996e-01,  2.717548874898e+01, -4.498882293701e-01
  1.728800000250e+01, -5.396856069565e-01,  2.718570039553e+01, -4.510788321495e-01
  1.729800000787e+01, -5.499547719955e-01,  2.719596956057e+01, -4.530655741692e-01
  1.730800001323e+01, -5.602048635483e-01,  2.720621965212e+01, -4.553291201591e-01
  1.731800000370e+01, -5.703595876694e-01,  2.721637437625e+01, -4.568368792534e-01
  1.732850000262e+01, -5.808233022690e-01,  2.722683809085e+01, -4.605748057365e-01
  1.733900000155e+01, -5.912145376205e-01,  2.723722932620e+01, -4.633015394211e-01
  1.734950000048e+01, -6.016706228256e-01,  2.724768541140e+01, -4.653199911118e-01
  1.735950000584e+01, -6.117528676987e-01,  2.725776765627e+01, -4.669229090214e-01
  1.736950001121e+01, -6.218923330307e-01,  2.726790712161e+01, -4.687563478947e-01
  1.737950000167e+01, -6.319745779037e-01,  2.727798936648e+01, -4.707356989384e-01
  1.739000000060e+01, -6.424154043198e-01,  2.728843019290e+01, -4.754811823368e-01
  1.740049999952e+01, -6.528066396713e-01,  2.729882142825e+01, -4.789594709873e-01
  1.741100001335e+01, -6.631063222885e-01,  2.730912111086e+01, -4.813182651997e-01
  1.742150001228e+01, -6.733907461166e-01,  2.731940553469e+01, -4.834161102772e-01
  1.743200001121e+01, -6.838544607162e-01,  2.732986924929e+01, -4.839164018631e-01
  1.744200000167e+01, -6.938718557358e-01,  2.733988664431e+01, -4.844366312027e-01
  1.745200000703e+01, -7.038778066635e-01,  2.734989259524e+01, -4.870082139969e-01
  1.746200001240e+01, -7.139257192612e-01,  2.735994050784e+01, -4.888085126877e-01
  1.747250001132e+01, -7.243932485580e-01,  2.737040803713e+01, -4.914950132370e-01
  1.748300001025e+01, -7.347501516342e-01,  2.738076494021e+01, -4.958332777023e-01
  1.749350000918e+01, -7.451909780502e-01,  2.739120576663e+01, -4.977885484695e-01
  1.750349999964e+01, -7.552388906479e-01,  2.740125367922e+01, -4.987635612488e-01
  1.751350000501e+01, -7.653440237045e-01,  2.741135881228e+01, -5.008583068848e-01
  1.752350001037e+01, -7.755140066147e-01,  2.742152879519e+01, -5.018100738525e-01
  1.753350000083e+01, -7.856496572495e-01,  2.743166444583e+01, -5.036584138870e-01
  1.754350000620e+01, -7.957004308701e-01,  2.744171521945e+01, -5.059214234352e-01
  1.755400000513e+01, -8.061794042587e-01,  2.745219419283e+01, -5.085898041725e-01
  1.756450000405e+01, -8.165973424911e-01,  2.746261213107e+01, -5.100961327553e-01
  1.757500000298e+01, -8.270381689072e-01,  2.747305295748e+01, -5.128489136696e-01
  1.758500000834e+01, -8.370975255966e-01,  2.748311231417e+01, -5.129760503769e-01
  1.759499999881e+01, -8.472064733505e-01,  2.749322126193e+01, -5.149170160294e-01
  1.760500000417e+01, -8.573383092880e-01,  2.750335309786e+01, -5.150351524353e-01
  1.761500000954e+01, -8.674892187119e-01,  2.751350400729e+01, -5.167002081871e-01
  1.762500000000e+01, -8.776477575302e-01,  2.752366254611e+01, -5.170873403549e-01
  1.763500000536e+01, -8.877147436142e-01,  2.753372953219e+01, -5.187033414841e-01
  1.764550000429e+01, -8.982051610947e-01,  2.754421994967e+01, -5.201137065887e-01
  1.765600000322e+01, -9.085773229599e-01,  2.755459211154e+01, -5.231635570526e-01
  1.766650000215e+01, -9.189151525497e-01,  2.756492994113e+01, -5.245189666748e-01
  1.767700000107e+01, -9.292014837265e-01,  2.757521627230e+01, -5.270414352417e-01
  1.768750000000e+01, -9.395202398300e-01,  2.758553502841e+01, -5.276716351509e-01
  1.769799999893e+01, -9.499496221542e-01,  2.759596441073e+01, -5.288460850716e-01
  1.770850001276e+01, -9.603599309921e-01,  2.760637471957e+01, -5.284361243248e-01
  1.771900001168e+01, -9.703925848007e-01,  2.761640737338e+01, -5.253855586052e-01
  1.773100000620e+01, -9.806522130966e-01,  2.762666700167e+01, -5.215961337090e-01
  1.774650000036e+01, -9.908794164658e-01,  2.763689420504e+01, -5.180976986885e-01
  1.776300001144e+01, -9.974988698959e-01,  2.764351365847e+01, -5.168122649193e-01
  1.776400001347e+01, -9.977725744247e-01,  2.764378736300e+01, -5.169402956963e-01
  1.777199999988e+01, -9.995216131210e-01,  2.764553640170e+01, -5.165470242500e-01
  1.777500000596e+01, -1.000020384789e+00,  2.764603517336e+01, -5.165463089943e-01
  1.801700000465e+01, -1.002188086510e+00,  2.764820287509e+01, -7.109390944242e-02
  1.801800000668e+01, -1.002182006836e+00,  2.764819679541e+01, -6.758438795805e-02
