           Test time,     Standard travel,     Tool separation,      Standard force
                 0.0,                 0.0,  2.452655707660e+01, -9.187825024128e-03
                 0.0,                 0.0,  2.452655589196e+01, -9.103186428547e-03
                 0.0,                 0.0,  2.452655367914e+01, -9.006209671497e-03
                 0.0,                 0.0,  2.452656130853e+01, -8.773632347584e-03
                 0.0,                 0.0,  2.452656333509e+01, -8.873768150806e-03
                 0.0,                 0.0,  2.462062671448e+01, -7.929063402116e-03
  0.000000000000e+00,  0.000000000000e+00,  2.462062160291e+01, -7.982260547578e-03
  8.000001311302e-03, -1.346250064671e-05,  2.462063506541e+01, -7.678753696382e-03
  1.099999248981e-02, -9.701820090413e-06,  2.462063130473e+01, -7.667100988328e-03
  1.299999654293e-02, -1.523387618363e-05,  2.462063683678e+01, -7.447279058397e-03
  1.399999856949e-02, -1.841899938881e-05,  2.462064002191e+01, -7.344282232225e-03
  1.145000010729e-01, -4.578236712405e-06,  2.462062618115e+01, -5.698951892555e-03
  2.149999886751e-01,  5.484470875672e-06,  2.462061611844e+01, -6.160367280245e-03
  3.149999976158e-01, -1.851728302427e-05,  2.462064012019e+01, -6.797421723604e-03
  4.155000001192e-01, -7.902070137789e-06,  2.462062950498e+01, -5.769219249487e-03
  5.159999877214e-01,  1.279613061342e-04,  2.462049364160e+01, -7.581232115626e-03
  5.909999907017e-01,  1.020556967705e-02,  2.461041603323e+01, -1.058982918039e-03
  6.089999973774e-01,  2.027541585267e-02,  2.460034618706e+01,  1.881749741733e-02
  6.189999878407e-01,  3.047019429505e-02,  2.459015140861e+01,  2.813012711704e-02
  6.269999891520e-01,  4.107505455613e-02,  2.457954654835e+01,  2.510459534824e-02
  6.339999884367e-01,  5.138236656785e-02,  2.456923923634e+01,  2.611258439720e-02
  6.404999941587e-01,  6.143409386277e-02,  2.455918750905e+01,  2.946474961936e-02
  6.469999998808e-01,  7.172232866287e-02,  2.454889927425e+01,  3.270342573524e-02
  6.534999907017e-01,  8.193427324295e-02,  2.453868732967e+01,  3.446471318603e-02
  6.604999899864e-01,  9.250098466873e-02,  2.452812061824e+01,  4.116332158446e-02
  6.679999977350e-01,  1.031706929207e-01,  2.451745090999e+01,  5.441748723388e-02
  6.754999905825e-01,  1.136344075203e-01,  2.450698719539e+01,  6.984031200409e-02
  6.829999983311e-01,  1.242926716805e-01,  2.449632893123e+01,  8.255851268768e-02
  6.899999976158e-01,  1.345961689949e-01,  2.448602543391e+01,  9.184730052948e-02
  6.969999969006e-01,  1.451514363289e-01,  2.447547016658e+01,  9.681212902069e-02
  7.039999961853e-01,  1.555808186531e-01,  2.446504078426e+01,  1.025437116623e-01
  7.114999890327e-01,  1.661971211433e-01,  2.445442448177e+01,  1.043876409531e-01
  7.199999988079e-01,  1.767295002937e-01,  2.444389210261e+01,  1.119962930679e-01
  7.299999892712e-01,  1.870196461678e-01,  2.443360195674e+01,  1.284185647964e-01
  7.414999902248e-01,  1.970294117928e-01,  2.442359219112e+01,  1.441351175308e-01
  7.544999867678e-01,  2.074301838875e-01,  2.441319141902e+01,  1.658598184586e-01
  7.659999877214e-01,  2.175257802010e-01,  2.440309582271e+01,  1.798063516617e-01
  7.764999866486e-01,  2.276862263680e-01,  2.439293537654e+01,  1.893755197525e-01
  7.864999920130e-01,  2.378256917000e-01,  2.438279591121e+01,  1.997057199478e-01
  7.964999973774e-01,  2.480605244637e-01,  2.437256107845e+01,  2.109800577164e-01
  8.064999878407e-01,  2.581961750984e-01,  2.436242542781e+01,  2.240644693375e-01
  8.169999867678e-01,  2.686713337898e-01,  2.435195026912e+01,  2.388921976089e-01
  8.275000005960e-01,  2.791121602058e-01,  2.434150944270e+01,  2.550207376480e-01
  8.374999910593e-01,  2.893331050873e-01,  2.433128849782e+01,  2.700296342373e-01
  8.469999879599e-01,  2.993810176849e-01,  2.432124058522e+01,  2.816682755947e-01
  8.564999997616e-01,  3.095548152924e-01,  2.431106678762e+01,  2.940698564053e-01
  8.659999966621e-01,  3.196790218353e-01,  2.430094258107e+01,  3.052049577236e-01
  8.759999871254e-01,  3.301427364349e-01,  2.429047886647e+01,  3.195634782314e-01
  8.859999924898e-01,  3.403584957123e-01,  2.428026310720e+01,  3.334489762783e-01
  8.964999914169e-01,  3.507382869720e-01,  2.426988331594e+01,  3.494172990322e-01
  9.069999903440e-01,  3.610093593597e-01,  2.425961224355e+01,  3.660760819912e-01
  9.174999892712e-01,  3.714768886566e-01,  2.424914471425e+01,  3.818880021572e-01
  9.274999946356e-01,  3.816239833832e-01,  2.423899761953e+01,  3.946405351162e-01
  9.375000000000e-01,  3.917939662933e-01,  2.422882763662e+01,  4.082551896572e-01
  9.474999904633e-01,  4.018456935883e-01,  2.421877590932e+01,  4.221979081631e-01
  9.579999893904e-01,  4.122483730316e-01,  2.420837322988e+01,  4.379640519619e-01
  9.684999883175e-01,  4.225671291351e-01,  2.419805447377e+01,  4.534097611904e-01
  9.789999872446e-01,  4.329087734222e-01,  2.418771282949e+01,  4.678255021572e-01
  9.895000010729e-01,  4.433457851410e-01,  2.417727581777e+01,  4.820505082607e-01
  9.994999915361e-01,  4.533746242523e-01,  2.416724697866e+01,  4.960199296474e-01
  1.009999990463e+00,  4.638421535492e-01,  2.415677944936e+01,  5.099245309830e-01
  1.020499989390e+00,  4.741876125336e-01,  2.414643399038e+01,  5.257250070572e-01
  1.030999988317e+00,  4.845368862152e-01,  2.413608471669e+01,  5.439249277115e-01
  1.041499987245e+00,  4.950425624847e-01,  2.412557904042e+01,  5.596834421158e-01
  1.051499992609e+00,  5.052278041840e-01,  2.411539379872e+01,  5.739732980728e-01
  1.061499997973e+00,  5.154969692230e-01,  2.410512463369e+01,  5.887056589127e-01
  1.071499988437e+00,  5.256860256195e-01,  2.409493557729e+01,  6.029726266861e-01
  1.081499993801e+00,  5.357055068016e-01,  2.408491609611e+01,  6.179764866829e-01
  1.091999992728e+00,  5.460242629051e-01,  2.407459734000e+01,  6.357339024544e-01
  1.102499991655e+00,  5.561694502831e-01,  2.406445215263e+01,  6.525872349739e-01
  1.112999990582e+00,  5.664290785789e-01,  2.405419252433e+01,  6.690819859505e-01
  1.123499989510e+00,  5.768660902977e-01,  2.404375551261e+01,  6.844895482063e-01
  1.133499994874e+00,  5.869254469872e-01,  2.403369615592e+01,  6.982415318489e-01
  1.143500000238e+00,  5.970725417137e-01,  2.402354906120e+01,  7.127984166145e-01
  1.153499990702e+00,  6.072615981102e-01,  2.401336000480e+01,  7.287476658821e-01
  1.163499996066e+00,  6.174468398094e-01,  2.400317476310e+01,  7.437356114388e-01
  1.173499986529e+00,  6.275672316551e-01,  2.399305437125e+01,  7.595627903938e-01
  1.183499991894e+00,  6.375808119774e-01,  2.398304079093e+01,  7.769120335579e-01
  1.193499997258e+00,  6.476554274559e-01,  2.397296617545e+01,  7.932999730110e-01
  1.203499987721e+00,  6.578368544579e-01,  2.396278474845e+01,  8.087151646614e-01
  1.213499993086e+00,  6.679610610008e-01,  2.395266054191e+01,  8.242943882942e-01
  1.223499998450e+00,  6.779860854149e-01,  2.394263551749e+01,  8.406479954720e-01
  1.233499988914e+00,  6.879958510399e-01,  2.393262575187e+01,  8.567002415657e-01
  1.243999987841e+00,  6.983756422997e-01,  2.392224596061e+01,  8.735116124153e-01
  1.254499986768e+00,  7.086905837059e-01,  2.391193101920e+01,  8.908799290657e-01
  1.265000000596e+00,  7.190951704979e-01,  2.390152643241e+01,  9.086907505989e-01
  1.274999991059e+00,  7.291545271873e-01,  2.389146707572e+01,  9.242814183235e-01
  1.284999996424e+00,  7.392558455467e-01,  2.388136575736e+01,  9.401925206184e-01
  1.294999986887e+00,  7.493533492088e-01,  2.387126825370e+01,  9.566300511360e-01
  1.304999992251e+00,  7.594088912010e-01,  2.386121271171e+01,  9.725831151009e-01
  1.315499991179e+00,  7.698649764061e-01,  2.385075662650e+01,  9.900620579720e-01
  1.325999990106e+00,  7.803134322166e-01,  2.384030817069e+01,  1.006923079491e+00
  1.336499989033e+00,  7.907912135124e-01,  2.382983038940e+01,  1.023396730423e+00
  1.346499994397e+00,  8.008314967155e-01,  2.381979010619e+01,  1.039429903030e+00
  1.356499999762e+00,  8.109022974968e-01,  2.380971930541e+01,  1.055333375931e+00
  1.366499990225e+00,  8.209769129753e-01,  2.379964468993e+01,  1.070424318314e+00
  1.376499995589e+00,  8.309981226921e-01,  2.378962348022e+01,  1.086438417435e+00
  1.386999994516e+00,  8.414923548698e-01,  2.377912924804e+01,  1.102822542191e+00
  1.397499993443e+00,  8.519255518913e-01,  2.376869605102e+01,  1.119576692581e+00
  1.407999992371e+00,  8.624197840691e-01,  2.375820181884e+01,  1.137181520462e+00
  1.417999997735e+00,  8.725287318230e-01,  2.374809287109e+01,  1.154072999954e+00
  1.427999988198e+00,  8.826834559441e-01,  2.373793814696e+01,  1.170029878616e+00
  1.437999993563e+00,  8.927924036980e-01,  2.372782919921e+01,  1.186562776566e+00
  1.448499992490e+00,  9.032866358757e-01,  2.371733496703e+01,  1.203973054886e+00
  1.458999991417e+00,  9.136702418327e-01,  2.370695136108e+01,  1.220944643021e+00
  1.469499990344e+00,  9.239718317986e-01,  2.369664977111e+01,  1.240132570267e+00
  1.479999989271e+00,  9.343935847282e-01,  2.368622801818e+01,  1.257836580276e+00
  1.489999994636e+00,  9.444682002068e-01,  2.367615340270e+01,  1.274682283401e+00
  1.500000000000e+00,  9.546076655388e-01,  2.366601393737e+01,  1.290486574173e+00
  1.510499998927e+00,  9.650751948357e-01,  2.365554640807e+01,  1.305581331253e+00
  1.521499991417e+00,  9.753062129021e-01,  2.364531539001e+01,  1.319131135941e+00
  1.534499987960e+00,  9.855563044548e-01,  2.363506529845e+01,  1.332469224930e+00
  1.552999988198e+00,  9.956166148186e-01,  2.362500498809e+01,  1.347571611404e+00
  1.557999998331e+00,  9.973837733269e-01,  2.362323782958e+01,  1.351351976395e+00
  1.658500000834e+00,  1.003896713257e+00,  2.361672488965e+01,  1.362147450447e+00
  1.758999988437e+00,  1.003102183342e+00,  2.361751941957e+01,  1.354198217392e+00
  1.858999997377e+00,  1.002175569534e+00,  2.361844603337e+01,  1.345982789993e+00
  1.959499999881e+00,  1.001463055611e+00,  2.361915854730e+01,  1.342036128044e+00
  2.059999987483e+00,  1.000948071480e+00,  2.361967353143e+01,  1.335187196732e+00
  2.159999996424e+00,  1.000541329384e+00,  2.362008027352e+01,  1.331514477730e+00
  2.260499998927e+00,  1.000342369080e+00,  2.362027923383e+01,  1.329574704170e+00
  2.360999986529e+00,  1.000197768211e+00,  2.362042383470e+01,  1.323280215263e+00
  2.460999995470e+00,  1.000101566315e+00,  2.362052003659e+01,  1.320570588112e+00
  2.561499997973e+00,  1.000066876411e+00,  2.362055472650e+01,  1.318456649780e+00
  2.662000000477e+00,  1.000008583069e+00,  2.362061301984e+01,  1.319014668465e+00
  2.762499988079e+00,  1.000029802322e+00,  2.362059180059e+01,  1.314791679382e+00
  2.862499997020e+00,  1.000012993813e+00,  2.362060860910e+01,  1.312297344208e+00
  2.962999999523e+00,  1.000001668930e+00,  2.362061993398e+01,  1.311484694481e+00
  3.063499987125e+00,  9.999840259552e-01,  2.362063757695e+01,  1.308511495590e+00
  3.163499996066e+00,  1.000012040138e+00,  2.362060956277e+01,  1.305353641510e+00
  3.263999998569e+00,  9.999974966049e-01,  2.362062410630e+01,  1.304653048515e+00
  3.364500001073e+00,  9.999981522560e-01,  2.362062345065e+01,  1.301423072815e+00
  3.464999988675e+00,  1.000006198883e+00,  2.362061540403e+01,  1.298381328583e+00
  3.564999997616e+00,  9.999836087227e-01,  2.362063799419e+01,  1.299216747284e+00
  3.665500000119e+00,  1.000007987022e+00,  2.362061361589e+01,  1.297704458237e+00
  3.765999987721e+00,  1.000008821487e+00,  2.362061278142e+01,  1.293647289276e+00
  3.865999996662e+00,  1.000018835068e+00,  2.362060276784e+01,  1.293491601944e+00
  3.966499999166e+00,  1.000008702278e+00,  2.362061290063e+01,  1.291240215302e+00
  4.066999986768e+00,  1.000001072884e+00,  2.362062053003e+01,  1.289833784103e+00
  4.166999995708e+00,  1.000026941299e+00,  2.362059466161e+01,  1.289873838425e+00
  4.267499998212e+00,  1.000015139580e+00,  2.362060646333e+01,  1.287991762161e+00
  4.368000000715e+00,  9.999989271164e-01,  2.362062267579e+01,  1.287028670311e+00
  4.468499988317e+00,  1.000021100044e+00,  2.362060050286e+01,  1.286100029945e+00
  4.568499997258e+00,  1.000019431114e+00,  2.362060217179e+01,  1.282815456390e+00
  4.668999999762e+00,  1.000018954277e+00,  2.362060264863e+01,  1.281713366508e+00
  4.769499987364e+00,  1.000009655952e+00,  2.362061194696e+01,  1.281823158264e+00
  4.869499996305e+00,  9.999942183495e-01,  2.362062738456e+01,  1.280658602715e+00
  4.969999998808e+00,  1.000009059906e+00,  2.362061254300e+01,  1.278475046158e+00
  5.070500001311e+00,  1.000016450882e+00,  2.362060515203e+01,  1.277539372444e+00
  5.170999988914e+00,  9.999976754189e-01,  2.362062392749e+01,  1.276901841164e+00
  5.270999997854e+00,  1.000015258789e+00,  2.362060634412e+01,  1.277449131012e+00
  5.371500000358e+00,  9.999990463257e-01,  2.362062255658e+01,  1.273579597473e+00
  5.471999987960e+00,  1.000023365021e+00,  2.362059823789e+01,  1.273600578308e+00
  5.571999996901e+00,  1.000010490417e+00,  2.362061111249e+01,  1.272699832916e+00
  5.672499999404e+00,  1.000000357628e+00,  2.362062124528e+01,  1.273644924164e+00
  5.772999987006e+00,  9.999897480011e-01,  2.362063185491e+01,  1.272021651268e+00
  5.872999995947e+00,  1.000013351440e+00,  2.362060825147e+01,  1.271386265755e+00
  5.972999989986e+00,  1.000024914742e+00,  2.362059668817e+01,  1.273383855820e+00
  6.072999998927e+00,  1.000011682510e+00,  2.362060992040e+01,  1.268303155899e+00
  6.172999992967e+00,  9.999928474426e-01,  2.362062875547e+01,  1.267103314400e+00
  6.272999987006e+00,  1.000021815300e+00,  2.362059978761e+01,  1.267991542816e+00
  6.372999995947e+00,  1.000000953674e+00,  2.362062064923e+01,  1.267252802849e+00
  6.472999989986e+00,  1.000014781952e+00,  2.362060682096e+01,  1.268155336380e+00
  6.572999998927e+00,  9.999986290932e-01,  2.362062297382e+01,  1.264605998993e+00
  6.672999992967e+00,  1.000015974045e+00,  2.362060562886e+01,  1.262448191643e+00
  6.772999987006e+00,  1.000015139580e+00,  2.362060646333e+01,  1.264347434044e+00
  6.872999995947e+00,  1.000012159348e+00,  2.362060944356e+01,  1.264428019524e+00
  6.972999989986e+00,  9.999966621399e-01,  2.362062494077e+01,  1.261694312096e+00
  7.072999998927e+00,  1.000007748604e+00,  2.362061385430e+01,  1.260348916054e+00
  7.172999992967e+00,  9.999815225601e-01,  2.362064008035e+01,  1.261600255966e+00
  7.272999987006e+00,  1.000005602837e+00,  2.362061600007e+01,  1.258440136909e+00
  7.372999995947e+00,  9.999977946281e-01,  2.362062380828e+01,  1.259487271309e+00
  7.472999989986e+00,  9.999948143959e-01,  2.362062678851e+01,  1.258442878723e+00
  7.572999998927e+00,  9.999976754189e-01,  2.362062392749e+01,  1.259751439095e+00
  7.672999992967e+00,  9.999894499779e-01,  2.362063215293e+01,  1.256177902222e+00
  7.772999987006e+00,  9.999824166298e-01,  2.362063918628e+01,  1.256211042404e+00
  7.872999995947e+00,  9.999996423721e-01,  2.362062196054e+01,  1.255537152290e+00
  7.972999989986e+00,  1.000008225441e+00,  2.362061337747e+01,  1.254229545593e+00
  8.072999998927e+00,  1.000015139580e+00,  2.362060646333e+01,  1.255278587341e+00
  8.172999992967e+00,  1.000003576279e+00,  2.362061802663e+01,  1.253518700600e+00
  8.272999987006e+00,  1.000020623207e+00,  2.362060097970e+01,  1.252375364304e+00
  8.372999995947e+00,  1.000020027161e+00,  2.362060157575e+01,  1.252290844917e+00
  8.472999989986e+00,  1.000005841255e+00,  2.362061576165e+01,  1.253354549408e+00
  8.572999998927e+00,  9.999817013741e-01,  2.362063990153e+01,  1.251224517822e+00
  8.672999992967e+00,  1.000003814697e+00,  2.362061778821e+01,  1.251879453659e+00
  8.772999987006e+00,  9.999876618385e-01,  2.362063394107e+01,  1.250744581223e+00
  8.872999995947e+00,  1.000006675720e+00,  2.362061492719e+01,  1.247786402702e+00
  8.972999989986e+00,  9.999967813492e-01,  2.362062482156e+01,  1.249907135963e+00
  9.072999998927e+00,  1.000011801720e+00,  2.362060980119e+01,  1.246809124947e+00
  9.172999992967e+00,  1.000014066696e+00,  2.362060753621e+01,  1.249677181244e+00
  9.272999987006e+00,  1.000003457069e+00,  2.362061814584e+01,  1.247732281685e+00
  9.372999995947e+00,  1.000033259392e+00,  2.362058834352e+01,  1.248760938644e+00
  9.472999989986e+00,  9.999967813492e-01,  2.362062482156e+01,  1.247785210609e+00
  9.572999998927e+00,  9.999876618385e-01,  2.362063394107e+01,  1.245822310448e+00
  9.672999992967e+00,  1.000018954277e+00,  2.362060264863e+01,  1.246145367622e+00
  9.772999987006e+00,  1.000001072884e+00,  2.362062053003e+01,  1.244484543800e+00
  9.872999995947e+00,  1.000034213066e+00,  2.362058738984e+01,  1.244174003601e+00
  9.972999989986e+00,  1.000004649162e+00,  2.362061695375e+01,  1.242741465569e+00
  1.007299999893e+01,  1.000002503395e+00,  2.362061909951e+01,  1.245844125748e+00
  1.017299999297e+01,  1.000018000603e+00,  2.362060360231e+01,  1.241514921188e+00
  1.027299998701e+01,  1.000027418137e+00,  2.362059418477e+01,  1.242719292641e+00
  1.037299999595e+01,  1.000015735626e+00,  2.362060586728e+01,  1.241498470306e+00
  1.047299998999e+01,  1.000005841255e+00,  2.362061576165e+01,  1.241461634636e+00
  1.057299999893e+01,  1.000023961067e+00,  2.362059764184e+01,  1.239766359329e+00
  1.067299999297e+01,  1.000001192093e+00,  2.362062041082e+01,  1.240861177444e+00
  1.077299998701e+01,  1.000007510185e+00,  2.362061409272e+01,  1.242080688477e+00
  1.087299999595e+01,  9.999939799309e-01,  2.362062762298e+01,  1.239403128624e+00
  1.097299998999e+01,  9.999873638153e-01,  2.362063423909e+01,  1.243336081505e+00
  1.107299999893e+01,  1.000007748604e+00,  2.362061385430e+01,  1.241334676743e+00
  1.117299999297e+01,  9.999845623970e-01,  2.362063704051e+01,  1.238549232483e+00
  1.127299998701e+01,  1.000006556511e+00,  2.362061504640e+01,  1.240401744843e+00
  1.137299999595e+01,  1.000011205673e+00,  2.362061039724e+01,  1.236276626587e+00
  1.147299998999e+01,  1.000014662743e+00,  2.362060694017e+01,  1.236570000648e+00
  1.157299999893e+01,  1.000021815300e+00,  2.362059978761e+01,  1.235700130463e+00
  1.167299999297e+01,  1.000010609627e+00,  2.362061099328e+01,  1.236335396767e+00
  1.177299998701e+01,  1.000002622604e+00,  2.362061898030e+01,  1.234856724739e+00
  1.187299999595e+01,  9.999954700470e-01,  2.362062613286e+01,  1.233771681786e+00
  1.197299998999e+01,  1.000016808510e+00,  2.362060479440e+01,  1.234542727470e+00
  1.207299999893e+01,  1.000009775162e+00,  2.362061182775e+01,  1.233790397644e+00
  1.217299999297e+01,  1.000015020370e+00,  2.362060658254e+01,  1.234297990799e+00
  1.227299998701e+01,  1.000006437302e+00,  2.362061516561e+01,  1.232266426086e+00
  1.237299999595e+01,  1.000015258789e+00,  2.362060634412e+01,  1.233271718025e+00
  1.247299998999e+01,  1.000009536743e+00,  2.362061206617e+01,  1.234556436539e+00
  1.257299999893e+01,  1.000003576279e+00,  2.362061802663e+01,  1.235072612762e+00
  1.267299999297e+01,  1.000011801720e+00,  2.362060980119e+01,  1.232522368431e+00
  1.277299998701e+01,  1.000030994415e+00,  2.362059060849e+01,  1.232680797577e+00
  1.287299999595e+01,  9.999821186066e-01,  2.362063948430e+01,  1.233106970787e+00
  1.297299998999e+01,  9.999859333038e-01,  2.362063566960e+01,  1.230287313461e+00
  1.307299999893e+01,  9.999747872353e-01,  2.362064681567e+01,  1.233366966248e+00
  1.317299999297e+01,  1.000016450882e+00,  2.362060515203e+01,  1.230903744698e+00
  1.327299998701e+01,  1.000018119812e+00,  2.362060348310e+01,  1.229482650757e+00
  1.337299999595e+01,  9.999950528145e-01,  2.362062655009e+01,  1.229307174683e+00
  1.347299998999e+01,  9.999987483025e-01,  2.362062285461e+01,  1.227212429047e+00
  1.357299999893e+01,  9.999850988388e-01,  2.362063650407e+01,  1.230266571045e+00
  1.367299999297e+01,  9.999932646751e-01,  2.362062833823e+01,  1.227902293205e+00
  1.377299998701e+01,  1.000001430511e+00,  2.362062017240e+01,  1.228832125664e+00
  1.387299999595e+01,  9.999940991402e-01,  2.362062750377e+01,  1.226948976517e+00
  1.397299998999e+01,  9.999975562096e-01,  2.362062404670e+01,  1.225431561470e+00
  1.407299999893e+01,  9.999972581863e-01,  2.362062434472e+01,  1.226143360138e+00
  1.417299999297e+01,  9.999775886536e-01,  2.362064401426e+01,  1.226164817810e+00
  1.427299998701e+01,  9.999929666519e-01,  2.362062863626e+01,  1.225254297256e+00
  1.437299999595e+01,  9.999908208847e-01,  2.362063078202e+01,  1.223701000214e+00
  1.447299998999e+01,  9.999856352806e-01,  2.362063596763e+01,  1.224802136421e+00
  1.457299999893e+01,  9.999963045120e-01,  2.362062529840e+01,  1.222818613052e+00
  1.467299999297e+01,  1.000006794930e+00,  2.362061480798e+01,  1.223438501358e+00
  1.477299998701e+01,  1.000014066696e+00,  2.362060753621e+01,  1.225185155869e+00
  1.487299999595e+01,  9.999905228615e-01,  2.362063108005e+01,  1.224120616913e+00
  1.497299998999e+01,  9.999997019768e-01,  2.362062190093e+01,  1.224233627319e+00
  1.507299999893e+01,  1.000005006790e+00,  2.362061659612e+01,  1.222489714622e+00
  1.517299999297e+01,  1.000025272369e+00,  2.362059633054e+01,  1.222776532173e+00
  1.527299998701e+01,  9.999929666519e-01,  2.362062863626e+01,  1.222623586655e+00
  1.537299999595e+01,  1.000008463860e+00,  2.362061313905e+01,  1.219831705093e+00
  1.547299998999e+01,  1.000011563301e+00,  2.362061003961e+01,  1.219549655914e+00
  1.557299999893e+01,  9.999756813049e-01,  2.362064592160e+01,  1.221967577934e+00
  1.567299999297e+01,  9.999893903732e-01,  2.362063221254e+01,  1.220394968987e+00
  1.577299998701e+01,  9.999765157700e-01,  2.362064508714e+01,  1.217829465866e+00
  1.587299999595e+01,  9.999891519547e-01,  2.362063245095e+01,  1.218183279037e+00
  1.597299998999e+01,  9.999982714653e-01,  2.362062333144e+01,  1.218983411789e+00
  1.607299999893e+01,  1.000017523766e+00,  2.362060407914e+01,  1.219751477242e+00
  1.617299999297e+01,  9.999916553497e-01,  2.362062994756e+01,  1.216539025307e+00
  1.627299998701e+01,  9.999845623970e-01,  2.362063704051e+01,  1.217728853226e+00
  1.637299999595e+01,  9.999868869781e-01,  2.362063471593e+01,  1.216325283051e+00
  1.647299998999e+01,  1.000003695488e+00,  2.362061790742e+01,  1.217835664749e+00
  1.657299999893e+01,  1.000015258789e+00,  2.362060634412e+01,  1.216629624367e+00
  1.667299999297e+01,  1.000005006790e+00,  2.362061659612e+01,  1.216635584831e+00
  1.677299998701e+01,  9.999954700470e-01,  2.362062613286e+01,  1.217859745026e+00
  1.687299999595e+01,  1.000011324883e+00,  2.362061027803e+01,  1.216840386391e+00
  1.697299998999e+01,  1.000010609627e+00,  2.362061099328e+01,  1.215861558914e+00
  1.707299999893e+01,  1.000005006790e+00,  2.362061659612e+01,  1.213767409325e+00
  1.717299999297e+01,  9.999888539314e-01,  2.362063274898e+01,  1.218345284462e+00
  1.727299998701e+01,  9.999758005142e-01,  2.362064580239e+01,  1.214778304100e+00
  1.737299999595e+01,  1.000020623207e+00,  2.362060097970e+01,  1.217096090317e+00
  1.747299998999e+01,  9.999958276749e-01,  2.362062577523e+01,  1.214078068733e+00
  1.757299999893e+01,  9.999971389771e-01,  2.362062446393e+01,  1.214011549950e+00
  1.767299999297e+01,  1.000000238419e+00,  2.362062136449e+01,  1.213473916054e+00
  1.777299998701e+01,  1.000025033951e+00,  2.362059656896e+01,  1.213342905045e+00
  1.787299999595e+01,  1.000013113022e+00,  2.362060848989e+01,  1.213015556335e+00
  1.797299998999e+01,  9.999964237213e-01,  2.362062517919e+01,  1.213306546211e+00
  1.807299999893e+01,  1.000007271767e+00,  2.362061433114e+01,  1.210624217987e+00
  1.817299999297e+01,  1.000003933907e+00,  2.362061766900e+01,  1.213803172112e+00
  1.827299998701e+01,  1.000005125999e+00,  2.362061647691e+01,  1.211280703545e+00
  1.837299999595e+01,  1.000036597252e+00,  2.362058500566e+01,  1.211799383163e+00
  1.847299998999e+01,  9.999996423721e-01,  2.362062196054e+01,  1.210465431213e+00
  1.857299999893e+01,  1.000026106834e+00,  2.362059549607e+01,  1.210133433342e+00
  1.867299999297e+01,  9.999938607216e-01,  2.362062774219e+01,  1.208644151688e+00
  1.877299998701e+01,  9.999731183052e-01,  2.362064848460e+01,  1.209831595421e+00
  1.887299999595e+01,  1.000028252602e+00,  2.362059335031e+01,  1.213532805443e+00
  1.897299998999e+01,  1.000001788139e+00,  2.362061981477e+01,  1.211347818375e+00
  1.907299999893e+01,  9.999946355820e-01,  2.362062696733e+01,  1.211293458939e+00
  1.917299999297e+01,  1.000004053116e+00,  2.362061754979e+01,  1.210170745850e+00
  1.927299998701e+01,  9.999843239784e-01,  2.362063727893e+01,  1.211386561394e+00
  1.937299999595e+01,  9.999902844429e-01,  2.362063131847e+01,  1.209784388542e+00
  1.947299998999e+01,  9.999725222588e-01,  2.362064908065e+01,  1.212436676025e+00
  1.957299999893e+01,  1.000002980232e+00,  2.362061862268e+01,  1.208145499229e+00
  1.967299999297e+01,  9.999769926071e-01,  2.362064461030e+01,  1.208492517471e+00
  1.977299998701e+01,  9.999868273735e-01,  2.362063477554e+01,  1.208130240440e+00
  1.987299999595e+01,  9.999975562096e-01,  2.362062404670e+01,  1.207667708397e+00
  1.997299998999e+01,  9.999995231628e-01,  2.362062207975e+01,  1.208461880684e+00
  2.007299999893e+01,  9.999963045120e-01,  2.362062529840e+01,  1.206496477127e+00
  2.017299999297e+01,  9.999862909317e-01,  2.362063531198e+01,  1.208646416664e+00
  2.027299998701e+01,  1.000008702278e+00,  2.362061290063e+01,  1.207088828087e+00
  2.037299999595e+01,  1.000006794930e+00,  2.362061480798e+01,  1.207179665565e+00
  2.047299998999e+01,  1.000032186508e+00,  2.362058941640e+01,  1.205555558205e+00
  2.057299999893e+01,  1.000034570694e+00,  2.362058703221e+01,  1.207615494728e+00
  2.067299999297e+01,  1.000016450882e+00,  2.362060515203e+01,  1.207762718201e+00
  2.077299998701e+01,  1.000013709068e+00,  2.362060789384e+01,  1.206086993217e+00
  2.087299999595e+01,  1.000024199486e+00,  2.362059740342e+01,  1.205558657646e+00
  2.097299998999e+01,  1.000008463860e+00,  2.362061313905e+01,  1.206991910934e+00
  2.107299999893e+01,  1.000021100044e+00,  2.362060050286e+01,  1.205215096474e+00
  2.117299999297e+01,  1.000001192093e+00,  2.362062041082e+01,  1.205646514893e+00
  2.127299998701e+01,  9.999799132347e-01,  2.362064168967e+01,  1.203777313232e+00
  2.137299999595e+01,  1.000025987625e+00,  2.362059561528e+01,  1.205047369003e+00
  2.147299998999e+01,  9.999843239784e-01,  2.362063727893e+01,  1.203651547432e+00
  2.157299999893e+01,  1.000016808510e+00,  2.362060479440e+01,  1.202368140221e+00
  2.167299999297e+01,  1.000002861023e+00,  2.362061874189e+01,  1.202585101128e+00
  2.177299998701e+01,  1.000018358231e+00,  2.362060324468e+01,  1.204739212990e+00
  2.187299999595e+01,  1.000019907951e+00,  2.362060169496e+01,  1.201995849609e+00
  2.197299998999e+01,  9.999980926514e-01,  2.362062351026e+01,  1.200497865677e+00
  2.207299999893e+01,  1.000029921532e+00,  2.362059168138e+01,  1.200451135635e+00
  2.217299999297e+01,  1.000028729439e+00,  2.362059287347e+01,  1.200840711594e+00
  2.227299998701e+01,  1.000024676323e+00,  2.362059692659e+01,  1.202574610710e+00
  2.237299999595e+01,  1.000005602837e+00,  2.362061600007e+01,  1.200833439827e+00
  2.247299998999e+01,  9.999998211861e-01,  2.362062178172e+01,  1.201738595963e+00
  2.257299999893e+01,  1.000000000000e+00,  2.362062160291e+01,  1.201854228973e+00
  2.267299999297e+01,  1.000033140182e+00,  2.362058846273e+01,  1.199668169022e+00
  2.277299998701e+01,  9.999961256981e-01,  2.362062547721e+01,  1.199010491371e+00
  2.287299999595e+01,  1.000014066696e+00,  2.362060753621e+01,  1.199418306351e+00
  2.297299998999e+01,  1.000011444092e+00,  2.362061015882e+01,  1.199827909470e+00
  2.307299999893e+01,  1.000008583069e+00,  2.362061301984e+01,  1.198916196823e+00
  2.317299999297e+01,  1.000029444695e+00,  2.362059215821e+01,  1.196490287781e+00
  2.327299998701e+01,  9.999989867210e-01,  2.362062261619e+01,  1.198523402214e+00
  2.337299999595e+01,  9.999979734421e-01,  2.362062362947e+01,  1.197932600975e+00
  2.347299998999e+01,  1.000007033348e+00,  2.362061456956e+01,  1.200073719025e+00
  2.357299999893e+01,  9.999884963036e-01,  2.362063310661e+01,  1.201259493828e+00
  2.367299999297e+01,  9.999985098839e-01,  2.362062309302e+01,  1.200752258301e+00
  2.377299998701e+01,  1.000003933907e+00,  2.362061766900e+01,  1.200815439224e+00
  2.387299999595e+01,  9.999943971634e-01,  2.362062720575e+01,  1.197667360306e+00
  2.397299998999e+01,  9.999887943268e-01,  2.362063280858e+01,  1.197721958160e+00
  2.407299999893e+01,  9.999951720238e-01,  2.362062643088e+01,  1.201229214668e+00
  2.417299999297e+01,  9.999880790710e-01,  2.362063352384e+01,  1.199224829674e+00
  2.427299998701e+01,  9.999940991402e-01,  2.362062750377e+01,  1.197263240814e+00
  2.437299999595e+01,  9.999809861183e-01,  2.362064061679e+01,  1.197625517845e+00
  2.447299998999e+01,  1.000005483627e+00,  2.362061611928e+01,  1.197038650513e+00
  2.457299999893e+01,  9.999896287918e-01,  2.362063197412e+01,  1.197785615921e+00
  2.467299999297e+01,  9.999921917915e-01,  2.362062941112e+01,  1.195150852203e+00
  2.477299998701e+01,  9.999979734421e-01,  2.362062362947e+01,  1.195623755455e+00
  2.487299999595e+01,  1.000002980232e+00,  2.362061862268e+01,  1.198710203171e+00
  2.497299998999e+01,  1.000012159348e+00,  2.362060944356e+01,  1.197531580925e+00
  2.507299999893e+01,  9.999932646751e-01,  2.362062833823e+01,  1.195656061172e+00
  2.517299999297e+01,  9.999880790710e-01,  2.362063352384e+01,  1.196519851685e+00
  2.527299998701e+01,  9.999942183495e-01,  2.362062738456e+01,  1.195412874222e+00
  2.537299999595e+01,  1.000004053116e+00,  2.362061754979e+01,  1.194515585899e+00
  2.547299998999e+01,  1.000013947487e+00,  2.362060765542e+01,  1.194216966629e+00
  2.557299999893e+01,  1.000008583069e+00,  2.362061301984e+01,  1.192593336105e+00
  2.567299999297e+01,  1.000008463860e+00,  2.362061313905e+01,  1.193874359131e+00
  2.577299998701e+01,  1.000000119209e+00,  2.362062148370e+01,  1.195712804794e+00
  2.587299999595e+01,  9.999905824661e-01,  2.362063102044e+01,  1.191931605339e+00
  2.597299998999e+01,  9.999954700470e-01,  2.362062613286e+01,  1.193450093269e+00
  2.607299999893e+01,  1.000001668930e+00,  2.362061993398e+01,  1.193510293961e+00
  2.617299999297e+01,  1.000006079674e+00,  2.362061552323e+01,  1.194288134575e+00
  2.627299998701e+01,  1.000017523766e+00,  2.362060407914e+01,  1.191099405289e+00
  2.637299999595e+01,  1.000000834465e+00,  2.362062076844e+01,  1.191252946854e+00
  2.647299998999e+01,  9.999883174896e-01,  2.362063328542e+01,  1.191183447838e+00
  2.657299999893e+01,  1.000001072884e+00,  2.362062053003e+01,  1.190339326859e+00
  2.667299999297e+01,  9.999762773514e-01,  2.362064532556e+01,  1.193170070648e+00
  2.677299998701e+01,  1.000001311302e+00,  2.362062029161e+01,  1.190153956413e+00
  2.687299999595e+01,  1.000016689301e+00,  2.362060491361e+01,  1.189851641655e+00
  2.697299998999e+01,  1.000002861023e+00,  2.362061874189e+01,  1.191213488579e+00
  2.707299999893e+01,  1.000002264977e+00,  2.362061933793e+01,  1.190421462059e+00
  2.717299999297e+01,  1.000003099442e+00,  2.362061850347e+01,  1.192056655884e+00
  2.727299998701e+01,  9.999952912331e-01,  2.362062631168e+01,  1.188665986061e+00
  2.737299999595e+01,  1.000010848045e+00,  2.362061075486e+01,  1.189736723900e+00
  2.747299998999e+01,  1.000008344650e+00,  2.362061325826e+01,  1.187465310097e+00
  2.757299999893e+01,  9.999870061874e-01,  2.362063459672e+01,  1.189225077629e+00
  2.767299999297e+01,  1.000000238419e+00,  2.362062136449e+01,  1.188355803490e+00
  2.777299998701e+01,  9.999908804893e-01,  2.362063072242e+01,  1.190249562263e+00
  2.787299999595e+01,  1.000007390976e+00,  2.362061421193e+01,  1.188101053238e+00
  2.797299998999e+01,  9.999970793724e-01,  2.362062452354e+01,  1.187917470932e+00
  2.807299999893e+01,  1.000010609627e+00,  2.362061099328e+01,  1.187271118164e+00
  2.817299999297e+01,  9.999838471413e-01,  2.362063775577e+01,  1.189311385155e+00
  2.827299998701e+01,  9.999843835831e-01,  2.362063721933e+01,  1.188675403595e+00
  2.837299999595e+01,  9.999920725822e-01,  2.362062953033e+01,  1.189133644104e+00
  2.847299998999e+01,  9.999936819077e-01,  2.362062792100e+01,  1.187924265862e+00
  2.857299999893e+01,  1.000002264977e+00,  2.362061933793e+01,  1.187830209732e+00
  2.867299999297e+01,  9.999951720238e-01,  2.362062643088e+01,  1.187224030495e+00
  2.877299998701e+01,  1.000004649162e+00,  2.362061695375e+01,  1.187584519386e+00
  2.887299999595e+01,  1.000031709671e+00,  2.362058989324e+01,  1.188449501991e+00
  2.897299998999e+01,  1.000017404556e+00,  2.362060419835e+01,  1.186594367027e+00
  2.907299999893e+01,  9.999674558640e-01,  2.362065414704e+01,  1.187700986862e+00
  2.917299999297e+01,  9.999986886978e-01,  2.362062291421e+01,  1.184112071991e+00
  2.927299998701e+01,  9.999914169312e-01,  2.362063018598e+01,  1.185094594955e+00
  2.937299999595e+01,  9.999808669090e-01,  2.362064073600e+01,  1.185361504555e+00
  2.947299998999e+01,  9.999999403954e-01,  2.362062166251e+01,  1.186801791191e+00
  2.957299999893e+01,  1.000011324883e+00,  2.362061027803e+01,  1.184572815895e+00
  2.967299999297e+01,  9.999893307686e-01,  2.362063227214e+01,  1.185044050217e+00
  2.977299998701e+01,  9.999760985374e-01,  2.362064550437e+01,  1.184763908386e+00
  2.987299999595e+01,  9.999858736992e-01,  2.362063572921e+01,  1.186097741127e+00
  2.997299998999e+01,  9.999730587006e-01,  2.362064854421e+01,  1.186066031456e+00
  3.007299999893e+01,  9.999895095825e-01,  2.362063209333e+01,  1.186917662621e+00
  3.017299999297e+01,  9.999908208847e-01,  2.362063078202e+01,  1.184173345566e+00
  3.027299998701e+01,  1.000015377998e+00,  2.362060622491e+01,  1.184689760208e+00
  3.037299999595e+01,  1.000011444092e+00,  2.362061015882e+01,  1.185462474823e+00
  3.047299998999e+01,  1.000012278557e+00,  2.362060932435e+01,  1.185546398163e+00
  3.057299999893e+01,  9.999864697456e-01,  2.362063513316e+01,  1.182839035988e+00
  3.067299999297e+01,  1.000009417534e+00,  2.362061218537e+01,  1.180374026299e+00
  3.077299998701e+01,  9.999902844429e-01,  2.362063131847e+01,  1.182911276817e+00
  3.087299999595e+01,  1.000008702278e+00,  2.362061290063e+01,  1.181625008583e+00
  3.097299998999e+01,  1.000035524368e+00,  2.362058607854e+01,  1.181551337242e+00
  3.107299999893e+01,  9.999900460243e-01,  2.362063155688e+01,  1.180565595627e+00
  3.117299999297e+01,  1.000005841255e+00,  2.362061576165e+01,  1.182061553001e+00
  3.127299998701e+01,  1.000002145767e+00,  2.362061945714e+01,  1.181699395180e+00
  3.137299999595e+01,  1.000022053719e+00,  2.362059954919e+01,  1.182079076767e+00
  3.147299998999e+01,  1.000015020370e+00,  2.362060658254e+01,  1.181580543518e+00
  3.157299999893e+01,  9.999992251396e-01,  2.362062237777e+01,  1.181016802788e+00
  3.167299999297e+01,  1.000008463860e+00,  2.362061313905e+01,  1.181474447250e+00
  3.177299998701e+01,  1.000000596046e+00,  2.362062100686e+01,  1.180783629417e+00
  3.187299999595e+01,  1.000012874603e+00,  2.362060872831e+01,  1.180199742317e+00
  3.197299998999e+01,  1.000017762184e+00,  2.362060384072e+01,  1.181395053864e+00
  3.207299999893e+01,  1.000002861023e+00,  2.362061874189e+01,  1.178919434547e+00
  3.217299999297e+01,  1.000008583069e+00,  2.362061301984e+01,  1.182232737541e+00
  3.227299998701e+01,  9.999839663506e-01,  2.362063763656e+01,  1.181186318398e+00
  3.237299999595e+01,  9.999940991402e-01,  2.362062750377e+01,  1.180554151535e+00
  3.247299998999e+01,  1.000013351440e+00,  2.362060825147e+01,  1.179187417030e+00
  3.257299999893e+01,  1.000010013580e+00,  2.362061158933e+01,  1.181360721588e+00
  3.267299999297e+01,  1.000011920929e+00,  2.362060968198e+01,  1.180997848511e+00
  3.277299998701e+01,  9.999903440475e-01,  2.362063125886e+01,  1.178850412369e+00
  3.287299999595e+01,  1.000005483627e+00,  2.362061611928e+01,  1.180391192436e+00
  3.297299998999e+01,  1.000016093254e+00,  2.362060550965e+01,  1.179689168930e+00
  3.307299999893e+01,  9.999759197235e-01,  2.362064568319e+01,  1.179030179977e+00
  3.317299999297e+01,  9.999939799309e-01,  2.362062762298e+01,  1.177268266678e+00
  3.327299998701e+01,  9.999884963036e-01,  2.362063310661e+01,  1.177890300751e+00
  3.337299999595e+01,  9.999849200249e-01,  2.362063668288e+01,  1.178262114525e+00
  3.347299998999e+01,  1.000014901161e+00,  2.362060670175e+01,  1.177187204361e+00
  3.357299999893e+01,  1.000023961067e+00,  2.362059764184e+01,  1.176127433777e+00
  3.367299999297e+01,  1.000022053719e+00,  2.362059954919e+01,  1.176707386971e+00
  3.377299998701e+01,  9.999954700470e-01,  2.362062613286e+01,  1.178675293922e+00
  3.387299999595e+01,  9.999777674675e-01,  2.362064383544e+01,  1.175384998322e+00
  3.397299998999e+01,  1.000034570694e+00,  2.362058703221e+01,  1.176316022873e+00
  3.407299999893e+01,  1.000017166138e+00,  2.362060443677e+01,  1.175255298615e+00
  3.417299999297e+01,  9.999934434891e-01,  2.362062815942e+01,  1.176431059837e+00
  3.427299998701e+01,  1.000010848045e+00,  2.362061075486e+01,  1.175508737564e+00
  3.437299999595e+01,  1.000020146370e+00,  2.362060145654e+01,  1.175087451935e+00
  3.447299998999e+01,  9.999892115593e-01,  2.362063239135e+01,  1.175169825554e+00
  3.457299999893e+01,  1.000000000000e+00,  2.362062160291e+01,  1.174539804459e+00
  3.467299999297e+01,  9.999994039536e-01,  2.362062219896e+01,  1.174860239029e+00
  3.477299998701e+01,  1.000000953674e+00,  2.362062064923e+01,  1.173429727554e+00
  3.487299999595e+01,  1.000007748604e+00,  2.362061385430e+01,  1.174361228943e+00
  3.497299998999e+01,  1.000006675720e+00,  2.362061492719e+01,  1.174782872200e+00
  3.507299999893e+01,  1.000015377998e+00,  2.362060622491e+01,  1.174021840096e+00
  3.517299999297e+01,  1.000020265579e+00,  2.362060133733e+01,  1.175855040550e+00
  3.527299998701e+01,  1.000019550323e+00,  2.362060205259e+01,  1.174657464027e+00
  3.537299999595e+01,  9.999888539314e-01,  2.362063274898e+01,  1.174106836319e+00
  3.547299998999e+01,  9.999982714653e-01,  2.362062333144e+01,  1.175522208214e+00
  3.557299999893e+01,  9.999969005585e-01,  2.362062470235e+01,  1.173867106438e+00
  3.567299999297e+01,  9.999825954437e-01,  2.362063900746e+01,  1.173839688301e+00
  3.577299998701e+01,  9.999790787697e-01,  2.362064252414e+01,  1.172378897667e+00
  3.587299999595e+01,  9.999864697456e-01,  2.362063513316e+01,  1.173249363899e+00
  3.597299998999e+01,  9.999868273735e-01,  2.362063477554e+01,  1.174615621567e+00
  3.607299999893e+01,  9.999929666519e-01,  2.362062863626e+01,  1.174234032631e+00
  3.617299999297e+01,  1.000001311302e+00,  2.362062029161e+01,  1.173838615417e+00
  3.627299998701e+01,  9.999701380730e-01,  2.362065146484e+01,  1.171911835670e+00
  3.637299999595e+01,  1.000023961067e+00,  2.362059764184e+01,  1.172594785690e+00
  3.647299998999e+01,  1.000005841255e+00,  2.362061576165e+01,  1.172289609909e+00
  3.657299999893e+01,  9.999790787697e-01,  2.362064252414e+01,  1.172695875168e+00
  3.667299999297e+01,  9.999851584435e-01,  2.362063644447e+01,  1.172136425972e+00
  3.677299998701e+01,  9.999953508377e-01,  2.362062625207e+01,  1.170545816422e+00
  3.687299999595e+01,  1.000024318695e+00,  2.362059728421e+01,  1.172092556953e+00
  3.697299998999e+01,  9.999802112579e-01,  2.362064139165e+01,  1.173337697983e+00
  3.707299999893e+01,  1.000001668930e+00,  2.362061993398e+01,  1.172477602959e+00
  3.717299999297e+01,  1.000010490417e+00,  2.362061111249e+01,  1.172326087952e+00
  3.727299998701e+01,  1.000012040138e+00,  2.362060956277e+01,  1.172168850899e+00
  3.737299999595e+01,  9.999912381172e-01,  2.362063036479e+01,  1.170560479164e+00
  3.747299998999e+01,  1.000015497208e+00,  2.362060610570e+01,  1.170923113823e+00
  3.757299999893e+01,  9.999789595604e-01,  2.362064264335e+01,  1.170240521431e+00
  3.767299999297e+01,  9.999937415123e-01,  2.362062786140e+01,  1.170631766319e+00
  3.777299998701e+01,  9.999964833260e-01,  2.362062511958e+01,  1.169664382935e+00
  3.787299999595e+01,  1.000002145767e+00,  2.362061945714e+01,  1.171190023422e+00
  3.797299998999e+01,  1.000021100044e+00,  2.362060050286e+01,  1.169053912163e+00
  3.807299999893e+01,  9.999780654907e-01,  2.362064353742e+01,  1.170004487038e+00
  3.817299999297e+01,  9.999988675117e-01,  2.362062273540e+01,  1.171008825302e+00
  3.827299998701e+01,  1.000008821487e+00,  2.362061278142e+01,  1.172148346901e+00
  3.837299999595e+01,  9.999925494194e-01,  2.362062905349e+01,  1.170282840729e+00
  3.847299998999e+01,  1.000006198883e+00,  2.362061540403e+01,  1.169147372246e+00
  3.857299999893e+01,  1.000020146370e+00,  2.362060145654e+01,  1.169590115547e+00
  3.867299999297e+01,  9.999935030937e-01,  2.362062809982e+01,  1.168780088425e+00
  3.877299998701e+01,  1.000012874603e+00,  2.362060872831e+01,  1.166903376579e+00
  3.887299999595e+01,  1.000005125999e+00,  2.362061647691e+01,  1.166597366333e+00
  3.897299998999e+01,  9.999999403954e-01,  2.362062166251e+01,  1.168604969978e+00
  3.907299999893e+01,  1.000019192696e+00,  2.362060241021e+01,  1.168376445770e+00
  3.917299999297e+01,  1.000017762184e+00,  2.362060384072e+01,  1.168534159660e+00
  3.927299998701e+01,  9.999952912331e-01,  2.362062631168e+01,  1.169137835503e+00
  3.937299999595e+01,  1.000020146370e+00,  2.362060145654e+01,  1.165290117264e+00
  3.947299998999e+01,  1.000011801720e+00,  2.362060980119e+01,  1.165840744972e+00
  3.957299999893e+01,  1.000028967857e+00,  2.362059263505e+01,  1.166737794876e+00
  3.967299999297e+01,  1.000024795532e+00,  2.362059680738e+01,  1.168930530548e+00
  3.977299998701e+01,  1.000016808510e+00,  2.362060479440e+01,  1.169889688492e+00
  3.987299999595e+01,  1.000013828278e+00,  2.362060777463e+01,  1.167541503906e+00
  3.997299998999e+01,  9.999970197678e-01,  2.362062458314e+01,  1.169504165649e+00
  4.007299999893e+01,  1.000030517578e+00,  2.362059108533e+01,  1.163824915886e+00
  4.017299999297e+01,  9.999985694885e-01,  2.362062303342e+01,  1.166799306870e+00
  4.027299998701e+01,  1.000008702278e+00,  2.362061290063e+01,  1.168414235115e+00
  4.037299999595e+01,  1.000027418137e+00,  2.362059418477e+01,  1.168236374855e+00
  4.047299998999e+01,  1.000012516975e+00,  2.362060908593e+01,  1.166925191879e+00
  4.057299999893e+01,  1.000000000000e+00,  2.362062160291e+01,  1.167843341827e+00
  4.067299999297e+01,  9.999940991402e-01,  2.362062750377e+01,  1.165307283401e+00
  4.077299998701e+01,  9.999732971191e-01,  2.362064830579e+01,  1.166826367378e+00
  4.087299999595e+01,  1.000013113022e+00,  2.362060848989e+01,  1.168489098549e+00
  4.097299998999e+01,  1.000006556511e+00,  2.362061504640e+01,  1.166526556015e+00
  4.107299999893e+01,  1.000012636185e+00,  2.362060896672e+01,  1.164102077484e+00
  4.117299999297e+01,  9.999845623970e-01,  2.362063704051e+01,  1.166499733925e+00
  4.127299998701e+01,  9.999989867210e-01,  2.362062261619e+01,  1.163518905640e+00
  4.137299999595e+01,  9.999980330467e-01,  2.362062356986e+01,  1.167171597481e+00
  4.147299998999e+01,  9.999877214432e-01,  2.362063388147e+01,  1.164967536926e+00
  4.157299999893e+01,  1.000012874603e+00,  2.362060872831e+01,  1.165091872215e+00
  4.167299999297e+01,  9.999940991402e-01,  2.362062750377e+01,  1.165727376938e+00
  4.177299998701e+01,  1.000019073486e+00,  2.362060252942e+01,  1.163738489151e+00
  4.187299999595e+01,  1.000019311905e+00,  2.362060229100e+01,  1.165518283844e+00
  4.197299998999e+01,  9.999793171883e-01,  2.362064228572e+01,  1.166024684906e+00
  4.207299999893e+01,  9.999957680702e-01,  2.362062583484e+01,  1.164961457253e+00
  4.217299999297e+01,  9.999963641167e-01,  2.362062523879e+01,  1.164226531982e+00
  4.227299998701e+01,  9.999939203262e-01,  2.362062768258e+01,  1.163424968719e+00
  4.237299999595e+01,  9.999995231628e-01,  2.362062207975e+01,  1.163248538971e+00
  4.247299998999e+01,  1.000010848045e+00,  2.362061075486e+01,  1.166538596153e+00
  4.257299999893e+01,  1.000000596046e+00,  2.362062100686e+01,  1.162924051285e+00
  4.267299999297e+01,  1.000032305717e+00,  2.362058929719e+01,  1.163666129112e+00
  4.277299998701e+01,  1.000000238419e+00,  2.362062136449e+01,  1.164940237999e+00
  4.287299999595e+01,  1.000018715858e+00,  2.362060288705e+01,  1.164316654205e+00
  4.297299998999e+01,  9.999965429306e-01,  2.362062505998e+01,  1.165796399117e+00
  4.307299999893e+01,  9.999894499779e-01,  2.362063215293e+01,  1.164228677750e+00
  4.317299999297e+01,  1.000004172325e+00,  2.362061743058e+01,  1.162671923637e+00
  4.327299998701e+01,  1.000017285347e+00,  2.362060431756e+01,  1.164201259613e+00
  4.337299999595e+01,  1.000000357628e+00,  2.362062124528e+01,  1.160196065903e+00
  4.347299998999e+01,  1.000012874603e+00,  2.362060872831e+01,  1.166555523872e+00
  4.357299999893e+01,  1.000014781952e+00,  2.362060682096e+01,  1.162033557892e+00
  4.367299999297e+01,  9.999645352364e-01,  2.362065706767e+01,  1.162304520607e+00
  4.377299998701e+01,  9.999921321869e-01,  2.362062947072e+01,  1.163640022278e+00
  4.387299999595e+01,  9.999896883965e-01,  2.362063191451e+01,  1.163547277451e+00
  4.397299998999e+01,  9.999933838844e-01,  2.362062821902e+01,  1.163166284561e+00
  4.407299999893e+01,  9.999674558640e-01,  2.362065414704e+01,  1.160313010216e+00
  4.417299999297e+01,  9.999945163727e-01,  2.362062708654e+01,  1.162486314774e+00
  4.427299998701e+01,  9.999830126762e-01,  2.362063859023e+01,  1.161591172218e+00
  4.437299999595e+01,  9.999936223030e-01,  2.362062798061e+01,  1.162985205650e+00
  4.447299998999e+01,  1.000011444092e+00,  2.362061015882e+01,  1.161701440811e+00
  4.457299999893e+01,  9.999969601631e-01,  2.362062464275e+01,  1.160468220711e+00
  4.467299999297e+01,  9.999848604202e-01,  2.362063674249e+01,  1.160205721855e+00
  4.477299998701e+01,  1.000017881393e+00,  2.362060372152e+01,  1.160870909691e+00
  4.487299999595e+01,  1.000010132790e+00,  2.362061147012e+01,  1.157139062881e+00
  4.497299998999e+01,  1.000010967255e+00,  2.362061063565e+01,  1.156390428543e+00
  4.507299999893e+01,  1.000030517578e+00,  2.362059108533e+01,  1.158787369728e+00
  4.517299999297e+01,  1.000012397766e+00,  2.362060920514e+01,  1.156938195229e+00
  4.527299998701e+01,  9.999935626984e-01,  2.362062804021e+01,  1.162459969521e+00
  4.537299999595e+01,  1.000012993813e+00,  2.362060860910e+01,  1.156900048256e+00
  4.547299998999e+01,  1.000002264977e+00,  2.362061933793e+01,  1.157803535461e+00
  4.557299999893e+01,  1.000010609627e+00,  2.362061099328e+01,  1.157219171524e+00
  4.567299999297e+01,  1.000023722649e+00,  2.362059788026e+01,  1.158024787903e+00
  4.577299998701e+01,  9.999946355820e-01,  2.362062696733e+01,  1.157521247864e+00
  4.587299999595e+01,  9.999966621399e-01,  2.362062494077e+01,  1.156401634216e+00
  4.597299998999e+01,  1.000004768372e+00,  2.362061683454e+01,  1.155939102173e+00
  4.607299999893e+01,  9.999726414680e-01,  2.362064896144e+01,  1.156607627869e+00
  4.617299999297e+01,  9.999907016754e-01,  2.362063090123e+01,  1.156795263290e+00
  4.627299998701e+01,  9.999803304672e-01,  2.362064127244e+01,  1.157427549362e+00
  4.637299999595e+01,  9.999708533287e-01,  2.362065074958e+01,  1.158311963081e+00
  4.647299998999e+01,  9.999990463257e-01,  2.362062255658e+01,  1.156568408012e+00
  4.657299999893e+01,  1.000006198883e+00,  2.362061540403e+01,  1.158294320107e+00
  4.667299999297e+01,  9.999714493752e-01,  2.362065015353e+01,  1.158202409744e+00
  4.677299998701e+01,  1.000010490417e+00,  2.362061111249e+01,  1.159262061119e+00
  4.687299999595e+01,  9.999619126320e-01,  2.362065969028e+01,  1.158056139946e+00
  4.697299998999e+01,  1.000007033348e+00,  2.362061456956e+01,  1.158458948135e+00
  4.707299999893e+01,  1.000001430511e+00,  2.362062017240e+01,  1.158536791801e+00
  4.717299999297e+01,  1.000013113022e+00,  2.362060848989e+01,  1.155864238739e+00
  4.727299998701e+01,  1.000012874603e+00,  2.362060872831e+01,  1.155785441399e+00
  4.737299999595e+01,  1.000005960464e+00,  2.362061564244e+01,  1.154952764511e+00
  4.747299998999e+01,  1.000003576279e+00,  2.362061802663e+01,  1.156977176666e+00
  4.757299999893e+01,  1.000008106232e+00,  2.362061349668e+01,  1.153818488121e+00
  4.767299999297e+01,  1.000005125999e+00,  2.362061647691e+01,  1.154759287834e+00
  4.777299998701e+01,  1.000008106232e+00,  2.362061349668e+01,  1.156638979912e+00
  4.787299999595e+01,  9.999964237213e-01,  2.362062517919e+01,  1.156762719154e+00
  4.797299998999e+01,  9.999770522118e-01,  2.362064455070e+01,  1.155557751656e+00
  4.807299999893e+01,  9.999843835831e-01,  2.362063721933e+01,  1.155001997948e+00
  4.817299999297e+01,  9.999821186066e-01,  2.362063948430e+01,  1.155296683311e+00
  4.827299998701e+01,  9.999992847443e-01,  2.362062231816e+01,  1.155139446259e+00
  4.837299999595e+01,  1.000005483627e+00,  2.362061611928e+01,  1.155285716057e+00
  4.847299998999e+01,  9.999978542328e-01,  2.362062374868e+01,  1.155598640442e+00
  4.857299999893e+01,  1.000017046928e+00,  2.362060455598e+01,  1.151883244514e+00
  4.867299999297e+01,  9.999894499779e-01,  2.362063215293e+01,  1.154785871506e+00
  4.877299998701e+01,  9.999753236771e-01,  2.362064627923e+01,  1.152580738068e+00
  4.887299999595e+01,  1.000007867813e+00,  2.362061373510e+01,  1.153387427330e+00
  4.897299998999e+01,  1.000026583672e+00,  2.362059501924e+01,  1.153810858727e+00
  4.907299999893e+01,  1.000004172325e+00,  2.362061743058e+01,  1.152415037155e+00
  4.917299999297e+01,  9.999859929085e-01,  2.362063561000e+01,  1.154100656509e+00
  4.927299998701e+01,  1.000012993813e+00,  2.362060860910e+01,  1.152637958527e+00
  4.937299999595e+01,  1.000006198883e+00,  2.362061540403e+01,  1.154656410217e+00
  4.947299998999e+01,  1.000007748604e+00,  2.362061385430e+01,  1.155015707016e+00
  4.957299999893e+01,  1.000006079674e+00,  2.362061552323e+01,  1.153280496597e+00
  4.967299999297e+01,  1.000014066696e+00,  2.362060753621e+01,  1.154558777809e+00
  4.977299998701e+01,  9.999745488167e-01,  2.362064705409e+01,  1.152865409851e+00
  4.987299999595e+01,  1.000003814697e+00,  2.362061778821e+01,  1.153868675232e+00
  4.997299998999e+01,  9.999777674675e-01,  2.362064383544e+01,  1.151790499687e+00
  5.007299999893e+01,  9.999943971634e-01,  2.362062720575e+01,  1.154471039772e+00
  5.017299999297e+01,  1.000012397766e+00,  2.362060920514e+01,  1.151767849922e+00
  5.027299998701e+01,  1.000027537346e+00,  2.362059406556e+01,  1.153155922890e+00
  5.037299999595e+01,  9.999923110008e-01,  2.362062929191e+01,  1.152845621109e+00
  5.047299998999e+01,  9.999865889549e-01,  2.362063501395e+01,  1.150451779366e+00
  5.057299999893e+01,  9.999967217445e-01,  2.362062488116e+01,  1.150731801987e+00
  5.067299999297e+01,  1.000015497208e+00,  2.362060610570e+01,  1.150442481041e+00
  5.077299998701e+01,  9.999955892563e-01,  2.362062601365e+01,  1.148935317993e+00
  5.087299999595e+01,  9.999884963036e-01,  2.362063310661e+01,  1.147149205208e+00
  5.097299998999e+01,  1.000000238419e+00,  2.362062136449e+01,  1.150842666626e+00
  5.107299999893e+01,  9.999974966049e-01,  2.362062410630e+01,  1.149964094162e+00
  5.117299999297e+01,  9.999884366989e-01,  2.362063316621e+01,  1.152741193771e+00
  5.127299998701e+01,  1.000004291534e+00,  2.362061731137e+01,  1.149744391441e+00
  5.137299999595e+01,  1.000007271767e+00,  2.362061433114e+01,  1.148053050041e+00
  5.147299998999e+01,  1.000011920929e+00,  2.362060968198e+01,  1.151822805405e+00
  5.157299999893e+01,  9.999945163727e-01,  2.362062708654e+01,  1.151593327522e+00
  5.167299999297e+01,  1.000000119209e+00,  2.362062148370e+01,  1.150811910629e+00
  5.177299998701e+01,  9.999892115593e-01,  2.362063239135e+01,  1.150701284409e+00
  5.187299999595e+01,  1.000040769577e+00,  2.362058083333e+01,  1.149759531021e+00
  5.197299998999e+01,  1.000001668930e+00,  2.362061993398e+01,  1.148835539818e+00
  5.207299999893e+01,  9.999977350235e-01,  2.362062386789e+01,  1.148226022720e+00
  5.217299999297e+01,  9.999800324440e-01,  2.362064157046e+01,  1.148673653603e+00
  5.227299998701e+01,  9.999784827232e-01,  2.362064312019e+01,  1.147023677826e+00
  5.237299999595e+01,  1.000014781952e+00,  2.362060682096e+01,  1.147125244141e+00
  5.247299998999e+01,  1.000004768372e+00,  2.362061683454e+01,  1.149349212646e+00
  5.257299999893e+01,  1.000019669533e+00,  2.362060193338e+01,  1.148503541946e+00
  5.267299999297e+01,  1.000022411346e+00,  2.362059919156e+01,  1.147934794426e+00
  5.277299998701e+01,  9.999979138374e-01,  2.362062368907e+01,  1.149727106094e+00
  5.287299999595e+01,  1.000004887581e+00,  2.362061671533e+01,  1.147657036781e+00
  5.297299998999e+01,  9.999991655350e-01,  2.362062243737e+01,  1.150641202927e+00
  5.307299999893e+01,  9.999749064445e-01,  2.362064669646e+01,  1.149747133255e+00
  5.317299999297e+01,  9.999899864197e-01,  2.362063161649e+01,  1.149076104164e+00
  5.327299998701e+01,  1.000014901161e+00,  2.362060670175e+01,  1.151281833649e+00
  5.337299999595e+01,  1.000015020370e+00,  2.362060658254e+01,  1.148649454117e+00
  5.347299998999e+01,  9.999963641167e-01,  2.362062523879e+01,  1.148465633392e+00
  5.357299999893e+01,  9.999963045120e-01,  2.362062529840e+01,  1.147631645203e+00
  5.367299999297e+01,  9.999959468842e-01,  2.362062565602e+01,  1.146908283234e+00
  5.377299998701e+01,  9.999969005585e-01,  2.362062470235e+01,  1.147534370422e+00
  5.387299999595e+01,  9.999892115593e-01,  2.362063239135e+01,  1.147284388542e+00
  5.397299998999e+01,  9.999757409096e-01,  2.362064586200e+01,  1.145846962929e+00
  5.407299999893e+01,  9.999874830246e-01,  2.362063411988e+01,  1.145076036453e+00
  5.417299999297e+01,  9.999923706055e-01,  2.362062923230e+01,  1.146800637245e+00
  5.427299998701e+01,  1.000001311302e+00,  2.362062029161e+01,  1.147060513496e+00
  5.437299999595e+01,  1.000023841858e+00,  2.362059776105e+01,  1.145360827446e+00
  5.447299998999e+01,  1.000000596046e+00,  2.362062100686e+01,  1.148689746857e+00
  5.457299999893e+01,  9.999890923500e-01,  2.362063251056e+01,  1.146370768547e+00
  5.467299999297e+01,  9.999983310699e-01,  2.362062327184e+01,  1.148874044418e+00
  5.477299998701e+01,  1.000003218651e+00,  2.362061838426e+01,  1.148600816727e+00
  5.487299999595e+01,  1.000012516975e+00,  2.362060908593e+01,  1.147965312004e+00
  5.497299998999e+01,  9.999859333038e-01,  2.362063566960e+01,  1.145892739296e+00
  5.507299999893e+01,  9.999971985817e-01,  2.362062440433e+01,  1.146811842918e+00
  5.517299999297e+01,  1.000005364418e+00,  2.362061623849e+01,  1.146308660507e+00
  5.527299998701e+01,  1.000005960464e+00,  2.362061564244e+01,  1.144726157188e+00
  5.537299999595e+01,  1.000001430511e+00,  2.362062017240e+01,  1.145442605019e+00
  5.547299998999e+01,  1.000002384186e+00,  2.362061921872e+01,  1.143894195557e+00
  5.557299999893e+01,  1.000027060509e+00,  2.362059454240e+01,  1.142244815826e+00
  5.567299999297e+01,  9.999907612801e-01,  2.362063084163e+01,  1.142714500427e+00
  5.577299998701e+01,  1.000016093254e+00,  2.362060550965e+01,  1.145845532417e+00
  5.587299999595e+01,  1.000010728836e+00,  2.362061087407e+01,  1.143854498863e+00
  5.597299998999e+01,  1.000001072884e+00,  2.362062053003e+01,  1.142453670502e+00
  5.607299999893e+01,  1.000000715256e+00,  2.362062088765e+01,  1.143655776978e+00
  5.617299999297e+01,  9.999908804893e-01,  2.362063072242e+01,  1.145631194115e+00
  5.627299998701e+01,  1.000003099442e+00,  2.362061850347e+01,  1.147079706192e+00
  5.637299999595e+01,  9.999887347221e-01,  2.362063286819e+01,  1.145390152931e+00
  5.647299998999e+01,  9.999719858170e-01,  2.362064961709e+01,  1.145481586456e+00
  5.657299999893e+01,  9.999991059303e-01,  2.362062249698e+01,  1.145593285561e+00
  5.667299999297e+01,  1.000021457672e+00,  2.362060014524e+01,  1.144442915916e+00
  5.677299998701e+01,  1.000008225441e+00,  2.362061337747e+01,  1.144413590431e+00
  5.687299999595e+01,  1.000011444092e+00,  2.362061015882e+01,  1.144654273987e+00
  5.697299998999e+01,  1.000009417534e+00,  2.362061218537e+01,  1.143389940262e+00
  5.707299999893e+01,  1.000007987022e+00,  2.362061361589e+01,  1.145247220993e+00
  5.717299999297e+01,  1.000005006790e+00,  2.362061659612e+01,  1.141361594200e+00
  5.727299998701e+01,  1.000010013580e+00,  2.362061158933e+01,  1.145182967186e+00
  5.737299999595e+01,  9.999949336052e-01,  2.362062666930e+01,  1.142435073853e+00
  5.747299998999e+01,  1.000002384186e+00,  2.362061921872e+01,  1.145092487335e+00
  5.757299999893e+01,  9.999728798866e-01,  2.362064872302e+01,  1.141346812248e+00
  5.767299999297e+01,  1.000005483627e+00,  2.362061611928e+01,  1.143015265465e+00
  5.777299998701e+01,  9.999882578850e-01,  2.362063334502e+01,  1.142323136330e+00
  5.787299999595e+01,  1.000010848045e+00,  2.362061075486e+01,  1.142129063606e+00
  5.797299998999e+01,  9.999786615372e-01,  2.362064294137e+01,  1.140834689140e+00
  5.807299999893e+01,  9.999778866768e-01,  2.362064371623e+01,  1.143176913261e+00
  5.817299999297e+01,  1.000021219254e+00,  2.362060038366e+01,  1.142172574997e+00
  5.827299998701e+01,  9.999901056290e-01,  2.362063149728e+01,  1.141262769699e+00
  5.837299999595e+01,  9.999997615814e-01,  2.362062184133e+01,  1.141130924225e+00
  5.847299998999e+01,  9.999957084656e-01,  2.362062589444e+01,  1.138600349426e+00
  5.857299999893e+01,  1.000010848045e+00,  2.362061075486e+01,  1.139019727707e+00
  5.867299999297e+01,  1.000005125999e+00,  2.362061647691e+01,  1.140970110893e+00
  5.877299998701e+01,  1.000014781952e+00,  2.362060682096e+01,  1.139658451080e+00
  5.887299999595e+01,  1.000013232231e+00,  2.362060837068e+01,  1.140840888023e+00
  5.897299998999e+01,  1.000007629395e+00,  2.362061397351e+01,  1.138548135757e+00
  5.907299999893e+01,  1.000011563301e+00,  2.362061003961e+01,  1.137495875359e+00
  5.917299999297e+01,  1.000010967255e+00,  2.362061063565e+01,  1.140192627907e+00
  5.927299998701e+01,  1.000010967255e+00,  2.362061063565e+01,  1.138154864311e+00
  5.937299999595e+01,  9.999672174454e-01,  2.362065438546e+01,  1.137508392334e+00
  5.947299998999e+01,  9.999918341637e-01,  2.362062976875e+01,  1.139029264450e+00
  5.957299999893e+01,  9.999883770943e-01,  2.362063322581e+01,  1.140945553780e+00
  5.967299999297e+01,  1.000018477440e+00,  2.362060312547e+01,  1.138348817825e+00
  5.977299998701e+01,  9.999878406525e-01,  2.362063376226e+01,  1.139962196350e+00
  5.987299999595e+01,  9.999876022339e-01,  2.362063400067e+01,  1.137835502625e+00
  5.997299998999e+01,  9.999755024910e-01,  2.362064610042e+01,  1.139627099037e+00
  6.007299999893e+01,  1.000003218651e+00,  2.362061838426e+01,  1.135674715042e+00
  6.017299999297e+01,  9.999907016754e-01,  2.362063090123e+01,  1.139310956001e+00
  6.027299998701e+01,  1.000003576279e+00,  2.362061802663e+01,  1.138872146606e+00
  6.037299999595e+01,  9.999743103981e-01,  2.362064729251e+01,  1.138971090317e+00
  6.047299998999e+01,  9.999812841415e-01,  2.362064031877e+01,  1.138960242271e+00
  6.057299999893e+01,  9.999899864197e-01,  2.362063161649e+01,  1.137528777122e+00
  6.067299999297e+01,  1.000013351440e+00,  2.362060825147e+01,  1.136363744736e+00
  6.077299998701e+01,  9.999960660934e-01,  2.362062553682e+01,  1.137284994125e+00
  6.087299999595e+01,  1.000025153160e+00,  2.362059644975e+01,  1.136850953102e+00
  6.097299998999e+01,  1.000012636185e+00,  2.362060896672e+01,  1.136889696121e+00
  6.107299999893e+01,  9.999864697456e-01,  2.362063513316e+01,  1.136730790138e+00
  6.117299999297e+01,  9.999935626984e-01,  2.362062804021e+01,  1.135718345642e+00
  6.127299998701e+01,  9.999870061874e-01,  2.362063459672e+01,  1.134952545166e+00
  6.137299999595e+01,  1.000032663345e+00,  2.362058893956e+01,  1.134999275208e+00
  6.147299998999e+01,  1.000008344650e+00,  2.362061325826e+01,  1.135798811913e+00
  6.157299999893e+01,  1.000011920929e+00,  2.362060968198e+01,  1.135221719742e+00
  6.166799999774e+01,  9.999992847443e-01,  2.362062231816e+01,  1.135773897171e+00
  6.166899999976e+01,  9.999996423721e-01,  2.362062196054e+01,  1.135911703110e+00
  6.167199999094e+01,  1.000007510185e+00,  2.362061409272e+01,  1.136354684830e+00
  6.177199999988e+01,  9.999686479568e-01,  2.362065295495e+01,  1.135289072990e+00
  6.185699999332e+01,  9.898230433464e-01,  2.363079855956e+01,  1.131054997444e+00
  6.187699998915e+01,  9.795023798943e-01,  2.364111922301e+01,  1.102290272713e+00
  6.188699999452e+01,  9.689547419548e-01,  2.365166686095e+01,  1.080329060555e+00
  6.189449998736e+01,  9.583651423454e-01,  2.366225646056e+01,  1.074631810188e+00
  6.190099999309e+01,  9.481760859489e-01,  2.367244551696e+01,  1.062623143196e+00
  6.190749999881e+01,  9.373881220818e-01,  2.368323348083e+01,  1.049096226692e+00
  6.191349999607e+01,  9.271761775017e-01,  2.369344542541e+01,  1.034409642220e+00
  6.191949999332e+01,  9.169108271599e-01,  2.370371077575e+01,  1.022862553596e+00
  6.192599999905e+01,  9.062220454216e-01,  2.371439955749e+01,  1.010171055794e+00
  6.193299999833e+01,  8.957888484001e-01,  2.372483275451e+01,  1.002587437630e+00
  6.194099999964e+01,  8.856264948845e-01,  2.373499510802e+01,  9.725353121758e-01
  6.194999998808e+01,  8.750635981560e-01,  2.374555800475e+01,  9.433528780937e-01
  6.195849999785e+01,  8.648664951324e-01,  2.375575510778e+01,  9.219744801521e-01
  6.196649999917e+01,  8.547613620758e-01,  2.376586024083e+01,  9.023211598396e-01
  6.197399999201e+01,  8.446028232574e-01,  2.377601877965e+01,  8.815692067146e-01
  6.198099999130e+01,  8.343718051910e-01,  2.378624979772e+01,  8.675807118416e-01
  6.198799999058e+01,  8.238546848297e-01,  2.379676691808e+01,  8.581660389900e-01
  6.199499998987e+01,  8.136122226715e-01,  2.380700938024e+01,  8.436320424080e-01
  6.200249999762e+01,  8.033010959625e-01,  2.381732050695e+01,  8.284762501717e-01
  6.201099999249e+01,  7.928259372711e-01,  2.382779566564e+01,  8.116496205330e-01
  6.202099999785e+01,  7.823736667633e-01,  2.383824793615e+01,  7.942965626717e-01
  6.203350000083e+01,  7.722437381744e-01,  2.384837786473e+01,  7.688181996346e-01
  6.204699999094e+01,  7.621233463287e-01,  2.385849825658e+01,  7.432292103767e-01
  6.205849999189e+01,  7.520811557770e-01,  2.386854044713e+01,  7.266886830330e-01
  6.206899999082e+01,  7.416059970856e-01,  2.387901560582e+01,  7.127726674080e-01
  6.207849998772e+01,  7.315084934235e-01,  2.388911310949e+01,  7.003443837166e-01
  6.208799999952e+01,  7.214300632477e-01,  2.389919153966e+01,  6.844485402107e-01
  6.209799998999e+01,  7.111761569977e-01,  2.390944544591e+01,  6.669276356697e-01
  6.210849998891e+01,  7.008917331696e-01,  2.391972986974e+01,  6.489718556404e-01
  6.211949999630e+01,  6.905176639557e-01,  2.393010393895e+01,  6.320574879646e-01
  6.213049998879e+01,  6.803762912750e-01,  2.394024531163e+01,  6.154521107674e-01
  6.214149999619e+01,  6.701948642731e-01,  2.395042673864e+01,  5.993464589119e-01
  6.215249998868e+01,  6.598093509674e-01,  2.396081225194e+01,  5.812762379646e-01
  6.216299998760e+01,  6.495211124420e-01,  2.397110049047e+01,  5.631754994392e-01
  6.217299999297e+01,  6.392595767975e-01,  2.398136202611e+01,  5.477107167244e-01
  6.218249998987e+01,  6.291811466217e-01,  2.399144045629e+01,  5.322650074959e-01
  6.219199998677e+01,  6.188929080963e-01,  2.400172869481e+01,  5.172999501228e-01
  6.220149999857e+01,  6.085512638092e-01,  2.401207033910e+01,  5.026896595955e-01
  6.221099999547e+01,  5.983818173409e-01,  2.402223978557e+01,  4.890630245209e-01
  6.222100000083e+01,  5.881584286690e-01,  2.403246317424e+01,  4.716756343842e-01
  6.223149999976e+01,  5.778816342354e-01,  2.404273996867e+01,  4.526937007904e-01
  6.224199999869e+01,  5.677288174629e-01,  2.405289278545e+01,  4.344975948334e-01
  6.225249999762e+01,  5.574138760567e-01,  2.406320772685e+01,  4.188573360443e-01
  6.226249998808e+01,  5.473888516426e-01,  2.407323275127e+01,  4.054334163666e-01
  6.227249999344e+01,  5.372188687325e-01,  2.408340273418e+01,  3.920285701752e-01
  6.228249999881e+01,  5.269992947578e-01,  2.409362230815e+01,  3.789517879486e-01
  6.229249998927e+01,  5.169017910957e-01,  2.410371981181e+01,  3.649556636810e-01
  6.230299998820e+01,  5.064113736153e-01,  2.411421022929e+01,  3.501889705658e-01
  6.231349998713e+01,  4.959629476070e-01,  2.412465865530e+01,  3.332097530365e-01
  6.232349999249e+01,  4.859035909176e-01,  2.413471801199e+01,  3.201520442963e-01
  6.233349999785e+01,  4.758022725582e-01,  2.414481933035e+01,  3.070485591888e-01
  6.234349998832e+01,  4.657696187496e-01,  2.415485198416e+01,  2.954766750336e-01
  6.235399998724e+01,  4.553707540035e-01,  2.416525084891e+01,  2.802598476410e-01
  6.236450000107e+01,  4.450481832027e-01,  2.417557341971e+01,  2.648026943207e-01
  6.237500000000e+01,  4.347370564938e-01,  2.418588454641e+01,  2.487237304449e-01
  6.238549999893e+01,  4.243114888668e-01,  2.419631011404e+01,  2.339646667242e-01
  6.239549998939e+01,  4.142483174801e-01,  2.420637328543e+01,  2.203004211187e-01
  6.240549999475e+01,  4.041965901852e-01,  2.421642501272e+01,  2.078263610601e-01
  6.241550000012e+01,  3.941944539547e-01,  2.422642714895e+01,  1.951463073492e-01
  6.242599999905e+01,  3.837154805660e-01,  2.423690612234e+01,  1.823670715094e-01
  6.243649999797e+01,  3.732212483883e-01,  2.424740035452e+01,  1.679017394781e-01
  6.244649998844e+01,  3.632191121578e-01,  2.425740249075e+01,  1.550385802984e-01
  6.245649999380e+01,  3.532183468342e-01,  2.426740325607e+01,  1.425019204617e-01
  6.246699999273e+01,  3.427279293537e-01,  2.427789367356e+01,  1.308327615261e-01
  6.247749999166e+01,  3.322375118732e-01,  2.428838409104e+01,  1.190339103341e-01
  6.248799999058e+01,  3.217737972736e-01,  2.429884780564e+01,  1.092167869210e-01
  6.249849998951e+01,  3.113520443439e-01,  2.430926955856e+01,  9.838113933802e-02
  6.250899998844e+01,  3.010638058186e-01,  2.431955779709e+01,  8.647546917200e-02
  6.251949998736e+01,  2.908404171467e-01,  2.432978118576e+01,  7.660684734583e-02
  6.253000000119e+01,  2.806818783283e-01,  2.433993972458e+01,  6.576357036829e-02
  6.254050000012e+01,  2.704489529133e-01,  2.435017265000e+01,  5.684861913323e-02
  6.255099999905e+01,  2.600539028645e-01,  2.436056770004e+01,  4.910478368402e-02
  6.256099998951e+01,  2.500098049641e-01,  2.437061179794e+01,  4.157647863030e-02
  6.257099999487e+01,  2.399008572102e-01,  2.438072074570e+01,  3.379831090569e-02
  6.258100000024e+01,  2.297880947590e-01,  2.439083350815e+01,  2.683648839593e-02
  6.259099999070e+01,  2.197630703449e-01,  2.440085853256e+01,  1.900300756097e-02
  6.260149998963e+01,  2.092879116535e-01,  2.441133369126e+01,  1.192865241319e-02
  6.261199998856e+01,  1.988699734211e-01,  2.442175162949e+01,  5.316827911884e-03
  6.262249998748e+01,  1.884291470051e-01,  2.443219245590e+01, -1.057641056832e-04
  6.263300000131e+01,  1.779654324055e-01,  2.444265617050e+01, -5.364801269025e-03
  6.264350000024e+01,  1.674940884113e-01,  2.445312751450e+01, -9.202863089740e-03
  6.265399999917e+01,  1.569998562336e-01,  2.446362174668e+01, -1.163073163480e-02
  6.266399998963e+01,  1.469099819660e-01,  2.447371162094e+01, -1.181502919644e-02
  6.267399999499e+01,  1.368239223957e-01,  2.448379768051e+01, -1.181204896420e-02
  6.268400000036e+01,  1.267264187336e-01,  2.449389518418e+01, -9.738045744598e-03
  6.269399999082e+01,  1.166594251990e-01,  2.450396217771e+01, -9.484487585723e-03
  6.270449998975e+01,  1.061804145575e-01,  2.451444118835e+01, -9.759859181941e-03
  6.271499998868e+01,  9.576629102230e-02,  2.452485531189e+01, -1.069480273873e-02
  6.272549998760e+01,  8.533690869808e-02,  2.453528469421e+01, -1.032900903374e-02
  6.273599998653e+01,  7.487319409847e-02,  2.454574840881e+01, -9.270937182009e-03
  6.274650000036e+01,  6.440566480160e-02,  2.455621593811e+01, -8.320675231516e-03
  6.275699999928e+01,  5.395339429379e-02,  2.456666820861e+01, -7.595704402775e-03
  6.276749999821e+01,  4.352401196957e-02,  2.457709759094e+01, -6.215423345566e-03
  6.277799999714e+01,  3.340171277523e-02,  2.458721989013e+01, -4.326432943344e-03
  6.278949999809e+01,  2.327941358089e-02,  2.459734218933e+01, -2.562790876254e-03
  6.280349999666e+01,  1.306746993214e-02,  2.460755413298e+01, -8.821188239381e-04
  6.282649999857e+01,  3.021464450285e-03,  2.461760013846e+01, -2.872407203540e-03
  6.282899999619e+01,  2.392993075773e-03,  2.461822860983e+01, -3.157078986987e-03
  6.282999999821e+01,  2.157435519621e-03,  2.461846416739e+01, -3.313958412036e-03
  6.283799999952e+01,  6.229734281078e-04,  2.461999862948e+01, -5.321919918060e-03
  6.284099999070e+01,  1.852369314292e-04,  2.462043636598e+01, -6.445348262787e-03
  6.309099999070e+01, -2.153981011361e-03,  2.462277558392e+01, -9.944706223905e-03
  6.309199999273e+01, -2.156411763281e-03,  2.462277801467e+01, -9.918182156980e-03
