           Test time,     Standard travel,     Tool separation,      Standard force
                 0.0,                 0.0,  2.554553590278e+01, -1.286704093218e-02
                 0.0,                 0.0,  2.554553768534e+01, -1.297361403704e-02
                 0.0,                 0.0,  2.554553724668e+01, -1.241268962622e-02
                 0.0,                 0.0,  2.554554726771e+01, -1.157202571630e-02
                 0.0,                 0.0,  2.554554799415e+01, -1.146926730871e-02
                 0.0,                 0.0,  2.554556714152e+01, -1.137524098158e-02
  0.000000000000e+00,  0.000000000000e+00,  2.554556000759e+01, -1.118426769972e-02
  8.000001311302e-03, -2.694316208363e-05,  2.554558695075e+01, -1.096148043871e-02
  1.099999248981e-02, -2.913922071457e-05,  2.554558914681e+01, -1.069659739733e-02
  1.299999654293e-02, -2.437457442284e-05,  2.554558438216e+01, -1.057834178209e-02
  1.399999856949e-02, -2.692267298698e-05,  2.554558693026e+01, -1.051826030016e-02
  1.145000010729e-01, -5.363169475459e-05,  2.554561363928e+01, -8.854199200869e-03
  2.149999886751e-01, -2.323399530724e-05,  2.554558324159e+01, -1.211588084698e-02
  3.149999976158e-01, -3.314140121802e-05,  2.554559314899e+01, -9.958236478269e-03
  4.155000001192e-01,  2.668312517926e-03,  2.554289169507e+01, -1.118831057101e-02
  4.554999917746e-01,  1.273529883474e-02,  2.553282470875e+01, -6.693844217807e-03
  4.724999964237e-01,  2.299015782773e-02,  2.552256984976e+01,  6.833608727902e-03
  4.825000017881e-01,  3.327747806907e-02,  2.551228252952e+01,  1.711875200272e-02
  4.899999946356e-01,  4.353519901633e-02,  2.550202480857e+01,  8.678734302521e-03
  4.965000003576e-01,  5.357166752219e-02,  2.549198834007e+01,  2.800285816193e-03
  5.029999911785e-01,  6.430240720510e-02,  2.548125760038e+01, -2.347648143768e-03
  5.089999884367e-01,  7.452198117971e-02,  2.547103802641e+01, -5.022704601288e-03
  5.150000005960e-01,  8.479114621878e-02,  2.546076886137e+01, -1.170605421066e-02
  5.214999914169e-01,  9.557148069143e-02,  2.544998852690e+01, -1.456731557846e-02
  5.279999971390e-01,  1.058711633086e-01,  2.543968884428e+01, -2.239269018173e-02
  5.349999964237e-01,  1.159381493926e-01,  2.542962185820e+01, -2.215331792831e-02
  5.429999977350e-01,  1.264247596264e-01,  2.541913524796e+01, -1.446098089218e-02
  5.509999990463e-01,  1.364993751049e-01,  2.540906063248e+01, -9.649217128754e-03
  5.594999939203e-01,  1.471194922924e-01,  2.539844051530e+01, -6.314218044281e-03
  5.674999952316e-01,  1.573238074780e-01,  2.538823620011e+01, -3.439128398895e-03
  5.754999965429e-01,  1.679629981518e-01,  2.537759700944e+01, -3.174431622028e-03
  5.829999893904e-01,  1.782436072826e-01,  2.536731640031e+01, -6.544716656208e-03
  5.904999971390e-01,  1.884822547436e-01,  2.535707775285e+01, -1.027835160494e-02
  5.984999984503e-01,  1.989955604076e-01,  2.534656444718e+01, -1.418364793062e-02
  6.069999933243e-01,  2.094096839428e-01,  2.533615032365e+01, -1.771701127291e-02
  6.164999902248e-01,  2.197589576244e-01,  2.532580104997e+01, -2.064550668001e-02
  6.274999976158e-01,  2.298431098461e-01,  2.531571689774e+01, -1.752544194460e-02
  6.404999941587e-01,  2.402229011059e-01,  2.530533710648e+01, -4.463918507099e-03
  6.524999886751e-01,  2.504176795483e-01,  2.529514232804e+01,  2.495519816875e-03
  6.630000025034e-01,  2.604789435863e-01,  2.528508106400e+01,  2.261467278004e-03
  6.729999929667e-01,  2.708320319653e-01,  2.527472797562e+01,  1.755729754223e-04
  6.824999898672e-01,  2.809638679028e-01,  2.526459613969e+01, -3.538988530636e-03
  6.924999952316e-01,  2.914085090160e-01,  2.525415149857e+01, -5.700908601284e-03
  7.029999941587e-01,  3.018264472485e-01,  2.524373356034e+01, -4.784848541021e-03
  7.140000015497e-01,  3.122863471508e-01,  2.523327366044e+01, -1.087930053473e-03
  7.249999940395e-01,  3.226350843906e-01,  2.522292492320e+01,  6.132338894531e-04
  7.360000014305e-01,  3.330244123936e-01,  2.521253559520e+01,  8.165155304596e-04
  7.469999939203e-01,  3.434137403965e-01,  2.520214626719e+01,  2.851188583008e-05
  7.580000013113e-01,  3.537248671055e-01,  2.519183514048e+01,  4.958197241649e-04
  7.689999938011e-01,  3.640569746494e-01,  2.518150303294e+01,  3.072171006352e-03
  7.794999927282e-01,  3.742822706699e-01,  2.517127773692e+01,  9.190944954753e-03
  7.889999896288e-01,  3.842996656895e-01,  2.516126034190e+01,  1.155653409660e-02
  7.979999929667e-01,  3.945230543613e-01,  2.515103695323e+01,  9.691989049315e-03
  8.069999963045e-01,  4.050325453281e-01,  2.514052746226e+01,  6.891048047692e-03
  8.159999996424e-01,  4.152902662754e-01,  2.513026974131e+01,  3.509318921715e-03
  8.254999965429e-01,  4.254640638828e-01,  2.512009594371e+01,  1.148498035036e-03
  8.359999954700e-01,  4.356683790684e-01,  2.510989162852e+01,  4.358640406281e-03
  8.474999964237e-01,  4.460786879063e-01,  2.509948131968e+01,  1.264988444746e-02
  8.584999889135e-01,  4.562048017979e-01,  2.508935520579e+01,  1.667844317853e-02
  8.690000027418e-01,  4.665044844151e-01,  2.507905552317e+01,  1.795253716409e-02
  8.789999932051e-01,  4.767507612705e-01,  2.506880924632e+01,  1.552448235452e-02
  8.889999985695e-01,  4.870771467686e-01,  2.505848286082e+01,  1.313600502908e-02
  8.989999890327e-01,  4.971517622471e-01,  2.504840824534e+01,  1.268297992647e-02
  9.094999879599e-01,  5.073789358139e-01,  2.503818107178e+01,  1.532513462007e-02
  9.200000017881e-01,  5.174955129623e-01,  2.502806449463e+01,  1.862484775484e-02
  9.305000007153e-01,  5.277131795883e-01,  2.501784682800e+01,  2.223831973970e-02
  9.409999996424e-01,  5.382188558578e-01,  2.500734115173e+01,  2.412397228181e-02
  9.509999901056e-01,  5.484727621078e-01,  2.499708724548e+01,  2.184653840959e-02
  9.609999954700e-01,  5.587419271469e-01,  2.498681808044e+01,  2.089139632881e-02
  9.710000008345e-01,  5.689042806625e-01,  2.497665572693e+01,  2.028672210872e-02
  9.814999997616e-01,  5.793933272362e-01,  2.496616668035e+01,  2.173768356442e-02
  9.919999986887e-01,  5.896586775780e-01,  2.495590133001e+01,  2.328241243958e-02
  1.002499997616e+00,  5.997714400291e-01,  2.494578856756e+01,  2.752578631043e-02
  1.012999996543e+00,  6.100329756737e-01,  2.493552703192e+01,  3.102100268006e-02
  1.023000001907e+00,  6.200580000877e-01,  2.492550200750e+01,  3.299463167787e-02
  1.032999992371e+00,  6.302775740623e-01,  2.491528243353e+01,  3.220243006945e-02
  1.042999997735e+00,  6.405047774315e-01,  2.490505523016e+01,  3.310180455446e-02
  1.052999988198e+00,  6.507129073143e-01,  2.489484710028e+01,  3.448744118214e-02
  1.062999993563e+00,  6.608104109764e-01,  2.488474959661e+01,  3.419174253941e-02
  1.073499992490e+00,  6.712588667870e-01,  2.487430114080e+01,  3.548054397106e-02
  1.083999991417e+00,  6.816310286522e-01,  2.486392897894e+01,  3.739266097546e-02
  1.094499990344e+00,  6.920222640038e-01,  2.485353774359e+01,  3.766848519444e-02
  1.104999989271e+00,  7.023982405663e-01,  2.484316176702e+01,  3.847463801503e-02
  1.115499988198e+00,  7.128505110741e-01,  2.483270949652e+01,  4.020601883531e-02
  1.126000002027e+00,  7.232989668846e-01,  2.482226104071e+01,  4.075542464852e-02
  1.136500000954e+00,  7.337130904198e-01,  2.481184691717e+01,  4.332319274545e-02
  1.146999999881e+00,  7.441653609276e-01,  2.480139464666e+01,  4.418440535665e-02
  1.157499998808e+00,  7.545832991600e-01,  2.479097670843e+01,  4.513641074300e-02
  1.167999997735e+00,  7.649020552635e-01,  2.478065795233e+01,  4.692359641194e-02
  1.178499996662e+00,  7.752971053123e-01,  2.477026290228e+01,  4.874666407704e-02
  1.188999995589e+00,  7.857112288475e-01,  2.475984877874e+01,  4.953186586499e-02
  1.199499994516e+00,  7.961062788963e-01,  2.474945372869e+01,  5.149983242154e-02
  1.209999993443e+00,  8.065356612206e-01,  2.473902434637e+01,  5.196750536561e-02
  1.220499992371e+00,  8.169116377831e-01,  2.472864836981e+01,  5.384171381593e-02
  1.230999991298e+00,  8.271647095680e-01,  2.471839529802e+01,  5.553934350610e-02
  1.241499990225e+00,  8.374357819557e-01,  2.470812422563e+01,  5.702266469598e-02
  1.251999989152e+00,  8.478422760963e-01,  2.469771773149e+01,  5.940464511514e-02
  1.261999994516e+00,  8.578444123268e-01,  2.468771559526e+01,  6.014028564095e-02
  1.271999999881e+00,  8.678694367409e-01,  2.467769057085e+01,  6.094408407807e-02
  1.281999990344e+00,  8.780203461647e-01,  2.466753966142e+01,  6.289172917604e-02
  1.291999995708e+00,  8.881788849831e-01,  2.465738112261e+01,  6.325147300959e-02
  1.302000001073e+00,  8.982115387917e-01,  2.464734846880e+01,  6.333994120359e-02
  1.312500000000e+00,  9.086065888405e-01,  2.463695341875e+01,  6.618737429380e-02
  1.322999998927e+00,  9.190397858620e-01,  2.462652022173e+01,  6.742804497480e-02
  1.333499997854e+00,  9.295187592506e-01,  2.461604124834e+01,  6.905763596296e-02
  1.343499988317e+00,  9.396200776100e-01,  2.460593992998e+01,  7.028817385435e-02
  1.353499993682e+00,  9.498053193092e-01,  2.459575468828e+01,  7.154934853315e-02
  1.363499999046e+00,  9.598990082741e-01,  2.458566099932e+01,  7.041581720114e-02
  1.373999997973e+00,  9.699087738991e-01,  2.457565123369e+01,  6.908496469259e-02
  1.385999992490e+00,  9.799471497536e-01,  2.456561285784e+01,  6.650861352682e-02
  1.401999995112e+00,  9.899664521217e-01,  2.455559355547e+01,  6.637846678495e-02
  1.424999997020e+00,  9.978299736977e-01,  2.454773003389e+01,  7.043563574553e-02
  1.525499999523e+00,  1.003196477890e+00,  2.454236352970e+01,  7.986669242382e-02
  1.626000002027e+00,  1.002682685852e+00,  2.454287732174e+01,  7.876384258270e-02
  1.726499989629e+00,  1.001875638962e+00,  2.454368436863e+01,  7.651556283236e-02
  1.826499998569e+00,  1.001259922981e+00,  2.454430008461e+01,  7.780031859875e-02
  1.927000001073e+00,  1.000891447067e+00,  2.454466856052e+01,  7.657492160797e-02
  2.027499988675e+00,  1.000596642494e+00,  2.454496336510e+01,  7.934129238129e-02
  2.127499997616e+00,  1.000417113304e+00,  2.454514289429e+01,  7.782077044249e-02
  2.228000000119e+00,  1.000245690346e+00,  2.454531431724e+01,  7.710601389408e-02
  2.328500002623e+00,  1.000169515610e+00,  2.454539049198e+01,  7.606269419193e-02
  2.428999990225e+00,  1.000124335289e+00,  2.454543567230e+01,  7.524748891592e-02
  2.528999999166e+00,  1.000089645386e+00,  2.454547036220e+01,  7.602167874575e-02
  2.629500001669e+00,  1.000036120415e+00,  2.454552388717e+01,  7.310729473829e-02
  2.729999989271e+00,  1.000004172325e+00,  2.454555583526e+01,  7.770696282387e-02
  2.829999998212e+00,  1.000009536743e+00,  2.454555047085e+01,  7.671993970871e-02
  2.930500000715e+00,  9.999926090240e-01,  2.454556739857e+01,  7.626574486494e-02
  3.030999988317e+00,  1.000022053719e+00,  2.454553795387e+01,  7.795140892267e-02
  3.130999997258e+00,  9.999933838844e-01,  2.454556662371e+01,  7.507865875959e-02
  3.231499999762e+00,  9.999880194664e-01,  2.454557198812e+01,  7.572159171104e-02
  3.332000002265e+00,  1.000034689903e+00,  2.454552531769e+01,  7.433917373419e-02
  3.432499989867e+00,  1.000004053116e+00,  2.454555595447e+01,  7.313762605190e-02
  3.532499998808e+00,  1.000010609627e+00,  2.454554939796e+01,  7.373525202274e-02
  3.633000001311e+00,  9.999896883965e-01,  2.454557031919e+01,  7.353611290455e-02
  3.733499988914e+00,  9.999880790710e-01,  2.454557192852e+01,  7.280469685793e-02
  3.833499997854e+00,  9.999843239784e-01,  2.454557568361e+01,  7.188100367785e-02
  3.934000000358e+00,  9.999747276306e-01,  2.454558527996e+01,  7.259713113308e-02
  4.034499987960e+00,  9.999732971191e-01,  2.454558671047e+01,  7.270234078169e-02
  4.134499996901e+00,  9.999763369560e-01,  2.454558367063e+01,  7.206411659718e-02
  4.234999999404e+00,  1.000005602837e+00,  2.454555440475e+01,  7.339794188738e-02
  4.335500001907e+00,  9.999877214432e-01,  2.454557228615e+01,  7.454567402601e-02
  4.435999989510e+00,  9.999938607216e-01,  2.454556614687e+01,  7.109972834587e-02
  4.535999998450e+00,  9.999954104424e-01,  2.454556459715e+01,  7.401822507381e-02
  4.636500000954e+00,  1.000015616417e+00,  2.454554439117e+01,  7.293847948313e-02
  4.736999988556e+00,  1.000033974648e+00,  2.454552603294e+01,  7.282727211714e-02
  4.836999997497e+00,  9.999957084656e-01,  2.454556429912e+01,  7.419649511576e-02
  4.937500000000e+00,  1.000011563301e+00,  2.454554844429e+01,  7.180295139551e-02
  5.038000002503e+00,  1.000013351440e+00,  2.454554665615e+01,  7.287979871035e-02
  5.138499990106e+00,  9.999955892563e-01,  2.454556441833e+01,  7.114305347204e-02
  5.238499999046e+00,  1.000030875206e+00,  2.454552913238e+01,  7.144661247730e-02
  5.339000001550e+00,  1.000037670135e+00,  2.454552233745e+01,  7.284791022539e-02
  5.439499989152e+00,  9.999877810478e-01,  2.454557222654e+01,  7.295852154493e-02
  5.539499998093e+00,  9.999859333038e-01,  2.454557407429e+01,  7.426139712334e-02
  5.640000000596e+00,  9.999999403954e-01,  2.454556006719e+01,  7.262308150530e-02
  5.740499988198e+00,  9.999899268150e-01,  2.454557008077e+01,  7.338359206915e-02
  5.840499997139e+00,  1.000006556511e+00,  2.454555345108e+01,  7.207920402288e-02
  5.940999999642e+00,  9.999979734421e-01,  2.454556203415e+01,  7.447371631861e-02
  6.040999993682e+00,  1.000016808510e+00,  2.454554319908e+01,  7.159251719713e-02
  6.141000002623e+00,  9.999868869781e-01,  2.454557312061e+01,  7.088984549046e-02
  6.240999996662e+00,  9.999842643738e-01,  2.454557574322e+01,  7.209374010563e-02
  6.340999990702e+00,  1.000017881393e+00,  2.454554212620e+01,  7.238794118166e-02
  6.440999999642e+00,  1.000027179718e+00,  2.454553282787e+01,  7.402316480875e-02
  6.540999993682e+00,  1.000044941902e+00,  2.454551506569e+01,  7.267162203789e-02
  6.641000002623e+00,  1.000006198883e+00,  2.454555380871e+01,  7.127436995506e-02
  6.740999996662e+00,  1.000033736229e+00,  2.454552627136e+01,  7.479827105999e-02
  6.840999990702e+00,  1.000027775764e+00,  2.454553223183e+01,  7.177776098251e-02
  6.940999999642e+00,  9.999811053276e-01,  2.454557890226e+01,  7.234890013933e-02
  7.040999993682e+00,  1.000004768372e+00,  2.454555523922e+01,  7.048088312149e-02
  7.141000002623e+00,  9.999967813492e-01,  2.454556322624e+01,  7.081535458565e-02
  7.240999996662e+00,  9.999890923500e-01,  2.454557091524e+01,  6.964536011219e-02
  7.340999990702e+00,  1.000021934509e+00,  2.454553807308e+01,  7.134608924389e-02
  7.440999999642e+00,  1.000031232834e+00,  2.454552877476e+01,  7.075119763613e-02
  7.540999993682e+00,  1.000013470650e+00,  2.454554653694e+01,  7.304193079472e-02
  7.641000002623e+00,  1.000007271767e+00,  2.454555273582e+01,  7.274135202169e-02
  7.740999996662e+00,  1.000014305115e+00,  2.454554570247e+01,  7.260559499264e-02
  7.840999990702e+00,  1.000030636787e+00,  2.454552937080e+01,  7.174241542816e-02
  7.940999999642e+00,  1.000015377998e+00,  2.454554462959e+01,  6.990855187178e-02
  8.040999993682e+00,  9.999931454659e-01,  2.454556686212e+01,  7.231803238392e-02
  8.141000002623e+00,  9.999973177910e-01,  2.454556268980e+01,  6.887832283974e-02
  8.240999996662e+00,  1.000041365623e+00,  2.454551864197e+01,  7.154815644026e-02
  8.340999990702e+00,  1.000000476837e+00,  2.454555953075e+01,  7.028553634882e-02
  8.440999999642e+00,  1.000039696693e+00,  2.454552031090e+01,  7.020586729050e-02
  8.540999993682e+00,  1.000001549721e+00,  2.454555845787e+01,  7.173046469688e-02
  8.641000002623e+00,  1.000027179718e+00,  2.454553282787e+01,  7.342185080051e-02
  8.740999996662e+00,  1.000008463860e+00,  2.454555154373e+01,  7.378406822681e-02
  8.840999990702e+00,  1.000036120415e+00,  2.454552388717e+01,  7.222528010607e-02
  8.940999999642e+00,  9.999718666077e-01,  2.454558814098e+01,  7.178017497063e-02
  9.040999993682e+00,  1.000019907951e+00,  2.454554009964e+01,  6.961948424578e-02
  9.141000002623e+00,  1.000022649765e+00,  2.454553735782e+01,  7.188142836094e-02
  9.240999996662e+00,  9.999864697456e-01,  2.454557353784e+01,  7.156760990620e-02
  9.340999990702e+00,  1.000029087067e+00,  2.454553092052e+01,  7.207296788692e-02
  9.440999999642e+00,  1.000011086464e+00,  2.454554892113e+01,  7.108206301928e-02
  9.540999993682e+00,  1.000030279160e+00,  2.454552972843e+01,  7.088720053434e-02
  9.641000002623e+00,  9.999943375587e-01,  2.454556567003e+01,  7.289226353168e-02
  9.740999996662e+00,  1.000008702278e+00,  2.454555130531e+01,  7.004369050264e-02
  9.840999990702e+00,  1.000015497208e+00,  2.454554451038e+01,  7.385119795799e-02
  9.940999999642e+00,  9.999902248383e-01,  2.454556978275e+01,  7.163403928280e-02
  1.004099999368e+01,  1.000007033348e+00,  2.454555297424e+01,  7.194010913372e-02
  1.014100000262e+01,  1.000022172928e+00,  2.454553783466e+01,  7.246639579535e-02
  1.024099999666e+01,  1.000013828278e+00,  2.454554617931e+01,  7.200558483601e-02
  1.034099999070e+01,  1.000002145767e+00,  2.454555786182e+01,  7.002574205399e-02
  1.044099999964e+01,  9.999995231628e-01,  2.454556048443e+01,  7.274851948023e-02
  1.054099999368e+01,  1.000010490417e+00,  2.454554951717e+01,  7.213833928108e-02
  1.064100000262e+01,  9.999822378159e-01,  2.454557776977e+01,  7.089620828629e-02
  1.074099999666e+01,  9.999843835831e-01,  2.454557562401e+01,  7.404012233019e-02
  1.084099999070e+01,  1.000005483627e+00,  2.454555452396e+01,  7.069554924965e-02
  1.094099999964e+01,  1.000012516975e+00,  2.454554749061e+01,  7.381265610456e-02
  1.104099999368e+01,  1.000010371208e+00,  2.454554963638e+01,  7.115728408098e-02
  1.114100000262e+01,  9.999725222588e-01,  2.454558748533e+01,  7.205463200808e-02
  1.124099999666e+01,  1.000017166138e+00,  2.454554284145e+01,  7.385817915201e-02
  1.134099999070e+01,  1.000033378601e+00,  2.454552662899e+01,  7.270589470863e-02
  1.144099999964e+01,  1.000000119209e+00,  2.454555988838e+01,  7.224759459496e-02
  1.154099999368e+01,  9.999734759331e-01,  2.454558653166e+01,  7.283706218004e-02
  1.164100000262e+01,  1.000002622604e+00,  2.454555738499e+01,  7.267825305462e-02
  1.174099999666e+01,  9.999987483025e-01,  2.454556125929e+01,  7.195349782705e-02
  1.184099999070e+01,  9.999983310699e-01,  2.454556167652e+01,  7.080350816250e-02
  1.194099999964e+01,  9.999880194664e-01,  2.454557198812e+01,  7.003460824490e-02
  1.204099999368e+01,  9.999823570251e-01,  2.454557765056e+01,  7.069925963879e-02
  1.214100000262e+01,  1.000010013580e+00,  2.454554999401e+01,  7.021900266409e-02
  1.224099999666e+01,  1.000023484230e+00,  2.454553652336e+01,  7.187412679195e-02
  1.234099999070e+01,  1.000008463860e+00,  2.454555154373e+01,  7.246956974268e-02
  1.244099999964e+01,  1.000001192093e+00,  2.454555881550e+01,  7.143925130367e-02
  1.254099999368e+01,  1.000010371208e+00,  2.454554963638e+01,  6.984422355890e-02
  1.264100000262e+01,  9.999800920486e-01,  2.454557991554e+01,  6.815294921398e-02
  1.274099999666e+01,  9.999346733093e-01,  2.454562533428e+01,  7.470096647739e-02
  1.284099999070e+01,  9.999603629112e-01,  2.454559964468e+01,  7.264220714569e-02
  1.294099999964e+01,  1.000012397766e+00,  2.454554760982e+01,  7.090105116367e-02
  1.304099999368e+01,  9.999721646309e-01,  2.454558784296e+01,  7.182458043098e-02
  1.314100000262e+01,  9.999838471413e-01,  2.454557616045e+01,  7.245903462172e-02
  1.324099999666e+01,  9.999901652336e-01,  2.454556984236e+01,  7.165687531233e-02
  1.334099999070e+01,  1.000008344650e+00,  2.454555166294e+01,  7.308419048786e-02
  1.344099999964e+01,  9.999798536301e-01,  2.454558015396e+01,  7.007803767920e-02
  1.354099999368e+01,  9.999982714653e-01,  2.454556173612e+01,  7.192344218493e-02
  1.364100000262e+01,  1.000008106232e+00,  2.454555190136e+01,  7.211654633284e-02
  1.374099999666e+01,  1.000013947487e+00,  2.454554606010e+01,  7.404678314924e-02
  1.384099999070e+01,  1.000023961067e+00,  2.454553604652e+01,  7.092588394880e-02
  1.394099999964e+01,  1.000031828880e+00,  2.454552817871e+01,  7.300135493279e-02
  1.404099999368e+01,  1.000017404556e+00,  2.454554260303e+01,  7.295871526003e-02
  1.414100000262e+01,  1.000000357628e+00,  2.454555964996e+01,  7.243813574314e-02
  1.424099999666e+01,  1.000008940697e+00,  2.454555106689e+01,  7.107129693031e-02
  1.434099999070e+01,  1.000009894371e+00,  2.454555011322e+01,  6.948442012072e-02
  1.444099999964e+01,  9.999877810478e-01,  2.454557222654e+01,  7.219947129488e-02
  1.454099999368e+01,  1.000017404556e+00,  2.454554260303e+01,  7.167960703373e-02
  1.464100000262e+01,  1.000010967255e+00,  2.454554904034e+01,  7.392947375774e-02
  1.474099999666e+01,  9.999886751175e-01,  2.454557133247e+01,  7.329205423594e-02
  1.484099999070e+01,  9.999943971634e-01,  2.454556561043e+01,  7.099136710167e-02
  1.494099999964e+01,  1.000002980232e+00,  2.454555702736e+01,  7.464621961117e-02
  1.504099999368e+01,  1.000004887581e+00,  2.454555512001e+01,  7.241877168417e-02
  1.514100000262e+01,  1.000007033348e+00,  2.454555297424e+01,  7.271146029234e-02
  1.524099999666e+01,  1.000016927719e+00,  2.454554307987e+01,  7.229988276958e-02
  1.534099999070e+01,  1.000019192696e+00,  2.454554081489e+01,  7.100556045771e-02
  1.544099999964e+01,  1.000035762787e+00,  2.454552424480e+01,  7.008071243763e-02
  1.554099999368e+01,  9.999746680260e-01,  2.454558533956e+01,  7.044287770987e-02
  1.564100000262e+01,  9.999997615814e-01,  2.454556024601e+01,  7.135881483555e-02
  1.574099999666e+01,  9.999911785126e-01,  2.454556882908e+01,  7.258956879377e-02
  1.584099999070e+01,  1.000021696091e+00,  2.454553831150e+01,  7.313589751720e-02
  1.594099999964e+01,  9.999784231186e-01,  2.454558158447e+01,  7.031106948853e-02
  1.604099999368e+01,  1.000050067902e+00,  2.454550993969e+01,  7.128550112247e-02
  1.614100000262e+01,  9.999833106995e-01,  2.454557669689e+01,  7.160360366106e-02
  1.624099999666e+01,  1.000004529953e+00,  2.454555547764e+01,  7.569607347250e-02
  1.634099999070e+01,  9.999978542328e-01,  2.454556215336e+01,  7.026948779821e-02
  1.644099999964e+01,  1.000012159348e+00,  2.454554784824e+01,  7.432853430510e-02
  1.654099999368e+01,  1.000009059906e+00,  2.454555094768e+01,  7.198628783226e-02
  1.664100000262e+01,  9.999785423279e-01,  2.454558146526e+01,  7.339747250080e-02
  1.674099999666e+01,  1.000001788139e+00,  2.454555821945e+01,  7.217593491077e-02
  1.684099999070e+01,  1.000007867813e+00,  2.454555213978e+01,  7.101237773895e-02
  1.694099999964e+01,  1.000007510185e+00,  2.454555249740e+01,  7.149138301611e-02
  1.704099999368e+01,  1.000012636185e+00,  2.454554737141e+01,  6.958178430796e-02
  1.714100000262e+01,  9.999875426292e-01,  2.454557246496e+01,  7.201255857944e-02
  1.724099999666e+01,  1.000001907349e+00,  2.454555810024e+01,  7.090485841036e-02
  1.734099999070e+01,  1.000003814697e+00,  2.454555619289e+01,  7.181551307440e-02
  1.744099999964e+01,  1.000014901161e+00,  2.454554510643e+01,  7.117049396038e-02
  1.754099999368e+01,  9.999774098396e-01,  2.454558259775e+01,  7.090748101473e-02
  1.764100000262e+01,  9.999928474426e-01,  2.454556716015e+01,  7.491788268089e-02
  1.774099999666e+01,  9.999976158142e-01,  2.454556239178e+01,  7.166731357574e-02
  1.784099999070e+01,  1.000023365021e+00,  2.454553664257e+01,  7.165146619081e-02
  1.794099999964e+01,  9.999831318855e-01,  2.454557687570e+01,  7.238550484180e-02
  1.804099999368e+01,  1.000018477440e+00,  2.454554153015e+01,  7.042287290096e-02
  1.814100000262e+01,  1.000024795532e+00,  2.454553521206e+01,  6.942032277584e-02
  1.824099999666e+01,  9.999978542328e-01,  2.454556215336e+01,  7.040029764175e-02
  1.834099999070e+01,  1.000009536743e+00,  2.454555047085e+01,  7.194247096777e-02
  1.844099999964e+01,  1.000033855438e+00,  2.454552615215e+01,  7.107457518578e-02
  1.854099999368e+01,  1.000030875206e+00,  2.454552913238e+01,  7.201217114925e-02
  1.864100000262e+01,  1.000000000000e+00,  2.454556000759e+01,  7.328706979752e-02
  1.874099999666e+01,  1.000009536743e+00,  2.454555047085e+01,  7.164092361927e-02
  1.884099999070e+01,  1.000012636185e+00,  2.454554737141e+01,  7.336843013763e-02
  1.894099999964e+01,  1.000011682510e+00,  2.454554832508e+01,  7.048010081053e-02
  1.904099999368e+01,  1.000024795532e+00,  2.454553521206e+01,  7.138109952211e-02
  1.914100000262e+01,  9.999938607216e-01,  2.454556614687e+01,  7.175852358341e-02
  1.924099999666e+01,  1.000001072884e+00,  2.454555893471e+01,  7.204563170671e-02
  1.934099999070e+01,  9.999637007713e-01,  2.454559630682e+01,  6.926535069942e-02
  1.944099999964e+01,  9.999814033508e-01,  2.454557860424e+01,  7.047422975302e-02
  1.954099999368e+01,  9.999805688858e-01,  2.454557943870e+01,  6.962684541941e-02
  1.964100000262e+01,  9.999721646309e-01,  2.454558784296e+01,  7.139568775892e-02
  1.974099999666e+01,  1.000039339066e+00,  2.454552066852e+01,  7.145717740059e-02
  1.984099999070e+01,  1.000000000000e+00,  2.454556000759e+01,  6.969704478979e-02
  1.994099999964e+01,  1.000003814697e+00,  2.454555619289e+01,  7.148508727551e-02
  2.004099999368e+01,  9.999799728394e-01,  2.454558003475e+01,  7.152522355318e-02
  2.014100000262e+01,  1.000009775162e+00,  2.454555023243e+01,  7.298677414656e-02
  2.024099999666e+01,  1.000006198883e+00,  2.454555380871e+01,  7.219657301903e-02
  2.034099999070e+01,  1.000004529953e+00,  2.454555547764e+01,  7.282549142838e-02
  2.044099999964e+01,  9.999580383301e-01,  2.454560196926e+01,  7.346301525831e-02
  2.054099999368e+01,  1.000007867813e+00,  2.454555213978e+01,  7.196705788374e-02
  2.064100000262e+01,  1.000026941299e+00,  2.454553306629e+01,  7.109569758177e-02
  2.074099999666e+01,  9.999834895134e-01,  2.454557651808e+01,  6.925954669714e-02
  2.084099999070e+01,  1.000041604042e+00,  2.454551840355e+01,  7.166807353497e-02
  2.094099999964e+01,  9.999948740005e-01,  2.454556513359e+01,  7.242798060179e-02
  2.104099999368e+01,  9.999915957451e-01,  2.454556841184e+01,  7.117943465710e-02
  2.114100000262e+01,  9.999879002571e-01,  2.454557210733e+01,  7.206152379513e-02
  2.124099999666e+01,  1.000022172928e+00,  2.454553783466e+01,  7.193588465452e-02
  2.134099999070e+01,  1.000023961067e+00,  2.454553604652e+01,  7.209946215153e-02
  2.144099999964e+01,  1.000007629395e+00,  2.454555237820e+01,  7.187876850367e-02
  2.154099999368e+01,  9.999873042107e-01,  2.454557270338e+01,  7.383587956429e-02
  2.164100000262e+01,  1.000015854836e+00,  2.454554415275e+01,  7.359424978495e-02
  2.174099999666e+01,  9.999703168869e-01,  2.454558969070e+01,  7.166714966297e-02
  2.184099999070e+01,  1.000015735626e+00,  2.454554427196e+01,  7.085710018873e-02
  2.194099999964e+01,  1.000023007393e+00,  2.454553700020e+01,  7.192951440811e-02
  2.204099999368e+01,  9.999958276749e-01,  2.454556417991e+01,  7.315061986446e-02
  2.214100000262e+01,  9.999989271164e-01,  2.454556108047e+01,  7.048399746418e-02
  2.224099999666e+01,  1.000005125999e+00,  2.454555488159e+01,  7.333956658840e-02
  2.234099999070e+01,  1.000001072884e+00,  2.454555893471e+01,  7.033620774746e-02
  2.244099999964e+01,  1.000019550323e+00,  2.454554045727e+01,  7.203020155430e-02
  2.254099999368e+01,  1.000004410744e+00,  2.454555559685e+01,  7.049865275621e-02
  2.264100000262e+01,  1.000004768372e+00,  2.454555523922e+01,  7.061157375574e-02
  2.274099999666e+01,  9.999817609787e-01,  2.454557824661e+01,  7.036893069744e-02
  2.284099999070e+01,  9.999971389771e-01,  2.454556286861e+01,  7.359442114830e-02
  2.294099999964e+01,  9.999845623970e-01,  2.454557544519e+01,  7.114536315203e-02
  2.304099999368e+01,  1.000016570091e+00,  2.454554343750e+01,  7.059802114964e-02
  2.314100000262e+01,  9.999944567680e-01,  2.454556555082e+01,  7.228373736143e-02
  2.324099999666e+01,  9.999856352806e-01,  2.454557437231e+01,  7.208345085382e-02
  2.334099999070e+01,  9.999823570251e-01,  2.454557765056e+01,  7.240635901690e-02
  2.344099999964e+01,  1.000039935112e+00,  2.454552007248e+01,  7.107619196177e-02
  2.354099999368e+01,  1.000020027161e+00,  2.454553998043e+01,  7.293744385242e-02
  2.364100000262e+01,  1.000016808510e+00,  2.454554319908e+01,  7.278834283352e-02
  2.374099999666e+01,  1.000010371208e+00,  2.454554963638e+01,  6.954948604107e-02
  2.384099999070e+01,  9.999943971634e-01,  2.454556561043e+01,  7.160624116659e-02
  2.394099999964e+01,  1.000021338463e+00,  2.454553866913e+01,  7.090149819851e-02
  2.404099999368e+01,  9.999814033508e-01,  2.454557860424e+01,  7.294825464487e-02
  2.414100000262e+01,  1.000009179115e+00,  2.454555082847e+01,  7.266751676798e-02
  2.424099999666e+01,  9.999985098839e-01,  2.454556149771e+01,  7.142750173807e-02
  2.434099999070e+01,  1.000010013580e+00,  2.454554999401e+01,  7.372232526541e-02
  2.444099999964e+01,  1.000005006790e+00,  2.454555500080e+01,  7.301867008209e-02
  2.454099999368e+01,  9.999600648880e-01,  2.454559994270e+01,  6.963571161032e-02
  2.464100000262e+01,  9.999938011169e-01,  2.454556620647e+01,  7.105886191130e-02
  2.474099999666e+01,  9.999802708626e-01,  2.454557973673e+01,  7.119660824537e-02
  2.484099999070e+01,  9.999734163284e-01,  2.454558659126e+01,  7.087854295969e-02
  2.494099999964e+01,  9.999746084213e-01,  2.454558539917e+01,  7.111571729183e-02
  2.504099999368e+01,  1.000018715858e+00,  2.454554129173e+01,  6.908834725618e-02
  2.514100000262e+01,  9.999828934669e-01,  2.454557711412e+01,  7.148810476065e-02
  2.524099999666e+01,  1.000009417534e+00,  2.454555059006e+01,  7.182940095663e-02
  2.534099999070e+01,  1.000000596046e+00,  2.454555941154e+01,  7.254085689783e-02
  2.544099999964e+01,  9.999945163727e-01,  2.454556549122e+01,  7.147310674191e-02
  2.554099999368e+01,  9.999981522560e-01,  2.454556185533e+01,  7.243263721466e-02
  2.564100000262e+01,  9.999853968620e-01,  2.454557461073e+01,  7.130247354507e-02
  2.574099999666e+01,  1.000010609627e+00,  2.454554939796e+01,  7.132624834776e-02
  2.584099999070e+01,  9.999757409096e-01,  2.454558426668e+01,  6.997942179441e-02
  2.594099999964e+01,  9.999992847443e-01,  2.454556072285e+01,  7.046110928059e-02
  2.604099999368e+01,  1.000033259392e+00,  2.454552674820e+01,  7.148212194443e-02
  2.614100000262e+01,  9.999961853027e-01,  2.454556382229e+01,  6.983987987041e-02
  2.624099999666e+01,  9.999991655350e-01,  2.454556084205e+01,  7.165098190308e-02
  2.634099999070e+01,  9.999932050705e-01,  2.454556680252e+01,  7.128889113665e-02
  2.644099999964e+01,  9.999907612801e-01,  2.454556924631e+01,  6.981860846281e-02
  2.654099999368e+01,  1.000012755394e+00,  2.454554725220e+01,  6.958741694689e-02
  2.664100000262e+01,  1.000005841255e+00,  2.454555416633e+01,  6.972160190344e-02
  2.674099999666e+01,  9.999748468399e-01,  2.454558516075e+01,  7.151369750500e-02
  2.684099999070e+01,  9.999756813049e-01,  2.454558432628e+01,  7.071258872747e-02
  2.694099999964e+01,  1.000008463860e+00,  2.454555154373e+01,  7.017856091261e-02
  2.704099999368e+01,  1.000009417534e+00,  2.454555059006e+01,  6.972178816795e-02
  2.714100000262e+01,  1.000007271767e+00,  2.454555273582e+01,  6.947453320026e-02
  2.724099999666e+01,  1.000004768372e+00,  2.454555523922e+01,  7.313742488623e-02
  2.734099999070e+01,  1.000017285347e+00,  2.454554272224e+01,  7.239162176847e-02
  2.744099999964e+01,  9.999914169312e-01,  2.454556859066e+01,  7.260572910309e-02
  2.754099999368e+01,  1.000017642975e+00,  2.454554236461e+01,  7.080706208944e-02
  2.764100000262e+01,  1.000002145767e+00,  2.454555786182e+01,  7.110600173473e-02
  2.774099999666e+01,  1.000015974045e+00,  2.454554403354e+01,  6.920523941517e-02
  2.784099999070e+01,  1.000000715256e+00,  2.454555929233e+01,  6.967869400978e-02
  2.794099999964e+01,  9.999921917915e-01,  2.454556781580e+01,  7.076299190521e-02
  2.804099999368e+01,  1.000003337860e+00,  2.454555666973e+01,  7.218400388956e-02
  2.814100000262e+01,  9.999707341194e-01,  2.454558927347e+01,  7.347688078880e-02
  2.824099999666e+01,  1.000008463860e+00,  2.454555154373e+01,  7.039397954941e-02
  2.834099999070e+01,  1.000026345253e+00,  2.454553366234e+01,  6.927048414946e-02
  2.844099999964e+01,  1.000002384186e+00,  2.454555762340e+01,  7.151212543249e-02
  2.854099999368e+01,  9.999964833260e-01,  2.454556352426e+01,  7.058818638325e-02
  2.864100000262e+01,  9.999911785126e-01,  2.454556882908e+01,  6.897729635239e-02
  2.874099999666e+01,  1.000023722649e+00,  2.454553628494e+01,  7.019962370396e-02
  2.884099999070e+01,  1.000024199486e+00,  2.454553580810e+01,  7.035341113806e-02
  2.894099999964e+01,  1.000012636185e+00,  2.454554737141e+01,  7.051201909781e-02
  2.904099999368e+01,  1.000025868416e+00,  2.454553413917e+01,  7.164070755243e-02
  2.914100000262e+01,  1.000010609627e+00,  2.454554939796e+01,  7.021609693766e-02
  2.924099999666e+01,  9.999946355820e-01,  2.454556537201e+01,  7.210697233677e-02
  2.934099999070e+01,  9.999824166298e-01,  2.454557759096e+01,  7.320242375135e-02
  2.944099999964e+01,  1.000018835068e+00,  2.454554117252e+01,  7.162407785654e-02
  2.954099999368e+01,  9.999951720238e-01,  2.454556483557e+01,  7.177646458149e-02
  2.964100000262e+01,  1.000029444695e+00,  2.454553056290e+01,  7.046581804752e-02
  2.974099999666e+01,  9.999886155128e-01,  2.454557139208e+01,  7.053643465042e-02
  2.984099999070e+01,  1.000019311905e+00,  2.454554069568e+01,  6.958984583616e-02
  2.994099999964e+01,  9.999775886536e-01,  2.454558241894e+01,  7.103990018368e-02
  3.004099999368e+01,  1.000017046928e+00,  2.454554296066e+01,  7.036510854959e-02
  3.014100000262e+01,  1.000015735626e+00,  2.454554427196e+01,  7.184252142906e-02
  3.024099999666e+01,  1.000026106834e+00,  2.454553390076e+01,  7.048340141773e-02
  3.034099999070e+01,  1.000005602837e+00,  2.454555440475e+01,  7.121451944113e-02
  3.044099999964e+01,  1.000007867813e+00,  2.454555213978e+01,  6.947764009237e-02
  3.054099999368e+01,  1.000017285347e+00,  2.454554272224e+01,  7.139828056097e-02
  3.064100000262e+01,  9.999892711639e-01,  2.454557073643e+01,  6.986485421658e-02
  3.074099999666e+01,  1.000006914139e+00,  2.454555309345e+01,  6.985821574926e-02
  3.084099999070e+01,  1.000015139580e+00,  2.454554486801e+01,  7.023537904024e-02
  3.094099999964e+01,  1.000005960464e+00,  2.454555404713e+01,  7.039764523506e-02
  3.104099999368e+01,  9.999991655350e-01,  2.454556084205e+01,  7.285186648369e-02
  3.114100000262e+01,  9.999915361404e-01,  2.454556847145e+01,  7.184942811728e-02
  3.124099999666e+01,  9.999854564667e-01,  2.454557455112e+01,  7.448636740446e-02
  3.134099999070e+01,  1.000012397766e+00,  2.454554760982e+01,  7.161179929972e-02
  3.144099999964e+01,  9.999863505363e-01,  2.454557365705e+01,  7.229661196470e-02
  3.154099999368e+01,  1.000017285347e+00,  2.454554272224e+01,  7.098194211721e-02
  3.164100000262e+01,  9.999768137932e-01,  2.454558319380e+01,  7.097902894020e-02
  3.174099999666e+01,  9.999850988388e-01,  2.454557490875e+01,  7.295644283295e-02
  3.184099999070e+01,  9.999992251396e-01,  2.454556078245e+01,  6.970269232988e-02
  3.194099999964e+01,  1.000018000603e+00,  2.454554200699e+01,  7.330393791199e-02
  3.204099999368e+01,  1.000026702881e+00,  2.454553330471e+01,  7.109090685844e-02
  3.214100000262e+01,  1.000008106232e+00,  2.454555190136e+01,  7.041253894567e-02
  3.224099999666e+01,  9.999914765358e-01,  2.454556853105e+01,  7.262424379587e-02
  3.234099999070e+01,  1.000006318092e+00,  2.454555368950e+01,  7.256531715393e-02
  3.244099999964e+01,  1.000048756599e+00,  2.454551125099e+01,  7.127635180950e-02
  3.254099999368e+01,  1.000021815300e+00,  2.454553819229e+01,  7.112580537796e-02
  3.264100000262e+01,  1.000019431114e+00,  2.454554057648e+01,  7.224175333977e-02
  3.274099999666e+01,  1.000022292137e+00,  2.454553771545e+01,  7.313891500235e-02
  3.284099999070e+01,  1.000043034554e+00,  2.454551697304e+01,  7.159909605980e-02
  3.294099999964e+01,  9.999886155128e-01,  2.454557139208e+01,  7.259061932564e-02
  3.304099999368e+01,  9.999563097954e-01,  2.454560369779e+01,  7.170004397631e-02
  3.314100000262e+01,  1.000022768974e+00,  2.454553723862e+01,  7.222111523151e-02
  3.324099999666e+01,  9.999972581863e-01,  2.454556274940e+01,  7.141106575727e-02
  3.334099999070e+01,  1.000009298325e+00,  2.454555070927e+01,  7.048989832401e-02
  3.344099999964e+01,  1.000008106232e+00,  2.454555190136e+01,  7.303892076015e-02
  3.354099999368e+01,  1.000029087067e+00,  2.454553092052e+01,  7.177992910147e-02
  3.364100000262e+01,  9.999988079071e-01,  2.454556119968e+01,  7.386204600334e-02
  3.374099999666e+01,  9.999974966049e-01,  2.454556251098e+01,  7.227717339993e-02
  3.384099999070e+01,  9.999941587448e-01,  2.454556584884e+01,  7.287176698446e-02
  3.394099999964e+01,  1.000001788139e+00,  2.454555821945e+01,  7.278759777546e-02
  3.404099999368e+01,  9.999983310699e-01,  2.454556167652e+01,  7.378445565701e-02
  3.414100000262e+01,  9.999687075615e-01,  2.454559130003e+01,  7.138784229755e-02
  3.424099999666e+01,  1.000008344650e+00,  2.454555166294e+01,  7.128515839577e-02
  3.434099999070e+01,  1.000012636185e+00,  2.454554737141e+01,  7.043766230345e-02
  3.444099999964e+01,  9.999852180481e-01,  2.454557478954e+01,  7.160312682390e-02
  3.454099999368e+01,  9.999978542328e-01,  2.454556215336e+01,  7.303248345852e-02
  3.464100000262e+01,  9.999943375587e-01,  2.454556567003e+01,  7.235849648714e-02
  3.474099999666e+01,  9.999795556068e-01,  2.454558045198e+01,  7.117913663387e-02
  3.484099999070e+01,  9.999926686287e-01,  2.454556733896e+01,  7.304196804762e-02
  3.494099999964e+01,  9.999871850014e-01,  2.454557282259e+01,  7.360458374023e-02
  3.504099999368e+01,  9.999777078629e-01,  2.454558229973e+01,  7.305429130793e-02
  3.514100000262e+01,  9.999886155128e-01,  2.454557139208e+01,  7.291083037853e-02
  3.524099999666e+01,  1.000009775162e+00,  2.454555023243e+01,  7.329598814249e-02
  3.534099999070e+01,  1.000014424324e+00,  2.454554558327e+01,  7.229366153479e-02
  3.544099999964e+01,  1.000001668930e+00,  2.454555833866e+01,  7.487953454256e-02
  3.554099999368e+01,  1.000002264977e+00,  2.454555774261e+01,  7.226684689522e-02
  3.564100000262e+01,  1.000036358833e+00,  2.454552364876e+01,  7.509874552488e-02
  3.574099999666e+01,  1.000000715256e+00,  2.454555929233e+01,  7.456992566586e-02
  3.584099999070e+01,  1.000004172325e+00,  2.454555583526e+01,  7.416372001171e-02
  3.594099999964e+01,  1.000014901161e+00,  2.454554510643e+01,  7.420361042023e-02
  3.604099999368e+01,  1.000011920929e+00,  2.454554808666e+01,  7.447475194931e-02
  3.614100000262e+01,  1.000008702278e+00,  2.454555130531e+01,  7.280414551497e-02
  3.624099999666e+01,  9.999926090240e-01,  2.454556739857e+01,  7.317493855953e-02
  3.634099999070e+01,  1.000003218651e+00,  2.454555678894e+01,  7.315056771040e-02
  3.644099999964e+01,  1.000019073486e+00,  2.454554093410e+01,  7.138262689114e-02
  3.654099999368e+01,  1.000004172325e+00,  2.454555583526e+01,  7.351911813021e-02
  3.664100000262e+01,  9.999889135361e-01,  2.454557109405e+01,  7.355441898108e-02
  3.674099999666e+01,  9.999981522560e-01,  2.454556185533e+01,  7.228438556194e-02
  3.684099999070e+01,  1.000022888184e+00,  2.454553711941e+01,  7.212852686644e-02
  3.694099999964e+01,  1.000023484230e+00,  2.454553652336e+01,  7.000441849232e-02
  3.704099999368e+01,  1.000013828278e+00,  2.454554617931e+01,  7.359019666910e-02
  3.714100000262e+01,  1.000016927719e+00,  2.454554307987e+01,  7.277591526508e-02
  3.724099999666e+01,  1.000047922134e+00,  2.454551208546e+01,  7.051309943199e-02
  3.734099999070e+01,  9.999932050705e-01,  2.454556680252e+01,  7.172632962465e-02
  3.744099999964e+01,  9.999903440475e-01,  2.454556966354e+01,  7.227368652821e-02
  3.754099999368e+01,  1.000006914139e+00,  2.454555309345e+01,  7.029981166124e-02
  3.764100000262e+01,  1.000008106232e+00,  2.454555190136e+01,  7.228811085224e-02
  3.774099999666e+01,  1.000005602837e+00,  2.454555440475e+01,  7.319664210081e-02
  3.784099999070e+01,  1.000002861023e+00,  2.454555714657e+01,  7.222671061754e-02
  3.794099999964e+01,  1.000034332275e+00,  2.454552567531e+01,  7.274964451790e-02
  3.804099999368e+01,  9.999865293503e-01,  2.454557347824e+01,  7.213906198740e-02
  3.814100000262e+01,  1.000010132790e+00,  2.454554987480e+01,  7.343134284019e-02
  3.824099999666e+01,  1.000002264977e+00,  2.454555774261e+01,  7.360280305147e-02
  3.834099999070e+01,  1.000002384186e+00,  2.454555762340e+01,  7.057318836451e-02
  3.844099999964e+01,  9.999816417694e-01,  2.454557836582e+01,  7.488483190536e-02
  3.854099999368e+01,  9.999951720238e-01,  2.454556483557e+01,  7.347472757101e-02
  3.864100000262e+01,  1.000020742416e+00,  2.454553926517e+01,  7.340374588966e-02
  3.874099999666e+01,  1.000009775162e+00,  2.454555023243e+01,  7.036285847425e-02
  3.884099999070e+01,  9.999934434891e-01,  2.454556656410e+01,  7.254327833652e-02
  3.894099999964e+01,  1.000004529953e+00,  2.454555547764e+01,  7.116634398699e-02
  3.904099999368e+01,  1.000017642975e+00,  2.454554236461e+01,  7.115862518549e-02
  3.914100000262e+01,  1.000002861023e+00,  2.454555714657e+01,  7.196168601513e-02
  3.924099999666e+01,  1.000008702278e+00,  2.454555130531e+01,  6.895850598812e-02
  3.934099999070e+01,  9.999909400940e-01,  2.454556906750e+01,  7.363377511501e-02
  3.944099999964e+01,  9.999783635139e-01,  2.454558164408e+01,  7.249253243208e-02
  3.954099999368e+01,  1.000005960464e+00,  2.454555404713e+01,  7.282418012619e-02
  3.964100000262e+01,  1.000018477440e+00,  2.454554153015e+01,  7.170194387436e-02
  3.974099999666e+01,  9.999950528145e-01,  2.454556495478e+01,  7.358038425446e-02
  3.984099999070e+01,  9.999890923500e-01,  2.454557091524e+01,  7.324727624655e-02
  3.994099999964e+01,  9.999870061874e-01,  2.454557300140e+01,  7.069081813097e-02
  4.004099999368e+01,  9.999668598175e-01,  2.454559314777e+01,  7.034501433372e-02
  4.014100000262e+01,  9.999820590019e-01,  2.454557794859e+01,  7.024784386158e-02
  4.024099999666e+01,  9.999760985374e-01,  2.454558390905e+01,  7.057986408472e-02
  4.034099999070e+01,  1.000003099442e+00,  2.454555690815e+01,  7.064249366522e-02
  4.044099999964e+01,  9.999859929085e-01,  2.454557401468e+01,  7.222092896700e-02
  4.054099999368e+01,  9.999824762344e-01,  2.454557753136e+01,  7.033775001764e-02
  4.064100000262e+01,  9.999790787697e-01,  2.454558092882e+01,  7.148569077253e-02
  4.074099999666e+01,  9.999764561653e-01,  2.454558355142e+01,  7.341146469116e-02
  4.084099999070e+01,  1.000037550926e+00,  2.454552245666e+01,  7.056251913309e-02
  4.094099999964e+01,  1.000002741814e+00,  2.454555726578e+01,  7.258987426758e-02
  4.104099999368e+01,  1.000007152557e+00,  2.454555285503e+01,  6.924628466368e-02
  4.114100000262e+01,  9.999988675117e-01,  2.454556114008e+01,  7.402049005032e-02
  4.124099999666e+01,  9.999895691872e-01,  2.454557043840e+01,  7.078918069601e-02
  4.134099999070e+01,  1.000012993813e+00,  2.454554701378e+01,  7.121064513922e-02
  4.144099999964e+01,  1.000002503395e+00,  2.454555750419e+01,  7.100623846054e-02
  4.154099999368e+01,  1.000002980232e+00,  2.454555702736e+01,  7.134453952312e-02
  4.164100000262e+01,  9.999933838844e-01,  2.454556662371e+01,  7.218442857265e-02
  4.174099999666e+01,  1.000000238419e+00,  2.454555976917e+01,  6.911680102348e-02
  4.184099999070e+01,  1.000005483627e+00,  2.454555452396e+01,  7.010106742382e-02
  4.194099999964e+01,  1.000001192093e+00,  2.454555881550e+01,  7.231833785772e-02
  4.204099999368e+01,  1.000014185905e+00,  2.454554582168e+01,  7.123881578445e-02
  4.214100000262e+01,  9.999484419823e-01,  2.454561156561e+01,  7.029426842928e-02
  4.224099999666e+01,  1.000000476837e+00,  2.454555953075e+01,  7.247444987297e-02
  4.234099999070e+01,  9.999796748161e-01,  2.454558033277e+01,  7.181840389967e-02
  4.244099999964e+01,  1.000002741814e+00,  2.454555726578e+01,  7.274843007326e-02
  4.254099999368e+01,  9.999828934669e-01,  2.454557711412e+01,  7.193771004677e-02
  4.264100000262e+01,  1.000028848648e+00,  2.454553115894e+01,  7.420673221350e-02
  4.274099999666e+01,  9.999900460243e-01,  2.454556996157e+01,  7.402396202087e-02
  4.284099999070e+01,  1.000035762787e+00,  2.454552424480e+01,  7.282517105341e-02
  4.294099999964e+01,  1.000002145767e+00,  2.454555786182e+01,  7.224205881357e-02
  4.304099999368e+01,  1.000006675720e+00,  2.454555333187e+01,  7.158624380827e-02
  4.314100000262e+01,  1.000016450882e+00,  2.454554355671e+01,  7.140250504017e-02
  4.324099999666e+01,  1.000009775162e+00,  2.454555023243e+01,  7.330593466759e-02
  4.334099999070e+01,  9.999906420708e-01,  2.454556936552e+01,  7.143431901932e-02
  4.344099999964e+01,  9.999869465828e-01,  2.454557306101e+01,  7.423972338438e-02
  4.354099999368e+01,  1.000027656555e+00,  2.454553235103e+01,  7.388879358768e-02
  4.364100000262e+01,  1.000001430511e+00,  2.454555857708e+01,  7.300931960344e-02
  4.374099999666e+01,  1.000026941299e+00,  2.454553306629e+01,  7.222282886505e-02
  4.384099999070e+01,  1.000014305115e+00,  2.454554570247e+01,  7.327292114496e-02
  4.394099999964e+01,  1.000020980835e+00,  2.454553902675e+01,  7.099106162786e-02
  4.404099999368e+01,  1.000028014183e+00,  2.454553199341e+01,  6.972692161798e-02
  4.414100000262e+01,  1.000005602837e+00,  2.454555440475e+01,  7.089349627495e-02
  4.424099999666e+01,  9.999886751175e-01,  2.454557133247e+01,  7.188567519188e-02
  4.434099999070e+01,  9.999847412109e-01,  2.454557526638e+01,  7.397843897343e-02
  4.444099999964e+01,  9.999994039536e-01,  2.454556060364e+01,  7.078344374895e-02
  4.454099999368e+01,  1.000016331673e+00,  2.454554367592e+01,  7.154551148415e-02
  4.464100000262e+01,  1.000006079674e+00,  2.454555392792e+01,  7.248985767365e-02
  4.474099999666e+01,  9.999987483025e-01,  2.454556125929e+01,  7.321703433990e-02
  4.484099999070e+01,  9.999993443489e-01,  2.454556066324e+01,  7.261987775564e-02
  4.494099999964e+01,  9.999960064888e-01,  2.454556400110e+01,  7.276238501072e-02
  4.504099999368e+01,  1.000000715256e+00,  2.454555929233e+01,  7.316976785660e-02
  4.514100000262e+01,  9.999943375587e-01,  2.454556567003e+01,  7.182116061449e-02
  4.524099999666e+01,  9.999958276749e-01,  2.454556417991e+01,  7.323791831732e-02
  4.534099999070e+01,  1.000014305115e+00,  2.454554570247e+01,  7.241565734148e-02
  4.544099999964e+01,  1.000001072884e+00,  2.454555893471e+01,  7.115992158651e-02
  4.554099999368e+01,  9.999983310699e-01,  2.454556167652e+01,  7.193713635206e-02
  4.564100000262e+01,  1.000002861023e+00,  2.454555714657e+01,  7.073818147182e-02
  4.574099999666e+01,  9.999982118607e-01,  2.454556179573e+01,  7.524894922972e-02
  4.584099999070e+01,  9.999940395355e-01,  2.454556596805e+01,  7.281237095594e-02
  4.594099999964e+01,  9.999713897705e-01,  2.454558861782e+01,  7.387802749872e-02
  4.604099999368e+01,  1.000018239021e+00,  2.454554176857e+01,  7.352756708860e-02
  4.614100000262e+01,  1.000036716461e+00,  2.454552329113e+01,  7.468426972628e-02
  4.624099999666e+01,  9.999688267708e-01,  2.454559118082e+01,  7.347125560045e-02
  4.634099999070e+01,  9.999971985817e-01,  2.454556280901e+01,  7.277763634920e-02
  4.644099999964e+01,  1.000014305115e+00,  2.454554570247e+01,  7.065160572529e-02
  4.654099999368e+01,  9.999946355820e-01,  2.454556537201e+01,  7.159231603146e-02
  4.664100000262e+01,  9.999979138374e-01,  2.454556209375e+01,  7.470736652613e-02
  4.674099999666e+01,  9.999734163284e-01,  2.454558659126e+01,  7.370709627867e-02
  4.684099999070e+01,  1.000001430511e+00,  2.454555857708e+01,  7.656925916672e-02
  4.694099999964e+01,  9.999891519547e-01,  2.454557085564e+01,  7.335250079632e-02
  4.704099999368e+01,  1.000010013580e+00,  2.454554999401e+01,  7.404108345509e-02
  4.714100000262e+01,  9.999943375587e-01,  2.454556567003e+01,  7.374030351639e-02
  4.724099999666e+01,  1.000027060509e+00,  2.454553294708e+01,  7.166980952024e-02
  4.734099999070e+01,  9.999989867210e-01,  2.454556102087e+01,  7.171926647425e-02
  4.744099999964e+01,  1.000003933907e+00,  2.454555607368e+01,  7.013443112373e-02
  4.754099999368e+01,  1.000016331673e+00,  2.454554367592e+01,  7.349532842636e-02
  4.764100000262e+01,  9.999945759773e-01,  2.454556543161e+01,  7.335557788610e-02
  4.774099999666e+01,  1.000001192093e+00,  2.454555881550e+01,  7.402859628201e-02
  4.784099999070e+01,  1.000019192696e+00,  2.454554081489e+01,  7.276064902544e-02
  4.794099999964e+01,  1.000010490417e+00,  2.454554951717e+01,  7.365619391203e-02
  4.804099999368e+01,  9.999816417694e-01,  2.454557836582e+01,  7.379630953074e-02
  4.814100000262e+01,  9.999800324440e-01,  2.454557997515e+01,  6.969163566828e-02
  4.824099999666e+01,  9.999918937683e-01,  2.454556811382e+01,  7.312406599522e-02
  4.834099999070e+01,  9.999862909317e-01,  2.454557371666e+01,  6.879736483097e-02
  4.844099999964e+01,  9.999991059303e-01,  2.454556090166e+01,  7.146592438221e-02
  4.854099999368e+01,  1.000004529953e+00,  2.454555547764e+01,  7.152051478624e-02
  4.864100000262e+01,  1.000034451485e+00,  2.454552555611e+01,  7.062567025423e-02
  4.874099999666e+01,  9.999990463257e-01,  2.454556096126e+01,  7.241339981556e-02
  4.884099999070e+01,  1.000022053719e+00,  2.454553795387e+01,  7.172948867083e-02
  4.894099999964e+01,  1.000006198883e+00,  2.454555380871e+01,  7.399456202984e-02
  4.904099999368e+01,  1.000019907951e+00,  2.454554009964e+01,  7.356123626232e-02
  4.914100000262e+01,  1.000002026558e+00,  2.454555798103e+01,  7.079227268696e-02
  4.924099999666e+01,  1.000009655952e+00,  2.454555035164e+01,  7.158718258142e-02
  4.934099999070e+01,  1.000004529953e+00,  2.454555547764e+01,  7.183076441288e-02
  4.944099999964e+01,  1.000005960464e+00,  2.454555404713e+01,  7.222873717546e-02
  4.954099999368e+01,  9.999800324440e-01,  2.454557997515e+01,  7.335546612740e-02
  4.964100000262e+01,  1.000003457069e+00,  2.454555655052e+01,  7.076970487833e-02
  4.974099999666e+01,  9.999673366547e-01,  2.454559267094e+01,  7.294093072414e-02
  4.984099999070e+01,  9.999998807907e-01,  2.454556012680e+01,  7.511044293642e-02
  4.994099999964e+01,  9.999796152115e-01,  2.454558039238e+01,  7.166904211044e-02
  5.004099999368e+01,  1.000024199486e+00,  2.454553580810e+01,  7.283441722393e-02
  5.014100000262e+01,  9.999876618385e-01,  2.454557234575e+01,  7.276686280966e-02
  5.024099999666e+01,  9.999961256981e-01,  2.454556388189e+01,  7.264786213636e-02
  5.034099999070e+01,  9.999817013741e-01,  2.454557830622e+01,  7.301682233810e-02
  5.044099999964e+01,  9.999904036522e-01,  2.454556960394e+01,  7.280801981688e-02
  5.054099999368e+01,  1.000001549721e+00,  2.454555845787e+01,  7.288479059935e-02
  5.064100000262e+01,  1.000007987022e+00,  2.454555202057e+01,  7.166497409344e-02
  5.074099999666e+01,  1.000002503395e+00,  2.454555750419e+01,  7.152488082647e-02
  5.084099999070e+01,  9.999806880951e-01,  2.454557931949e+01,  7.240767031908e-02
  5.094099999964e+01,  9.999831318855e-01,  2.454557687570e+01,  7.297173142433e-02
  5.104099999368e+01,  9.999957680702e-01,  2.454556423952e+01,  7.333917915821e-02
  5.114100000262e+01,  9.999951720238e-01,  2.454556483557e+01,  7.202397286892e-02
  5.124099999666e+01,  9.999926090240e-01,  2.454556739857e+01,  7.328917086124e-02
  5.134099999070e+01,  1.000012874603e+00,  2.454554713299e+01,  7.174482196569e-02
  5.144099999964e+01,  9.999864101410e-01,  2.454557359745e+01,  7.178800553083e-02
  5.154099999368e+01,  9.999889135361e-01,  2.454557109405e+01,  7.233779132366e-02
  5.164100000262e+01,  1.000050187111e+00,  2.454550982048e+01,  7.278402149677e-02
  5.174099999666e+01,  9.999805688858e-01,  2.454557943870e+01,  7.228086888790e-02
  5.184099999070e+01,  9.999750852585e-01,  2.454558492233e+01,  7.186572998762e-02
  5.194099999964e+01,  9.999821782112e-01,  2.454557782938e+01,  7.329873740673e-02
  5.204099999368e+01,  1.000017762184e+00,  2.454554224541e+01,  7.158794999123e-02
  5.214100000262e+01,  1.000000476837e+00,  2.454555953075e+01,  7.267433404922e-02
  5.224099999666e+01,  1.000008821487e+00,  2.454555118610e+01,  7.331228256226e-02
  5.234099999070e+01,  1.000033497810e+00,  2.454552650978e+01,  7.224388420582e-02
  5.244099999964e+01,  9.999622106552e-01,  2.454559779693e+01,  6.987179815769e-02
  5.254099999368e+01,  9.999929666519e-01,  2.454556704094e+01,  7.241810113192e-02
  5.264100000262e+01,  9.999970197678e-01,  2.454556298782e+01,  7.235549390316e-02
  5.274099999666e+01,  1.000009536743e+00,  2.454555047085e+01,  7.207479327917e-02
  5.284099999070e+01,  1.000024914742e+00,  2.454553509285e+01,  7.256130129099e-02
  5.294099999964e+01,  1.000004649162e+00,  2.454555535843e+01,  7.111068814993e-02
  5.304099999368e+01,  9.999850392342e-01,  2.454557496836e+01,  7.339224964380e-02
  5.314100000262e+01,  9.999850392342e-01,  2.454557496836e+01,  7.049027085304e-02
  5.324099999666e+01,  1.000008463860e+00,  2.454555154373e+01,  7.263493537903e-02
  5.334099999070e+01,  9.999944567680e-01,  2.454556555082e+01,  7.348615676165e-02
  5.344099999964e+01,  9.999958872795e-01,  2.454556412031e+01,  7.166599482298e-02
  5.354099999368e+01,  1.000002503395e+00,  2.454555750419e+01,  7.130647450686e-02
  5.364100000262e+01,  1.000007748604e+00,  2.454555225899e+01,  7.018830627203e-02
  5.374099999666e+01,  1.000006198883e+00,  2.454555380871e+01,  7.133799046278e-02
  5.384099999070e+01,  9.999808669090e-01,  2.454557914068e+01,  7.150655239820e-02
  5.394099999964e+01,  9.999863505363e-01,  2.454557365705e+01,  7.212440669537e-02
  5.404099999368e+01,  1.000036716461e+00,  2.454552329113e+01,  7.054924219847e-02
  5.414100000262e+01,  1.000001788139e+00,  2.454555821945e+01,  7.378137111664e-02
  5.424099999666e+01,  1.000045061111e+00,  2.454551494648e+01,  7.193532586098e-02
  5.434099999070e+01,  1.000028371811e+00,  2.454553163578e+01,  6.941428780556e-02
  5.444099999964e+01,  1.000004887581e+00,  2.454555512001e+01,  7.209987938404e-02
  5.454099999368e+01,  9.999984502792e-01,  2.454556155731e+01,  7.111773639917e-02
  5.464100000262e+01,  1.000026822090e+00,  2.454553318550e+01,  7.178121805191e-02
  5.474099999666e+01,  1.000001311302e+00,  2.454555869629e+01,  7.163827121258e-02
  5.484099999070e+01,  9.999931454659e-01,  2.454556686212e+01,  7.119856774807e-02
  5.494099999964e+01,  1.000023245811e+00,  2.454553676178e+01,  7.078326493502e-02
  5.504099999368e+01,  1.000028133392e+00,  2.454553187420e+01,  7.366563379765e-02
  5.514100000262e+01,  9.999983310699e-01,  2.454556167652e+01,  7.234580814838e-02
  5.524099999666e+01,  1.000019550323e+00,  2.454554045727e+01,  7.149627059698e-02
  5.534099999070e+01,  1.000029206276e+00,  2.454553080131e+01,  7.239007204771e-02
  5.544099999964e+01,  9.999826550484e-01,  2.454557735254e+01,  7.021664828062e-02
  5.554099999368e+01,  1.000018119812e+00,  2.454554188778e+01,  7.260037958622e-02
  5.564100000262e+01,  1.000026822090e+00,  2.454553318550e+01,  7.028397172689e-02
  5.574099999666e+01,  1.000014543533e+00,  2.454554546406e+01,  7.245697826147e-02
  5.584099999070e+01,  9.999843239784e-01,  2.454557568361e+01,  7.153724879026e-02
  5.594099999964e+01,  1.000017166138e+00,  2.454554284145e+01,  7.110670953989e-02
  5.604099999368e+01,  1.000004768372e+00,  2.454555523922e+01,  7.143837958574e-02
  5.614100000262e+01,  9.999930262566e-01,  2.454556698133e+01,  6.987062841654e-02
  5.624099999666e+01,  1.000033855438e+00,  2.454552615215e+01,  7.213947921991e-02
  5.634099999070e+01,  1.000011563301e+00,  2.454554844429e+01,  7.088806480169e-02
  5.644099999964e+01,  1.000022649765e+00,  2.454553735782e+01,  7.228908687830e-02
  5.654099999368e+01,  1.000034689903e+00,  2.454552531769e+01,  7.145763188601e-02
  5.664100000262e+01,  1.000039458275e+00,  2.454552054931e+01,  7.193918526173e-02
  5.674099999666e+01,  9.999654293060e-01,  2.454559457828e+01,  7.187269628048e-02
  5.684099999070e+01,  1.000010490417e+00,  2.454554951717e+01,  7.249011099339e-02
  5.694099999964e+01,  1.000007629395e+00,  2.454555237820e+01,  7.263922691345e-02
  5.704099999368e+01,  1.000036835670e+00,  2.454552317192e+01,  7.066472619772e-02
  5.714100000262e+01,  9.999905228615e-01,  2.454556948473e+01,  6.926904618740e-02
  5.724099999666e+01,  9.999940395355e-01,  2.454556596805e+01,  7.160105556250e-02
  5.734099999070e+01,  9.999852776527e-01,  2.454557472994e+01,  7.103354483843e-02
  5.744099999964e+01,  1.000002741814e+00,  2.454555726578e+01,  7.139736413956e-02
  5.754099999368e+01,  9.999948740005e-01,  2.454556513359e+01,  7.247991114855e-02
  5.764100000262e+01,  9.999839067459e-01,  2.454557610084e+01,  7.251995801926e-02
  5.774099999666e+01,  1.000007867813e+00,  2.454555213978e+01,  7.195232808590e-02
  5.784099999070e+01,  1.000016808510e+00,  2.454554319908e+01,  7.461135089397e-02
  5.794099999964e+01,  1.000004291534e+00,  2.454555571606e+01,  7.238344103098e-02
  5.804099999368e+01,  9.999817609787e-01,  2.454557824661e+01,  7.232619822025e-02
  5.814100000262e+01,  9.999858140945e-01,  2.454557419350e+01,  7.193663716316e-02
  5.824099999666e+01,  1.000011444092e+00,  2.454554856350e+01,  7.107061147690e-02
  5.834099999070e+01,  1.000023841858e+00,  2.454553616573e+01,  7.316480576992e-02
  5.844099999964e+01,  1.000030398369e+00,  2.454552960922e+01,  7.155194133520e-02
  5.854099999368e+01,  9.999939203262e-01,  2.454556608726e+01,  6.972531229258e-02
  5.864100000262e+01,  9.999940991402e-01,  2.454556590845e+01,  7.172302901745e-02
  5.874099999666e+01,  1.000000715256e+00,  2.454555929233e+01,  7.198675721884e-02
  5.884099999070e+01,  1.000027894974e+00,  2.454553211262e+01,  7.211037725210e-02
  5.894099999964e+01,  9.999840855598e-01,  2.454557592203e+01,  7.133809477091e-02
  5.904099999368e+01,  9.999967813492e-01,  2.454556322624e+01,  7.195119559765e-02
  5.914100000262e+01,  9.999969601631e-01,  2.454556304743e+01,  7.263990491629e-02
  5.924099999666e+01,  1.000031113625e+00,  2.454552889397e+01,  7.351572066545e-02
  5.934100000560e+01,  1.000001907349e+00,  2.454555810024e+01,  7.206057012081e-02
  5.944099999964e+01,  9.999954104424e-01,  2.454556459715e+01,  7.273215800524e-02
  5.954099999368e+01,  1.000020265579e+00,  2.454553974201e+01,  7.152078300714e-02
  5.964100000262e+01,  1.000004291534e+00,  2.454555571606e+01,  7.278782129288e-02
  5.974099999666e+01,  1.000003218651e+00,  2.454555678894e+01,  7.163337618113e-02
  5.984099999070e+01,  9.999973177910e-01,  2.454556268980e+01,  7.366000860929e-02
  5.994099999964e+01,  9.999780654907e-01,  2.454558194210e+01,  7.065914571285e-02
  6.004099999368e+01,  9.999857544899e-01,  2.454557425310e+01,  7.437995076180e-02
  6.014100000262e+01,  9.999811053276e-01,  2.454557890226e+01,  7.549034804106e-02
  6.024099999666e+01,  9.999835491180e-01,  2.454557645847e+01,  7.438701391220e-02
  6.034099999070e+01,  1.000008344650e+00,  2.454555166294e+01,  7.543964684010e-02
  6.044099999964e+01,  9.999740123749e-01,  2.454558599521e+01,  7.350014150143e-02
  6.054099999368e+01,  9.999818801880e-01,  2.454557812740e+01,  7.235612720251e-02
  6.064100000262e+01,  9.999865889549e-01,  2.454557341863e+01,  7.344233244658e-02
  6.074099999666e+01,  1.000000953674e+00,  2.454555905392e+01,  7.289953529835e-02
  6.084099999070e+01,  9.999896287918e-01,  2.454557037880e+01,  7.305473834276e-02
  6.094099999964e+01,  1.000008106232e+00,  2.454555190136e+01,  7.146538048983e-02
  6.104099999368e+01,  1.000009894371e+00,  2.454555011322e+01,  7.411575317383e-02
  6.114100000262e+01,  1.000019311905e+00,  2.454554069568e+01,  7.149692624807e-02
  6.124099999666e+01,  1.000005602837e+00,  2.454555440475e+01,  7.432081550360e-02
  6.134099999070e+01,  9.999805688858e-01,  2.454557943870e+01,  7.192078977823e-02
  6.144099999964e+01,  1.000020146370e+00,  2.454553986122e+01,  7.351693511009e-02
  6.152799999714e+01,  9.999968409538e-01,  2.454556316664e+01,  7.302895188332e-02
  6.152899999917e+01,  1.000002503395e+00,  2.454555750419e+01,  7.302039861679e-02
  6.153199999034e+01,  1.000010967255e+00,  2.454554904034e+01,  7.287818193436e-02
  6.163199999928e+01,  9.999247789383e-01,  2.454563522865e+01,  7.160773873329e-02
  6.171149998903e+01,  9.897951483727e-01,  2.455576485922e+01,  6.895755231380e-02
  6.173299999535e+01,  9.796261191368e-01,  2.456593388845e+01,  4.980109632015e-02
  6.174400000274e+01,  9.691185355186e-01,  2.457644147207e+01,  3.792749345303e-02
  6.175149999559e+01,  9.588989615440e-01,  2.458666104605e+01,  4.659448564053e-02
  6.175800000131e+01,  9.487556815147e-01,  2.459680432607e+01,  5.277620255947e-02
  6.176449999213e+01,  9.379104971886e-01,  2.460764951040e+01,  5.575357377529e-02
  6.177049998939e+01,  9.275535941124e-01,  2.461800641348e+01,  5.827222764492e-02
  6.177650000155e+01,  9.170898795128e-01,  2.462847012808e+01,  6.207548081875e-02
  6.178249999881e+01,  9.069046378136e-01,  2.463865536978e+01,  6.705676019192e-02
  6.178899998963e+01,  8.964371085167e-01,  2.464912289907e+01,  6.998132169247e-02
  6.179599998891e+01,  8.863357901573e-01,  2.465922421743e+01,  7.255361974239e-02
  6.180399999022e+01,  8.761085867882e-01,  2.466945142080e+01,  5.780600011349e-02
  6.181199999154e+01,  8.660530447960e-01,  2.467950696279e+01,  4.808042943478e-02
  6.181999999285e+01,  8.556236624718e-01,  2.468993634512e+01,  4.628317803144e-02
  6.182750000060e+01,  8.455833792686e-01,  2.469997662832e+01,  4.371707886457e-02
  6.183499999344e+01,  8.351616263390e-01,  2.471039838125e+01,  4.059796780348e-02
  6.184199999273e+01,  8.251213431358e-01,  2.472043866445e+01,  4.433303326368e-02
  6.184950000048e+01,  8.145217299461e-01,  2.473103827764e+01,  4.886788502336e-02
  6.185750000179e+01,  8.039016127586e-01,  2.474165839483e+01,  5.055231228471e-02
  6.186599999666e+01,  7.937659621239e-01,  2.475179404547e+01,  5.172273889184e-02
  6.187600000203e+01,  7.833060622215e-01,  2.476225394537e+01,  4.645273461938e-02
  6.188749998808e+01,  7.728995680809e-01,  2.477266043951e+01,  4.225802794099e-02
  6.189999999106e+01,  7.625140547752e-01,  2.478304595281e+01,  2.978015318513e-02
  6.191149999201e+01,  7.520369887352e-01,  2.479352301885e+01,  2.535224333405e-02
  6.192149999738e+01,  7.418994307518e-01,  2.480366057684e+01,  2.756093814969e-02
  6.193099999428e+01,  7.317790389061e-01,  2.481378096868e+01,  3.086732700467e-02
  6.194049999118e+01,  7.216929793358e-01,  2.482386702825e+01,  3.317674994469e-02
  6.195049999654e+01,  7.115115523338e-01,  2.483404845526e+01,  3.097006678581e-02
  6.196099999547e+01,  7.012938857079e-01,  2.484426612188e+01,  2.771982550621e-02
  6.197199998796e+01,  6.909541487694e-01,  2.485460585882e+01,  2.256616950035e-02
  6.198299999535e+01,  6.806144118309e-01,  2.486494559576e+01,  2.032360434532e-02
  6.199349999428e+01,  6.706008315086e-01,  2.487495917608e+01,  2.020975947380e-02
  6.200399999321e+01,  6.604880690575e-01,  2.488507193853e+01,  2.020344138145e-02
  6.201449999213e+01,  6.502837538719e-01,  2.489527625372e+01,  1.699957251549e-02
  6.202449999750e+01,  6.402739882469e-01,  2.490528601934e+01,  1.437255647033e-02
  6.203449998796e+01,  6.299514174461e-01,  2.491560859014e+01,  1.279637124389e-02
  6.204399999976e+01,  6.199454665184e-01,  2.492561454107e+01,  9.643285535276e-03
  6.205349999666e+01,  6.096801161766e-01,  2.493587989141e+01,  7.827251218259e-03
  6.206299999356e+01,  5.992125868797e-01,  2.494634742071e+01,  9.996145032346e-03
  6.207249999046e+01,  5.889739394188e-01,  2.495658606817e+01,  1.301953103393e-02
  6.208249999583e+01,  5.787581801414e-01,  2.496680182745e+01,  9.805648587644e-03
  6.209299999475e+01,  5.684546828270e-01,  2.497710532476e+01,  7.360428106040e-03
  6.210349999368e+01,  5.584011673927e-01,  2.498715884020e+01,  4.712496418506e-03
  6.211399999261e+01,  5.483875870705e-01,  2.499717242052e+01,  7.289989735000e-04
  6.212449999154e+01,  5.380554795265e-01,  2.500750452806e+01, -3.649325226434e-04
  6.213449999690e+01,  5.279236435890e-01,  2.501763636400e+01,  3.583251382224e-04
  6.214450000226e+01,  5.176888108253e-01,  2.502787119676e+01, -1.075706859410e-05
  6.215449999273e+01,  5.075302720070e-01,  2.503802973558e+01, -2.280830522068e-04
  6.216499999166e+01,  4.971199333668e-01,  2.504844007422e+01, -1.984453061596e-03
  6.217549999058e+01,  4.869938194752e-01,  2.505856618811e+01, -6.852007005364e-03
  6.218599998951e+01,  4.768429100513e-01,  2.506871709754e+01, -1.135287247598e-02
  6.219649998844e+01,  4.663849174976e-01,  2.507917509009e+01, -1.286763511598e-02
  6.220649999380e+01,  4.561844170094e-01,  2.508937559058e+01, -1.191253028810e-02
  6.221649999917e+01,  4.459228813648e-01,  2.509963712622e+01, -1.067740283906e-02
  6.222649998963e+01,  4.358177483082e-01,  2.510974225928e+01, -1.129785738885e-02
  6.223699998856e+01,  4.253807365894e-01,  2.512017927100e+01, -1.363555155694e-02
  6.224750000238e+01,  4.150619804859e-01,  2.513049802710e+01, -1.621333323419e-02
  6.225800000131e+01,  4.047088921070e-01,  2.514085111548e+01, -1.902619563043e-02
  6.226799999177e+01,  3.946800529957e-01,  2.515087995459e+01, -2.076235972345e-02
  6.227799999714e+01,  3.844452202320e-01,  2.516111478736e+01, -2.006837911904e-02
  6.228800000250e+01,  3.741455376148e-01,  2.517141446997e+01, -1.907366700470e-02
  6.229799999297e+01,  3.639412224293e-01,  2.518161878516e+01, -2.038753218949e-02
  6.230799999833e+01,  3.538742363453e-01,  2.519168577124e+01, -2.137617953122e-02
  6.231849999726e+01,  3.434410393238e-01,  2.520211896827e+01, -2.436404116452e-02
  6.232899999619e+01,  3.330002129078e-01,  2.521255979468e+01, -2.749543078244e-02
  6.233900000155e+01,  3.228569328785e-01,  2.522270307471e+01, -2.934210188687e-02
  6.234899999201e+01,  3.125171363354e-01,  2.523304287125e+01, -2.789389155805e-02
  6.235899999738e+01,  3.021640479565e-01,  2.524339595963e+01, -2.846967242658e-02
  6.236900000274e+01,  2.919711768627e-01,  2.525358883073e+01, -2.883481048048e-02
  6.237950000167e+01,  2.814960181713e-01,  2.526406398942e+01, -3.116463683546e-02
  6.239000000060e+01,  2.712344825268e-01,  2.527432552506e+01, -3.224729374051e-02
  6.240049999952e+01,  2.610969245434e-01,  2.528446308305e+01, -3.403692319989e-02
  6.241099999845e+01,  2.508735358715e-01,  2.529468647172e+01, -3.543113544583e-02
  6.242149999738e+01,  2.403983771801e-01,  2.530516163041e+01, -3.488891199231e-02
  6.243150000274e+01,  2.302970588207e-01,  2.531526294877e+01, -3.371324017644e-02
  6.244200000167e+01,  2.198333442211e-01,  2.532572666337e+01, -3.396793082356e-02
  6.245250000060e+01,  2.095565497875e-01,  2.533600345780e+01, -3.784652426839e-02
  6.246299999952e+01,  1.991920173168e-01,  2.534636799027e+01, -4.010554030538e-02
  6.247299998999e+01,  1.891097724438e-01,  2.535645023515e+01, -3.938852623105e-02
  6.248299999535e+01,  1.790389716625e-01,  2.536652103593e+01, -3.869085386395e-02
  6.249300000072e+01,  1.690330207348e-01,  2.537652698685e+01, -4.047368839383e-02
  6.250349999964e+01,  1.586036384106e-01,  2.538695636918e+01, -4.132037237287e-02
  6.251399999857e+01,  1.482429206371e-01,  2.539731708695e+01, -4.328136518598e-02
  6.252449999750e+01,  1.378745734692e-01,  2.540768543412e+01, -4.591922834516e-02
  6.253449998796e+01,  1.278266608715e-01,  2.541773334672e+01, -4.749994352460e-02
  6.254449999332e+01,  1.175994500518e-01,  2.542796055754e+01, -4.821245744824e-02
  6.255449999869e+01,  1.072158440948e-01,  2.543834416349e+01, -4.580162838101e-02
  6.256449998915e+01,  9.706874936819e-02,  2.544849125822e+01, -4.445241764188e-02
  6.257499998808e+01,  8.677478879690e-02,  2.545878521879e+01, -4.680683091283e-02
  6.258550000191e+01,  7.663532346487e-02,  2.546892468412e+01, -5.061056092381e-02
  6.259600000083e+01,  6.623836606741e-02,  2.547932164152e+01, -5.171691253781e-02
  6.260599999130e+01,  5.601627752185e-02,  2.548954373007e+01, -5.118543282151e-02
  6.261599999666e+01,  4.567463323474e-02,  2.549988537435e+01, -4.964691773057e-02
  6.262600000203e+01,  3.556568548083e-02,  2.550999432211e+01, -4.624897614121e-02
  6.263699999452e+01,  2.526218630373e-02,  2.552029782129e+01, -4.201418533921e-02
  6.264999999106e+01,  1.526195835322e-02,  2.553029804924e+01, -4.017514362931e-02
  6.267000000179e+01,  5.260775797069e-03,  2.554029923179e+01, -4.303662851453e-02
  6.268099999428e+01,  2.058337442577e-03,  2.554350167015e+01, -4.464285448194e-02
  6.268199999630e+01,  1.829455606639e-03,  2.554373055198e+01, -4.474585130811e-02
  6.268999999762e+01,  3.083450719714e-04,  2.554525166252e+01, -4.531416669488e-02
  6.269299998879e+01, -1.374976855004e-04,  2.554569750528e+01, -4.584011808038e-02
  6.299400000274e+01, -2.202796284109e-03,  2.554776280387e+01, -3.402085602283e-02
  6.299499998987e+01, -2.198914531618e-03,  2.554775892212e+01, -3.404064476490e-02
