           Test time,     Standard travel,     Tool separation,      Standard force
                 0.0,                 0.0,  1.979999730839e+01, -6.607402116060e-03
                 0.0,                 0.0,  1.979999814658e+01, -6.662119179964e-03
                 0.0,                 0.0,  1.979998673974e+01, -6.428051739931e-03
                 0.0,                 0.0,  1.979998170314e+01, -6.932038813829e-03
                 0.0,                 0.0,  1.979997511683e+01, -7.002372294664e-03
                 0.0,                 0.0,  1.975830207596e+01, -9.103822521865e-03
  0.000000000000e+00,  0.000000000000e+00,  1.975830379976e+01, -8.889290504158e-03
  8.000001311302e-03, -1.323525793850e-05,  1.975831703502e+01, -7.836463861167e-03
  1.100000739098e-02, -1.347460784018e-05,  1.975831727437e+01, -7.975491695106e-03
  1.300001144409e-02, -1.334981061518e-05,  1.975831714957e+01, -7.849427871406e-03
  1.400001347065e-02, -1.456952304579e-05,  1.975831836928e+01, -7.753584068269e-03
  1.145000010729e-01,  6.577917247341e-06,  1.975829722184e+01, -7.553567178547e-03
  2.145000100136e-01,  2.823336762958e-05,  1.975827556639e+01, -5.453991238028e-03
  3.150000125170e-01, -4.302852630644e-06,  1.975830810261e+01, -6.301820743829e-03
  4.155000001192e-01,  3.452950113569e-05,  1.975826927026e+01, -7.487781811506e-03
  5.155000090599e-01,  3.211713163182e-03,  1.975509208660e+01, -6.641700398177e-03
  5.490000098944e-01,  1.332495268434e-02,  1.974497884708e+01,  1.071606576443e-02
  5.625000000000e-01,  2.375242672861e-02,  1.973455137303e+01,  2.130477130413e-02
  5.715000033379e-01,  3.416273742914e-02,  1.972414106233e+01,  1.740460097790e-02
  5.790000110865e-01,  4.482100158930e-02,  1.971348279817e+01,  3.728298842907e-02
  5.850000083447e-01,  5.539283901453e-02,  1.970291096075e+01,  3.483899310231e-02
  5.905000120401e-01,  6.627617031336e-02,  1.969202762945e+01,  2.167828567326e-02
  5.955000072718e-01,  7.649192959070e-02,  1.968181187017e+01,  1.086743362248e-02
  6.005000025034e-01,  8.655510097742e-02,  1.967174869878e+01,  7.433773949742e-03
  6.060000061989e-01,  9.714470058680e-02,  1.966115909917e+01,  4.745842888951e-03
  6.120000034571e-01,  1.077915206552e-01,  1.965051227911e+01,  8.796473848633e-04
  6.185000091791e-01,  1.180759444833e-01,  1.964022785528e+01,  9.819390252233e-03
  6.260000020266e-01,  1.287113279104e-01,  1.962959247185e+01,  3.057601163164e-03
  6.355000138283e-01,  1.390148252249e-01,  1.961928897454e+01,  5.856635048985e-03
  6.485000103712e-01,  1.493927091360e-01,  1.960891109063e+01,  3.907120600343e-02
  6.600000113249e-01,  1.594654172659e-01,  1.959883838250e+01,  4.657853022218e-02
  6.700000017881e-01,  1.694828122854e-01,  1.958882098748e+01,  4.767340794206e-02
  6.795000135899e-01,  1.796794980764e-01,  1.957862430169e+01,  4.818541184068e-02
  6.890000104904e-01,  1.900402158499e-01,  1.956826358391e+01,  4.921758547425e-02
  6.985000073910e-01,  2.001033872366e-01,  1.955820041252e+01,  5.199230089784e-02
  7.085000127554e-01,  2.102352231741e-01,  1.954806857659e+01,  5.844009295106e-02
  7.190000116825e-01,  2.204776853323e-01,  1.953782611443e+01,  6.486785411835e-02
  7.295000106096e-01,  2.306629270315e-01,  1.952764087273e+01,  7.273185253143e-02
  7.400000095367e-01,  2.410141080618e-01,  1.951728969170e+01,  7.782542705536e-02
  7.500000000000e-01,  2.510543763638e-01,  1.950724942340e+01,  8.323752880096e-02
  7.600000053644e-01,  2.611747682095e-01,  1.949712903155e+01,  8.792769908905e-02
  7.700000107288e-01,  2.713676393032e-01,  1.948693616046e+01,  9.374415874481e-02
  7.800000011921e-01,  2.815414369106e-01,  1.947676236285e+01,  9.864223003387e-02
  7.900000065565e-01,  2.915969789028e-01,  1.946670682086e+01,  1.042078733444e-01
  8.005000054836e-01,  3.020835816860e-01,  1.945622021808e+01,  1.108406782150e-01
  8.110000044107e-01,  3.124786317348e-01,  1.944582516803e+01,  1.180771589279e-01
  8.215000033379e-01,  3.228889405727e-01,  1.943541485919e+01,  1.244057416916e-01
  8.320000022650e-01,  3.333717286587e-01,  1.942493207110e+01,  1.296690702438e-01
  8.420000076294e-01,  3.434054851532e-01,  1.941489831461e+01,  1.346656829119e-01
  8.525000065565e-01,  3.538959026337e-01,  1.940440789713e+01,  1.415988951921e-01
  8.630000054836e-01,  3.643634319305e-01,  1.939394036783e+01,  1.471397429705e-01
  8.735000044107e-01,  3.747813701630e-01,  1.938352242960e+01,  1.547786742449e-01
  8.840000033379e-01,  3.851840496063e-01,  1.937311975016e+01,  1.628295928240e-01
  8.945000022650e-01,  3.956439495087e-01,  1.936265985025e+01,  1.692239791155e-01
  9.050000011921e-01,  4.061191082001e-01,  1.935218469156e+01,  1.761886626482e-01
  9.150000065565e-01,  4.162127971649e-01,  1.934209100260e+01,  1.841232329607e-01
  9.250000119209e-01,  4.264934062958e-01,  1.933181039347e+01,  1.888200789690e-01
  9.350000023842e-01,  4.367091655731e-01,  1.932159463419e+01,  1.931516677141e-01
  9.450000077486e-01,  4.467303752899e-01,  1.931157342447e+01,  2.001792937517e-01
  9.555000066757e-01,  4.571063518524e-01,  1.930119744791e+01,  2.064849883318e-01
  9.660000056028e-01,  4.673678874969e-01,  1.929093591226e+01,  2.137453109026e-01
  9.765000045300e-01,  4.775779247284e-01,  1.928072587503e+01,  2.230035811663e-01
  9.870000034571e-01,  4.880321025848e-01,  1.927027169718e+01,  2.328187972307e-01
  9.970000088215e-01,  4.982631206512e-01,  1.926004067911e+01,  2.378465682268e-01
  1.007000014186e+00,  5.085551738739e-01,  1.924974862589e+01,  2.442819625139e-01
  1.017000004649e+00,  5.186603069305e-01,  1.923964349283e+01,  2.506925463676e-01
  1.027500003576e+00,  5.290172100067e-01,  1.922928658975e+01,  2.587949633598e-01
  1.038000002503e+00,  5.392081737518e-01,  1.921909562601e+01,  2.679101824760e-01
  1.048500001431e+00,  5.495421886444e-01,  1.920876161112e+01,  2.775689959526e-01
  1.058500006795e+00,  5.596778392792e-01,  1.919862596048e+01,  2.853090167046e-01
  1.068500012159e+00,  5.700042247772e-01,  1.918829957498e+01,  2.917863726616e-01
  1.078500002623e+00,  5.803077220917e-01,  1.917799607767e+01,  2.992574572563e-01
  1.088500007987e+00,  5.904195308685e-01,  1.916788426889e+01,  3.076211512089e-01
  1.099000006914e+00,  6.007974147797e-01,  1.915750638498e+01,  3.174554407597e-01
  1.109500005841e+00,  6.110589504242e-01,  1.914724484934e+01,  3.272248804569e-01
  1.120000004768e+00,  6.214234828949e-01,  1.913688031687e+01,  3.364812433720e-01
  1.130000010133e+00,  6.314408779144e-01,  1.912686292185e+01,  3.447419703007e-01
  1.140000000596e+00,  6.415040493011e-01,  1.911679975046e+01,  3.519574701786e-01
  1.150500014424e+00,  6.519296169281e-01,  1.910637418283e+01,  3.600637018681e-01
  1.161000013351e+00,  6.621968746185e-01,  1.909610692514e+01,  3.714505732059e-01
  1.171500012279e+00,  6.724717617035e-01,  1.908583203806e+01,  3.820592463017e-01
  1.182000011206e+00,  6.829583644867e-01,  1.907534543527e+01,  3.909303247929e-01
  1.192000001669e+00,  6.930825710297e-01,  1.906522122873e+01,  3.990785181522e-01
  1.202000007033e+00,  7.031953334808e-01,  1.905510846628e+01,  4.077302515507e-01
  1.212000012398e+00,  7.132089138031e-01,  1.904509488596e+01,  4.179059565067e-01
  1.222500011325e+00,  7.236001491547e-01,  1.903470365061e+01,  4.278317987919e-01
  1.233000010252e+00,  7.338979244232e-01,  1.902440587534e+01,  4.392434656620e-01
  1.243500009179e+00,  7.442624568939e-01,  1.901404134287e+01,  4.505693018436e-01
  1.253500014544e+00,  7.542951107025e-01,  1.900400868906e+01,  4.602204859257e-01
  1.263500005007e+00,  7.643887996674e-01,  1.899391500009e+01,  4.680978357792e-01
  1.273500010371e+00,  7.744061946869e-01,  1.898389760507e+01,  4.781018793583e-01
  1.284000009298e+00,  7.848088741302e-01,  1.897349492563e+01,  4.896871149540e-01
  1.294500008225e+00,  7.952077388763e-01,  1.896309606089e+01,  5.006333589554e-01
  1.305000007153e+00,  8.056523799896e-01,  1.895265141977e+01,  5.124322175980e-01
  1.315000012517e+00,  8.157041072845e-01,  1.894259969248e+01,  5.233422517776e-01
  1.325000002980e+00,  8.258283138275e-01,  1.893247548593e+01,  5.328408479691e-01
  1.335000008345e+00,  8.358989357948e-01,  1.892240486397e+01,  5.418070554733e-01
  1.345500007272e+00,  8.463283181190e-01,  1.891197548164e+01,  5.533179044724e-01
  1.356000006199e+00,  8.566814064980e-01,  1.890162239326e+01,  5.650976896286e-01
  1.366500005126e+00,  8.671374917030e-01,  1.889116630806e+01,  5.765188932419e-01
  1.376500010490e+00,  8.771968483925e-01,  1.888110695137e+01,  5.882109403610e-01
  1.386500000954e+00,  8.873172402382e-01,  1.887098655952e+01,  6.010016202927e-01
  1.396500006318e+00,  8.975635170937e-01,  1.886074028267e+01,  6.121882200241e-01
  1.406500011683e+00,  9.078212380409e-01,  1.885048256172e+01,  6.226195096970e-01
  1.416500002146e+00,  9.179034829140e-01,  1.884040031685e+01,  6.342238187790e-01
  1.427000001073e+00,  9.283099770546e-01,  1.882999382271e+01,  6.468046903610e-01
  1.437500000000e+00,  9.387241005898e-01,  1.881957969917e+01,  6.585997343063e-01
  1.448000013828e+00,  9.490771889687e-01,  1.880922661079e+01,  6.718558073044e-01
  1.458500012755e+00,  9.593864083290e-01,  1.879891739143e+01,  6.840018033981e-01
  1.469000011683e+00,  9.694266915321e-01,  1.878887710823e+01,  6.945647001266e-01
  1.480500012636e+00,  9.794364571571e-01,  1.877886734260e+01,  7.023962736130e-01
  1.495000004768e+00,  9.894710183144e-01,  1.876883278145e+01,  7.128199338913e-01
  1.514000013471e+00,  9.973664879799e-01,  1.876093731178e+01,  7.251909971237e-01
  1.614500001073e+00,  1.003340244293e+00,  1.875496355547e+01,  7.385446429253e-01
  1.714500010014e+00,  1.002771258354e+00,  1.875553254141e+01,  7.350393533707e-01
  1.815000012517e+00,  1.001997470856e+00,  1.875630632891e+01,  7.320429086685e-01
  1.915500000119e+00,  1.001344203949e+00,  1.875695959581e+01,  7.286812067032e-01
  2.015500009060e+00,  1.000870704651e+00,  1.875743309511e+01,  7.304247021675e-01
  2.116000011563e+00,  1.000558972359e+00,  1.875774482740e+01,  7.281227707863e-01
  2.216500014067e+00,  1.000379323959e+00,  1.875792447580e+01,  7.280705571175e-01
  2.317000001669e+00,  1.000212788582e+00,  1.875809101118e+01,  7.265325784683e-01
  2.417000010610e+00,  1.000189304352e+00,  1.875811449541e+01,  7.248915433884e-01
  2.517500013113e+00,  1.000093102455e+00,  1.875821069731e+01,  7.245773077011e-01
  2.618000000715e+00,  1.000061869621e+00,  1.875824193014e+01,  7.188713550568e-01
  2.718000009656e+00,  1.000019669533e+00,  1.875828413023e+01,  7.220949530602e-01
  2.818500012159e+00,  1.000011205673e+00,  1.875829259409e+01,  7.190341353416e-01
  2.919000014663e+00,  1.000021696091e+00,  1.875828210367e+01,  7.208399176598e-01
  3.019500002265e+00,  9.999909400940e-01,  1.875831285967e+01,  7.160152196884e-01
  3.119500011206e+00,  9.999768733978e-01,  1.875832692636e+01,  7.187283635139e-01
  3.220000013709e+00,  1.000017523766e+00,  1.875828627600e+01,  7.171217203140e-01
  3.320500001311e+00,  1.000003933907e+00,  1.875829986585e+01,  7.172452211380e-01
  3.420500010252e+00,  1.000001192093e+00,  1.875830260767e+01,  7.147719264030e-01
  3.521000012755e+00,  9.999995827675e-01,  1.875830421699e+01,  7.132661342621e-01
  3.621500000358e+00,  1.000008583069e+00,  1.875829521669e+01,  7.117114663124e-01
  3.721500009298e+00,  1.000009298325e+00,  1.875829450144e+01,  7.128264307976e-01
  3.822000011802e+00,  1.000013709068e+00,  1.875829009069e+01,  7.135692238808e-01
  3.922500014305e+00,  1.000020623207e+00,  1.875828317655e+01,  7.133594751358e-01
  4.023000001907e+00,  9.999838471413e-01,  1.875831995262e+01,  7.105445861816e-01
  4.123000010848e+00,  1.000026464462e+00,  1.875827733530e+01,  7.119802236557e-01
  4.223500013351e+00,  9.999921321869e-01,  1.875831166757e+01,  7.084823250771e-01
  4.324000000954e+00,  9.999827742577e-01,  1.875832102550e+01,  7.108310461044e-01
  4.424000009894e+00,  9.999998211861e-01,  1.875830397858e+01,  7.084845900536e-01
  4.524500012398e+00,  1.000006675720e+00,  1.875829712404e+01,  7.083508372307e-01
  4.625000000000e+00,  1.000024557114e+00,  1.875827924265e+01,  7.087218165398e-01
  4.725000008941e+00,  1.000009417534e+00,  1.875829438223e+01,  7.070651650429e-01
  4.825500011444e+00,  1.000026464462e+00,  1.875827733530e+01,  7.067903280258e-01
  4.926000013947e+00,  1.000040888786e+00,  1.875826291098e+01,  7.071319818497e-01
  5.026500001550e+00,  1.000032782555e+00,  1.875827101721e+01,  7.064187526703e-01
  5.126500010490e+00,  1.000010848045e+00,  1.875829295172e+01,  7.071675658226e-01
  5.227000012994e+00,  1.000022530556e+00,  1.875828126921e+01,  7.043331265450e-01
  5.327500000596e+00,  1.000010132790e+00,  1.875829366697e+01,  7.063868641853e-01
  5.427500009537e+00,  1.000017285347e+00,  1.875828651441e+01,  7.045655250549e-01
  5.528000012040e+00,  9.999930858612e-01,  1.875831071390e+01,  7.048014402390e-01
  5.628500014544e+00,  1.000010132790e+00,  1.875829366697e+01,  7.028172016144e-01
  5.729000002146e+00,  9.999783039093e-01,  1.875832549585e+01,  7.011110186577e-01
  5.829000011086e+00,  1.000015497208e+00,  1.875828830255e+01,  7.011981606483e-01
  5.929500013590e+00,  1.000037074089e+00,  1.875826672567e+01,  7.024617195129e-01
  6.029500007629e+00,  9.999957084656e-01,  1.875830809130e+01,  7.005320191383e-01
  6.129500001669e+00,  9.999980330467e-01,  1.875830576671e+01,  7.023808360100e-01
  6.229500010610e+00,  1.000029087067e+00,  1.875827471269e+01,  7.000548839569e-01
  6.329500004649e+00,  9.999883770943e-01,  1.875831542267e+01,  6.979174613953e-01
  6.429500013590e+00,  1.000021100044e+00,  1.875828269972e+01,  7.012497782707e-01
  6.529500007629e+00,  1.000005960464e+00,  1.875829783930e+01,  7.006269097328e-01
  6.629500001669e+00,  9.999906420708e-01,  1.875831315769e+01,  6.990138888359e-01
  6.729500010610e+00,  1.000016331673e+00,  1.875828746809e+01,  7.011777162552e-01
  6.829500004649e+00,  1.000030279160e+00,  1.875827352060e+01,  6.966845393181e-01
  6.929500013590e+00,  1.000025749207e+00,  1.875827805055e+01,  6.984114646912e-01
  7.029500007629e+00,  9.999981522560e-01,  1.875830564751e+01,  6.989088058472e-01
  7.129500001669e+00,  1.000040054321e+00,  1.875826374544e+01,  6.982083320618e-01
  7.229500010610e+00,  1.000028014183e+00,  1.875827578558e+01,  6.975215077400e-01
  7.329500004649e+00,  9.999861717224e-01,  1.875831762804e+01,  7.005294561386e-01
  7.429500013590e+00,  9.999876618385e-01,  1.875831613792e+01,  6.961185336113e-01
  7.529500007629e+00,  1.000000715256e+00,  1.875830308451e+01,  6.977899670601e-01
  7.629500001669e+00,  9.999632239342e-01,  1.875834057583e+01,  6.959089040756e-01
  7.729500010610e+00,  1.000024914742e+00,  1.875827888502e+01,  6.972639560699e-01
  7.829500004649e+00,  1.000010013580e+00,  1.875829378618e+01,  6.981624960899e-01
  7.929500013590e+00,  9.999973177910e-01,  1.875830648197e+01,  6.962820291519e-01
  8.029500007629e+00,  1.000013470650e+00,  1.875829032911e+01,  6.956125497818e-01
  8.129500001669e+00,  1.000041365623e+00,  1.875826243414e+01,  6.944545507431e-01
  8.229500010610e+00,  1.000008463860e+00,  1.875829533590e+01,  6.950659155846e-01
  8.329500004649e+00,  1.000009298325e+00,  1.875829450144e+01,  6.935657262802e-01
  8.429500013590e+00,  1.000012040138e+00,  1.875829175962e+01,  6.960145235062e-01
  8.529500007629e+00,  1.000022888184e+00,  1.875828091158e+01,  6.955531835556e-01
  8.629500001669e+00,  1.000021934509e+00,  1.875828186525e+01,  6.946482658386e-01
  8.729500010610e+00,  1.000004172325e+00,  1.875829962744e+01,  6.945444941521e-01
  8.829500004649e+00,  1.000012397766e+00,  1.875829140200e+01,  6.939558982849e-01
  8.929500013590e+00,  1.000019192696e+00,  1.875828460707e+01,  6.949533224106e-01
  9.029500007629e+00,  1.000012993813e+00,  1.875829080595e+01,  6.960833668709e-01
  9.129500001669e+00,  9.999877214432e-01,  1.875831607832e+01,  6.936762928963e-01
  9.229500010610e+00,  1.000019550323e+00,  1.875828424944e+01,  6.935135722160e-01
  9.329500004649e+00,  9.999979138374e-01,  1.875830588592e+01,  6.920203566551e-01
  9.429500013590e+00,  1.000004053116e+00,  1.875829974665e+01,  6.920412182808e-01
  9.529500007629e+00,  1.000008463860e+00,  1.875829533590e+01,  6.918876171112e-01
  9.629500001669e+00,  1.000000238419e+00,  1.875830356134e+01,  6.908181309700e-01
  9.729500010610e+00,  1.000005245209e+00,  1.875829855455e+01,  6.912207007408e-01
  9.829500004649e+00,  9.999941587448e-01,  1.875830964102e+01,  6.896072030067e-01
  9.929500013590e+00,  9.999918341637e-01,  1.875831196560e+01,  6.904946565628e-01
  1.002950000763e+01,  9.999893903732e-01,  1.875831440939e+01,  6.895315647125e-01
  1.012950000167e+01,  1.000002980232e+00,  1.875830081953e+01,  6.912063360214e-01
  1.022950001061e+01,  1.000025033951e+00,  1.875827876581e+01,  6.873952150345e-01
  1.032950000465e+01,  1.000000715256e+00,  1.875830308451e+01,  6.912341117859e-01
  1.042950001359e+01,  9.999709129333e-01,  1.875833288683e+01,  6.883972883224e-01
  1.052950000763e+01,  9.999933838844e-01,  1.875831041588e+01,  6.887341141701e-01
  1.062950000167e+01,  9.999966621399e-01,  1.875830713762e+01,  6.901915669441e-01
  1.072950001061e+01,  1.000000238419e+00,  1.875830356134e+01,  6.909790039063e-01
  1.082950000465e+01,  9.999849796295e-01,  1.875831882013e+01,  6.878235340118e-01
  1.092950001359e+01,  9.999873042107e-01,  1.875831649555e+01,  6.874223351479e-01
  1.102950000763e+01,  1.000014901161e+00,  1.875828889860e+01,  6.886981129646e-01
  1.112950000167e+01,  1.000015735626e+00,  1.875828806414e+01,  6.874805688858e-01
  1.122950001061e+01,  9.999886751175e-01,  1.875831512464e+01,  6.858505606651e-01
  1.132950000465e+01,  1.000005483627e+00,  1.875829831613e+01,  6.854221820831e-01
  1.142950001359e+01,  1.000036954880e+00,  1.875826684488e+01,  6.896755695343e-01
  1.152950000763e+01,  9.999975562096e-01,  1.875830624355e+01,  6.889003515244e-01
  1.162950000167e+01,  1.000022172928e+00,  1.875828162683e+01,  6.861157417297e-01
  1.172950001061e+01,  1.000003337860e+00,  1.875830046190e+01,  6.864891052246e-01
  1.182950000465e+01,  9.999659657478e-01,  1.875833783401e+01,  6.847216486931e-01
  1.192950001359e+01,  1.000010490417e+00,  1.875829330934e+01,  6.840906739235e-01
  1.202950000763e+01,  1.000012040138e+00,  1.875829175962e+01,  6.844043135643e-01
  1.212950000167e+01,  9.999876618385e-01,  1.875831613792e+01,  6.837321519852e-01
  1.222950001061e+01,  9.999980330467e-01,  1.875830576671e+01,  6.843721270561e-01
  1.232950000465e+01,  9.999921917915e-01,  1.875831160797e+01,  6.815716624260e-01
  1.242950001359e+01,  9.999992251396e-01,  1.875830457462e+01,  6.843469738960e-01
  1.252950000763e+01,  1.000017404556e+00,  1.875828639521e+01,  6.830500960350e-01
  1.262950000167e+01,  9.999817013741e-01,  1.875832209839e+01,  6.844994425774e-01
  1.272950001061e+01,  1.000002384186e+00,  1.875830141558e+01,  6.821473240852e-01
  1.282950000465e+01,  1.000018596649e+00,  1.875828520311e+01,  6.846253871918e-01
  1.292950001359e+01,  1.000008106232e+00,  1.875829569353e+01,  6.835577487946e-01
  1.302950000763e+01,  9.999992251396e-01,  1.875830457462e+01,  6.833920478821e-01
  1.312950000167e+01,  1.000006318092e+00,  1.875829748167e+01,  6.842387914658e-01
  1.322950001061e+01,  9.999768733978e-01,  1.875832692636e+01,  6.838848590851e-01
  1.332950000465e+01,  9.999917149544e-01,  1.875831208481e+01,  6.832515597343e-01
  1.342950001359e+01,  1.000004529953e+00,  1.875829926981e+01,  6.823336482048e-01
  1.352950000763e+01,  1.000012993813e+00,  1.875829080595e+01,  6.834325194359e-01
  1.362950000167e+01,  1.000007748604e+00,  1.875829605116e+01,  6.815080642700e-01
  1.372950001061e+01,  1.000005722046e+00,  1.875829807772e+01,  6.823881864548e-01
  1.382950000465e+01,  9.999938607216e-01,  1.875830993904e+01,  6.818140149117e-01
  1.392950001359e+01,  1.000001192093e+00,  1.875830260767e+01,  6.812491416931e-01
  1.402950000763e+01,  1.000034928322e+00,  1.875826887144e+01,  6.813414692879e-01
  1.412950000167e+01,  1.000022172928e+00,  1.875828162683e+01,  6.810595989227e-01
  1.422950001061e+01,  1.000025391579e+00,  1.875827840818e+01,  6.824012398720e-01
  1.432950000465e+01,  1.000005841255e+00,  1.875829795851e+01,  6.792390346527e-01
  1.442950001359e+01,  1.000034689903e+00,  1.875826910986e+01,  6.795972585678e-01
  1.452950000763e+01,  1.000005483627e+00,  1.875829831613e+01,  6.805814504623e-01
  1.462950000167e+01,  1.000004887581e+00,  1.875829891218e+01,  6.793468594551e-01
  1.472950001061e+01,  1.000023365021e+00,  1.875828043474e+01,  6.804432272911e-01
  1.482950000465e+01,  1.000017046928e+00,  1.875828675283e+01,  6.797309517860e-01
  1.492950001359e+01,  9.999934434891e-01,  1.875831035627e+01,  6.802741885185e-01
  1.502950000763e+01,  1.000030636787e+00,  1.875827316297e+01,  6.773098111153e-01
  1.512950000167e+01,  1.000022888184e+00,  1.875828091158e+01,  6.786509752274e-01
  1.522950001061e+01,  1.000016331673e+00,  1.875828746809e+01,  6.787455081940e-01
  1.532950000465e+01,  1.000005722046e+00,  1.875829807772e+01,  6.789183020592e-01
  1.542950001359e+01,  1.000009417534e+00,  1.875829438223e+01,  6.761083006859e-01
  1.552950000763e+01,  9.999969005585e-01,  1.875830689920e+01,  6.765102744102e-01
  1.562950000167e+01,  1.000005364418e+00,  1.875829843534e+01,  6.805884838104e-01
  1.572950001061e+01,  1.000015735626e+00,  1.875828806414e+01,  6.776156425476e-01
  1.582950000465e+01,  1.000022649765e+00,  1.875828115000e+01,  6.783954501152e-01
  1.592950001359e+01,  9.999862909317e-01,  1.875831750883e+01,  6.752647757530e-01
  1.602950000763e+01,  1.000001907349e+00,  1.875830189241e+01,  6.758598685265e-01
  1.612950000167e+01,  1.000027537346e+00,  1.875827626242e+01,  6.755617260933e-01
  1.622950001061e+01,  1.000021576881e+00,  1.875828222288e+01,  6.762629151344e-01
  1.632950000465e+01,  1.000007867813e+00,  1.875829593195e+01,  6.769737005234e-01
  1.642950001359e+01,  1.000018596649e+00,  1.875828520311e+01,  6.756348013878e-01
  1.652950000763e+01,  9.999818205833e-01,  1.875832197918e+01,  6.747136712074e-01
  1.662950000167e+01,  1.000017404556e+00,  1.875828639521e+01,  6.762965917587e-01
  1.672950001061e+01,  1.000001192093e+00,  1.875830260767e+01,  6.743540763855e-01
  1.682950000465e+01,  9.999727010727e-01,  1.875833109869e+01,  6.735697388649e-01
  1.692950001359e+01,  1.000000119209e+00,  1.875830368055e+01,  6.724560260773e-01
  1.702950000763e+01,  9.999800920486e-01,  1.875832370771e+01,  6.737009286880e-01
  1.712950000167e+01,  9.999940395355e-01,  1.875830976023e+01,  6.731107831001e-01
  1.722950001061e+01,  1.000011444092e+00,  1.875829235567e+01,  6.725811362267e-01
  1.732950000465e+01,  9.999936819077e-01,  1.875831011785e+01,  6.729285120964e-01
  1.742950001359e+01,  9.999881982803e-01,  1.875831560148e+01,  6.756002306938e-01
  1.752950000763e+01,  9.999988079071e-01,  1.875830499185e+01,  6.727647185326e-01
  1.762950000167e+01,  1.000028014183e+00,  1.875827578558e+01,  6.724393367767e-01
  1.772950001061e+01,  1.000015616417e+00,  1.875828818334e+01,  6.773223280907e-01
  1.782950000465e+01,  1.000012040138e+00,  1.875829175962e+01,  6.734224557877e-01
  1.792950001359e+01,  9.999999403954e-01,  1.875830385937e+01,  6.740635633469e-01
  1.802950000763e+01,  9.999950528145e-01,  1.875830874695e+01,  6.736764311790e-01
  1.812950000167e+01,  1.000020623207e+00,  1.875828317655e+01,  6.720278859138e-01
  1.822950001061e+01,  1.000000715256e+00,  1.875830308451e+01,  6.740253567696e-01
  1.832950000465e+01,  1.000012159348e+00,  1.875829164041e+01,  6.726902127266e-01
  1.842950001359e+01,  1.000009655952e+00,  1.875829414381e+01,  6.747586131096e-01
  1.852950000763e+01,  9.999784231186e-01,  1.875832537664e+01,  6.727513074875e-01
  1.862950000167e+01,  9.999982118607e-01,  1.875830558790e+01,  6.748285293579e-01
  1.872950001061e+01,  1.000003457069e+00,  1.875830034269e+01,  6.726394295692e-01
  1.882950000465e+01,  9.999838471413e-01,  1.875831995262e+01,  6.730408668518e-01
  1.892950001359e+01,  1.000004291534e+00,  1.875829950823e+01,  6.687782406807e-01
  1.902950000763e+01,  9.999983906746e-01,  1.875830540909e+01,  6.708138585091e-01
  1.912950000167e+01,  1.000007867813e+00,  1.875829593195e+01,  6.712644100189e-01
  1.922950001061e+01,  1.000019073486e+00,  1.875828472628e+01,  6.714937090874e-01
  1.932950000465e+01,  1.000014305115e+00,  1.875828949465e+01,  6.708403229713e-01
  1.942950001359e+01,  1.000005960464e+00,  1.875829783930e+01,  6.698214411736e-01
  1.952950000763e+01,  1.000006198883e+00,  1.875829760088e+01,  6.701781749725e-01
  1.962950000167e+01,  9.999755024910e-01,  1.875832829727e+01,  6.704573035240e-01
  1.972950001061e+01,  9.999967217445e-01,  1.875830707802e+01,  6.692720055580e-01
  1.982950000465e+01,  9.999992251396e-01,  1.875830457462e+01,  6.706432104111e-01
  1.992950001359e+01,  1.000001192093e+00,  1.875830260767e+01,  6.681752800941e-01
  2.002950000763e+01,  9.999906420708e-01,  1.875831315769e+01,  6.674300432205e-01
  2.012950000167e+01,  1.000053763390e+00,  1.875825003637e+01,  6.674208045006e-01
  2.022950001061e+01,  1.000000476837e+00,  1.875830332292e+01,  6.681475639343e-01
  2.032950000465e+01,  1.000002026558e+00,  1.875830177320e+01,  6.678155064583e-01
  2.042950001359e+01,  1.000033736229e+00,  1.875827006353e+01,  6.683224439621e-01
  2.052950000763e+01,  1.000008463860e+00,  1.875829533590e+01,  6.689531803131e-01
  2.062950000167e+01,  1.000036954880e+00,  1.875826684488e+01,  6.709031462669e-01
  2.072950001061e+01,  9.999903440475e-01,  1.875831345571e+01,  6.705852746964e-01
  2.082950000465e+01,  1.000031471252e+00,  1.875827232851e+01,  6.675949692726e-01
  2.092950001359e+01,  1.000007271767e+00,  1.875829652799e+01,  6.677895188332e-01
  2.102950000763e+01,  1.000005245209e+00,  1.875829855455e+01,  6.669581532478e-01
  2.112950000167e+01,  1.000016808510e+00,  1.875828699125e+01,  6.693475842476e-01
  2.122950001061e+01,  9.999946951866e-01,  1.875830910457e+01,  6.690001487732e-01
  2.132950000465e+01,  9.999853968620e-01,  1.875831840290e+01,  6.689386963844e-01
  2.142950001359e+01,  1.000006437302e+00,  1.875829736246e+01,  6.665652394295e-01
  2.152950000763e+01,  1.000004053116e+00,  1.875829974665e+01,  6.686974763870e-01
  2.162950000167e+01,  1.000020503998e+00,  1.875828329576e+01,  6.679480075836e-01
  2.172950001061e+01,  1.000014901161e+00,  1.875828889860e+01,  6.675881743431e-01
  2.182950000465e+01,  1.000010132790e+00,  1.875829366697e+01,  6.686911582947e-01
  2.192950001359e+01,  1.000014424324e+00,  1.875828937544e+01,  6.665767431259e-01
  2.202950000763e+01,  1.000009894371e+00,  1.875829390539e+01,  6.667875051498e-01
  2.212950000167e+01,  9.999929070473e-01,  1.875831089271e+01,  6.663758754730e-01
  2.222950001061e+01,  9.999932646751e-01,  1.875831053509e+01,  6.652122735977e-01
  2.232950000465e+01,  9.999765157700e-01,  1.875832728399e+01,  6.650457382202e-01
  2.242950001359e+01,  1.000013589859e+00,  1.875829020990e+01,  6.641925573349e-01
  2.252950000763e+01,  9.999955296516e-01,  1.875830827011e+01,  6.655775904655e-01
  2.262950000167e+01,  1.000014424324e+00,  1.875828937544e+01,  6.677436232567e-01
  2.272950001061e+01,  1.000008821487e+00,  1.875829497827e+01,  6.654317378998e-01
  2.282950000465e+01,  9.999932050705e-01,  1.875831059469e+01,  6.637361645699e-01
  2.292950001359e+01,  1.000011682510e+00,  1.875829211725e+01,  6.647415161133e-01
  2.302950000763e+01,  1.000008225441e+00,  1.875829557432e+01,  6.656106710434e-01
  2.312950000167e+01,  1.000022053719e+00,  1.875828174604e+01,  6.668779253960e-01
  2.322950001061e+01,  1.000012755394e+00,  1.875829104437e+01,  6.654626131058e-01
  2.332950000465e+01,  1.000002622604e+00,  1.875830117716e+01,  6.664269566536e-01
  2.342950001359e+01,  1.000002145767e+00,  1.875830165399e+01,  6.655536890030e-01
  2.352950000763e+01,  1.000007629395e+00,  1.875829617037e+01,  6.650813817978e-01
  2.362950000167e+01,  9.999737143517e-01,  1.875833008541e+01,  6.645560860634e-01
  2.372950001061e+01,  1.000002503395e+00,  1.875830129637e+01,  6.670593023300e-01
  2.382950000465e+01,  9.999838471413e-01,  1.875831995262e+01,  6.642745137215e-01
  2.392950001359e+01,  9.999969005585e-01,  1.875830689920e+01,  6.665551066399e-01
  2.402950000763e+01,  9.999974966049e-01,  1.875830630316e+01,  6.668298244476e-01
  2.412950001657e+01,  1.000007629395e+00,  1.875829617037e+01,  6.658651232719e-01
  2.422950001061e+01,  1.000033617020e+00,  1.875827018274e+01,  6.635295748711e-01
  2.432950000465e+01,  1.000007748604e+00,  1.875829605116e+01,  6.645622253418e-01
  2.442950001359e+01,  1.000019192696e+00,  1.875828460707e+01,  6.635897755623e-01
  2.452950000763e+01,  1.000030875206e+00,  1.875827292456e+01,  6.624485850334e-01
  2.462950000167e+01,  1.000013709068e+00,  1.875829009069e+01,  6.649398207664e-01
  2.472950001061e+01,  9.999763965607e-01,  1.875832740320e+01,  6.631391644478e-01
  2.482950000465e+01,  9.999970793724e-01,  1.875830672039e+01,  6.620284914970e-01
  2.492950001359e+01,  9.999996423721e-01,  1.875830415739e+01,  6.633260846138e-01
  2.502950000763e+01,  1.000012993813e+00,  1.875829080595e+01,  6.643214821815e-01
  2.512950000167e+01,  1.000013470650e+00,  1.875829032911e+01,  6.613203287125e-01
  2.522950001061e+01,  9.999945163727e-01,  1.875830928339e+01,  6.597520709038e-01
  2.532950000465e+01,  9.999894499779e-01,  1.875831434978e+01,  6.651468276978e-01
  2.542950001359e+01,  9.999878406525e-01,  1.875831595911e+01,  6.619654893875e-01
  2.552950000763e+01,  9.999891519547e-01,  1.875831464781e+01,  6.597468852997e-01
  2.562950000167e+01,  9.999878406525e-01,  1.875831595911e+01,  6.628117561340e-01
  2.572950001061e+01,  1.000000119209e+00,  1.875830368055e+01,  6.590154170990e-01
  2.582950000465e+01,  9.999784231186e-01,  1.875832537664e+01,  6.592451930046e-01
  2.592950001359e+01,  9.999906420708e-01,  1.875831315769e+01,  6.607843041420e-01
  2.602950000763e+01,  9.999991655350e-01,  1.875830463423e+01,  6.605938673019e-01
  2.612950000167e+01,  1.000010371208e+00,  1.875829342855e+01,  6.617904901505e-01
  2.622950001061e+01,  9.999976158142e-01,  1.875830618395e+01,  6.612394452095e-01
  2.632950000465e+01,  9.999859333038e-01,  1.875831786646e+01,  6.594536900520e-01
  2.642950001359e+01,  1.000012159348e+00,  1.875829164041e+01,  6.606952548027e-01
  2.652950000763e+01,  1.000009417534e+00,  1.875829438223e+01,  6.587221622467e-01
  2.662950000167e+01,  1.000001311302e+00,  1.875830248846e+01,  6.609159708023e-01
  2.672950001061e+01,  9.999975562096e-01,  1.875830624355e+01,  6.607265472412e-01
  2.682950000465e+01,  9.999750852585e-01,  1.875832871450e+01,  6.582820415497e-01
  2.692950001359e+01,  1.000040888786e+00,  1.875826291098e+01,  6.616829037666e-01
  2.702950000763e+01,  1.000040411949e+00,  1.875826338781e+01,  6.605194211006e-01
  2.712950000167e+01,  1.000006914139e+00,  1.875829688562e+01,  6.601922512054e-01
  2.722950001061e+01,  1.000017404556e+00,  1.875828639521e+01,  6.622725725174e-01
  2.732950000465e+01,  1.000021457672e+00,  1.875828234209e+01,  6.606953740120e-01
  2.742950001359e+01,  1.000032782555e+00,  1.875827101721e+01,  6.613118052483e-01
  2.752950000763e+01,  1.000017881393e+00,  1.875828591837e+01,  6.586008071899e-01
  2.762950000167e+01,  1.000014305115e+00,  1.875828949465e+01,  6.585679054260e-01
  2.772950001061e+01,  1.000003933907e+00,  1.875829986585e+01,  6.589624285698e-01
  2.782950000465e+01,  9.999911189079e-01,  1.875831268085e+01,  6.588419079781e-01
  2.792950001359e+01,  9.999939799309e-01,  1.875830981983e+01,  6.610421538353e-01
  2.802950000763e+01,  1.000012516975e+00,  1.875829128279e+01,  6.582510471344e-01
  2.812950000167e+01,  9.999759197235e-01,  1.875832788004e+01,  6.576111316681e-01
  2.822950001061e+01,  9.999737739563e-01,  1.875833002581e+01,  6.577368974686e-01
  2.832950000465e+01,  9.999951720238e-01,  1.875830862774e+01,  6.578258872032e-01
  2.842950001359e+01,  9.999923110008e-01,  1.875831148876e+01,  6.559950113297e-01
  2.852950000763e+01,  9.999909400940e-01,  1.875831285967e+01,  6.587707996368e-01
  2.862950000167e+01,  9.999895691872e-01,  1.875831423057e+01,  6.577816009521e-01
  2.872950001061e+01,  1.000016093254e+00,  1.875828770651e+01,  6.578515768051e-01
  2.882950000465e+01,  1.000011563301e+00,  1.875829223646e+01,  6.600271463394e-01
  2.892950001359e+01,  9.999952316284e-01,  1.875830856813e+01,  6.593220233917e-01
  2.902950000763e+01,  1.000030398369e+00,  1.875827340139e+01,  6.574566960335e-01
  2.912950000167e+01,  9.999830722809e-01,  1.875832072748e+01,  6.583057045937e-01
  2.922950001061e+01,  1.000014424324e+00,  1.875828937544e+01,  6.577551364899e-01
  2.932950000465e+01,  9.999781250954e-01,  1.875832567467e+01,  6.563473939896e-01
  2.942950001359e+01,  1.000023245811e+00,  1.875828055395e+01,  6.586625576019e-01
  2.952950000763e+01,  1.000001788139e+00,  1.875830201162e+01,  6.576620340347e-01
  2.962950000167e+01,  1.000006914139e+00,  1.875829688562e+01,  6.580999493599e-01
  2.972950001061e+01,  1.000010490417e+00,  1.875829330934e+01,  6.597459316254e-01
  2.982950000465e+01,  9.999933242798e-01,  1.875831047548e+01,  6.546229720116e-01
  2.992950001359e+01,  1.000016212463e+00,  1.875828758730e+01,  6.571373343468e-01
  3.002950000763e+01,  1.000013589859e+00,  1.875829020990e+01,  6.554479002953e-01
  3.012950000167e+01,  9.999913573265e-01,  1.875831244243e+01,  6.568551063538e-01
  3.022950001061e+01,  1.000014662743e+00,  1.875828913702e+01,  6.555128097534e-01
  3.032950000465e+01,  1.000008344650e+00,  1.875829545511e+01,  6.536066532135e-01
  3.042950001359e+01,  1.000009417534e+00,  1.875829438223e+01,  6.554771065712e-01
  3.052950000763e+01,  9.999810457230e-01,  1.875832275404e+01,  6.555001139641e-01
  3.062950000167e+01,  1.000020623207e+00,  1.875828317655e+01,  6.541562676430e-01
  3.072950001061e+01,  9.999977350235e-01,  1.875830606474e+01,  6.523680090904e-01
  3.082950000465e+01,  9.999962449074e-01,  1.875830755485e+01,  6.540942788124e-01
  3.092950001359e+01,  1.000014424324e+00,  1.875828937544e+01,  6.542155742645e-01
  3.102950000763e+01,  1.000000476837e+00,  1.875830332292e+01,  6.547400951385e-01
  3.112950000167e+01,  1.000006198883e+00,  1.875829760088e+01,  6.529489755630e-01
  3.122950001061e+01,  1.000015854836e+00,  1.875828794493e+01,  6.523921489716e-01
  3.132950000465e+01,  9.999961256981e-01,  1.875830767406e+01,  6.552537083626e-01
  3.142950001359e+01,  9.999817013741e-01,  1.875832209839e+01,  6.551048755646e-01
  3.152950000763e+01,  1.000006079674e+00,  1.875829772009e+01,  6.542052626610e-01
  3.162950000167e+01,  1.000000238419e+00,  1.875830356134e+01,  6.505227088928e-01
  3.172950001061e+01,  1.000000596046e+00,  1.875830320372e+01,  6.529174447060e-01
  3.182950000465e+01,  1.000002980232e+00,  1.875830081953e+01,  6.501778364182e-01
  3.192950001359e+01,  1.000017881393e+00,  1.875828591837e+01,  6.516390442848e-01
  3.202950000763e+01,  1.000005602837e+00,  1.875829819692e+01,  6.542556285858e-01
  3.212950000167e+01,  1.000016093254e+00,  1.875828770651e+01,  6.507329940796e-01
  3.222950001061e+01,  1.000013947487e+00,  1.875828985227e+01,  6.522033214569e-01
  3.232950000465e+01,  1.000015735626e+00,  1.875828806414e+01,  6.520500183105e-01
  3.242950001359e+01,  9.999870061874e-01,  1.875831679357e+01,  6.514789462090e-01
  3.252950000763e+01,  9.999963641167e-01,  1.875830743564e+01,  6.511648297310e-01
  3.262950000167e+01,  1.000010371208e+00,  1.875829342855e+01,  6.518643498421e-01
  3.272950001061e+01,  9.999957680702e-01,  1.875830803169e+01,  6.521620154381e-01
  3.282950000465e+01,  9.999996423721e-01,  1.875830415739e+01,  6.516490578651e-01
  3.292950001359e+01,  1.000009179115e+00,  1.875829462065e+01,  6.528746485710e-01
  3.302950000763e+01,  1.000032663345e+00,  1.875827113642e+01,  6.524230837822e-01
  3.312950000167e+01,  1.000034570694e+00,  1.875826922907e+01,  6.540556550026e-01
  3.322950001061e+01,  9.999825954437e-01,  1.875832120432e+01,  6.537111401558e-01
  3.332950000465e+01,  9.999804496765e-01,  1.875832335008e+01,  6.530054807663e-01
  3.342950001359e+01,  1.000001549721e+00,  1.875830225004e+01,  6.528447866440e-01
  3.352950000763e+01,  1.000020980835e+00,  1.875828281893e+01,  6.506664156914e-01
  3.362950000167e+01,  1.000000715256e+00,  1.875830308451e+01,  6.505595445633e-01
  3.372950001061e+01,  1.000001668930e+00,  1.875830213083e+01,  6.498885154724e-01
  3.382950000465e+01,  9.999666810036e-01,  1.875833711876e+01,  6.528341770172e-01
  3.392950001359e+01,  9.999962449074e-01,  1.875830755485e+01,  6.493617296219e-01
  3.402950000763e+01,  1.000004291534e+00,  1.875829950823e+01,  6.537899971008e-01
  3.412950000167e+01,  1.000002741814e+00,  1.875830105795e+01,  6.519644260406e-01
  3.422950001061e+01,  9.999877810478e-01,  1.875831601871e+01,  6.502466201782e-01
  3.432950000465e+01,  1.000010609627e+00,  1.875829319013e+01,  6.511769890785e-01
  3.442950001359e+01,  9.999997615814e-01,  1.875830403818e+01,  6.537531018257e-01
  3.452950000763e+01,  9.999668002129e-01,  1.875833699955e+01,  6.527992486954e-01
  3.462950000167e+01,  1.000001668930e+00,  1.875830213083e+01,  6.519529223442e-01
  3.472950001061e+01,  1.000008106232e+00,  1.875829569353e+01,  6.499690413475e-01
  3.482950000465e+01,  9.999822974205e-01,  1.875832150234e+01,  6.512492895126e-01
  3.492950001359e+01,  1.000002980232e+00,  1.875830081953e+01,  6.495246887207e-01
  3.502950000763e+01,  9.999814629555e-01,  1.875832233681e+01,  6.495673656464e-01
  3.512950000167e+01,  9.999803900719e-01,  1.875832340969e+01,  6.490103602409e-01
  3.522950001061e+01,  9.999843835831e-01,  1.875831941618e+01,  6.483199596405e-01
  3.532950000465e+01,  9.999973773956e-01,  1.875830642237e+01,  6.475185155869e-01
  3.542950001359e+01,  9.999877810478e-01,  1.875831601871e+01,  6.472286581993e-01
  3.552950000763e+01,  1.000006437302e+00,  1.875829736246e+01,  6.469715833664e-01
  3.562950000167e+01,  1.000024795532e+00,  1.875827900423e+01,  6.470938920975e-01
  3.572950001061e+01,  1.000007510185e+00,  1.875829628958e+01,  6.496006250381e-01
  3.582950000465e+01,  9.999843835831e-01,  1.875831941618e+01,  6.501259803772e-01
  3.592950001359e+01,  1.000001311302e+00,  1.875830248846e+01,  6.490507125854e-01
  3.602950000763e+01,  1.000006198883e+00,  1.875829760088e+01,  6.496801972389e-01
  3.612950000167e+01,  1.000006794930e+00,  1.875829700483e+01,  6.480371356010e-01
  3.622950001061e+01,  9.999688267708e-01,  1.875833497299e+01,  6.489692330360e-01
  3.632950000465e+01,  1.000007271767e+00,  1.875829652799e+01,  6.491573452950e-01
  3.642950001359e+01,  1.000005483627e+00,  1.875829831613e+01,  6.490055918694e-01
  3.652950000763e+01,  1.000007867813e+00,  1.875829593195e+01,  6.475329995155e-01
  3.662950000167e+01,  1.000026464462e+00,  1.875827733530e+01,  6.487143039703e-01
  3.672950001061e+01,  1.000006198883e+00,  1.875829760088e+01,  6.491160988808e-01
  3.682950000465e+01,  1.000007867813e+00,  1.875829593195e+01,  6.490395069122e-01
  3.692950001359e+01,  1.000012755394e+00,  1.875829104437e+01,  6.481493711472e-01
  3.702950000763e+01,  1.000011324883e+00,  1.875829247488e+01,  6.492273807526e-01
  3.712950000167e+01,  9.999955892563e-01,  1.875830821051e+01,  6.492736339569e-01
  3.722950001061e+01,  9.999945759773e-01,  1.875830922378e+01,  6.474757790565e-01
  3.732950000465e+01,  1.000014185905e+00,  1.875828961386e+01,  6.483998894691e-01
  3.742950001359e+01,  1.000000715256e+00,  1.875830308451e+01,  6.462829113007e-01
  3.752950000763e+01,  1.000001311302e+00,  1.875830248846e+01,  6.469097733498e-01
  3.762950000167e+01,  9.999803900719e-01,  1.875832340969e+01,  6.471810340881e-01
  3.772950001061e+01,  1.000011324883e+00,  1.875829247488e+01,  6.476773619652e-01
  3.782950000465e+01,  1.000032067299e+00,  1.875827173246e+01,  6.496992707253e-01
  3.792950001359e+01,  9.999824166298e-01,  1.875832138313e+01,  6.478193998337e-01
  3.802950000763e+01,  1.000022172928e+00,  1.875828162683e+01,  6.478905081749e-01
  3.812950000167e+01,  9.999871850014e-01,  1.875831661476e+01,  6.482486724854e-01
  3.822950001061e+01,  1.000012993813e+00,  1.875829080595e+01,  6.471123695374e-01
  3.832950000465e+01,  1.000014305115e+00,  1.875828949465e+01,  6.473751664162e-01
  3.842950001359e+01,  1.000021696091e+00,  1.875828210367e+01,  6.497104167938e-01
  3.852950000763e+01,  1.000007629395e+00,  1.875829617037e+01,  6.496857404709e-01
  3.862950000167e+01,  9.999853372574e-01,  1.875831846250e+01,  6.489777565002e-01
  3.872950001061e+01,  1.000016689301e+00,  1.875828711046e+01,  6.487548351288e-01
  3.882950000465e+01,  1.000028252602e+00,  1.875827554716e+01,  6.481962203979e-01
  3.892950001359e+01,  9.999969005585e-01,  1.875830689920e+01,  6.486365795135e-01
  3.902950000763e+01,  9.999803900719e-01,  1.875832340969e+01,  6.492388248444e-01
  3.912950000167e+01,  1.000004172325e+00,  1.875829962744e+01,  6.478598713875e-01
  3.922950001061e+01,  9.999990463257e-01,  1.875830475344e+01,  6.487618684769e-01
  3.932950000465e+01,  1.000046968460e+00,  1.875825683130e+01,  6.492314934731e-01
  3.942950001359e+01,  1.000004649162e+00,  1.875829915060e+01,  6.501817107201e-01
  3.952950000763e+01,  9.999799728394e-01,  1.875832382692e+01,  6.444128751755e-01
  3.962950000167e+01,  9.999969601631e-01,  1.875830683960e+01,  6.485631465912e-01
  3.972950001061e+01,  9.999770522118e-01,  1.875832674755e+01,  6.469211578369e-01
  3.982950000465e+01,  1.000004053116e+00,  1.875829974665e+01,  6.475785374641e-01
  3.992950001359e+01,  1.000016689301e+00,  1.875828711046e+01,  6.446856856346e-01
  4.002950000763e+01,  1.000025272369e+00,  1.875827852739e+01,  6.448572874069e-01
  4.012950000167e+01,  9.999948143959e-01,  1.875830898537e+01,  6.465413570404e-01
  4.022950001061e+01,  1.000015020370e+00,  1.875828877939e+01,  6.455751061440e-01
  4.032950000465e+01,  1.000005841255e+00,  1.875829795851e+01,  6.452119946480e-01
  4.042950001359e+01,  9.999893307686e-01,  1.875831446899e+01,  6.461291909218e-01
  4.052950000763e+01,  9.999780058861e-01,  1.875832579388e+01,  6.459621787071e-01
  4.062950000167e+01,  1.000008225441e+00,  1.875829557432e+01,  6.457938551903e-01
  4.072950001061e+01,  1.000015735626e+00,  1.875828806414e+01,  6.462559103966e-01
  4.082950000465e+01,  1.000015974045e+00,  1.875828782572e+01,  6.457600593567e-01
  4.092950001359e+01,  1.000038027763e+00,  1.875826577200e+01,  6.449616551399e-01
  4.102950000763e+01,  9.999672770500e-01,  1.875833652271e+01,  6.465105414391e-01
  4.112950000167e+01,  1.000015020370e+00,  1.875828877939e+01,  6.459544897079e-01
  4.122950001061e+01,  9.999995231628e-01,  1.875830427660e+01,  6.455395221710e-01
  4.132950000465e+01,  9.999918937683e-01,  1.875831190599e+01,  6.449566483498e-01
  4.142950001359e+01,  9.999973773956e-01,  1.875830642237e+01,  6.427913308144e-01
  4.152950000763e+01,  9.999943375587e-01,  1.875830946220e+01,  6.438506841660e-01
  4.162950000167e+01,  1.000011682510e+00,  1.875829211725e+01,  6.426711082458e-01
  4.172950001061e+01,  9.999839663506e-01,  1.875831983341e+01,  6.427069306374e-01
  4.182950000465e+01,  1.000004768372e+00,  1.875829903139e+01,  6.445341110229e-01
  4.192950001359e+01,  9.999805092812e-01,  1.875832329048e+01,  6.435721516609e-01
  4.202950000763e+01,  1.000027537346e+00,  1.875827626242e+01,  6.442265510559e-01
  4.212950000167e+01,  9.999619126320e-01,  1.875834188713e+01,  6.453128457069e-01
  4.222950001061e+01,  1.000011205673e+00,  1.875829259409e+01,  6.466937065125e-01
  4.232950000465e+01,  1.000009894371e+00,  1.875829390539e+01,  6.433961391449e-01
  4.242950001359e+01,  1.000014543533e+00,  1.875828925623e+01,  6.441282033920e-01
  4.252950000763e+01,  1.000005125999e+00,  1.875829867376e+01,  6.424922943115e-01
  4.262950000167e+01,  1.000017285347e+00,  1.875828651441e+01,  6.429018974304e-01
  4.272950001061e+01,  1.000008344650e+00,  1.875829545511e+01,  6.445483565331e-01
  4.282950000465e+01,  1.000007271767e+00,  1.875829652799e+01,  6.431011557579e-01
  4.292950001359e+01,  1.000011324883e+00,  1.875829247488e+01,  6.434734463692e-01
  4.302950000763e+01,  9.999914169312e-01,  1.875831238283e+01,  6.429964900017e-01
  4.312950000167e+01,  9.999899268150e-01,  1.875831387295e+01,  6.417784690857e-01
  4.322950001061e+01,  1.000020861626e+00,  1.875828293814e+01,  6.431582570076e-01
  4.332950000465e+01,  1.000018358231e+00,  1.875828544153e+01,  6.442190408707e-01
  4.342950001359e+01,  1.000021576881e+00,  1.875828222288e+01,  6.435334086418e-01
  4.352950000763e+01,  9.999917745590e-01,  1.875831202520e+01,  6.439558267593e-01
  4.362950000167e+01,  1.000016808510e+00,  1.875828699125e+01,  6.430658102036e-01
  4.372950001061e+01,  1.000000119209e+00,  1.875830368055e+01,  6.444832086563e-01
  4.382950000465e+01,  1.000009894371e+00,  1.875829390539e+01,  6.433944106102e-01
  4.392950001359e+01,  1.000002503395e+00,  1.875830129637e+01,  6.449890136719e-01
  4.402950000763e+01,  1.000003933907e+00,  1.875829986585e+01,  6.435961723328e-01
  4.412950000167e+01,  1.000002741814e+00,  1.875830105795e+01,  6.408635973930e-01
  4.422950001061e+01,  9.999794960022e-01,  1.875832430376e+01,  6.404559016228e-01
  4.432950000465e+01,  9.999974370003e-01,  1.875830636276e+01,  6.430677771568e-01
  4.442950001359e+01,  9.999743103981e-01,  1.875832948936e+01,  6.416673660278e-01
  4.452950000763e+01,  9.999931454659e-01,  1.875831065430e+01,  6.416834592819e-01
  4.462950000167e+01,  9.999898672104e-01,  1.875831393255e+01,  6.398891210556e-01
  4.472950001061e+01,  1.000026106834e+00,  1.875827769293e+01,  6.410602331161e-01
  4.482950000465e+01,  1.000001549721e+00,  1.875830225004e+01,  6.391944289207e-01
  4.492950001359e+01,  9.999843835831e-01,  1.875831941618e+01,  6.427667140961e-01
  4.502950000763e+01,  1.000025272369e+00,  1.875827852739e+01,  6.400200724602e-01
  4.512950000167e+01,  1.000007987022e+00,  1.875829581274e+01,  6.403486132622e-01
  4.522950001061e+01,  1.000004649162e+00,  1.875829915060e+01,  6.403587460518e-01
  4.532950000465e+01,  9.999838471413e-01,  1.875831995262e+01,  6.420914530754e-01
  4.542950001359e+01,  9.999990463257e-01,  1.875830475344e+01,  6.428989171982e-01
  4.552950000763e+01,  1.000036716461e+00,  1.875826708330e+01,  6.412201523781e-01
  4.562950000167e+01,  1.000014305115e+00,  1.875828949465e+01,  6.416912674904e-01
  4.572950001061e+01,  1.000021338463e+00,  1.875828246130e+01,  6.386091709137e-01
  4.582950000465e+01,  1.000006437302e+00,  1.875829736246e+01,  6.414500474930e-01
  4.592950001359e+01,  1.000010251999e+00,  1.875829354776e+01,  6.416124105453e-01
  4.602950000763e+01,  1.000000238419e+00,  1.875830356134e+01,  6.418370008469e-01
  4.612950000167e+01,  1.000018239021e+00,  1.875828556074e+01,  6.389201879501e-01
  4.622950001061e+01,  1.000020027161e+00,  1.875828377260e+01,  6.398203372955e-01
  4.632950000465e+01,  9.999886155128e-01,  1.875831518425e+01,  6.390576362610e-01
  4.642950001359e+01,  9.999910593033e-01,  1.875831274046e+01,  6.411113142967e-01
  4.652950000763e+01,  9.999964833260e-01,  1.875830731644e+01,  6.401100754738e-01
  4.662950000167e+01,  9.999841451645e-01,  1.875831965460e+01,  6.403264403343e-01
  4.672950001061e+01,  9.999875426292e-01,  1.875831625713e+01,  6.404153108597e-01
  4.682950000465e+01,  1.000006318092e+00,  1.875829748167e+01,  6.409345269203e-01
  4.692950001359e+01,  1.000014662743e+00,  1.875828913702e+01,  6.427870988846e-01
  4.702950000763e+01,  9.999946951866e-01,  1.875830910457e+01,  6.408075094223e-01
  4.712950000167e+01,  9.999620914459e-01,  1.875834170832e+01,  6.412637829781e-01
  4.722950001061e+01,  9.999890327454e-01,  1.875831476702e+01,  6.408545970917e-01
  4.732950000465e+01,  1.000005245209e+00,  1.875829855455e+01,  6.391360759735e-01
  4.742950001359e+01,  1.000011444092e+00,  1.875829235567e+01,  6.399347782135e-01
  4.752950000763e+01,  9.999912381172e-01,  1.875831256164e+01,  6.383885145187e-01
  4.762950000167e+01,  9.999868273735e-01,  1.875831697239e+01,  6.406645178795e-01
  4.772950001061e+01,  9.999904036522e-01,  1.875831339611e+01,  6.401717066765e-01
  4.782950000465e+01,  1.000006556511e+00,  1.875829724325e+01,  6.379226446152e-01
  4.792950001359e+01,  1.000001907349e+00,  1.875830189241e+01,  6.403167843819e-01
  4.802950000763e+01,  1.000005125999e+00,  1.875829867376e+01,  6.384432911873e-01
  4.812950000167e+01,  1.000020861626e+00,  1.875828293814e+01,  6.394468545914e-01
  4.822950001061e+01,  1.000003695488e+00,  1.875830010427e+01,  6.389296650887e-01
  4.832950000465e+01,  9.999964833260e-01,  1.875830731644e+01,  6.368447542191e-01
  4.842950001359e+01,  9.999877214432e-01,  1.875831607832e+01,  6.388307213783e-01
  4.852950000763e+01,  1.000009179115e+00,  1.875829462065e+01,  6.373200416565e-01
  4.862950000167e+01,  9.999926686287e-01,  1.875831113113e+01,  6.398763060570e-01
  4.872950001061e+01,  9.999883174896e-01,  1.875831548227e+01,  6.366083025932e-01
  4.882950000465e+01,  1.000006437302e+00,  1.875829736246e+01,  6.387277841568e-01
  4.892950001359e+01,  9.999749660492e-01,  1.875832883371e+01,  6.368986964226e-01
  4.902950000763e+01,  9.999945759773e-01,  1.875830922378e+01,  6.374398469925e-01
  4.912950000167e+01,  9.999928474426e-01,  1.875831095232e+01,  6.377162337303e-01
  4.922950001061e+01,  1.000019311905e+00,  1.875828448786e+01,  6.373541951180e-01
  4.932950000465e+01,  1.000000476837e+00,  1.875830332292e+01,  6.383674144745e-01
  4.942950001359e+01,  1.000006556511e+00,  1.875829724325e+01,  6.366792321205e-01
  4.952950000763e+01,  9.999793767929e-01,  1.875832442297e+01,  6.375370621681e-01
  4.962950000167e+01,  1.000007987022e+00,  1.875829581274e+01,  6.367567181587e-01
  4.972950001061e+01,  9.999958872795e-01,  1.875830791248e+01,  6.385859847069e-01
  4.982950000465e+01,  9.999967813492e-01,  1.875830701841e+01,  6.358806490898e-01
  4.992950001359e+01,  1.000026941299e+00,  1.875827685846e+01,  6.376039981842e-01
  5.002950000763e+01,  1.000024795532e+00,  1.875827900423e+01,  6.374112367630e-01
  5.012950000167e+01,  1.000018239021e+00,  1.875828556074e+01,  6.368545889854e-01
  5.022950001061e+01,  9.999923706055e-01,  1.875831142916e+01,  6.408814191818e-01
  5.032950000465e+01,  1.000009655952e+00,  1.875829414381e+01,  6.372586488724e-01
  5.042950001359e+01,  9.999895691872e-01,  1.875831423057e+01,  6.371338963509e-01
  5.052950000763e+01,  9.999983310699e-01,  1.875830546869e+01,  6.370517611504e-01
  5.062950000167e+01,  1.000023245811e+00,  1.875828055395e+01,  6.355608105659e-01
  5.072950001061e+01,  9.999977350235e-01,  1.875830606474e+01,  6.366834640503e-01
  5.082950000465e+01,  1.000026702881e+00,  1.875827709688e+01,  6.357609629631e-01
  5.092950001359e+01,  9.999911189079e-01,  1.875831268085e+01,  6.350167989731e-01
  5.102950000763e+01,  9.999659061432e-01,  1.875833789362e+01,  6.363658308983e-01
  5.112950000167e+01,  1.000017046928e+00,  1.875828675283e+01,  6.366634368896e-01
  5.122950001061e+01,  9.999933838844e-01,  1.875831041588e+01,  6.366562247276e-01
  5.132950000465e+01,  9.999806880951e-01,  1.875832311167e+01,  6.337406635284e-01
  5.142950001359e+01,  1.000006794930e+00,  1.875829700483e+01,  6.359689235687e-01
  5.152950000763e+01,  1.000028371811e+00,  1.875827542795e+01,  6.342465877533e-01
  5.162950000167e+01,  1.000036120415e+00,  1.875826767935e+01,  6.335883140564e-01
  5.172950001061e+01,  1.000010728836e+00,  1.875829307093e+01,  6.356030702591e-01
  5.182950000465e+01,  9.999955892563e-01,  1.875830821051e+01,  6.330692172050e-01
  5.192950001359e+01,  9.999760389328e-01,  1.875832776083e+01,  6.330274939537e-01
  5.202950000763e+01,  9.999924898148e-01,  1.875831130995e+01,  6.339131593704e-01
  5.212950000167e+01,  1.000000715256e+00,  1.875830308451e+01,  6.341248154640e-01
  5.222950001061e+01,  9.999923706055e-01,  1.875831142916e+01,  6.344448924065e-01
  5.232950000465e+01,  1.000006437302e+00,  1.875829736246e+01,  6.359610557556e-01
  5.242950001359e+01,  1.000001907349e+00,  1.875830189241e+01,  6.367306709290e-01
  5.252950000763e+01,  9.999924302101e-01,  1.875831136955e+01,  6.340612173080e-01
  5.262950000167e+01,  1.000011086464e+00,  1.875829271330e+01,  6.334418058395e-01
  5.272950001061e+01,  1.000002145767e+00,  1.875830165399e+01,  6.340699791908e-01
  5.282950000465e+01,  1.000017285347e+00,  1.875828651441e+01,  6.358777880669e-01
  5.292950001359e+01,  1.000015497208e+00,  1.875828830255e+01,  6.345497369766e-01
  5.302950000763e+01,  1.000005602837e+00,  1.875829819692e+01,  6.346582174301e-01
  5.312950000167e+01,  1.000007748604e+00,  1.875829605116e+01,  6.312038898468e-01
  5.322950001061e+01,  9.999653100967e-01,  1.875833848966e+01,  6.363787055016e-01
  5.332950000465e+01,  1.000011205673e+00,  1.875829259409e+01,  6.339848041534e-01
  5.342950001359e+01,  9.999927878380e-01,  1.875831101192e+01,  6.352162957191e-01
  5.352950000763e+01,  1.000019073486e+00,  1.875828472628e+01,  6.332814097404e-01
  5.362950000167e+01,  1.000025868416e+00,  1.875827793135e+01,  6.337531208992e-01
  5.372950001061e+01,  9.999648332596e-01,  1.875833896650e+01,  6.330371499062e-01
  5.382950000465e+01,  1.000007510185e+00,  1.875829628958e+01,  6.320087313652e-01
  5.392950001359e+01,  1.000006079674e+00,  1.875829772009e+01,  6.326380372047e-01
  5.402950000763e+01,  1.000000834465e+00,  1.875830296530e+01,  6.336782574654e-01
  5.412950000167e+01,  9.999977350235e-01,  1.875830606474e+01,  6.318403482437e-01
  5.422950001061e+01,  1.000028967857e+00,  1.875827483190e+01,  6.327376961708e-01
  5.432950000465e+01,  1.000027775764e+00,  1.875827602400e+01,  6.337466239929e-01
  5.442950001359e+01,  9.999818801880e-01,  1.875832191957e+01,  6.320845484734e-01
  5.452950000763e+01,  1.000028371811e+00,  1.875827542795e+01,  6.318112015724e-01
  5.462950000167e+01,  9.999997615814e-01,  1.875830403818e+01,  6.331828832626e-01
  5.472950001061e+01,  9.999856948853e-01,  1.875831810488e+01,  6.322521567345e-01
  5.482950000465e+01,  9.999858140945e-01,  1.875831798567e+01,  6.323010325432e-01
  5.492950001359e+01,  9.999809861183e-01,  1.875832281364e+01,  6.320869922638e-01
  5.502950000763e+01,  1.000036835670e+00,  1.875826696409e+01,  6.317663192749e-01
  5.512950000167e+01,  1.000017166138e+00,  1.875828663362e+01,  6.331696510315e-01
  5.522950001061e+01,  9.999994039536e-01,  1.875830439581e+01,  6.351296305656e-01
  5.532950000465e+01,  1.000036478043e+00,  1.875826732172e+01,  6.325626373291e-01
  5.542950001359e+01,  1.000000476837e+00,  1.875830332292e+01,  6.329013109207e-01
  5.552950000763e+01,  1.000015616417e+00,  1.875828818334e+01,  6.317723393440e-01
  5.562950000167e+01,  1.000027060509e+00,  1.875827673925e+01,  6.316528916359e-01
  5.572950001061e+01,  1.000007390976e+00,  1.875829640879e+01,  6.326993107796e-01
  5.582950000465e+01,  1.000007152557e+00,  1.875829664720e+01,  6.321628093719e-01
  5.592950001359e+01,  1.000000357628e+00,  1.875830344213e+01,  6.325192451477e-01
  5.602950000763e+01,  9.999908804893e-01,  1.875831291927e+01,  6.335419416428e-01
  5.612950000167e+01,  9.999877810478e-01,  1.875831601871e+01,  6.329913139343e-01
  5.622950001061e+01,  9.999877214432e-01,  1.875831607832e+01,  6.340287327766e-01
  5.632950000465e+01,  1.000004410744e+00,  1.875829938902e+01,  6.326522827148e-01
  5.642950001359e+01,  1.000038981438e+00,  1.875826481832e+01,  6.317761540413e-01
  5.652950000763e+01,  9.999905228615e-01,  1.875831327690e+01,  6.309331655502e-01
  5.662950000167e+01,  9.999977350235e-01,  1.875830606474e+01,  6.333213448524e-01
  5.672950001061e+01,  9.999737739563e-01,  1.875833002581e+01,  6.310859322548e-01
  5.682950000465e+01,  1.000005245209e+00,  1.875829855455e+01,  6.330291032791e-01
  5.692950001359e+01,  1.000022530556e+00,  1.875828126921e+01,  6.331006288528e-01
  5.702950000763e+01,  1.000006914139e+00,  1.875829688562e+01,  6.304081678391e-01
  5.712950000167e+01,  1.000012040138e+00,  1.875829175962e+01,  6.316155791283e-01
  5.722950001061e+01,  9.999791979790e-01,  1.875832460178e+01,  6.309936046600e-01
  5.732950000465e+01,  9.999699592590e-01,  1.875833384050e+01,  6.305238604546e-01
  5.742950001359e+01,  1.000000834465e+00,  1.875830296530e+01,  6.307647824287e-01
  5.752950000763e+01,  9.999949932098e-01,  1.875830880655e+01,  6.321265101433e-01
  5.762950000167e+01,  9.999482035637e-01,  1.875835559620e+01,  6.287125945091e-01
  5.772950001061e+01,  9.999676942825e-01,  1.875833610548e+01,  6.299020648003e-01
  5.782950000465e+01,  1.000000238419e+00,  1.875830356134e+01,  6.315257549286e-01
  5.792950001359e+01,  9.999985694885e-01,  1.875830523027e+01,  6.290749311447e-01
  5.802950000763e+01,  1.000002264977e+00,  1.875830153478e+01,  6.311156153679e-01
  5.812950000167e+01,  1.000007033348e+00,  1.875829676641e+01,  6.298352479935e-01
  5.822950001061e+01,  1.000009059906e+00,  1.875829473986e+01,  6.296341419220e-01
  5.832950000465e+01,  1.000012516975e+00,  1.875829128279e+01,  6.287385225296e-01
  5.842950001359e+01,  9.999910593033e-01,  1.875831274046e+01,  6.296741962433e-01
  5.852950000763e+01,  9.999977350235e-01,  1.875830606474e+01,  6.320220232010e-01
  5.862950000167e+01,  1.000015854836e+00,  1.875828794493e+01,  6.288004517555e-01
  5.872950001061e+01,  1.000000238419e+00,  1.875830356134e+01,  6.294853687286e-01
  5.882950000465e+01,  1.000011920929e+00,  1.875829187883e+01,  6.286762356758e-01
  5.892950001359e+01,  1.000039935112e+00,  1.875826386465e+01,  6.288859248161e-01
  5.902950000763e+01,  1.000006914139e+00,  1.875829688562e+01,  6.293425559998e-01
  5.912950000167e+01,  9.999598264694e-01,  1.875834397329e+01,  6.283676028252e-01
  5.922950001061e+01,  9.999916553497e-01,  1.875831214441e+01,  6.280745863914e-01
  5.932950000465e+01,  1.000003576279e+00,  1.875830022348e+01,  6.281623244286e-01
  5.942950001359e+01,  9.999826550484e-01,  1.875832114471e+01,  6.274774670601e-01
  5.952950000763e+01,  9.999879002571e-01,  1.875831589950e+01,  6.271272301674e-01
  5.962950000167e+01,  9.999732971191e-01,  1.875833050264e+01,  6.279656887054e-01
  5.972950001061e+01,  9.999939203262e-01,  1.875830987944e+01,  6.282258033752e-01
  5.982950000465e+01,  1.000011920929e+00,  1.875829187883e+01,  6.281300783157e-01
  5.992950001359e+01,  9.999780654907e-01,  1.875832573427e+01,  6.287727355957e-01
  6.002950000763e+01,  1.000003695488e+00,  1.875830010427e+01,  6.265799403191e-01
  6.012950000167e+01,  9.999642372131e-01,  1.875833956255e+01,  6.289421916008e-01
  6.022950001061e+01,  9.999848008156e-01,  1.875831899895e+01,  6.268993616104e-01
  6.032950000465e+01,  9.999593496323e-01,  1.875834445013e+01,  6.270608901978e-01
  6.042950001359e+01,  9.999955892563e-01,  1.875830821051e+01,  6.255988478661e-01
  6.052950000763e+01,  9.999966025352e-01,  1.875830719723e+01,  6.268610358238e-01
  6.062950000167e+01,  9.999727010727e-01,  1.875833109869e+01,  6.267304420471e-01
  6.072950001061e+01,  9.999955892563e-01,  1.875830821051e+01,  6.276967525482e-01
  6.082950000465e+01,  9.999954700470e-01,  1.875830832971e+01,  6.272897720337e-01
  6.092950001359e+01,  9.999983906746e-01,  1.875830540909e+01,  6.268690824509e-01
  6.102950000763e+01,  9.999992847443e-01,  1.875830451502e+01,  6.268400549889e-01
  6.112950000167e+01,  1.000017046928e+00,  1.875828675283e+01,  6.263946890831e-01
  6.122950001061e+01,  1.000007629395e+00,  1.875829617037e+01,  6.272786855698e-01
  6.132950000465e+01,  1.000005245209e+00,  1.875829855455e+01,  6.266391277313e-01
  6.142950001359e+01,  1.000024914742e+00,  1.875827888502e+01,  6.268582344055e-01
  6.152950000763e+01,  9.999967813492e-01,  1.875830701841e+01,  6.265503168106e-01
  6.162950000167e+01,  9.999825954437e-01,  1.875832120432e+01,  6.283423900604e-01
  6.163600000739e+01,  9.999999403954e-01,  1.875830385937e+01,  6.281864643097e-01
  6.163700000942e+01,  1.000000715256e+00,  1.875830308451e+01,  6.280941963196e-01
  6.164000000060e+01,  1.000003695488e+00,  1.875830010427e+01,  6.276977062225e-01
  6.174000000954e+01,  9.998524785042e-01,  1.875845132126e+01,  6.292921304703e-01
  6.181500001252e+01,  9.897323846817e-01,  1.876857141508e+01,  6.219150424004e-01
  6.183550000191e+01,  9.793697595596e-01,  1.877893404020e+01,  5.991737246513e-01
  6.184600000083e+01,  9.688526391983e-01,  1.878945116056e+01,  5.793722271919e-01
  6.185350000858e+01,  9.585758447647e-01,  1.879972795500e+01,  5.799942612648e-01
  6.186050000787e+01,  9.477840662003e-01,  1.881051973356e+01,  5.727177262306e-01
  6.186700001359e+01,  9.370456933975e-01,  1.882125810636e+01,  5.657539963722e-01
  6.187300001085e+01,  9.268108606339e-01,  1.883149293913e+01,  5.588493943214e-01
  6.187900000811e+01,  9.165645837784e-01,  1.884173921598e+01,  5.538139939308e-01
  6.188550001383e+01,  9.058338403702e-01,  1.885246995939e+01,  5.456944108009e-01
  6.189250001311e+01,  8.951793909073e-01,  1.886312440885e+01,  5.446466207504e-01
  6.190050001442e+01,  8.846889734268e-01,  1.887361482633e+01,  5.217279195786e-01
  6.190900000930e+01,  8.743587732315e-01,  1.888394502653e+01,  5.034440755844e-01
  6.191750000417e+01,  8.642154932022e-01,  1.889408830656e+01,  4.887575209141e-01
  6.192600001395e+01,  8.539196252823e-01,  1.890438417448e+01,  4.737695753574e-01
  6.193400000036e+01,  8.437534570694e-01,  1.891455034269e+01,  4.586557447910e-01
  6.194150000811e+01,  8.334156274796e-01,  1.892488817228e+01,  4.440073072910e-01
  6.194850000739e+01,  8.230205774307e-01,  1.893528322233e+01,  4.436381161213e-01
  6.195550000668e+01,  8.126761317253e-01,  1.894562766804e+01,  4.384921193123e-01
  6.196300001442e+01,  8.021170496941e-01,  1.895618675007e+01,  4.298442006111e-01
  6.197100000083e+01,  7.917487025261e-01,  1.896655509724e+01,  4.210723042488e-01
  6.198000000417e+01,  7.814032435417e-01,  1.897690055622e+01,  4.130404591560e-01
  6.199100001156e+01,  7.710577845573e-01,  1.898724601520e+01,  4.049132466316e-01
  6.200450000167e+01,  7.609965205193e-01,  1.899730727924e+01,  3.760703206062e-01
  6.201700000465e+01,  7.508856654167e-01,  1.900741813434e+01,  3.603881001472e-01
  6.202800001204e+01,  7.404620051384e-01,  1.901784179462e+01,  3.510401844978e-01
  6.203800000250e+01,  7.299982905388e-01,  1.902830550922e+01,  3.447020649910e-01
  6.204750001431e+01,  7.198550105095e-01,  1.903844878925e+01,  3.389037251472e-01
  6.205750000477e+01,  7.094828486443e-01,  1.904882095112e+01,  3.307173848152e-01
  6.206800000370e+01,  6.991087794304e-01,  1.905919502033e+01,  3.215926289558e-01
  6.207900001109e+01,  6.886717677116e-01,  1.906963203205e+01,  3.101637959480e-01
  6.209000000358e+01,  6.783949732780e-01,  1.907990882648e+01,  2.996905446053e-01
  6.210100001097e+01,  6.680724024773e-01,  1.909023139728e+01,  2.895548939705e-01
  6.211150000989e+01,  6.580454707146e-01,  1.910025832905e+01,  2.802260518074e-01
  6.212200000882e+01,  6.477038264275e-01,  1.911059997333e+01,  2.706473469734e-01
  6.213200001419e+01,  6.375414729118e-01,  1.912076232685e+01,  2.621443867683e-01
  6.214200000465e+01,  6.270052790642e-01,  1.913129852070e+01,  2.552569508553e-01
  6.215150000155e+01,  6.167284846306e-01,  1.914157531513e+01,  2.474044114351e-01
  6.216100001335e+01,  6.062228083611e-01,  1.915208099140e+01,  2.401841431856e-01
  6.217050001025e+01,  5.957476496696e-01,  1.916255615009e+01,  2.355006486177e-01
  6.218000000715e+01,  5.856692194939e-01,  1.917263458027e+01,  2.300503998995e-01
  6.219000001252e+01,  5.756327509880e-01,  1.918267104877e+01,  2.192700654268e-01
  6.220050001144e+01,  5.653712153435e-01,  1.919293258442e+01,  2.091553956270e-01
  6.221100001037e+01,  5.550897717476e-01,  1.920321402801e+01,  2.016458362341e-01
  6.222150000930e+01,  5.446794629097e-01,  1.921362433685e+01,  1.939554065466e-01
  6.223150001466e+01,  5.345667004585e-01,  1.922373709930e+01,  1.877088397741e-01
  6.224150000513e+01,  5.242708325386e-01,  1.923403296722e+01,  1.824254840612e-01
  6.225150001049e+01,  5.139520764351e-01,  1.924435172333e+01,  1.771573871374e-01
  6.226150000095e+01,  5.037897229195e-01,  1.925451407684e+01,  1.698560565710e-01
  6.227150000632e+01,  4.937494397163e-01,  1.926455436005e+01,  1.624440997839e-01
  6.228200000525e+01,  4.832819104195e-01,  1.927502188934e+01,  1.541547626257e-01
  6.229250000417e+01,  4.728983044624e-01,  1.928540549530e+01,  1.470632404089e-01
  6.230300000310e+01,  4.626443982124e-01,  1.929565940155e+01,  1.395253986120e-01
  6.231350000203e+01,  4.523943066597e-01,  1.930590949310e+01,  1.324205249548e-01
  6.232400000095e+01,  4.420450329781e-01,  1.931625876678e+01,  1.250924915075e-01
  6.233449999988e+01,  4.316232800484e-01,  1.932668051971e+01,  1.189775392413e-01
  6.234500001371e+01,  4.211710095406e-01,  1.933713279022e+01,  1.128272935748e-01
  6.235550001264e+01,  4.107111096382e-01,  1.934759269012e+01,  1.070756837726e-01
  6.236600001156e+01,  4.002626538277e-01,  1.935804114593e+01,  9.993266314268e-02
  6.237600000203e+01,  3.902528882027e-01,  1.936805091156e+01,  9.468840807676e-02
  6.238600000739e+01,  3.801515698433e-01,  1.937815222992e+01,  8.871459215879e-02
  6.239600001276e+01,  3.700273633003e-01,  1.938827643646e+01,  8.364485949278e-02
  6.240600000322e+01,  3.600099682808e-01,  1.939829383148e+01,  7.722472399473e-02
  6.241650000215e+01,  3.496034741402e-01,  1.940870032562e+01,  7.265376299620e-02
  6.242700000107e+01,  3.393152356148e-01,  1.941898856415e+01,  6.626319140196e-02
  6.243750000000e+01,  3.290327191353e-01,  1.942927108063e+01,  6.057452037930e-02
  6.244800001383e+01,  3.185690045357e-01,  1.943973479523e+01,  5.475043132901e-02
  6.245800000429e+01,  3.083979487419e-01,  1.944990585102e+01,  5.200210586190e-02
  6.246800000966e+01,  2.982012629509e-01,  1.946010253681e+01,  4.756465926766e-02
  6.247800000012e+01,  2.880846858025e-01,  1.947021911396e+01,  4.236522689462e-02
  6.248800000548e+01,  2.779986262321e-01,  1.948030517353e+01,  3.648010268807e-02
  6.249800001085e+01,  2.679087519646e-01,  1.949039504780e+01,  3.287616744637e-02
  6.250800000131e+01,  2.578150629997e-01,  1.950048873676e+01,  2.813259139657e-02
  6.251800000668e+01,  2.477137446404e-01,  1.951059005512e+01,  2.347007766366e-02
  6.252800001204e+01,  2.375857234001e-01,  1.952071807636e+01,  2.032426372170e-02
  6.253800000250e+01,  2.275187373161e-01,  1.953078506245e+01,  1.738003268838e-02
  6.254850000143e+01,  2.170397639275e-01,  1.954126403583e+01,  1.378515642136e-02
  6.255900000036e+01,  2.066065669060e-01,  1.955169723286e+01,  9.589943103492e-03
  6.256950001419e+01,  1.961275935173e-01,  1.956217620624e+01,  5.547318141907e-03
  6.257950000465e+01,  1.861140131950e-01,  1.957218978657e+01,  2.568516181782e-03
  6.259000000358e+01,  1.756617426872e-01,  1.958264205707e+01, -4.155307251494e-04
  6.260050000250e+01,  1.653315424919e-01,  1.959297225727e+01, -4.337992984802e-03
  6.261100000143e+01,  1.550013422966e-01,  1.960330245746e+01, -6.127471569926e-03
  6.262150000036e+01,  1.446635127068e-01,  1.961364028705e+01, -8.218477480114e-03
  6.263200001419e+01,  1.342265009880e-01,  1.962407729877e+01, -9.466121904552e-03
  6.264250001311e+01,  1.237551495433e-01,  1.963454865022e+01, -1.042706798762e-02
  6.265300001204e+01,  1.132838055491e-01,  1.964501999421e+01, -1.117036771029e-02
  6.266350001097e+01,  1.028963848948e-01,  1.965540741487e+01, -1.360256504267e-02
  6.267400000989e+01,  9.251659363508e-02,  1.966578720613e+01, -1.461632084101e-02
  6.268450000882e+01,  8.209484070539e-02,  1.967620895906e+01, -1.654810644686e-02
  6.269500000775e+01,  7.160060852766e-02,  1.968670319123e+01, -1.605332829058e-02
  6.270550000668e+01,  6.110638007522e-02,  1.969719741969e+01, -1.670063473284e-02
  6.271600000560e+01,  5.064632743597e-02,  1.970765747233e+01, -1.548714656383e-02
  6.272650000453e+01,  4.032566398382e-02,  1.971797813578e+01, -1.350460667163e-02
  6.273750001192e+01,  2.994205802679e-02,  1.972836174173e+01, -9.757620282471e-03
  6.274950000644e+01,  1.979114860296e-02,  1.973851265116e+01, -6.608110386878e-03
  6.276500000060e+01,  9.523889981210e-03,  1.974877990978e+01, -3.938060719520e-03
  6.278300000727e+01,  2.481959061697e-03,  1.975582184070e+01, -7.869106717408e-03
  6.278400000930e+01,  2.224466996267e-03,  1.975607933277e+01, -8.344036526978e-03
  6.279200001061e+01,  6.022670422681e-04,  1.975770153272e+01, -1.024041790515e-02
  6.279500000179e+01,  1.416423328919e-04,  1.975816215743e+01, -1.139150280505e-02
  6.302900001407e+01, -2.269666874781e-03,  1.976057346664e+01, -1.295864582062e-02
  6.303000000119e+01, -2.264987910166e-03,  1.976056878767e+01, -1.285493373871e-02
