           Test time,     Standard travel,     Tool separation,      Standard force
                 0.0,                 0.0,  3.155254774105e+01, -1.329118665308e-02
                 0.0,                 0.0,  3.155254979741e+01, -1.326099690050e-02
                 0.0,                 0.0,  3.155253137958e+01, -1.353354658931e-02
                 0.0,                 0.0,  3.155253457588e+01, -1.337503548712e-02
                 0.0,                 0.0,  3.155253217679e+01, -1.328372117132e-02
                 0.0,                 0.0,  3.158189178208e+01, -1.122012082487e-02
  0.000000000000e+00,  0.000000000000e+00,  3.158190359114e+01, -1.094260159880e-02
  7.999999914318e-03,  2.051703631878e-05,  3.158188307410e+01, -1.095283124596e-02
  1.099999994040e-02,  1.254864037037e-05,  3.158189104250e+01, -1.127588842064e-02
  1.299999980256e-02,  1.925043761730e-05,  3.158188434070e+01, -1.129436586052e-02
  1.399999996647e-02,  2.294592559338e-05,  3.158188064521e+01, -1.123547647148e-02
  1.144999999087e-01,  1.635776425246e-05,  3.158188723338e+01, -4.438121337444e-03
  2.145000000019e-01,  2.809908983181e-05,  3.158187549205e+01, -1.469673309475e-02
  3.144999998622e-01,  5.977224191156e-06,  3.158189761392e+01, -4.976082127541e-03
  4.144999999553e-01,  1.902470830828e-04,  3.158171334406e+01, -1.101063564420e-02
  4.834999998566e-01,  1.031099632382e-02,  3.157159259482e+01, -6.427368614823e-03
  5.059999998193e-01,  2.048574760556e-02,  3.156141784353e+01,  1.440755371004e-02
  5.174999998417e-01,  3.065573051572e-02,  3.155124786062e+01,  2.670736052096e-02
  5.254999999888e-01,  4.092108085752e-02,  3.154098251028e+01,  2.788836695254e-02
  5.324999999721e-01,  5.169760063291e-02,  3.153020599051e+01,  2.970559336245e-02
  5.384999997914e-01,  6.181417778134e-02,  3.152008941336e+01,  4.777199774981e-02
  5.439999999944e-01,  7.215582579374e-02,  3.150974776535e+01,  6.128747016191e-02
  5.489999998827e-01,  8.238684386015e-02,  3.149951674728e+01,  6.745583564043e-02
  5.540000000037e-01,  9.309088438749e-02,  3.148881270675e+01,  6.970889121294e-02
  5.589999998920e-01,  1.037491485476e-01,  3.147815444259e+01,  7.599265128374e-02
  5.640000000130e-01,  1.141098663211e-01,  3.146779372482e+01,  8.215553313494e-02
  5.694999999832e-01,  1.246765777469e-01,  3.145722701339e+01,  8.259684592485e-02
  5.754999998026e-01,  1.347778886557e-01,  3.144712570248e+01,  1.017656996846e-01
  5.824999997858e-01,  1.451958268881e-01,  3.143670776425e+01,  1.242495253682e-01
  5.904999999329e-01,  1.557549089193e-01,  3.142614868222e+01,  1.282356530428e-01
  6.004999999423e-01,  1.657814383507e-01,  3.141612215279e+01,  1.495948135853e-01
  6.134999999776e-01,  1.760944724083e-01,  3.140580911873e+01,  1.893439590931e-01
  6.250000000000e-01,  1.864151358604e-01,  3.139548845528e+01,  2.080455124378e-01
  6.350000000093e-01,  1.967148184776e-01,  3.138518877266e+01,  2.155213654041e-01
  6.444999999367e-01,  2.069534659386e-01,  3.137495012520e+01,  2.247968018055e-01
  6.539999998640e-01,  2.171844840050e-01,  3.136471910713e+01,  2.350926697254e-01
  6.639999998733e-01,  2.272705435753e-01,  3.135463304756e+01,  2.511773407459e-01
  6.749999998137e-01,  2.376083731651e-01,  3.134429521797e+01,  2.761178314686e-01
  6.859999999870e-01,  2.479614615440e-01,  3.133394212960e+01,  3.002305328846e-01
  6.964999998454e-01,  2.584404349327e-01,  3.132346315621e+01,  3.173623383045e-01
  7.064999998547e-01,  2.687973380089e-01,  3.131310625313e+01,  3.318047821522e-01
  7.164999998640e-01,  2.791199088097e-01,  3.130278368233e+01,  3.452325165272e-01
  7.269999999553e-01,  2.895759940147e-01,  3.129232759713e+01,  3.624177277088e-01
  7.374999998137e-01,  2.997784018517e-01,  3.128212518929e+01,  3.848443329334e-01
  7.479999999050e-01,  3.100857138634e-01,  3.127181787728e+01,  4.054665863514e-01
  7.579999999143e-01,  3.201755881310e-01,  3.126172800301e+01,  4.207253754139e-01
  7.679999999236e-01,  3.304066061974e-01,  3.125149698494e+01,  4.330544769764e-01
  7.779999999329e-01,  3.405231833458e-01,  3.124138040779e+01,  4.481644928455e-01
  7.884999997914e-01,  3.509296774864e-01,  3.123097391365e+01,  4.637818634510e-01
  7.989999998827e-01,  3.611969351768e-01,  3.122070665596e+01,  4.833665192127e-01
  8.094999999739e-01,  3.715080618858e-01,  3.121039552925e+01,  5.049195885658e-01
  8.199999998324e-01,  3.819832205772e-01,  3.119992037056e+01,  5.246759057045e-01
  8.299999998417e-01,  3.920692801476e-01,  3.118983431099e+01,  5.413308739662e-01
  8.399999998510e-01,  4.022240042686e-01,  3.117967958687e+01,  5.583558678627e-01
  8.499999998603e-01,  4.122472703457e-01,  3.116965632079e+01,  5.755091905594e-01
  8.604999999516e-01,  4.226270616055e-01,  3.115927652953e+01,  5.976763963699e-01
  8.709999998100e-01,  4.329915940762e-01,  3.114891199706e+01,  6.199237108231e-01
  8.814999999013e-01,  4.434171617031e-01,  3.113848642944e+01,  6.394511461258e-01
  8.919999999925e-01,  4.537168443203e-01,  3.112818674682e+01,  6.555033922195e-01
  9.029999999329e-01,  4.641023576260e-01,  3.111780123351e+01,  6.698275804520e-01
  9.149999998044e-01,  4.744935929775e-01,  3.110740999816e+01,  6.840716600418e-01
  9.290000000037e-01,  4.846750199795e-01,  3.109722857116e+01,  6.997328996658e-01
  9.494999998715e-01,  4.948078095913e-01,  3.108709578155e+01,  7.210570573807e-01
  9.589999997988e-01,  4.976573884487e-01,  3.108424620269e+01,  7.266932725906e-01
  1.058999999892e+00,  5.036051869392e-01,  3.107829840420e+01,  7.361623048782e-01
  1.158999999985e+00,  5.029259324074e-01,  3.107897765873e+01,  7.321544885635e-01
  1.258999999845e+00,  5.020710825920e-01,  3.107983250855e+01,  7.319288849831e-01
  1.358999999939e+00,  5.013992190361e-01,  3.108050437210e+01,  7.212246656418e-01
  1.458999999799e+00,  5.008999109268e-01,  3.108100368021e+01,  7.250993251801e-01
  1.558999999892e+00,  5.005713701248e-01,  3.108133222102e+01,  7.224481701851e-01
  1.658999999985e+00,  5.003713965416e-01,  3.108153219460e+01,  7.166742086411e-01
  1.758999999845e+00,  5.002398490906e-01,  3.108166374205e+01,  7.155190110207e-01
  1.858999999939e+00,  5.001349449158e-01,  3.108176864622e+01,  7.175433039665e-01
  1.958999999799e+00,  5.000797510147e-01,  3.108182384013e+01,  7.170979380608e-01
  2.058999999892e+00,  5.000637173653e-01,  3.108183987377e+01,  7.117897868156e-01
  2.158999999985e+00,  5.000500082970e-01,  3.108185358284e+01,  7.116509675980e-01
  2.258999999845e+00,  5.000490546227e-01,  3.108185453652e+01,  7.089792490005e-01
  2.358999999939e+00,  5.000309348106e-01,  3.108187265633e+01,  7.094268798828e-01
  2.458999999799e+00,  4.999819099903e-01,  3.108192168115e+01,  7.037634849548e-01
  2.558999999892e+00,  5.000421404839e-01,  3.108186145066e+01,  7.072959542274e-01
  2.658999999985e+00,  5.000248551369e-01,  3.108187873600e+01,  7.074824571609e-01
  2.758999999845e+00,  5.000190734863e-01,  3.108188451765e+01,  7.052680253983e-01
  2.858999999939e+00,  5.000428557396e-01,  3.108186073540e+01,  7.041835784912e-01
  2.958999999799e+00,  5.000179409981e-01,  3.108188565014e+01,  7.019042372704e-01
  3.058999999892e+00,  5.000464916229e-01,  3.108185709952e+01,  7.002805471420e-01
  3.158999999985e+00,  5.000099539757e-01,  3.108189363716e+01,  7.020521163940e-01
  3.258999999845e+00,  5.000394582748e-01,  3.108186413287e+01,  7.000238895416e-01
  3.358999999939e+00,  5.000180006027e-01,  3.108188559054e+01,  7.016176581383e-01
  3.458999999799e+00,  5.000133514404e-01,  3.108189023970e+01,  6.996034979820e-01
  3.558999999892e+00,  4.999887943268e-01,  3.108191479681e+01,  6.968716382980e-01
  3.658999999985e+00,  5.000548362732e-01,  3.108184875487e+01,  6.983433365822e-01
  3.758999999845e+00,  5.000149607658e-01,  3.108188863037e+01,  6.975285410881e-01
  3.858999999939e+00,  5.000455975533e-01,  3.108185799359e+01,  6.974801421165e-01
  3.958999999799e+00,  4.999980926514e-01,  3.108190549849e+01,  6.959884166718e-01
  4.058999999892e+00,  5.000032186508e-01,  3.108190037249e+01,  6.951389312744e-01
  4.158999999985e+00,  4.999912083149e-01,  3.108191238282e+01,  6.951735019684e-01
  4.258999999845e+00,  5.000252723694e-01,  3.108187831877e+01,  6.917859315872e-01
  4.358999999939e+00,  5.000475049019e-01,  3.108185608624e+01,  6.931654214859e-01
  4.458999999799e+00,  5.000035762787e-01,  3.108190001486e+01,  6.940219998360e-01
  4.558999999892e+00,  5.000324845314e-01,  3.108187110661e+01,  6.908162832260e-01
  4.658999999985e+00,  5.000433325768e-01,  3.108186025856e+01,  6.896386146545e-01
  4.758999999845e+00,  5.000033974648e-01,  3.108190019368e+01,  6.915698051453e-01
  4.858999999939e+00,  5.000229477882e-01,  3.108188064335e+01,  6.906003952026e-01
  4.958999999799e+00,  5.000195503235e-01,  3.108188404082e+01,  6.916445493698e-01
  5.058999999892e+00,  5.000507831573e-01,  3.108185280798e+01,  6.901968121529e-01
  5.158999999985e+00,  4.999890327454e-01,  3.108191455839e+01,  6.904310584068e-01
  5.258999999845e+00,  5.000174045563e-01,  3.108188618658e+01,  6.874573230743e-01
  5.358999999939e+00,  5.000047683716e-01,  3.108189882277e+01,  6.908046007156e-01
  5.458999999799e+00,  5.000290274620e-01,  3.108187456368e+01,  6.885246634483e-01
  5.558999999892e+00,  5.000008344650e-01,  3.108190275667e+01,  6.873166561127e-01
  5.658999999985e+00,  5.000225901604e-01,  3.108188100098e+01,  6.876196265221e-01
  5.758999999845e+00,  4.999987781048e-01,  3.108190481304e+01,  6.861367821693e-01
  5.858999999939e+00,  5.000285506248e-01,  3.108187504051e+01,  6.868290901184e-01
  5.958999999799e+00,  5.000248551369e-01,  3.108187873600e+01,  6.825335621834e-01
  6.058999999892e+00,  5.000211596489e-01,  3.108188243149e+01,  6.869626641273e-01
  6.158999999985e+00,  5.000211000443e-01,  3.108188249110e+01,  6.861624121666e-01
  6.258999999845e+00,  5.000394582748e-01,  3.108186413287e+01,  6.854178309441e-01
  6.358999999939e+00,  5.000140070915e-01,  3.108188958405e+01,  6.819854974747e-01
  6.458999999799e+00,  5.000376105309e-01,  3.108186598061e+01,  6.824665665627e-01
  6.558999999892e+00,  5.000279545784e-01,  3.108187563656e+01,  6.816174387932e-01
  6.658999999985e+00,  5.000159144402e-01,  3.108188767670e+01,  6.816034913063e-01
  6.758999999845e+00,  4.999990165234e-01,  3.108190457462e+01,  6.815303564072e-01
  6.858999999939e+00,  5.000121593475e-01,  3.108189143179e+01,  6.827728152275e-01
  6.958999999799e+00,  5.000153183937e-01,  3.108188827275e+01,  6.834536194801e-01
  7.058999999892e+00,  5.000242590904e-01,  3.108187933205e+01,  6.803018450737e-01
  7.158999999985e+00,  5.000057220459e-01,  3.108189786909e+01,  6.815941929817e-01
  7.258999999845e+00,  5.000201463699e-01,  3.108188344477e+01,  6.807878017426e-01
  7.358999999939e+00,  5.000145435333e-01,  3.108188904761e+01,  6.803814768791e-01
  7.458999999799e+00,  4.999982416630e-01,  3.108190534948e+01,  6.784952878952e-01
  7.558999999892e+00,  5.000245571136e-01,  3.108187903403e+01,  6.788844466209e-01
  7.658999999985e+00,  5.000154376030e-01,  3.108188815354e+01,  6.799327731133e-01
  7.758999999845e+00,  5.000634789467e-01,  3.108184011219e+01,  6.801542639732e-01
  7.858999999939e+00,  5.000022649765e-01,  3.108190132616e+01,  6.795047521591e-01
  7.958999999799e+00,  5.000249743462e-01,  3.108187861679e+01,  6.790442466736e-01
  8.058999999892e+00,  5.000202655792e-01,  3.108188332556e+01,  6.763698458672e-01
  8.158999999985e+00,  5.000142455101e-01,  3.108188934563e+01,  6.771617531776e-01
  8.258999999845e+00,  5.000075697899e-01,  3.108189602135e+01,  6.773055791855e-01
  8.358999999939e+00,  5.000141263008e-01,  3.108188946484e+01,  6.773116588593e-01
  8.458999999799e+00,  4.999858140945e-01,  3.108191777705e+01,  6.780784726143e-01
  8.558999999892e+00,  5.000100731850e-01,  3.108189351795e+01,  6.730942726135e-01
  8.658999999985e+00,  5.000267028809e-01,  3.108187688826e+01,  6.748614311218e-01
  8.758999999845e+00,  5.000215768814e-01,  3.108188201426e+01,  6.753165721893e-01
  8.858999999939e+00,  5.000214576721e-01,  3.108188213347e+01,  6.723667383194e-01
  8.958999999799e+00,  4.999792277813e-01,  3.108192436336e+01,  6.736599206924e-01
  9.058999999892e+00,  5.000066161156e-01,  3.108189697502e+01,  6.732114553452e-01
  9.158999999985e+00,  4.999820291996e-01,  3.108192156194e+01,  6.752181649208e-01
  9.258999999845e+00,  5.000070333481e-01,  3.108189655779e+01,  6.749125123024e-01
  9.358999999939e+00,  5.000210404396e-01,  3.108188255070e+01,  6.737569570541e-01
  9.458999999799e+00,  4.999974370003e-01,  3.108190615414e+01,  6.748343706131e-01
  9.558999999892e+00,  5.000371336937e-01,  3.108186645745e+01,  6.709060072899e-01
  9.658999999985e+00,  5.000311732292e-01,  3.108187241791e+01,  6.717022061348e-01
  9.758999999845e+00,  5.000533461571e-01,  3.108185024498e+01,  6.723009347916e-01
  9.858999999939e+00,  4.999951720238e-01,  3.108190841912e+01,  6.702339053154e-01
  9.958999999799e+00,  5.000174641609e-01,  3.108188612698e+01,  6.714521646500e-01
  1.005899999989e+01,  4.999847710133e-01,  3.108191882013e+01,  6.709123253822e-01
  1.015899999999e+01,  4.999969899654e-01,  3.108190660117e+01,  6.707972884178e-01
  1.025899999985e+01,  4.999999403954e-01,  3.108190365074e+01,  6.694519519806e-01
  1.035899999994e+01,  5.000008940697e-01,  3.108190269707e+01,  6.668302416801e-01
  1.045899999980e+01,  5.000221133232e-01,  3.108188147782e+01,  6.676015257835e-01
  1.055899999989e+01,  5.000391602516e-01,  3.108186443089e+01,  6.693137288094e-01
  1.065899999999e+01,  5.000120997429e-01,  3.108189149140e+01,  6.683769822121e-01
  1.075899999985e+01,  5.000289082527e-01,  3.108187468289e+01,  6.687427163124e-01
  1.085899999994e+01,  4.999807178974e-01,  3.108192287324e+01,  6.667790412903e-01
  1.095899999980e+01,  5.000056028366e-01,  3.108189798830e+01,  6.700610518456e-01
  1.105899999989e+01,  4.999950230122e-01,  3.108190856813e+01,  6.675117611885e-01
  1.115899999999e+01,  5.000063776970e-01,  3.108189721344e+01,  6.666574478149e-01
  1.125899999985e+01,  4.999950528145e-01,  3.108190853833e+01,  6.667999625206e-01
  1.135899999994e+01,  5.000386834145e-01,  3.108186490773e+01,  6.677659749985e-01
  1.145899999980e+01,  4.999735653400e-01,  3.108193002580e+01,  6.676819324493e-01
  1.155899999989e+01,  4.999827444553e-01,  3.108192084668e+01,  6.679689884186e-01
  1.165899999999e+01,  4.999725818634e-01,  3.108193100928e+01,  6.683754324913e-01
  1.175899999985e+01,  5.000168085098e-01,  3.108188678263e+01,  6.641915440559e-01
  1.185899999994e+01,  5.000347495079e-01,  3.108186884163e+01,  6.665772795677e-01
  1.195899999980e+01,  5.000143647194e-01,  3.108188922642e+01,  6.667003631592e-01
  1.205899999989e+01,  5.000386834145e-01,  3.108186490773e+01,  6.661705970764e-01
  1.215899999999e+01,  5.000111460686e-01,  3.108189244507e+01,  6.656806468964e-01
  1.225899999985e+01,  5.000023245811e-01,  3.108190126656e+01,  6.644636392593e-01
  1.235899999994e+01,  4.999872446060e-01,  3.108191634653e+01,  6.668493151665e-01
  1.245899999980e+01,  5.000190138817e-01,  3.108188457726e+01,  6.636435389519e-01
  1.255899999989e+01,  5.000149607658e-01,  3.108188863037e+01,  6.666608452797e-01
  1.265899999999e+01,  5.000053644180e-01,  3.108189822672e+01,  6.662817001343e-01
  1.275899999985e+01,  5.000048279762e-01,  3.108189876316e+01,  6.654655337334e-01
  1.285899999994e+01,  4.999919831753e-01,  3.108191160796e+01,  6.646238565445e-01
  1.295899999980e+01,  4.999929964542e-01,  3.108191059469e+01,  6.631674170494e-01
  1.305899999989e+01,  4.999843537807e-01,  3.108191923736e+01,  6.676346063614e-01
  1.315899999999e+01,  4.999759793282e-01,  3.108192761181e+01,  6.642946600914e-01
  1.325899999985e+01,  4.999907612801e-01,  3.108191282986e+01,  6.644042730331e-01
  1.335899999994e+01,  4.999958276749e-01,  3.108190776346e+01,  6.641434431076e-01
  1.345899999980e+01,  5.000368952751e-01,  3.108186669586e+01,  6.635046005249e-01
  1.355899999989e+01,  4.999620616436e-01,  3.108194152950e+01,  6.646448969841e-01
  1.365899999999e+01,  5.000045895576e-01,  3.108189900158e+01,  6.641806364059e-01
  1.375899999985e+01,  5.000268220901e-01,  3.108187676905e+01,  6.640368103981e-01
  1.385899999994e+01,  5.000025033951e-01,  3.108190108774e+01,  6.662314534187e-01
  1.395899999980e+01,  5.000148415565e-01,  3.108188874958e+01,  6.643522977829e-01
  1.405899999989e+01,  4.999913573265e-01,  3.108191223381e+01,  6.634986400604e-01
  1.415899999999e+01,  5.000360608101e-01,  3.108186753033e+01,  6.625598669052e-01
  1.425899999985e+01,  4.999876916409e-01,  3.108191589950e+01,  6.603919267654e-01
  1.435899999994e+01,  4.999932050705e-01,  3.108191038607e+01,  6.610234379768e-01
  1.445899999980e+01,  5.000016093254e-01,  3.108190198181e+01,  6.623311638832e-01
  1.455899999989e+01,  5.000287890434e-01,  3.108187480210e+01,  6.624599695206e-01
  1.465899999999e+01,  4.999853968620e-01,  3.108191819428e+01,  6.609235405922e-01
  1.475899999985e+01,  4.999893009663e-01,  3.108191429017e+01,  6.603403687477e-01
  1.485899999994e+01,  5.000184178352e-01,  3.108188517330e+01,  6.611253023148e-01
  1.495899999980e+01,  4.999819099903e-01,  3.108192168115e+01,  6.633085608482e-01
  1.505899999989e+01,  5.000096559525e-01,  3.108189393519e+01,  6.604737043381e-01
  1.515899999999e+01,  5.000196695328e-01,  3.108188392161e+01,  6.598752140999e-01
  1.525899999985e+01,  4.999868571758e-01,  3.108191673396e+01,  6.610078215599e-01
  1.535899999994e+01,  5.000042915344e-01,  3.108189929961e+01,  6.598531603813e-01
  1.545899999980e+01,  5.000387430191e-01,  3.108186484812e+01,  6.577452421188e-01
  1.555899999989e+01,  5.000110864639e-01,  3.108189250468e+01,  6.585811376572e-01
  1.565899999999e+01,  4.999933242798e-01,  3.108191026686e+01,  6.597972512245e-01
  1.575899999985e+01,  4.999979734421e-01,  3.108190561770e+01,  6.589111685753e-01
  1.585899999994e+01,  5.000036954880e-01,  3.108189989565e+01,  6.609655618668e-01
  1.595899999980e+01,  5.000250339508e-01,  3.108187855719e+01,  6.616744399071e-01
  1.605899999989e+01,  5.000213384628e-01,  3.108188225268e+01,  6.600417494774e-01
  1.615899999999e+01,  5.000020265579e-01,  3.108190156458e+01,  6.568199992180e-01
  1.625899999985e+01,  4.999877512455e-01,  3.108191583989e+01,  6.584923863411e-01
  1.635899999994e+01,  4.999794363976e-01,  3.108192415474e+01,  6.572057604790e-01
  1.645899999980e+01,  5.000313520432e-01,  3.108187223910e+01,  6.576541066170e-01
  1.655899999989e+01,  4.999864697456e-01,  3.108191712139e+01,  6.562068462372e-01
  1.665899999999e+01,  5.000258684158e-01,  3.108187772272e+01,  6.565977334976e-01
  1.675899999985e+01,  4.999825656414e-01,  3.108192102550e+01,  6.570277214050e-01
  1.685899999994e+01,  5.000048875809e-01,  3.108189870356e+01,  6.558814644814e-01
  1.695899999980e+01,  4.999969899654e-01,  3.108190660117e+01,  6.571023464203e-01
  1.705899999989e+01,  5.000088214874e-01,  3.108189476965e+01,  6.554679870605e-01
  1.715899999999e+01,  4.999810457230e-01,  3.108192254542e+01,  6.544132232666e-01
  1.725899999985e+01,  5.000240802765e-01,  3.108187951086e+01,  6.564725041389e-01
  1.735899999994e+01,  4.999679625034e-01,  3.108193562864e+01,  6.552384495735e-01
  1.745899999980e+01,  5.000191926956e-01,  3.108188439844e+01,  6.545996069908e-01
  1.755899999989e+01,  5.000140070915e-01,  3.108188958405e+01,  6.513540744781e-01
  1.765899999999e+01,  4.999829530716e-01,  3.108192063807e+01,  6.530460119247e-01
  1.775899999985e+01,  5.000127553940e-01,  3.108189083575e+01,  6.526130437851e-01
  1.785899999994e+01,  5.000168681145e-01,  3.108188672303e+01,  6.535276174545e-01
  1.795899999980e+01,  5.000090599060e-01,  3.108189453123e+01,  6.554967761040e-01
  1.805899999989e+01,  5.000010728836e-01,  3.108190251826e+01,  6.523711681366e-01
  1.815899999999e+01,  4.999933540821e-01,  3.108191023706e+01,  6.552470922470e-01
  1.825899999985e+01,  5.000075101852e-01,  3.108189608095e+01,  6.530287861824e-01
  1.835899999994e+01,  5.000106692314e-01,  3.108189292191e+01,  6.519663929939e-01
  1.845899999980e+01,  5.000037550926e-01,  3.108189983605e+01,  6.553491353989e-01
  1.855899999989e+01,  4.999752044678e-01,  3.108192838667e+01,  6.534953117371e-01
  1.865899999999e+01,  5.000383257866e-01,  3.108186526535e+01,  6.545653343201e-01
  1.875899999985e+01,  5.000141859055e-01,  3.108188940523e+01,  6.508582830429e-01
  1.885899999994e+01,  4.999749660492e-01,  3.108192862509e+01,  6.547681093216e-01
  1.895899999980e+01,  5.000012516975e-01,  3.108190233944e+01,  6.538203358650e-01
  1.905899999989e+01,  5.000324249268e-01,  3.108187116621e+01,  6.529469490051e-01
  1.915899999999e+01,  5.000290870667e-01,  3.108187450407e+01,  6.526362895966e-01
  1.925899999985e+01,  5.000117421150e-01,  3.108189184902e+01,  6.533144116402e-01
  1.935899999994e+01,  4.999778568745e-01,  3.108192573427e+01,  6.535400152206e-01
  1.945899999980e+01,  5.000149607658e-01,  3.108188863037e+01,  6.513161659241e-01
  1.955899999989e+01,  5.000199675560e-01,  3.108188362358e+01,  6.510756015778e-01
  1.965899999999e+01,  4.999895691872e-01,  3.108191402195e+01,  6.515336632729e-01
  1.975899999985e+01,  4.999748468399e-01,  3.108192874430e+01,  6.504777669907e-01
  1.985899999994e+01,  4.999853968620e-01,  3.108191819428e+01,  6.528352499008e-01
  1.995899999980e+01,  5.000249147415e-01,  3.108187867640e+01,  6.513753533363e-01
  2.005899999989e+01,  5.000228285789e-01,  3.108188076256e+01,  6.520487666130e-01
  2.015899999999e+01,  4.999963641167e-01,  3.108190722702e+01,  6.531147956848e-01
  2.025899999985e+01,  4.999974370003e-01,  3.108190615414e+01,  6.499886512756e-01
  2.035899999994e+01,  5.000352859497e-01,  3.108186830519e+01,  6.517812013626e-01
  2.045899999980e+01,  4.999897480011e-01,  3.108191384314e+01,  6.516247987747e-01
  2.055899999989e+01,  4.999864101410e-01,  3.108191718100e+01,  6.503630876541e-01
  2.065899999999e+01,  5.000194907188e-01,  3.108188410042e+01,  6.511532068253e-01
  2.075899999985e+01,  5.000356435776e-01,  3.108186794756e+01,  6.532205939293e-01
  2.085899999994e+01,  4.999768435955e-01,  3.108192674754e+01,  6.480960249901e-01
  2.095899999980e+01,  5.000147223473e-01,  3.108188886879e+01,  6.488174200058e-01
  2.105899999989e+01,  5.000235438347e-01,  3.108188004731e+01,  6.500589251518e-01
  2.115899999999e+01,  5.000132918358e-01,  3.108189029930e+01,  6.490993499756e-01
  2.125899999985e+01,  4.999868273735e-01,  3.108191676377e+01,  6.494615674019e-01
  2.135899999994e+01,  5.000010132790e-01,  3.108190257786e+01,  6.494998335838e-01
  2.145899999980e+01,  5.000182390213e-01,  3.108188535212e+01,  6.526349186897e-01
  2.155899999989e+01,  5.000053048134e-01,  3.108189828633e+01,  6.482597589493e-01
  2.165899999999e+01,  5.000075697899e-01,  3.108189602135e+01,  6.473426818848e-01
  2.175899999985e+01,  5.000172257423e-01,  3.108188636540e+01,  6.479667425156e-01
  2.185899999994e+01,  5.000273585320e-01,  3.108187623261e+01,  6.483638882637e-01
  2.195899999980e+01,  4.999717175961e-01,  3.108193187354e+01,  6.502327322960e-01
  2.205899999989e+01,  4.999856352806e-01,  3.108191795586e+01,  6.454245448112e-01
  2.215899999999e+01,  5.000129938126e-01,  3.108189059733e+01,  6.482393145561e-01
  2.225899999985e+01,  5.000008344650e-01,  3.108190275667e+01,  6.464012265205e-01
  2.235899999994e+01,  5.000066161156e-01,  3.108189697502e+01,  6.450564265251e-01
  2.245899999980e+01,  5.000117421150e-01,  3.108189184902e+01,  6.470806598663e-01
  2.255899999989e+01,  4.999896883965e-01,  3.108191390274e+01,  6.468358039856e-01
  2.265899999999e+01,  4.999754130840e-01,  3.108192817806e+01,  6.439388990402e-01
  2.275899999985e+01,  5.000344514847e-01,  3.108186913966e+01,  6.445480585098e-01
  2.285899999994e+01,  4.999865293503e-01,  3.108191706179e+01,  6.453127264977e-01
  2.295899999980e+01,  5.000256896019e-01,  3.108187790154e+01,  6.452787518501e-01
  2.305899999989e+01,  4.999901652336e-01,  3.108191342591e+01,  6.489413380623e-01
  2.315899999999e+01,  4.999960660934e-01,  3.108190752505e+01,  6.467685699463e-01
  2.325899999985e+01,  5.000224113464e-01,  3.108188117979e+01,  6.471058130264e-01
  2.335899999994e+01,  5.000249743462e-01,  3.108187861679e+01,  6.474606394768e-01
  2.345899999980e+01,  5.000193715096e-01,  3.108188421963e+01,  6.470704674721e-01
  2.355899999989e+01,  4.999752342701e-01,  3.108192835687e+01,  6.438383460045e-01
  2.365899999999e+01,  4.999787509441e-01,  3.108192484020e+01,  6.453635692596e-01
  2.375899999985e+01,  5.000026822090e-01,  3.108190090893e+01,  6.457154154778e-01
  2.385899999994e+01,  5.000108480453e-01,  3.108189274309e+01,  6.439544558525e-01
  2.395899999980e+01,  5.000044703484e-01,  3.108189912079e+01,  6.439563035965e-01
  2.405899999989e+01,  5.000366568565e-01,  3.108186693428e+01,  6.435716748238e-01
  2.415899999999e+01,  5.000100135803e-01,  3.108189357756e+01,  6.463233232498e-01
  2.425899999985e+01,  4.999931752682e-01,  3.108191041587e+01,  6.444258093834e-01
  2.435899999994e+01,  4.999752640724e-01,  3.108192832707e+01,  6.426610946655e-01
  2.445899999980e+01,  5.000135302544e-01,  3.108189006089e+01,  6.469801068306e-01
  2.455899999989e+01,  5.000070929527e-01,  3.108189649819e+01,  6.429814100266e-01
  2.465899999999e+01,  5.000233054161e-01,  3.108188028572e+01,  6.427803635597e-01
  2.475899999985e+01,  5.000265240669e-01,  3.108187706707e+01,  6.410764455795e-01
  2.485899999994e+01,  5.000063776970e-01,  3.108189721344e+01,  6.460945010185e-01
  2.495899999980e+01,  4.999854862690e-01,  3.108191810487e+01,  6.435605287552e-01
  2.505899999989e+01,  4.999870657921e-01,  3.108191652535e+01,  6.428132057190e-01
  2.515899999999e+01,  4.999995231628e-01,  3.108190406798e+01,  6.437543630600e-01
  2.525899999985e+01,  4.999708533287e-01,  3.108193273781e+01,  6.436938643456e-01
  2.535899999994e+01,  5.000251531601e-01,  3.108187843798e+01,  6.426096558571e-01
  2.545899999980e+01,  4.999846816063e-01,  3.108191890953e+01,  6.445229649544e-01
  2.555899999989e+01,  4.999670684338e-01,  3.108193652271e+01,  6.426775455475e-01
  2.565899999999e+01,  4.999783635139e-01,  3.108192522763e+01,  6.427186131477e-01
  2.575899999985e+01,  4.999931454659e-01,  3.108191044567e+01,  6.415991187096e-01
  2.585899999994e+01,  4.999816715717e-01,  3.108192191957e+01,  6.410570740700e-01
  2.595899999980e+01,  5.000064969063e-01,  3.108189709423e+01,  6.402466297150e-01
  2.605899999989e+01,  4.999797046185e-01,  3.108192388652e+01,  6.414557099342e-01
  2.615899999999e+01,  5.000032186508e-01,  3.108190037249e+01,  6.404288411140e-01
  2.625899999985e+01,  5.000342726707e-01,  3.108186931847e+01,  6.410941481590e-01
  2.635899999994e+01,  4.999967217445e-01,  3.108190686940e+01,  6.411326527596e-01
  2.645899999980e+01,  5.000203847885e-01,  3.108188320635e+01,  6.404286026955e-01
  2.655899999989e+01,  5.000020265579e-01,  3.108190156458e+01,  6.406174302101e-01
  2.665899999999e+01,  4.999797642231e-01,  3.108192382692e+01,  6.382824778557e-01
  2.675899999985e+01,  5.000215768814e-01,  3.108188201426e+01,  6.390034556389e-01
  2.685899999994e+01,  4.999763071537e-01,  3.108192728399e+01,  6.403293013573e-01
  2.695899999980e+01,  4.999838471413e-01,  3.108191974400e+01,  6.391975283623e-01
  2.705899999989e+01,  5.000110864639e-01,  3.108189250468e+01,  6.384693384171e-01
  2.715899999999e+01,  4.999976754189e-01,  3.108190591572e+01,  6.372166275978e-01
  2.725899999985e+01,  4.999849200249e-01,  3.108191867111e+01,  6.357479691505e-01
  2.735899999994e+01,  5.000056624413e-01,  3.108189792870e+01,  6.386787295341e-01
  2.745899999980e+01,  5.000143647194e-01,  3.108188922642e+01,  6.380032896996e-01
  2.755899999989e+01,  5.000127553940e-01,  3.108189083575e+01,  6.375206112862e-01
  2.765899999999e+01,  4.999987483025e-01,  3.108190484284e+01,  6.367145776749e-01
  2.775899999985e+01,  4.999932348728e-01,  3.108191035627e+01,  6.373470425606e-01
  2.785899999994e+01,  5.000018477440e-01,  3.108190174340e+01,  6.366518139839e-01
  2.795899999980e+01,  4.999644160271e-01,  3.108193917511e+01,  6.376536488533e-01
  2.805899999989e+01,  5.000200271606e-01,  3.108188356398e+01,  6.374583840370e-01
  2.815899999999e+01,  4.999970197678e-01,  3.108190657137e+01,  6.403084993362e-01
  2.825899999985e+01,  4.999811947346e-01,  3.108192239641e+01,  6.377832889557e-01
  2.835899999994e+01,  5.000271201134e-01,  3.108187647103e+01,  6.381949782372e-01
  2.845899999980e+01,  4.999998807907e-01,  3.108190371035e+01,  6.390887498856e-01
  2.855899999989e+01,  5.000169873238e-01,  3.108188660382e+01,  6.369545459747e-01
  2.865899999999e+01,  4.999991357327e-01,  3.108190445541e+01,  6.386054754257e-01
  2.875899999985e+01,  4.999813735485e-01,  3.108192221759e+01,  6.365780234337e-01
  2.885899999994e+01,  4.999804198742e-01,  3.108192317127e+01,  6.390569806099e-01
  2.895899999980e+01,  5.000204443932e-01,  3.108188314675e+01,  6.391716599464e-01
  2.905899999989e+01,  5.000069141388e-01,  3.108189667700e+01,  6.373142600060e-01
  2.915899999999e+01,  5.000010728836e-01,  3.108190251826e+01,  6.391961574554e-01
  2.925899999985e+01,  5.000361800194e-01,  3.108186741112e+01,  6.370891928673e-01
  2.935899999994e+01,  5.000259280205e-01,  3.108187766312e+01,  6.367195844650e-01
  2.945899999980e+01,  4.999926090240e-01,  3.108191098212e+01,  6.344325542450e-01
  2.955899999989e+01,  5.000033378601e-01,  3.108190025328e+01,  6.346438527107e-01
  2.965899999999e+01,  4.999890029430e-01,  3.108191458820e+01,  6.361283659935e-01
  2.975899999985e+01,  5.000006556511e-01,  3.108190293549e+01,  6.397668719292e-01
  2.985899999994e+01,  5.000086426735e-01,  3.108189494847e+01,  6.373747587204e-01
  2.995899999980e+01,  5.000044703484e-01,  3.108189912079e+01,  6.360362172127e-01
  3.005899999989e+01,  5.000172853470e-01,  3.108188630579e+01,  6.372712254524e-01
  3.015899999999e+01,  4.999905526638e-01,  3.108191303848e+01,  6.368917226791e-01
  3.025899999985e+01,  5.000038743019e-01,  3.108189971684e+01,  6.354160308838e-01
  3.035899999994e+01,  5.000072121620e-01,  3.108189637898e+01,  6.350782513618e-01
  3.045899999980e+01,  5.000048279762e-01,  3.108189876316e+01,  6.353508830070e-01
  3.055899999989e+01,  5.000051259995e-01,  3.108189846514e+01,  6.328380107880e-01
  3.065899999999e+01,  5.000066161156e-01,  3.108189697502e+01,  6.354922056198e-01
  3.075899999985e+01,  5.000084042549e-01,  3.108189518688e+01,  6.352885961533e-01
  3.085899999994e+01,  4.999736845493e-01,  3.108192990659e+01,  6.332719326019e-01
  3.095899999980e+01,  4.999980330467e-01,  3.108190555809e+01,  6.342665553093e-01
  3.105899999989e+01,  4.999695420265e-01,  3.108193404911e+01,  6.353851556778e-01
  3.115899999999e+01,  4.999923706055e-01,  3.108191122053e+01,  6.349110007286e-01
  3.125899999985e+01,  4.999963641167e-01,  3.108190722702e+01,  6.337453722954e-01
  3.135899999994e+01,  5.000374317169e-01,  3.108186615942e+01,  6.337975859642e-01
  3.145899999980e+01,  4.999783933163e-01,  3.108192519782e+01,  6.335258483887e-01
  3.155899999989e+01,  4.999736845493e-01,  3.108192990659e+01,  6.338093280792e-01
  3.165899999999e+01,  4.999889433384e-01,  3.108191464780e+01,  6.335521936417e-01
  3.175899999985e+01,  4.999965131283e-01,  3.108190707801e+01,  6.339519619942e-01
  3.185899999994e+01,  4.999956488609e-01,  3.108190794228e+01,  6.351140141487e-01
  3.195899999980e+01,  4.999952614307e-01,  3.108190832971e+01,  6.324646472931e-01
  3.205899999989e+01,  4.999952316284e-01,  3.108190835951e+01,  6.350108981133e-01
  3.215899999999e+01,  5.000075697899e-01,  3.108189602135e+01,  6.337727308273e-01
  3.225899999985e+01,  5.000246167183e-01,  3.108187897442e+01,  6.357793807983e-01
  3.235899999994e+01,  5.000442266464e-01,  3.108185936449e+01,  6.367140412331e-01
  3.245899999980e+01,  5.000274777412e-01,  3.108187611340e+01,  6.339350342751e-01
  3.255899999989e+01,  5.000205636024e-01,  3.108188302754e+01,  6.354569196701e-01
  3.265899999999e+01,  5.000178217888e-01,  3.108188576935e+01,  6.335297226906e-01
  3.275899999985e+01,  4.999842047691e-01,  3.108191938637e+01,  6.321684122086e-01
  3.285899999994e+01,  5.000002980232e-01,  3.108190329312e+01,  6.327293515205e-01
  3.295899999980e+01,  4.999998509884e-01,  3.108190374015e+01,  6.315117478371e-01
  3.305899999989e+01,  4.999874830246e-01,  3.108191610812e+01,  6.319338083267e-01
  3.315899999999e+01,  4.999878108501e-01,  3.108191578029e+01,  6.331583857536e-01
  3.325899999985e+01,  4.999952912331e-01,  3.108190829991e+01,  6.306364536285e-01
  3.335899999994e+01,  4.999977350235e-01,  3.108190585612e+01,  6.326410770416e-01
  3.345899999980e+01,  5.000007748604e-01,  3.108190281628e+01,  6.344524621964e-01
  3.355899999989e+01,  5.000249147415e-01,  3.108187867640e+01,  6.313252449036e-01
  3.365899999999e+01,  4.999815523624e-01,  3.108192203878e+01,  6.344009637833e-01
  3.375899999985e+01,  4.999996721745e-01,  3.108190391897e+01,  6.322360038757e-01
  3.385899999994e+01,  5.000005960464e-01,  3.108190299509e+01,  6.322693824768e-01
  3.395899999980e+01,  4.999875426292e-01,  3.108191604851e+01,  6.308594942093e-01
  3.405899999989e+01,  5.000028014183e-01,  3.108190078972e+01,  6.301923990250e-01
  3.415899999999e+01,  5.000033974648e-01,  3.108190019368e+01,  6.318085789680e-01
  3.425899999985e+01,  5.000048279762e-01,  3.108189876316e+01,  6.308319568634e-01
  3.435899999994e+01,  5.000220537186e-01,  3.108188153742e+01,  6.322705149651e-01
  3.445899999980e+01,  5.000207424164e-01,  3.108188284872e+01,  6.293837428093e-01
  3.455899999989e+01,  5.000104904175e-01,  3.108189310072e+01,  6.300621628761e-01
  3.465899999999e+01,  5.000020861626e-01,  3.108190150498e+01,  6.312511563301e-01
  3.475899999985e+01,  5.000171065331e-01,  3.108188648461e+01,  6.292458772659e-01
  3.485899999994e+01,  5.000100135803e-01,  3.108189357756e+01,  6.291978359222e-01
  3.495899999980e+01,  4.999921023846e-01,  3.108191148876e+01,  6.302540302277e-01
  3.505899999989e+01,  4.999904334545e-01,  3.108191315769e+01,  6.292259693146e-01
  3.515899999999e+01,  5.000035166740e-01,  3.108190007447e+01,  6.300197839737e-01
  3.525899999985e+01,  4.999890625477e-01,  3.108191452859e+01,  6.312446594238e-01
  3.535899999994e+01,  4.999723732471e-01,  3.108193121789e+01,  6.295482516289e-01
  3.545899999980e+01,  5.000197291374e-01,  3.108188386200e+01,  6.312184929848e-01
  3.555899999989e+01,  5.000020861626e-01,  3.108190150498e+01,  6.294984817505e-01
  3.565899999999e+01,  5.000107884407e-01,  3.108189280270e+01,  6.320596933365e-01
  3.575899999985e+01,  4.999869763851e-01,  3.108191661475e+01,  6.311739683151e-01
  3.585899999994e+01,  5.000246763229e-01,  3.108187891482e+01,  6.306501626968e-01
  3.595899999980e+01,  4.999825656414e-01,  3.108192102550e+01,  6.313899755478e-01
  3.605899999989e+01,  4.999837875366e-01,  3.108191980360e+01,  6.309606432915e-01
  3.615899999999e+01,  4.999993741512e-01,  3.108190421699e+01,  6.299499273300e-01
  3.625899999985e+01,  5.000092387199e-01,  3.108189435242e+01,  6.291270256042e-01
  3.635899999994e+01,  4.999851882458e-01,  3.108191840289e+01,  6.291098594666e-01
  3.645899999980e+01,  5.000181794167e-01,  3.108188541172e+01,  6.303100585938e-01
  3.655899999989e+01,  5.000059604645e-01,  3.108189763068e+01,  6.301670670509e-01
  3.665899999999e+01,  5.000077486038e-01,  3.108189584254e+01,  6.292018294334e-01
  3.675899999985e+01,  5.000098347664e-01,  3.108189375637e+01,  6.303079724312e-01
  3.685899999994e+01,  4.999934732914e-01,  3.108191011785e+01,  6.291990876198e-01
  3.695899999980e+01,  4.999899566174e-01,  3.108191363452e+01,  6.328601241112e-01
  3.705899999989e+01,  4.999867081642e-01,  3.108191688298e+01,  6.284843683243e-01
  3.715899999999e+01,  4.999700784683e-01,  3.108193351267e+01,  6.311325430870e-01
  3.725899999985e+01,  5.000085234642e-01,  3.108189506768e+01,  6.294930577278e-01
  3.735899999994e+01,  4.999950230122e-01,  3.108190856813e+01,  6.308093070984e-01
  3.745899999980e+01,  4.999732971191e-01,  3.108193029402e+01,  6.293810606003e-01
  3.755899999989e+01,  4.999805688858e-01,  3.108192302225e+01,  6.285794377327e-01
  3.765899999999e+01,  4.999989569187e-01,  3.108190463422e+01,  6.309635043144e-01
  3.775899999985e+01,  4.999958574772e-01,  3.108190773366e+01,  6.294807195663e-01
  3.785899999994e+01,  5.000000000000e-01,  3.108190359114e+01,  6.302671432495e-01
  3.795899999980e+01,  4.999921023846e-01,  3.108191148876e+01,  6.326847672462e-01
  3.805899999989e+01,  4.999945759773e-01,  3.108190901516e+01,  6.330568194389e-01
  3.815899999999e+01,  5.000179409981e-01,  3.108188565014e+01,  6.320668458939e-01
  3.825899999985e+01,  5.000261664391e-01,  3.108187742470e+01,  6.294907927513e-01
  3.835899999994e+01,  5.000020265579e-01,  3.108190156458e+01,  6.302013993263e-01
  3.845899999980e+01,  5.000175833702e-01,  3.108188600777e+01,  6.312656402588e-01
  3.855899999989e+01,  5.000324249268e-01,  3.108187116621e+01,  6.289183497429e-01
  3.865899999999e+01,  5.000000596046e-01,  3.108190353154e+01,  6.289774179459e-01
  3.875899999985e+01,  4.999909996986e-01,  3.108191259144e+01,  6.287728548050e-01
  3.885899999994e+01,  5.000159144402e-01,  3.108188767670e+01,  6.283990740776e-01
  3.895899999980e+01,  4.999678432941e-01,  3.108193574785e+01,  6.266441941261e-01
  3.905899999989e+01,  4.999943077564e-01,  3.108190928338e+01,  6.292428374290e-01
  3.915899999999e+01,  5.000008344650e-01,  3.108190275667e+01,  6.288026571274e-01
  3.925899999985e+01,  4.999775588512e-01,  3.108192603229e+01,  6.268568038940e-01
  3.935899999994e+01,  5.000020861626e-01,  3.108190150498e+01,  6.278088688850e-01
  3.945899999980e+01,  5.000095963478e-01,  3.108189399479e+01,  6.273950338364e-01
  3.955899999989e+01,  5.000263452530e-01,  3.108187724589e+01,  6.283406615257e-01
  3.965899999999e+01,  5.000216960907e-01,  3.108188189505e+01,  6.278191804886e-01
  3.975899999985e+01,  5.000036954880e-01,  3.108189989565e+01,  6.275984048843e-01
  3.985899999994e+01,  4.999991357327e-01,  3.108190445541e+01,  6.285625696182e-01
  3.995899999980e+01,  4.999915361404e-01,  3.108191205500e+01,  6.253679990768e-01
  4.005899999989e+01,  5.000013709068e-01,  3.108190222023e+01,  6.267820000648e-01
  4.015899999999e+01,  5.000148415565e-01,  3.108188874958e+01,  6.259272098541e-01
  4.025899999985e+01,  5.000151395798e-01,  3.108188845156e+01,  6.254817843437e-01
  4.035899999994e+01,  5.000132918358e-01,  3.108189029930e+01,  6.262916922569e-01
  4.045899999980e+01,  5.000049471855e-01,  3.108189864395e+01,  6.261364221573e-01
  4.055899999989e+01,  4.999888241291e-01,  3.108191476701e+01,  6.243969798088e-01
  4.065899999999e+01,  4.999856948853e-01,  3.108191789625e+01,  6.265623569489e-01
  4.075899999985e+01,  5.000146627426e-01,  3.108188892840e+01,  6.257137656212e-01
  4.085899999994e+01,  4.999943971634e-01,  3.108190919398e+01,  6.264791488647e-01
  4.095899999980e+01,  5.000248551369e-01,  3.108187873600e+01,  6.272954940796e-01
  4.105899999989e+01,  5.000146031380e-01,  3.108188898800e+01,  6.260937452316e-01
  4.115899999999e+01,  5.000187754631e-01,  3.108188481568e+01,  6.247027516365e-01
  4.125899999985e+01,  5.000070333481e-01,  3.108189655779e+01,  6.277366280556e-01
  4.135899999994e+01,  4.999995231628e-01,  3.108190406798e+01,  6.258155107498e-01
  4.145899999980e+01,  5.000346899033e-01,  3.108186890124e+01,  6.241747736931e-01
  4.155899999989e+01,  5.000005960464e-01,  3.108190299509e+01,  6.239640712738e-01
  4.165899999999e+01,  5.000070929527e-01,  3.108189649819e+01,  6.242685317993e-01
  4.175899999985e+01,  4.999963045120e-01,  3.108190728663e+01,  6.236913204193e-01
  4.185899999994e+01,  4.999689161777e-01,  3.108193467496e+01,  6.239211559296e-01
  4.195899999980e+01,  4.999925494194e-01,  3.108191104172e+01,  6.268528103828e-01
  4.205899999989e+01,  4.999746382236e-01,  3.108192895292e+01,  6.262296438217e-01
  4.215899999999e+01,  5.000057816505e-01,  3.108189780949e+01,  6.250530481339e-01
  4.225899999985e+01,  5.000017881393e-01,  3.108190180300e+01,  6.266123056412e-01
  4.235899999994e+01,  4.999949932098e-01,  3.108190859793e+01,  6.238484978676e-01
  4.245899999980e+01,  5.000131726265e-01,  3.108189041851e+01,  6.259946227074e-01
  4.255899999989e+01,  4.999991059303e-01,  3.108190448521e+01,  6.250718235970e-01
  4.265899999999e+01,  4.999950230122e-01,  3.108190856813e+01,  6.272384524345e-01
  4.275899999985e+01,  4.999947547913e-01,  3.108190883635e+01,  6.266494989395e-01
  4.285899999994e+01,  4.999846816063e-01,  3.108191890953e+01,  6.257483959198e-01
  4.295899999980e+01,  5.000223517418e-01,  3.108188123940e+01,  6.238563656807e-01
  4.305899999989e+01,  5.000208616257e-01,  3.108188272951e+01,  6.248399019241e-01
  4.315899999999e+01,  5.000022649765e-01,  3.108190132616e+01,  6.235210895538e-01
  4.325899999985e+01,  5.000126957893e-01,  3.108189089535e+01,  6.249724626541e-01
  4.335899999994e+01,  5.000225901604e-01,  3.108188100098e+01,  6.242521405220e-01
  4.345899999980e+01,  4.999929368496e-01,  3.108191065429e+01,  6.249861717224e-01
  4.355899999989e+01,  5.000272989273e-01,  3.108187629221e+01,  6.222051978111e-01
  4.365899999999e+01,  4.999827742577e-01,  3.108192081688e+01,  6.242445707321e-01
  4.375899999985e+01,  5.000081658363e-01,  3.108189542530e+01,  6.255095601082e-01
  4.385899999994e+01,  5.000023841858e-01,  3.108190120695e+01,  6.218870282173e-01
  4.395899999980e+01,  5.000017881393e-01,  3.108190180300e+01,  6.247110962868e-01
  4.405899999989e+01,  4.999679625034e-01,  3.108193562864e+01,  6.230379343033e-01
  4.415899999999e+01,  4.999545216560e-01,  3.108194906948e+01,  6.234256029129e-01
  4.425899999985e+01,  4.999541044235e-01,  3.108194948672e+01,  6.224130988121e-01
  4.435899999994e+01,  4.999983012676e-01,  3.108190528987e+01,  6.227558255196e-01
  4.445899999980e+01,  4.999967217445e-01,  3.108190686940e+01,  6.235727667809e-01
  4.455899999989e+01,  4.999864697456e-01,  3.108191712139e+01,  6.229857802391e-01
  4.465899999999e+01,  4.999974668026e-01,  3.108190612434e+01,  6.231170892715e-01
  4.475899999985e+01,  4.999857544899e-01,  3.108191783665e+01,  6.211853027344e-01
  4.485899999994e+01,  5.000180602074e-01,  3.108188553093e+01,  6.202952861786e-01
  4.495899999980e+01,  5.000157356262e-01,  3.108188785551e+01,  6.228235960007e-01
  4.505899999989e+01,  5.000339746475e-01,  3.108186961649e+01,  6.238838434219e-01
  4.515899999999e+01,  5.000225305557e-01,  3.108188106058e+01,  6.208809018135e-01
  4.525899999985e+01,  4.999957978725e-01,  3.108190779327e+01,  6.207354664803e-01
  4.535899999994e+01,  4.999958276749e-01,  3.108190776346e+01,  6.241527795792e-01
  4.545899999980e+01,  5.000090003014e-01,  3.108189459084e+01,  6.221930980682e-01
  4.555899999989e+01,  5.000010132790e-01,  3.108190257786e+01,  6.234360337257e-01
  4.565899999999e+01,  4.999902546406e-01,  3.108191333650e+01,  6.234775185585e-01
  4.575899999985e+01,  5.000136494637e-01,  3.108188994168e+01,  6.229846477509e-01
  4.585899999994e+01,  5.000005364418e-01,  3.108190305470e+01,  6.214927434921e-01
  4.595899999980e+01,  4.999884068966e-01,  3.108191518424e+01,  6.198016405106e-01
  4.605899999989e+01,  5.000180602074e-01,  3.108188553093e+01,  6.218459606171e-01
  4.615899999999e+01,  5.000001192093e-01,  3.108190347193e+01,  6.219244599342e-01
  4.625899999985e+01,  4.999861419201e-01,  3.108191744922e+01,  6.205314993858e-01
  4.635899999994e+01,  4.999996721745e-01,  3.108190391897e+01,  6.196271777153e-01
  4.645899999980e+01,  5.000130534172e-01,  3.108189053772e+01,  6.214318275452e-01
  4.655899999989e+01,  4.999977648258e-01,  3.108190582631e+01,  6.193640828133e-01
  4.665899999999e+01,  5.000063180923e-01,  3.108189727305e+01,  6.210125684738e-01
  4.675899999985e+01,  4.999964535236e-01,  3.108190713762e+01,  6.222112774849e-01
  4.685899999994e+01,  5.000077486038e-01,  3.108189584254e+01,  6.203708648682e-01
  4.695899999980e+01,  4.999870359898e-01,  3.108191655515e+01,  6.191167831421e-01
  4.705899999989e+01,  5.000222921371e-01,  3.108188129900e+01,  6.207921504974e-01
  4.715899999999e+01,  4.999935328960e-01,  3.108191005824e+01,  6.216754913330e-01
  4.725899999985e+01,  5.000108480453e-01,  3.108189274309e+01,  6.208458542824e-01
  4.735899999994e+01,  5.000646114349e-01,  3.108183897970e+01,  6.189305186272e-01
  4.745899999980e+01,  5.000151991844e-01,  3.108188839196e+01,  6.206141114235e-01
  4.755899999989e+01,  5.000044703484e-01,  3.108189912079e+01,  6.183873414993e-01
  4.765899999999e+01,  4.999944567680e-01,  3.108190913437e+01,  6.193394064903e-01
  4.775899999985e+01,  4.999727606773e-01,  3.108193083046e+01,  6.177850961685e-01
  4.785899999994e+01,  4.999697208405e-01,  3.108193387030e+01,  6.201336383820e-01
  4.795899999980e+01,  5.000026226044e-01,  3.108190096854e+01,  6.209792494774e-01
  4.805899999989e+01,  5.000228881836e-01,  3.108188070296e+01,  6.209370493889e-01
  4.815899999999e+01,  4.999693930149e-01,  3.108193419812e+01,  6.195386648178e-01
  4.825899999985e+01,  5.000117421150e-01,  3.108189184902e+01,  6.202913522720e-01
  4.835899999994e+01,  5.000174045563e-01,  3.108188618658e+01,  6.195666790009e-01
  4.845899999980e+01,  4.999987781048e-01,  3.108190481304e+01,  6.181457042694e-01
  4.855899999989e+01,  4.999919831753e-01,  3.108191160796e+01,  6.200411319733e-01
  4.865899999999e+01,  5.000247359276e-01,  3.108187885521e+01,  6.201925277710e-01
  4.875899999985e+01,  5.000127553940e-01,  3.108189083575e+01,  6.206030249596e-01
  4.885899999994e+01,  5.000033378601e-01,  3.108190025328e+01,  6.188893318176e-01
  4.895899999980e+01,  5.000031590462e-01,  3.108190043209e+01,  6.190479993820e-01
  4.905899999989e+01,  5.000132918358e-01,  3.108189029930e+01,  6.194779872894e-01
  4.915899999999e+01,  5.000020265579e-01,  3.108190156458e+01,  6.216110587120e-01
  4.925899999985e+01,  4.999905824661e-01,  3.108191300867e+01,  6.193793416023e-01
  4.935899999994e+01,  5.000245571136e-01,  3.108187903403e+01,  6.194229125977e-01
  4.945899999980e+01,  5.000424981117e-01,  3.108186109303e+01,  6.170582771301e-01
  4.955899999989e+01,  5.000045299530e-01,  3.108189906119e+01,  6.184514164925e-01
  4.965899999999e+01,  5.000057816505e-01,  3.108189780949e+01,  6.180982589722e-01
  4.975899999985e+01,  4.999933242798e-01,  3.108191026686e+01,  6.192951202393e-01
  4.985899999994e+01,  4.999986290932e-01,  3.108190496205e+01,  6.194560527802e-01
  4.995899999980e+01,  5.000232458115e-01,  3.108188034533e+01,  6.188382506371e-01
  5.005899999989e+01,  4.999905228615e-01,  3.108191306828e+01,  6.179533600807e-01
  5.015899999999e+01,  5.000046491623e-01,  3.108189894198e+01,  6.181286573410e-01
  5.025899999985e+01,  4.999895095825e-01,  3.108191408156e+01,  6.188657879829e-01
  5.035899999994e+01,  4.999987781048e-01,  3.108190481304e+01,  6.186501383781e-01
  5.045899999980e+01,  4.999807178974e-01,  3.108192287324e+01,  6.172977089882e-01
  5.055899999989e+01,  5.000117421150e-01,  3.108189184902e+01,  6.166470050812e-01
  5.065899999999e+01,  5.000029802322e-01,  3.108190061091e+01,  6.180495023727e-01
  5.075899999985e+01,  5.000218153000e-01,  3.108188177584e+01,  6.165676712990e-01
  5.085899999994e+01,  5.000094771385e-01,  3.108189411400e+01,  6.169673204422e-01
  5.095899999980e+01,  4.999961555004e-01,  3.108190743564e+01,  6.184659004211e-01
  5.105899999989e+01,  5.000172853470e-01,  3.108188630579e+01,  6.179800629616e-01
  5.115899999999e+01,  5.000274181366e-01,  3.108187617300e+01,  6.161089539528e-01
  5.125899999985e+01,  5.000311732292e-01,  3.108187241791e+01,  6.194303035736e-01
  5.135899999994e+01,  5.000030398369e-01,  3.108190055130e+01,  6.190183162689e-01
  5.145899999980e+01,  4.999972879887e-01,  3.108190630315e+01,  6.174902915955e-01
  5.155899999989e+01,  4.999788403511e-01,  3.108192475079e+01,  6.181297302246e-01
  5.165899999999e+01,  4.999788701534e-01,  3.108192472099e+01,  6.194870471954e-01
  5.175899999985e+01,  5.000061988831e-01,  3.108189739226e+01,  6.182007193565e-01
  5.185899999994e+01,  5.000114440918e-01,  3.108189214705e+01,  6.173676252365e-01
  5.195899999980e+01,  5.000187754631e-01,  3.108188481568e+01,  6.161255836487e-01
  5.205899999989e+01,  5.000047087669e-01,  3.108189888237e+01,  6.198606491089e-01
  5.215899999999e+01,  5.000077486038e-01,  3.108189584254e+01,  6.176750063896e-01
  5.225899999985e+01,  4.999933540821e-01,  3.108191023706e+01,  6.160800457001e-01
  5.235899999994e+01,  5.000116825104e-01,  3.108189190863e+01,  6.162060499191e-01
  5.245899999980e+01,  5.000041127205e-01,  3.108189947842e+01,  6.160427927971e-01
  5.255899999989e+01,  4.999974668026e-01,  3.108190612434e+01,  6.189191937447e-01
  5.265899999999e+01,  5.000249743462e-01,  3.108187861679e+01,  6.177538037300e-01
  5.275899999985e+01,  4.999803900719e-01,  3.108192320107e+01,  6.166447997093e-01
  5.285899999994e+01,  4.999934434891e-01,  3.108191014765e+01,  6.145129799843e-01
  5.295899999980e+01,  5.000038146973e-01,  3.108189977644e+01,  6.146918535233e-01
  5.305899999989e+01,  4.999987781048e-01,  3.108190481304e+01,  6.172581315041e-01
  5.315899999999e+01,  5.000212192535e-01,  3.108188237189e+01,  6.138043999672e-01
  5.325899999985e+01,  5.000201463699e-01,  3.108188344477e+01,  6.159823536873e-01
  5.335899999994e+01,  5.000097751617e-01,  3.108189381598e+01,  6.150228381157e-01
  5.345899999980e+01,  5.000375509262e-01,  3.108186604021e+01,  6.139652132988e-01
  5.355899999989e+01,  4.999892711639e-01,  3.108191431998e+01,  6.140143871307e-01
  5.365899999999e+01,  4.999747574329e-01,  3.108192883371e+01,  6.146971583366e-01
  5.375899999985e+01,  5.000087022781e-01,  3.108189488886e+01,  6.174564957619e-01
  5.385899999994e+01,  4.999749660492e-01,  3.108192862509e+01,  6.156199574471e-01
  5.395899999980e+01,  4.999884068966e-01,  3.108191518424e+01,  6.142470240593e-01
  5.405899999989e+01,  5.000355839729e-01,  3.108186800717e+01,  6.131371855736e-01
  5.415899999999e+01,  4.999759495258e-01,  3.108192764161e+01,  6.135079264641e-01
  5.425899999985e+01,  5.000129938126e-01,  3.108189059733e+01,  6.140589118004e-01
  5.435899999994e+01,  5.000149011612e-01,  3.108188868998e+01,  6.151452660561e-01
  5.445899999980e+01,  4.999836981297e-01,  3.108191989301e+01,  6.139935255051e-01
  5.455899999989e+01,  4.999925494194e-01,  3.108191104172e+01,  6.145558357239e-01
  5.465899999999e+01,  5.000040531158e-01,  3.108189953802e+01,  6.139537096024e-01
  5.475899999985e+01,  5.000162124634e-01,  3.108188737868e+01,  6.143093109131e-01
  5.485899999994e+01,  5.000019073486e-01,  3.108190168379e+01,  6.141998171806e-01
  5.495899999980e+01,  4.999926090240e-01,  3.108191098212e+01,  6.157780289650e-01
  5.505899999989e+01,  4.999929070473e-01,  3.108191068409e+01,  6.157300472260e-01
  5.515899999999e+01,  5.000174045563e-01,  3.108188618658e+01,  6.127508878708e-01
  5.525899999985e+01,  5.000048875809e-01,  3.108189870356e+01,  6.140266656876e-01
  5.535899999994e+01,  5.000049471855e-01,  3.108189864395e+01,  6.117337942123e-01
  5.545899999980e+01,  5.000011324883e-01,  3.108190245865e+01,  6.106909513474e-01
  5.555899999989e+01,  5.000177025795e-01,  3.108188588856e+01,  6.130158901215e-01
  5.565899999999e+01,  4.999916851521e-01,  3.108191190599e+01,  6.127174496651e-01
  5.575899999985e+01,  4.999819695950e-01,  3.108192162154e+01,  6.127371788025e-01
  5.585899999994e+01,  5.000190734863e-01,  3.108188451765e+01,  6.111046671867e-01
  5.595899999980e+01,  5.000104308128e-01,  3.108189316033e+01,  6.133399009705e-01
  5.605899999989e+01,  4.999955296516e-01,  3.108190806149e+01,  6.115475296974e-01
  5.615899999999e+01,  5.000113844872e-01,  3.108189220665e+01,  6.121893525124e-01
  5.625899999985e+01,  5.000244975090e-01,  3.108187909363e+01,  6.104001402855e-01
  5.635899999994e+01,  4.999965429306e-01,  3.108190704821e+01,  6.147989630699e-01
  5.645899999980e+01,  4.999977648258e-01,  3.108190582631e+01,  6.112928390503e-01
  5.655899999989e+01,  5.000174641609e-01,  3.108188612698e+01,  6.122276186943e-01
  5.665899999999e+01,  4.999940693378e-01,  3.108190952180e+01,  6.156131029129e-01
  5.675899999985e+01,  4.999971687794e-01,  3.108190642236e+01,  6.133213639259e-01
  5.685899999994e+01,  5.000131726265e-01,  3.108189041851e+01,  6.137686967850e-01
  5.695899999980e+01,  4.999990761280e-01,  3.108190451501e+01,  6.093837022781e-01
  5.705899999989e+01,  4.999637007713e-01,  3.108193989037e+01,  6.151581406593e-01
  5.715899999999e+01,  4.999969899654e-01,  3.108190660117e+01,  6.121051311493e-01
  5.725899999985e+01,  4.999916851521e-01,  3.108191190599e+01,  6.108608245850e-01
  5.735899999994e+01,  5.000213384628e-01,  3.108188225268e+01,  6.122956871986e-01
  5.745899999980e+01,  5.000052452087e-01,  3.108189834593e+01,  6.119300127029e-01
  5.755899999989e+01,  5.000316500664e-01,  3.108187194107e+01,  6.121677160263e-01
  5.765899999999e+01,  4.999980926514e-01,  3.108190549849e+01,  6.121000647545e-01
  5.775899999985e+01,  5.000047683716e-01,  3.108189882277e+01,  6.150964498520e-01
  5.785899999994e+01,  4.999967515469e-01,  3.108190683959e+01,  6.114986538887e-01
  5.795899999980e+01,  4.999862015247e-01,  3.108191738962e+01,  6.099246144295e-01
  5.805899999989e+01,  5.000056624413e-01,  3.108189792870e+01,  6.110870242119e-01
  5.815899999999e+01,  4.999941587448e-01,  3.108190943240e+01,  6.116755604744e-01
  5.825899999985e+01,  5.000123381615e-01,  3.108189125298e+01,  6.119614243507e-01
  5.835899999994e+01,  5.000174045563e-01,  3.108188618658e+01,  6.132314801216e-01
  5.845899999980e+01,  5.000059008598e-01,  3.108189769028e+01,  6.111947894096e-01
  5.855899999989e+01,  5.000045299530e-01,  3.108189906119e+01,  6.114653944969e-01
  5.865899999999e+01,  5.000176429749e-01,  3.108188594816e+01,  6.089528203011e-01
  5.875899999985e+01,  5.000316500664e-01,  3.108187194107e+01,  6.108160614967e-01
  5.885899999994e+01,  4.999833703041e-01,  3.108192022084e+01,  6.133489012718e-01
  5.895899999980e+01,  5.000236630440e-01,  3.108187992810e+01,  6.089730262756e-01
  5.905899999989e+01,  5.000054836273e-01,  3.108189810751e+01,  6.096117496490e-01
  5.915899999999e+01,  5.000210404396e-01,  3.108188255070e+01,  6.112615466118e-01
  5.925899999985e+01,  5.000078082085e-01,  3.108189578293e+01,  6.107758283615e-01
  5.935899999994e+01,  4.999914169312e-01,  3.108191217421e+01,  6.097474694252e-01
  5.945899999980e+01,  5.000029802322e-01,  3.108190061091e+01,  6.084291934967e-01
  5.955899999989e+01,  4.999899268150e-01,  3.108191366432e+01,  6.111043691635e-01
  5.965899999999e+01,  5.000154376030e-01,  3.108188815354e+01,  6.108061075211e-01
  5.975899999985e+01,  5.000183582306e-01,  3.108188523291e+01,  6.103462576866e-01
  5.985899999994e+01,  4.999794363976e-01,  3.108192415474e+01,  6.081894636154e-01
  5.995899999980e+01,  4.999948740005e-01,  3.108190871714e+01,  6.088099479675e-01
  6.005899999989e+01,  5.000004172325e-01,  3.108190317391e+01,  6.094525456429e-01
  6.015899999999e+01,  4.999829232693e-01,  3.108192066787e+01,  6.108924150467e-01
  6.025899999985e+01,  4.999939501286e-01,  3.108190964101e+01,  6.115729212761e-01
  6.035899999994e+01,  4.999935328960e-01,  3.108191005824e+01,  6.091933250427e-01
  6.045899999980e+01,  4.999871551991e-01,  3.108191643594e+01,  6.098324656487e-01
  6.055899999989e+01,  4.999877810478e-01,  3.108191581009e+01,  6.128672361374e-01
  6.065899999999e+01,  4.999560713768e-01,  3.108194751976e+01,  6.123778223991e-01
  6.075899999985e+01,  4.999955296516e-01,  3.108190806149e+01,  6.115615367889e-01
  6.085899999994e+01,  5.000151991844e-01,  3.108188839196e+01,  6.111838221550e-01
  6.095899999980e+01,  4.999957680702e-01,  3.108190782307e+01,  6.107247471809e-01
  6.105899999989e+01,  5.000114440918e-01,  3.108189214705e+01,  6.129038333893e-01
  6.107699999982e+01,  5.000074505806e-01,  3.108189614056e+01,  6.134861111641e-01
  6.107799999998e+01,  5.000070333481e-01,  3.108189655779e+01,  6.133762001991e-01
  6.108100000001e+01,  5.000054836273e-01,  3.108189810751e+01,  6.127958893776e-01
  6.118099999987e+01,  5.000005364418e-01,  3.108190305470e+01,  6.112102866173e-01
  6.126549999998e+01,  4.898585379124e-01,  3.109204505323e+01,  6.073967218399e-01
  6.128749999986e+01,  4.795025885105e-01,  3.110240100263e+01,  5.803409814835e-01
  6.129799999995e+01,  4.691437780857e-01,  3.111275981305e+01,  5.553184747696e-01
  6.130550000002e+01,  4.588097631931e-01,  3.112309382795e+01,  5.497432947159e-01
  6.131199999992e+01,  4.487008154392e-01,  3.113320277570e+01,  5.381237268448e-01
  6.131849999982e+01,  4.379548132420e-01,  3.114394877790e+01,  5.237842798233e-01
  6.132449999987e+01,  4.276856482029e-01,  3.115421794294e+01,  5.113712549210e-01
  6.133049999992e+01,  4.173897802830e-01,  3.116451381086e+01,  4.976345598698e-01
  6.133699999982e+01,  4.065903723240e-01,  3.117531321882e+01,  4.839169085026e-01
  6.134349999996e+01,  3.965157568455e-01,  3.118538783429e+01,  4.769016802311e-01
  6.135099999979e+01,  3.864678442478e-01,  3.119543574689e+01,  4.524456560612e-01
  6.135949999979e+01,  3.760880529881e-01,  3.120581553815e+01,  4.179302752018e-01
  6.136749999993e+01,  3.659981787205e-01,  3.121590541242e+01,  3.970104753971e-01
  6.137549999985e+01,  3.553856909275e-01,  3.122651790021e+01,  3.784328997135e-01
  6.138299999991e+01,  3.449372351170e-01,  3.123696635602e+01,  3.559185564518e-01
  6.138999999990e+01,  3.346680700779e-01,  3.124723552106e+01,  3.441998064518e-01
  6.139699999988e+01,  3.244256079197e-01,  3.125747798322e+01,  3.331257402897e-01
  6.140449999995e+01,  3.140038549900e-01,  3.126789973615e+01,  3.194271624088e-01
  6.141249999986e+01,  3.039483129978e-01,  3.127795527814e+01,  3.066746294498e-01
  6.142199999979e+01,  2.936905920506e-01,  3.128821299909e+01,  2.851368486881e-01
  6.143299999996e+01,  2.834652960300e-01,  3.129843829511e+01,  2.682758867741e-01
  6.144549999991e+01,  2.733601629734e-01,  3.130854342817e+01,  2.361637651920e-01
  6.145699999994e+01,  2.632721960545e-01,  3.131863139509e+01,  2.165485918522e-01
  6.146749999980e+01,  2.529362738132e-01,  3.132896731733e+01,  2.012287676334e-01
  6.147699999996e+01,  2.428927570581e-01,  3.133901083408e+01,  1.889988183975e-01
  6.148649999988e+01,  2.328257709742e-01,  3.134907782017e+01,  1.760250329971e-01
  6.149649999989e+01,  2.226176410913e-01,  3.135928595005e+01,  1.599422693253e-01
  6.150699999998e+01,  2.123389393091e-01,  3.136956465183e+01,  1.413189172745e-01
  6.151749999984e+01,  2.021422535181e-01,  3.137976133762e+01,  1.247860118747e-01
  6.152799999993e+01,  1.918940693140e-01,  3.139000952183e+01,  1.097561046481e-01
  6.153849999979e+01,  1.815104633570e-01,  3.140039312778e+01,  9.717523306608e-02
  6.154849999980e+01,  1.714892536402e-01,  3.141041433750e+01,  8.389245718718e-02
  6.155849999981e+01,  1.613726764917e-01,  3.142053091465e+01,  7.060586661100e-02
  6.156849999982e+01,  1.511340290308e-01,  3.143076956211e+01,  5.585443601012e-02
  6.157849999983e+01,  1.406588703394e-01,  3.144124472080e+01,  4.183542355895e-02
  6.158799999999e+01,  1.304659992456e-01,  3.145143759189e+01,  3.110468015075e-02
  6.159749999992e+01,  1.203837543726e-01,  3.146151983677e+01,  2.220880612731e-02
  6.160749999993e+01,  1.101298481226e-01,  3.147177374302e+01,  1.251756679267e-02
  6.161800000002e+01,  9.972716867924e-02,  3.148217642246e+01,  1.334782107733e-03
  6.162849999988e+01,  8.952857553959e-02,  3.149237501560e+01, -9.132747538388e-03
  6.163899999997e+01,  7.928420603275e-02,  3.150261938511e+01, -1.812780275941e-02
  6.164949999982e+01,  6.880141794682e-02,  3.151310217319e+01, -2.644956484437e-02
  6.165949999983e+01,  5.857421085238e-02,  3.152332938029e+01, -2.741542831063e-02
  6.166949999984e+01,  4.836226627231e-02,  3.153354132487e+01, -2.229991927743e-02
  6.167999999993e+01,  3.805495426059e-02,  3.154384863688e+01, -1.678386703134e-02
  6.169099999988e+01,  2.799750491977e-02,  3.155390608622e+01, -1.086822617799e-02
  6.170349999983e+01,  1.781035587192e-02,  3.156409323527e+01, -2.250824589282e-03
  6.171949999989e+01,  7.657539565116e-03,  3.157424605157e+01,  3.724651469383e-04
  6.173199999984e+01,  2.362472703680e-03,  3.157954111844e+01, -6.501426687464e-04
  6.173300000001e+01,  2.039177110419e-03,  3.157986441403e+01, -8.160819998011e-04
  6.174099999992e+01, -5.366123514250e-05,  3.158195725237e+01, -2.712940331548e-03
  6.174399999995e+01, -6.325415452011e-04,  3.158253613269e+01, -3.354524727911e-03
  6.201499999990e+01, -2.207305515185e-03,  3.158411089666e+01, -1.277719531208e-02
  6.201599999983e+01, -2.201777184382e-03,  3.158410536832e+01, -1.265560183674e-02
