           Test time,     Standard travel,     Tool separation,      Standard force
                 0.0,                 0.0,  2.685721329593e+01, -1.305333897471e-02
                 0.0,                 0.0,  2.685720670962e+01, -1.308182999492e-02
                 0.0,                 0.0,  2.685719837987e+01, -1.406399533153e-02
                 0.0,                 0.0,  2.685720249259e+01, -1.452357694507e-02
                 0.0,                 0.0,  2.685719872260e+01, -1.443512365222e-02
                 0.0,                 0.0,  2.675161230697e+01, -1.297888625413e-02
  0.000000000000e+00,  0.000000000000e+00,  2.675161691747e+01, -1.304951775819e-02
  7.999986410141e-03,  1.654445077293e-05,  2.675160037302e+01, -1.347440760583e-02
  1.099999248981e-02,  6.977905286476e-06,  2.675160993957e+01, -1.365632098168e-02
  1.299999654293e-02,  4.569970769808e-06,  2.675161234750e+01, -1.358646433800e-02
  1.399999856949e-02,  5.024456186220e-06,  2.675161189302e+01, -1.352185290307e-02
  1.144999861717e-01, -5.047980812378e-05,  2.675166739728e+01, -1.356774847955e-02
  2.144999951124e-01, -4.701078069047e-05,  2.675166392826e+01, -1.682660356164e-02
  3.149999976158e-01, -1.679155502643e-05,  2.675163370903e+01, -1.628718897700e-02
  4.155000001192e-01,  4.740801814478e-04,  2.675114283729e+01, -1.739047095180e-02
  4.639999866486e-01,  1.075549237430e-02,  2.674086142510e+01,  1.326660998166e-02
  4.749999940395e-01,  2.117724530399e-02,  2.673043967217e+01,  2.372817881405e-02
  4.824999868870e-01,  3.178210556507e-02,  2.671983481191e+01,  1.394920237362e-02
  4.889999926090e-01,  4.257006943226e-02,  2.670904684804e+01, -4.016891471110e-04
  4.949999898672e-01,  5.304522812366e-02,  2.669857168935e+01, -1.179618947208e-02
  5.009999871254e-01,  6.352801620960e-02,  2.668808890126e+01, -1.733131520450e-02
  5.069999992847e-01,  7.371325790882e-02,  2.667790365957e+01, -2.684135548770e-02
  5.134999901056e-01,  8.376117050648e-02,  2.666785574697e+01, -3.924031555653e-02
  5.214999914169e-01,  9.419818222523e-02,  2.665741873525e+01, -4.218311607838e-02
  5.324999988079e-01,  1.045798808336e-01,  2.664703703664e+01, -3.477986156940e-02
  5.459999889135e-01,  1.146316081285e-01,  2.663698530935e+01, -7.548643741757e-03
  5.574999898672e-01,  1.248893290758e-01,  2.662672758840e+01, -7.213188800961e-03
  5.674999952316e-01,  1.351260691881e-01,  2.661649084829e+01, -1.107843033969e-02
  5.769999921322e-01,  1.454867869616e-01,  2.660613013051e+01, -1.465566270053e-02
  5.864999890327e-01,  1.559581309557e-01,  2.659565878652e+01, -1.926095597446e-02
  5.959999859333e-01,  1.660518199205e-01,  2.658556509755e+01, -2.271945588291e-02
  6.064999997616e-01,  1.764812022448e-01,  2.657513571523e+01, -1.871497742832e-02
  6.169999986887e-01,  1.865825206041e-01,  2.656503439687e+01, -1.546390168369e-02
  6.274999976158e-01,  1.968040019274e-01,  2.655481291555e+01, -1.230914704502e-02
  6.374999880791e-01,  2.068595439196e-01,  2.654475737355e+01, -1.329026930034e-02
  6.474999934435e-01,  2.171172648668e-01,  2.653449965261e+01, -1.559887640178e-02
  6.574999988079e-01,  2.273139506578e-01,  2.652430296682e+01, -1.796550489962e-02
  6.674999892712e-01,  2.374000102282e-01,  2.651421690725e+01, -1.776490546763e-02
  6.774999946356e-01,  2.474174052477e-01,  2.650419951223e+01, -1.722603477538e-02
  6.879999935627e-01,  2.578696608543e-01,  2.649374725662e+01, -1.615893281996e-02
  6.984999924898e-01,  2.682225406170e-01,  2.648339437686e+01, -1.471077185124e-02
  7.089999914169e-01,  2.785679996014e-01,  2.647304891787e+01, -1.386289577931e-02
  7.194999903440e-01,  2.889783084393e-01,  2.646263860904e+01, -1.562763936818e-02
  7.299999892712e-01,  2.993848025799e-01,  2.645223211489e+01, -1.667256839573e-02
  7.404999881983e-01,  3.097798526287e-01,  2.644183706485e+01, -1.515780668706e-02
  7.509999871254e-01,  3.202321231365e-01,  2.643138479434e+01, -1.483729761094e-02
  7.614999860525e-01,  3.306958377361e-01,  2.642092107974e+01, -1.334455888718e-02
  7.719999998808e-01,  3.411404788494e-01,  2.641047643863e+01, -1.097664516419e-02
  7.824999988079e-01,  3.515622317791e-01,  2.640005468570e+01, -1.243707817048e-02
  7.929999977350e-01,  3.619076907635e-01,  2.638970922671e+01, -1.399460714310e-02
  8.034999966621e-01,  3.722264468670e-01,  2.637939047061e+01, -1.428443565965e-02
  8.139999955893e-01,  3.826596438885e-01,  2.636895727359e+01, -1.522785797715e-02
  8.239999860525e-01,  3.926961123943e-01,  2.635892080508e+01, -1.495242491364e-02
  8.339999914169e-01,  4.028241336346e-01,  2.634879278384e+01, -1.331939175725e-02
  8.439999967813e-01,  4.130932986736e-01,  2.633852361880e+01, -1.256604865193e-02
  8.539999872446e-01,  4.234730899334e-01,  2.632814382754e+01, -1.329751685262e-02
  8.639999926090e-01,  4.337231814861e-01,  2.631789373599e+01, -1.440146937966e-02
  8.739999979734e-01,  4.437825381756e-01,  2.630783437930e+01, -1.415941491723e-02
  8.844999969006e-01,  4.541432559490e-01,  2.629747366153e+01, -1.435983553529e-02
  8.949999958277e-01,  4.643170535564e-01,  2.628729986392e+01, -1.291310414672e-02
  9.054999947548e-01,  4.746091067791e-01,  2.627700781070e+01, -1.104509457946e-02
  9.155000001192e-01,  4.847562015057e-01,  2.626686071597e+01, -1.128971204162e-02
  9.254999905825e-01,  4.951474368572e-01,  2.625646948062e+01, -1.285171136260e-02
  9.354999959469e-01,  5.056378245354e-01,  2.624597909294e+01, -1.487707719207e-02
  9.454999864101e-01,  5.159870982170e-01,  2.623562981926e+01, -1.632171496749e-02
  9.560000002384e-01,  5.264405608177e-01,  2.622517635666e+01, -1.456571836025e-02
  9.664999991655e-01,  5.364655852318e-01,  2.621515133224e+01, -1.036478299648e-02
  9.769999980927e-01,  5.465096831322e-01,  2.620510723434e+01, -5.992186721414e-03
  9.874999970198e-01,  5.568856596947e-01,  2.619473125778e+01, -4.122031386942e-03
  9.974999874830e-01,  5.670937895775e-01,  2.618452312790e+01, -4.859772976488e-03
  1.007499992847e+00,  5.774049162865e-01,  2.617421200119e+01, -5.933550652117e-03
  1.017499998212e+00,  5.876283049583e-01,  2.616398861252e+01, -6.333870347589e-03
  1.027999997139e+00,  5.980233550072e-01,  2.615359356247e+01, -5.365652497858e-03
  1.038499996066e+00,  6.081151366234e-01,  2.614350178085e+01, -3.893797402270e-04
  1.048999994993e+00,  6.182851195335e-01,  2.613333179794e+01,  4.695134703070e-03
  1.059499993920e+00,  6.287145018578e-01,  2.612290241562e+01,  6.899690721184e-03
  1.069499999285e+00,  6.388387084007e-01,  2.611277820907e+01,  7.254755590111e-03
  1.079499989748e+00,  6.490315794945e-01,  2.610258533798e+01,  8.685625158250e-03
  1.089499995112e+00,  6.591939330101e-01,  2.609242298446e+01,  9.545993059874e-03
  1.099499985576e+00,  6.692304015160e-01,  2.608238651596e+01,  1.121754571795e-02
  1.109999999404e+00,  6.797208189964e-01,  2.607189609848e+01,  1.478524133563e-02
  1.119999989867e+00,  6.897763609886e-01,  2.606184055649e+01,  1.860995218158e-02
  1.129999995232e+00,  6.999577879906e-01,  2.605165912948e+01,  2.030561864376e-02
  1.139999985695e+00,  7.101697325706e-01,  2.604144718490e+01,  2.158473432064e-02
  1.149999991059e+00,  7.203091979027e-01,  2.603130771957e+01,  2.354548871517e-02
  1.159999996424e+00,  7.303571105003e-01,  2.602125980697e+01,  2.517810650170e-02
  1.170499995351e+00,  7.408475279808e-01,  2.601076938949e+01,  2.783170528710e-02
  1.180499985814e+00,  7.508496642113e-01,  2.600076725326e+01,  3.151384368539e-02
  1.190499991179e+00,  7.609013915062e-01,  2.599071552597e+01,  3.417984023690e-02
  1.200499996543e+00,  7.710260748863e-01,  2.598059084259e+01,  3.632463514805e-02
  1.210499987006e+00,  7.810854315758e-01,  2.597053148590e+01,  3.892387449741e-02
  1.220999985933e+00,  7.915377020836e-01,  2.596007921539e+01,  4.166330397129e-02
  1.231499999762e+00,  8.019441962242e-01,  2.594967272125e+01,  4.644884169102e-02
  1.241499990225e+00,  8.119577765465e-01,  2.593965914093e+01,  5.134691298008e-02
  1.251499995589e+00,  8.221849799156e-01,  2.592943193756e+01,  5.343814194202e-02
  1.261499986053e+00,  8.325266242027e-01,  2.591909029327e+01,  5.553360283375e-02
  1.271499991417e+00,  8.428263068199e-01,  2.590879061065e+01,  5.839891731739e-02
  1.281499996781e+00,  8.529390692711e-01,  2.589867784820e+01,  5.915234982967e-02
  1.291999995708e+00,  8.632692694664e-01,  2.588834764801e+01,  6.174062192440e-02
  1.302499994636e+00,  8.734030127525e-01,  2.587821390472e+01,  6.776498258114e-02
  1.312999993563e+00,  8.836798071861e-01,  2.586793711029e+01,  7.295010983944e-02
  1.322999998927e+00,  8.937467932701e-01,  2.585787012420e+01,  7.557700574398e-02
  1.332999989390e+00,  9.039854407310e-01,  2.584763147674e+01,  7.730172574520e-02
  1.342999994755e+00,  9.141935706139e-01,  2.583742334686e+01,  7.986997067928e-02
  1.353000000119e+00,  9.242910742760e-01,  2.582732584320e+01,  8.310221135616e-02
  1.363499999046e+00,  9.347471594810e-01,  2.581686975799e+01,  8.627746999264e-02
  1.373999997973e+00,  9.450773596764e-01,  2.580653955780e+01,  9.170196950436e-02
  1.384499996901e+00,  9.554190039635e-01,  2.579619791351e+01,  9.695766866207e-02
  1.394999995828e+00,  9.658636450768e-01,  2.578575327240e+01,  1.010098308325e-01
  1.405499994755e+00,  9.763082861900e-01,  2.577530863128e+01,  1.044440120459e-01
  1.415999993682e+00,  9.866957068443e-01,  2.576492121063e+01,  1.081666797400e-01
  1.426499992609e+00,  9.970793128014e-01,  2.575453760467e+01,  1.118640750647e-01
  1.436999991536e+00,  1.007443785667e+00,  2.574417313181e+01,  1.160974353552e-01
  1.447499990463e+00,  1.017918944359e+00,  2.573369797312e+01,  1.210098117590e-01
  1.457499995828e+00,  1.028079271317e+00,  2.572353764616e+01,  1.241014972329e-01
  1.467499986291e+00,  1.038317918777e+00,  2.571329899870e+01,  1.277960389853e-01
  1.477499991655e+00,  1.048579454422e+00,  2.570303746305e+01,  1.305676549673e-01
  1.487499997020e+00,  1.058783769608e+00,  2.569283314787e+01,  1.329284757376e-01
  1.497999995947e+00,  1.069258928299e+00,  2.568235798918e+01,  1.368185132742e-01
  1.508499994874e+00,  1.079589128494e+00,  2.567202778898e+01,  1.417556852102e-01
  1.518999993801e+00,  1.089886903763e+00,  2.566173001371e+01,  1.465216726065e-01
  1.529499992728e+00,  1.100209474564e+00,  2.565140744291e+01,  1.509457677603e-01
  1.539999991655e+00,  1.110673189163e+00,  2.564094372831e+01,  1.550131887197e-01
  1.549999997020e+00,  1.120881319046e+00,  2.563073559843e+01,  1.564733833075e-01
  1.559999987483e+00,  1.131116151810e+00,  2.562050076566e+01,  1.581395119429e-01
  1.569999992847e+00,  1.141286134720e+00,  2.561033078275e+01,  1.625559777021e-01
  1.579999998212e+00,  1.151379823685e+00,  2.560023709379e+01,  1.669590920210e-01
  1.589999988675e+00,  1.161431550980e+00,  2.559018536649e+01,  1.702208966017e-01
  1.600499987602e+00,  1.171902894974e+00,  2.557971402250e+01,  1.756902188063e-01
  1.610499992967e+00,  1.181927919388e+00,  2.556968899809e+01,  1.809869259596e-01
  1.620499998331e+00,  1.192021608353e+00,  2.555959530912e+01,  1.835360974073e-01
  1.630499988794e+00,  1.202115297318e+00,  2.554950162016e+01,  1.877875775099e-01
  1.640499994159e+00,  1.212159395218e+00,  2.553945752226e+01,  1.924090832472e-01
  1.650999993086e+00,  1.222623109818e+00,  2.552899380766e+01,  1.968789547682e-01
  1.661499992013e+00,  1.232974290848e+00,  2.551864262663e+01,  2.019620388746e-01
  1.671999990940e+00,  1.243331193924e+00,  2.550828572355e+01,  2.071834057570e-01
  1.682499989867e+00,  1.253791093826e+00,  2.549782582365e+01,  2.098885029554e-01
  1.692499995232e+00,  1.263827562332e+00,  2.548778935514e+01,  2.125915735960e-01
  1.702499985695e+00,  1.273881673813e+00,  2.547773524366e+01,  2.153105735779e-01
  1.712999999523e+00,  1.284368276596e+00,  2.546724864088e+01,  2.180032730103e-01
  1.723499998450e+00,  1.294809103012e+00,  2.545680781446e+01,  2.232236862183e-01
  1.733999997377e+00,  1.305166006088e+00,  2.544645091139e+01,  2.294483184814e-01
  1.744499996305e+00,  1.315519094467e+00,  2.543609782301e+01,  2.351646423340e-01
  1.754999995232e+00,  1.325990438461e+00,  2.542562647901e+01,  2.385270595551e-01
  1.764999985695e+00,  1.336053609848e+00,  2.541556330763e+01,  2.402501404285e-01
  1.775499999523e+00,  1.346513509750e+00,  2.540510340772e+01,  2.437153160572e-01
  1.785999998450e+00,  1.356920003891e+00,  2.539469691358e+01,  2.482099831104e-01
  1.796499997377e+00,  1.367322683334e+00,  2.538429423414e+01,  2.539749443531e-01
  1.806999996305e+00,  1.377706289291e+00,  2.537391062818e+01,  2.600984871387e-01
  1.817499995232e+00,  1.388185262680e+00,  2.536343165479e+01,  2.664575874805e-01
  1.827499985695e+00,  1.398286581039e+00,  2.535333033644e+01,  2.687516510487e-01
  1.837499991059e+00,  1.408345937729e+00,  2.534327097975e+01,  2.704048454762e-01
  1.847999989986e+00,  1.418763875961e+00,  2.533285304151e+01,  2.740998566151e-01
  1.858499988914e+00,  1.429143667221e+00,  2.532247325025e+01,  2.787604629993e-01
  1.868999987841e+00,  1.439492940903e+00,  2.531212397657e+01,  2.826080620289e-01
  1.879499986768e+00,  1.449956655502e+00,  2.530166026197e+01,  2.885198891163e-01
  1.889499992132e+00,  1.460122823715e+00,  2.529149409376e+01,  2.932310402393e-01
  1.899499997497e+00,  1.470411062241e+00,  2.528120585523e+01,  2.966299355030e-01
  1.909499987960e+00,  1.480657339096e+00,  2.527095957838e+01,  3.003330528736e-01
  1.919499993324e+00,  1.490689992905e+00,  2.526092692457e+01,  3.046799004078e-01
  1.929999992251e+00,  1.501001119614e+00,  2.525061579786e+01,  3.096857368946e-01
  1.940499991179e+00,  1.511230230331e+00,  2.524038668714e+01,  3.146620094776e-01
  1.950999990106e+00,  1.521564483643e+00,  2.523005243383e+01,  3.186890780926e-01
  1.961499989033e+00,  1.532051086426e+00,  2.521956583105e+01,  3.226182162762e-01
  1.971499994397e+00,  1.542217254639e+00,  2.520939966284e+01,  3.258506953716e-01
  1.981499999762e+00,  1.552360534668e+00,  2.519925638281e+01,  3.279823958874e-01
  1.991499990225e+00,  1.562374114990e+00,  2.518924280248e+01,  3.317064940929e-01
  2.001999989152e+00,  1.572727203369e+00,  2.517888971411e+01,  3.364243209362e-01
  2.012499988079e+00,  1.583044052124e+00,  2.516857286535e+01,  3.401179015636e-01
  2.022999987006e+00,  1.593318939209e+00,  2.515829797827e+01,  3.443369567394e-01
  2.033499985933e+00,  1.603664398193e+00,  2.514795251928e+01,  3.486375510693e-01
  2.043999999762e+00,  1.614055633545e+00,  2.513756128393e+01,  3.523192107677e-01
  2.054499998689e+00,  1.624496459961e+00,  2.512712045751e+01,  3.564634025097e-01
  2.064999997616e+00,  1.634910583496e+00,  2.511670633398e+01,  3.602266013622e-01
  2.074999988079e+00,  1.644943237305e+00,  2.510667368017e+01,  3.644876182079e-01
  2.084999993443e+00,  1.654987335205e+00,  2.509662958227e+01,  3.700065314770e-01
  2.094999998808e+00,  1.665035247803e+00,  2.508658166967e+01,  3.748616874218e-01
  2.104999989271e+00,  1.675136566162e+00,  2.507648035131e+01,  3.794040381908e-01
  2.114999994636e+00,  1.685287475586e+00,  2.506632944189e+01,  3.828410804272e-01
  2.125000000000e+00,  1.695354461670e+00,  2.505626245580e+01,  3.866100013256e-01
  2.135499998927e+00,  1.705791473389e+00,  2.504582544409e+01,  3.905324637890e-01
  2.145999997854e+00,  1.716136932373e+00,  2.503547998510e+01,  3.953027427197e-01
  2.156499996781e+00,  1.726440429688e+00,  2.502517648779e+01,  4.000348746777e-01
  2.166999995708e+00,  1.736778259277e+00,  2.501483865820e+01,  4.056272208691e-01
  2.177499994636e+00,  1.747196197510e+00,  2.500442071996e+01,  4.102439582348e-01
  2.187500000000e+00,  1.757286071777e+00,  2.499433084570e+01,  4.125556647778e-01
  2.197499990463e+00,  1.767459869385e+00,  2.498415704809e+01,  4.150252044201e-01
  2.207499995828e+00,  1.777669072151e+00,  2.497394784532e+01,  4.181838333607e-01
  2.217499986291e+00,  1.787861943245e+00,  2.496375497423e+01,  4.224143326283e-01
  2.227499991655e+00,  1.798028111458e+00,  2.495358880602e+01,  4.269681274891e-01
  2.237499997020e+00,  1.808072209358e+00,  2.494354470812e+01,  4.321646988392e-01
  2.247999995947e+00,  1.818490147591e+00,  2.493312676988e+01,  4.368796646595e-01
  2.258499994874e+00,  1.828732609749e+00,  2.492288430773e+01,  4.413695633411e-01
  2.268999993801e+00,  1.838877797127e+00,  2.491273912035e+01,  4.468016922474e-01
  2.279499992728e+00,  1.849154591560e+00,  2.490246232591e+01,  4.521403610706e-01
  2.289499998093e+00,  1.859175801277e+00,  2.489244111620e+01,  4.547081291676e-01
  2.299499988556e+00,  1.869250416756e+00,  2.488236650072e+01,  4.584093391895e-01
  2.309499993920e+00,  1.879325032234e+00,  2.487229188524e+01,  4.628639519215e-01
  2.319499999285e+00,  1.889407277107e+00,  2.486220964037e+01,  4.668865501881e-01
  2.329499989748e+00,  1.899447560310e+00,  2.485216935716e+01,  4.700899422169e-01
  2.339999988675e+00,  1.909888386726e+00,  2.484172853075e+01,  4.744701683521e-01
  2.350499987602e+00,  1.920302510262e+00,  2.483131440721e+01,  4.793367683887e-01
  2.360999986529e+00,  1.930770039558e+00,  2.482084687792e+01,  4.828315079212e-01
  2.370999991894e+00,  1.940791249275e+00,  2.481082566820e+01,  4.859581291676e-01
  2.380999997258e+00,  1.950816273689e+00,  2.480080064379e+01,  4.894776642323e-01
  2.390999987721e+00,  1.960856556892e+00,  2.479076036058e+01,  4.936337769032e-01
  2.400999993086e+00,  1.970912098885e+00,  2.478070481859e+01,  4.981208145618e-01
  2.410999998450e+00,  1.981001973152e+00,  2.477061494432e+01,  5.017428994179e-01
  2.420999988914e+00,  1.991007924080e+00,  2.476060899339e+01,  5.045519471169e-01
  2.431499987841e+00,  2.001349449158e+00,  2.475026746832e+01,  5.093432068825e-01
  2.441999986768e+00,  2.011614799500e+00,  2.474000211797e+01,  5.141707062721e-01
  2.452499985695e+00,  2.021897077560e+00,  2.472971983991e+01,  5.183995962143e-01
  2.462999999523e+00,  2.032210111618e+00,  2.471940680586e+01,  5.231889486313e-01
  2.473499998450e+00,  2.042643308640e+00,  2.470897360883e+01,  5.283893346786e-01
  2.483499988914e+00,  2.052771329880e+00,  2.469884558759e+01,  5.331434011459e-01
  2.493499994278e+00,  2.062987089157e+00,  2.468862982832e+01,  5.364392995834e-01
  2.503499999642e+00,  2.073076963425e+00,  2.467853995405e+01,  5.412915945053e-01
  2.513999998569e+00,  2.083548307419e+00,  2.466806861006e+01,  5.464128255844e-01
  2.524499997497e+00,  2.093909025192e+00,  2.465770789228e+01,  5.518954992294e-01
  2.534999996424e+00,  2.104187726974e+00,  2.464742919050e+01,  5.565885305405e-01
  2.545499995351e+00,  2.114474058151e+00,  2.463714285932e+01,  5.604776144028e-01
  2.555999994278e+00,  2.124880552292e+00,  2.462673636518e+01,  5.650724172592e-01
  2.565999999642e+00,  2.134886503220e+00,  2.461673041425e+01,  5.695685148239e-01
  2.575999990106e+00,  2.145022153854e+00,  2.460659476362e+01,  5.723491907120e-01
  2.585999995470e+00,  2.155123472214e+00,  2.459649344526e+01,  5.754176378250e-01
  2.596499994397e+00,  2.165606260300e+00,  2.458601065717e+01,  5.808335542679e-01
  2.606999993324e+00,  2.176085233688e+00,  2.457553168379e+01,  5.845180749893e-01
  2.616999998689e+00,  2.186087369919e+00,  2.456552954756e+01,  5.875661373138e-01
  2.627499997616e+00,  2.196516752243e+00,  2.455510016523e+01,  5.922410488129e-01
  2.637999996543e+00,  2.206934690475e+00,  2.454468222700e+01,  5.967786312103e-01
  2.648499995470e+00,  2.217421293259e+00,  2.453419562422e+01,  6.019494533539e-01
  2.658499985933e+00,  2.227457761765e+00,  2.452415915571e+01,  6.053130626678e-01
  2.668499991298e+00,  2.237528562546e+00,  2.451408835493e+01,  6.105086803436e-01
  2.678499996662e+00,  2.247626066208e+00,  2.450399085127e+01,  6.149232387543e-01
  2.688499987125e+00,  2.257815122604e+00,  2.449380179487e+01,  6.198737621307e-01
  2.698499992490e+00,  2.268034696579e+00,  2.448358222090e+01,  6.224648952484e-01
  2.708499997854e+00,  2.278111219406e+00,  2.447350569807e+01,  6.273635625839e-01
  2.718999996781e+00,  2.288548231125e+00,  2.446306868635e+01,  6.306983232498e-01
  2.729499995708e+00,  2.298931837082e+00,  2.445268508039e+01,  6.344767808914e-01
  2.739999994636e+00,  2.309284925461e+00,  2.444233199201e+01,  6.385632753372e-01
  2.750499993563e+00,  2.319687604904e+00,  2.443192931257e+01,  6.435304880142e-01
  2.760499998927e+00,  2.329720258713e+00,  2.442189665876e+01,  6.469622850418e-01
  2.770499989390e+00,  2.339764356613e+00,  2.441185256086e+01,  6.505728960037e-01
  2.780999988317e+00,  2.350220441818e+00,  2.440139647566e+01,  6.554986238480e-01
  2.791499987245e+00,  2.360604047775e+00,  2.439101286970e+01,  6.600981950760e-01
  2.801999986172e+00,  2.370995283127e+00,  2.438062163435e+01,  6.650134325027e-01
  2.812500000000e+00,  2.381424665451e+00,  2.437019225202e+01,  6.696263551712e-01
  2.822499990463e+00,  2.391438245773e+00,  2.436017867170e+01,  6.737509965897e-01
  2.832499995828e+00,  2.401573896408e+00,  2.435004302107e+01,  6.776787042618e-01
  2.842499986291e+00,  2.411762952805e+00,  2.433985396467e+01,  6.813617944717e-01
  2.852499991655e+00,  2.421917676926e+00,  2.432969924055e+01,  6.852909326553e-01
  2.862499997020e+00,  2.432049512863e+00,  2.431956740461e+01,  6.902605295181e-01
  2.872499987483e+00,  2.442135572433e+00,  2.430948134504e+01,  6.948791742325e-01
  2.882499992847e+00,  2.452160596848e+00,  2.429945632063e+01,  6.991831064224e-01
  2.892499998212e+00,  2.462185621262e+00,  2.428943129621e+01,  7.039781808853e-01
  2.902499988675e+00,  2.472283124924e+00,  2.427933379255e+01,  7.086988687515e-01
  2.912499994040e+00,  2.482399702072e+00,  2.426921721540e+01,  7.133604288101e-01
  2.922499999404e+00,  2.492581129074e+00,  2.425903578840e+01,  7.180773019791e-01
  2.932499989867e+00,  2.502827405930e+00,  2.424878951154e+01,  7.221294641495e-01
  2.942499995232e+00,  2.513027906418e+00,  2.423858901106e+01,  7.257343530655e-01
  2.952499985695e+00,  2.523056745529e+00,  2.422856017195e+01,  7.292326688766e-01
  2.962999999523e+00,  2.533469438553e+00,  2.421814747892e+01,  7.338724732399e-01
  2.973499998450e+00,  2.543891191483e+00,  2.420772572599e+01,  7.392454743385e-01
  2.983499988914e+00,  2.553927659988e+00,  2.419768925749e+01,  7.427597641945e-01
  2.993499994278e+00,  2.564025163651e+00,  2.418759175382e+01,  7.465344071388e-01
  3.003499999642e+00,  2.574038743973e+00,  2.417757817350e+01,  7.511473298073e-01
  3.013999998569e+00,  2.584460496902e+00,  2.416715642057e+01,  7.564497590065e-01
  3.024499997497e+00,  2.594763994217e+00,  2.415685292326e+01,  7.609081864357e-01
  3.034999996424e+00,  2.604972124100e+00,  2.414664479337e+01,  7.666483521461e-01
  3.045499995351e+00,  2.615302324295e+00,  2.413631459318e+01,  7.715569138527e-01
  3.055499985814e+00,  2.625346422195e+00,  2.412627049528e+01,  7.741854786873e-01
  3.065499991179e+00,  2.635436296463e+00,  2.411618062101e+01,  7.765324711800e-01
  3.075999990106e+00,  2.645911455154e+00,  2.410570546232e+01,  7.808750271797e-01
  3.086499989033e+00,  2.656329393387e+00,  2.409528752409e+01,  7.859199643135e-01
  3.096999987960e+00,  2.666701555252e+00,  2.408491536222e+01,  7.915237545967e-01
  3.107499986887e+00,  2.677119493484e+00,  2.407449742399e+01,  7.969692349434e-01
  3.117499992251e+00,  2.687155961990e+00,  2.406446095548e+01,  8.016198277473e-01
  3.127499997616e+00,  2.697272539139e+00,  2.405434437834e+01,  8.050792813301e-01
  3.137499988079e+00,  2.707339525223e+00,  2.404427739225e+01,  8.081720471382e-01
  3.147999987006e+00,  2.717784166336e+00,  2.403383275114e+01,  8.132675290108e-01
  3.158499985933e+00,  2.728194475174e+00,  2.402342244230e+01,  8.186042904854e-01
  3.168499991298e+00,  2.738196611404e+00,  2.401342030607e+01,  8.235614895821e-01
  3.178499996662e+00,  2.748378038406e+00,  2.400323887907e+01,  8.268402218819e-01
  3.188499987125e+00,  2.758555650711e+00,  2.399306126676e+01,  8.311679959297e-01
  3.198499992490e+00,  2.768618822098e+00,  2.398299809538e+01,  8.359735608101e-01
  3.208999991417e+00,  2.779083967209e+00,  2.397253295027e+01,  8.415548801422e-01
  3.219499990344e+00,  2.789547681808e+00,  2.396206923567e+01,  8.457615375519e-01
  3.229499995708e+00,  2.799553632736e+00,  2.395206328474e+01,  8.503229618073e-01
  3.239499986172e+00,  2.809643507004e+00,  2.394197341047e+01,  8.547766208649e-01
  3.249499991536e+00,  2.819809675217e+00,  2.393180724226e+01,  8.580281734467e-01
  3.259499996901e+00,  2.829968214035e+00,  2.392164870344e+01,  8.619554042816e-01
  3.269499987364e+00,  2.839997053146e+00,  2.391161986433e+01,  8.678014278412e-01
  3.279999986291e+00,  2.850392103195e+00,  2.390122481428e+01,  8.742616176605e-01
  3.290500000119e+00,  2.860844373703e+00,  2.389077254377e+01,  8.800122737885e-01
  3.300499990582e+00,  2.870911359787e+00,  2.388070555769e+01,  8.838679790497e-01
  3.310499995947e+00,  2.881008863449e+00,  2.387060805403e+01,  8.870494365692e-01
  3.320499986410e+00,  2.891079664230e+00,  2.386053725324e+01,  8.900878429413e-01
  3.331000000238e+00,  2.901535749435e+00,  2.385008116804e+01,  8.940799236298e-01
  3.341499999166e+00,  2.911904096603e+00,  2.383971282087e+01,  8.998649120331e-01
  3.351999998093e+00,  2.922306776047e+00,  2.382931014143e+01,  9.056613445282e-01
  3.361999988556e+00,  2.932308912277e+00,  2.381930800520e+01,  9.092805385590e-01
  3.371999993920e+00,  2.942391157150e+00,  2.380922576032e+01,  9.149053096771e-01
  3.381999999285e+00,  2.952545881271e+00,  2.379907103620e+01,  9.181616306305e-01
  3.392499998212e+00,  2.963005781174e+00,  2.378861113630e+01,  9.213519096375e-01
  3.403499990702e+00,  2.973246335983e+00,  2.377837058149e+01,  9.241483211517e-01
  3.415999993682e+00,  2.983280897141e+00,  2.376833602033e+01,  9.270948171616e-01
  3.433499991894e+00,  2.993383169174e+00,  2.375823374830e+01,  9.303395152092e-01
  3.444999992847e+00,  2.997436285019e+00,  2.375418063246e+01,  9.331871867180e-01
  3.545499995351e+00,  3.003407716751e+00,  2.374820920072e+01,  9.353941679001e-01
  3.645999997854e+00,  3.002629995346e+00,  2.374898692213e+01,  9.289364218712e-01
  3.746499985456e+00,  3.001814603806e+00,  2.374980231367e+01,  9.245712161064e-01
  3.846499994397e+00,  3.001180648804e+00,  2.375043626867e+01,  9.222831130028e-01
  3.946999996901e+00,  3.000730276108e+00,  2.375088664137e+01,  9.191777706146e-01
  4.047499999404e+00,  3.000454902649e+00,  2.375116201483e+01,  9.171128869057e-01
  4.147999987006e+00,  3.000254392624e+00,  2.375136252485e+01,  9.127928614616e-01
  4.247999995947e+00,  3.000129222870e+00,  2.375148769460e+01,  9.128175973892e-01
  4.348499998450e+00,  3.000012636185e+00,  2.375160428129e+01,  9.096593260765e-01
  4.448999986053e+00,  2.999984741211e+00,  2.375163217626e+01,  9.089230895042e-01
  4.548999994993e+00,  2.999971151352e+00,  2.375164576612e+01,  9.071796536446e-01
  4.649499997497e+00,  2.999948501587e+00,  2.375166841589e+01,  9.051685929298e-01
  4.750000000000e+00,  2.999948501587e+00,  2.375166841589e+01,  9.055321812630e-01
  4.850499987602e+00,  2.999978303909e+00,  2.375163861357e+01,  9.012737274170e-01
  4.950499996543e+00,  2.999954938889e+00,  2.375166197859e+01,  9.024037122726e-01
  5.050999999046e+00,  2.999963045120e+00,  2.375165387235e+01,  9.023740291595e-01
  5.151499986649e+00,  2.999945878983e+00,  2.375167103849e+01,  9.003893136978e-01
  5.251499995589e+00,  2.999942779541e+00,  2.375167413793e+01,  8.986182808876e-01
  5.351999998093e+00,  2.999982357025e+00,  2.375163456045e+01,  8.976016640663e-01
  5.452499985695e+00,  2.999997138977e+00,  2.375161977850e+01,  8.960127234459e-01
  5.552499994636e+00,  2.999981403351e+00,  2.375163551412e+01,  8.957275152206e-01
  5.652999997139e+00,  3.000001907349e+00,  2.375161501013e+01,  8.943729996681e-01
  5.753499999642e+00,  3.000005006790e+00,  2.375161191068e+01,  8.959109187126e-01
  5.853999987245e+00,  3.000039339066e+00,  2.375157757841e+01,  8.920757174492e-01
  5.953999996185e+00,  3.000017642975e+00,  2.375159927450e+01,  8.916235566139e-01
  6.053999990225e+00,  2.999991655350e+00,  2.375162526212e+01,  8.890450000763e-01
  6.153999999166e+00,  3.000000715256e+00,  2.375161620222e+01,  8.914370536804e-01
  6.253999993205e+00,  2.999982118607e+00,  2.375163479887e+01,  8.888184428215e-01
  6.353999987245e+00,  3.000018119812e+00,  2.375159879766e+01,  8.884119391441e-01
  6.453999996185e+00,  2.999999046326e+00,  2.375161787115e+01,  8.872951865196e-01
  6.553999990225e+00,  3.000016450882e+00,  2.375160046659e+01,  8.872423171997e-01
  6.653999999166e+00,  2.999983072281e+00,  2.375163384519e+01,  8.866360187531e-01
  6.753999993205e+00,  3.000024318695e+00,  2.375159259878e+01,  8.849755525589e-01
  6.853999987245e+00,  3.000011444092e+00,  2.375160547338e+01,  8.880488872528e-01
  6.953999996185e+00,  3.000017166138e+00,  2.375159975134e+01,  8.852472901344e-01
  7.053999990225e+00,  3.000006914139e+00,  2.375161000334e+01,  8.852128386497e-01
  7.153999999166e+00,  2.999994516373e+00,  2.375162240110e+01,  8.830742835999e-01
  7.253999993205e+00,  3.000017642975e+00,  2.375159927450e+01,  8.828446865082e-01
  7.353999987245e+00,  3.000001668930e+00,  2.375161524854e+01,  8.792312145233e-01
  7.453999996185e+00,  3.000013589859e+00,  2.375160332762e+01,  8.819061517715e-01
  7.553999990225e+00,  2.999993562698e+00,  2.375162335478e+01,  8.797910213470e-01
  7.653999999166e+00,  2.999979019165e+00,  2.375163789831e+01,  8.795506954193e-01
  7.753999993205e+00,  3.000010251999e+00,  2.375160666548e+01,  8.799836635590e-01
  7.853999987245e+00,  2.999988079071e+00,  2.375162883840e+01,  8.803648352623e-01
  7.953999996185e+00,  3.000003814697e+00,  2.375161310278e+01,  8.800700306892e-01
  8.053999990225e+00,  3.000012636185e+00,  2.375160428129e+01,  8.775629401207e-01
  8.153999999166e+00,  3.000023365021e+00,  2.375159355245e+01,  8.788075447083e-01
  8.253999993205e+00,  2.999990463257e+00,  2.375162645422e+01,  8.791292905807e-01
  8.353999987245e+00,  3.000026226044e+00,  2.375159069143e+01,  8.758094906807e-01
  8.453999996185e+00,  2.999979019165e+00,  2.375163789831e+01,  8.757663965225e-01
  8.553999990225e+00,  3.000033378601e+00,  2.375158353887e+01,  8.739253878593e-01
  8.653999999166e+00,  3.000033378601e+00,  2.375158353887e+01,  8.751274943352e-01
  8.753999993205e+00,  3.000028610229e+00,  2.375158830724e+01,  8.739318251610e-01
  8.853999987245e+00,  3.000000000000e+00,  2.375161691747e+01,  8.718724250793e-01
  8.953999996185e+00,  3.000008821487e+00,  2.375160809599e+01,  8.724135160446e-01
  9.053999990225e+00,  2.999976873398e+00,  2.375164004408e+01,  8.715065717697e-01
  9.153999999166e+00,  3.000003814697e+00,  2.375161310278e+01,  8.716626763344e-01
  9.253999993205e+00,  3.000046968460e+00,  2.375156994901e+01,  8.730255961418e-01
  9.353999987245e+00,  3.000009536743e+00,  2.375160738073e+01,  8.693889975548e-01
  9.453999996185e+00,  2.999982118607e+00,  2.375163479887e+01,  8.697388172150e-01
  9.553999990225e+00,  2.999988317490e+00,  2.375162859998e+01,  8.688804507256e-01
  9.653999999166e+00,  2.999987363815e+00,  2.375162955366e+01,  8.687649965286e-01
  9.753999993205e+00,  3.000009775162e+00,  2.375160714231e+01,  8.682072162628e-01
  9.853999987245e+00,  3.000005006790e+00,  2.375161191068e+01,  8.686250448227e-01
  9.953999996185e+00,  3.000014781952e+00,  2.375160213552e+01,  8.686838746071e-01
  1.005399999022e+01,  2.999987363815e+00,  2.375162955366e+01,  8.684168457985e-01
  1.015399999917e+01,  2.999994754791e+00,  2.375162216268e+01,  8.656137585640e-01
  1.025399999321e+01,  3.000013589859e+00,  2.375160332762e+01,  8.649525642395e-01
  1.035399998724e+01,  3.000016689301e+00,  2.375160022817e+01,  8.671193122864e-01
  1.045399999619e+01,  3.000040054321e+00,  2.375157686315e+01,  8.659214377403e-01
  1.055399999022e+01,  3.000015020370e+00,  2.375160189710e+01,  8.658576011658e-01
  1.065399999917e+01,  3.000017881393e+00,  2.375159903608e+01,  8.629885315895e-01
  1.075399999321e+01,  3.000004529953e+00,  2.375161238752e+01,  8.631863594055e-01
  1.085399998724e+01,  3.000000715256e+00,  2.375161620222e+01,  8.663459420204e-01
  1.095399999619e+01,  2.999981641769e+00,  2.375163527571e+01,  8.613792657852e-01
  1.105399999022e+01,  3.000028371811e+00,  2.375158854566e+01,  8.641061186790e-01
  1.115399999917e+01,  3.000018358231e+00,  2.375159855924e+01,  8.629534244537e-01
  1.125399999321e+01,  2.999975442886e+00,  2.375164147459e+01,  8.612017631531e-01
  1.135399998724e+01,  3.000030755997e+00,  2.375158616148e+01,  8.625559210777e-01
  1.145399999619e+01,  3.000003337860e+00,  2.375161357961e+01,  8.632735610008e-01
  1.155399999022e+01,  3.000000238419e+00,  2.375161667906e+01,  8.624792098999e-01
  1.165399999917e+01,  3.000012874603e+00,  2.375160404287e+01,  8.598824739456e-01
  1.175399999321e+01,  2.999994277954e+00,  2.375162263952e+01,  8.620953559875e-01
  1.185399998724e+01,  3.000004768372e+00,  2.375161214910e+01,  8.612529039383e-01
  1.195399999619e+01,  3.000017642975e+00,  2.375159927450e+01,  8.607475161552e-01
  1.205399999022e+01,  3.000023603439e+00,  2.375159331404e+01,  8.603078722954e-01
  1.215399999917e+01,  3.000014305115e+00,  2.375160261236e+01,  8.601704239845e-01
  1.225399999321e+01,  3.000022649765e+00,  2.375159426771e+01,  8.580277562141e-01
  1.235399998724e+01,  3.000029802322e+00,  2.375158711515e+01,  8.584650158882e-01
  1.245399999619e+01,  2.999992609024e+00,  2.375162430845e+01,  8.585535883904e-01
  1.255399999022e+01,  3.000024318695e+00,  2.375159259878e+01,  8.579707145691e-01
  1.265399999917e+01,  3.000003576279e+00,  2.375161334120e+01,  8.591299057007e-01
  1.275399999321e+01,  2.999982357025e+00,  2.375163456045e+01,  8.579198122025e-01
  1.285399998724e+01,  2.999980449677e+00,  2.375163646780e+01,  8.609978556633e-01
  1.295399999619e+01,  2.999996900558e+00,  2.375162001692e+01,  8.597413301468e-01
  1.305399999022e+01,  2.999988079071e+00,  2.375162883840e+01,  8.577849268913e-01
  1.315399999917e+01,  2.999996662140e+00,  2.375162025533e+01,  8.551971912384e-01
  1.325399999321e+01,  3.000023365021e+00,  2.375159355245e+01,  8.545189499855e-01
  1.335399998724e+01,  3.000002861023e+00,  2.375161405645e+01,  8.558582067490e-01
  1.345399999619e+01,  2.999998331070e+00,  2.375161858640e+01,  8.564397692680e-01
  1.346299999952e+01,  3.000006675720e+00,  2.375161024175e+01,  8.573027849197e-01
  1.346399998665e+01,  3.000006675720e+00,  2.375161024175e+01,  8.572214841843e-01
  1.346699999273e+01,  3.000005483627e+00,  2.375161143385e+01,  8.567878007889e-01
  1.356699998677e+01,  3.000001668930e+00,  2.375161524854e+01,  8.547230362892e-01
  1.366699999571e+01,  2.999965190887e+00,  2.375165172659e+01,  8.535467386246e-01
  1.375549998879e+01,  2.989950895309e+00,  2.376166602217e+01,  8.490734696388e-01
  1.377549999952e+01,  2.979799985886e+00,  2.377181693159e+01,  8.289623856544e-01
  1.378599999845e+01,  2.969731092453e+00,  2.378188582502e+01,  8.136530518532e-01
  1.379349999130e+01,  2.959709882736e+00,  2.379190703474e+01,  8.195534348488e-01
  1.380049999058e+01,  2.949082136154e+00,  2.380253478132e+01,  8.209958672523e-01
  1.380699999630e+01,  2.938542127609e+00,  2.381307478987e+01,  8.212122321129e-01
  1.381299999356e+01,  2.928494215012e+00,  2.382312270246e+01,  8.201128840446e-01
  1.381899999082e+01,  2.918320417404e+00,  2.383329650007e+01,  8.214001059532e-01
  1.382549999654e+01,  2.907528638840e+00,  2.384408827863e+01,  8.225947022438e-01
  1.383199998736e+01,  2.897362470627e+00,  2.385425444685e+01,  8.272085785866e-01
  1.383949999511e+01,  2.887089490891e+00,  2.386452742658e+01,  8.184433579445e-01
  1.384799998999e+01,  2.876610517502e+00,  2.387500639997e+01,  8.022652268410e-01
  1.385649999976e+01,  2.866455793381e+00,  2.388516112409e+01,  7.945538163185e-01
  1.386499999464e+01,  2.856331586838e+00,  2.389528533064e+01,  7.862263321877e-01
  1.387349998951e+01,  2.845913648605e+00,  2.390570326887e+01,  7.742291092873e-01
  1.388149999082e+01,  2.835266828537e+00,  2.391635008894e+01,  7.654686570168e-01
  1.388849999011e+01,  2.825134992599e+00,  2.392648192487e+01,  7.660933136940e-01
  1.389549998939e+01,  2.814759016037e+00,  2.393685790144e+01,  7.687059044838e-01
  1.390249998868e+01,  2.804684400558e+00,  2.394693251692e+01,  7.676605582237e-01
  1.390999999642e+01,  2.794552564621e+00,  2.395706435285e+01,  7.639698386192e-01
  1.391849999130e+01,  2.784031629562e+00,  2.396758528791e+01,  7.617420554161e-01
  1.392849999666e+01,  2.773577451706e+00,  2.397803946577e+01,  7.599583268166e-01
  1.394149999321e+01,  2.763342618942e+00,  2.398827429853e+01,  7.427139878273e-01
  1.395499999821e+01,  2.753288984299e+00,  2.399832793318e+01,  7.268334031105e-01
  1.396649999917e+01,  2.742966413498e+00,  2.400865050398e+01,  7.225342392921e-01
  1.397649998963e+01,  2.732661247253e+00,  2.401895567022e+01,  7.212330102921e-01
  1.398599998653e+01,  2.722323417664e+00,  2.402929349981e+01,  7.204033136368e-01
  1.399549999833e+01,  2.712077140808e+00,  2.403953977667e+01,  7.178059816360e-01
  1.400549998879e+01,  2.701842308044e+00,  2.404977460943e+01,  7.138310670853e-01
  1.401649999619e+01,  2.691416740417e+00,  2.406020017706e+01,  7.068139314651e-01
  1.402799999714e+01,  2.681010246277e+00,  2.407060667120e+01,  6.985913515091e-01
  1.403899998963e+01,  2.670981407166e+00,  2.408063551031e+01,  6.925441026688e-01
  1.404999999702e+01,  2.660676002502e+00,  2.409094091497e+01,  6.857281923294e-01
  1.406049999595e+01,  2.650589942932e+00,  2.410102697454e+01,  6.801530122757e-01
  1.407099999487e+01,  2.640343666077e+00,  2.411127325140e+01,  6.734458208084e-01
  1.408149999380e+01,  2.629837989807e+00,  2.412177892767e+01,  6.686831712723e-01
  1.409149999917e+01,  2.619481086731e+00,  2.413213583074e+01,  6.632939577103e-01
  1.410099999607e+01,  2.609227180481e+00,  2.414238973699e+01,  6.609463691711e-01
  1.411049999297e+01,  2.598675727844e+00,  2.415294118963e+01,  6.569256782532e-01
  1.411949999630e+01,  2.588616371155e+00,  2.416300054632e+01,  6.540455818176e-01
  1.412899999321e+01,  2.578278541565e+00,  2.417333837591e+01,  6.498007774353e-01
  1.413899999857e+01,  2.567925453186e+00,  2.418369146429e+01,  6.434607505798e-01
  1.414949999750e+01,  2.557555198669e+00,  2.419406171881e+01,  6.356101036072e-01
  1.415999999642e+01,  2.547383308411e+00,  2.420423360906e+01,  6.291403770447e-01
  1.417049999535e+01,  2.537138938904e+00,  2.421447797857e+01,  6.234393119812e-01
  1.418099999428e+01,  2.526637077332e+00,  2.422497984014e+01,  6.200184822083e-01
  1.419099999964e+01,  2.516512870789e+00,  2.423510404669e+01,  6.168189048767e-01
  1.420099999011e+01,  2.506442070007e+00,  2.424517484747e+01,  6.127433776855e-01
  1.421099999547e+01,  2.496432304382e+00,  2.425518461309e+01,  6.075859069824e-01
  1.422149999440e+01,  2.485945701599e+00,  2.426567121588e+01,  6.027355194092e-01
  1.423199999332e+01,  2.475447416306e+00,  2.427616950117e+01,  5.978582501411e-01
  1.424199999869e+01,  2.465353727341e+00,  2.428626319013e+01,  5.938289761543e-01
  1.425199998915e+01,  2.455252408981e+00,  2.429636450849e+01,  5.902650952339e-01
  1.426249998808e+01,  2.444826841354e+00,  2.430679007612e+01,  5.850484967232e-01
  1.427299998701e+01,  2.434574842453e+00,  2.431704207502e+01,  5.780199170113e-01
  1.428349998593e+01,  2.424317121506e+00,  2.432729979597e+01,  5.718820691109e-01
  1.429399999976e+01,  2.413952589035e+00,  2.433766432844e+01,  5.672138333321e-01
  1.430449999869e+01,  2.403511762619e+00,  2.434810515486e+01,  5.623138546944e-01
  1.431499999762e+01,  2.393048048019e+00,  2.435856886946e+01,  5.573728680611e-01
  1.432549999654e+01,  2.382591962814e+00,  2.436902495466e+01,  5.537131428719e-01
  1.433599999547e+01,  2.372311353683e+00,  2.437930556379e+01,  5.472300648689e-01
  1.434649999440e+01,  2.362110853195e+00,  2.438950606428e+01,  5.400126576424e-01
  1.435699999332e+01,  2.351801633835e+00,  2.439981528364e+01,  5.347779393196e-01
  1.436749999225e+01,  2.341334104538e+00,  2.441028281294e+01,  5.307691693306e-01
  1.437799999118e+01,  2.330870389938e+00,  2.442074652754e+01,  5.267537236214e-01
  1.438849999011e+01,  2.320429563522e+00,  2.443118735395e+01,  5.222905278206e-01
  1.439899998903e+01,  2.310038328171e+00,  2.444157858930e+01,  5.177176594734e-01
  1.440949998796e+01,  2.299616575241e+00,  2.445200034223e+01,  5.125640034676e-01
  1.441949999332e+01,  2.289580106735e+00,  2.446203681074e+01,  5.074275135994e-01
  1.442949999869e+01,  2.279421567917e+00,  2.447219534956e+01,  5.035842061043e-01
  1.443949998915e+01,  2.269190549850e+00,  2.448242636762e+01,  5.007484555244e-01
  1.444949999452e+01,  2.259066343307e+00,  2.449255057417e+01,  4.980531334877e-01
  1.445999999344e+01,  2.248636960983e+00,  2.450297995649e+01,  4.931684136391e-01
  1.447049999237e+01,  2.238272428513e+00,  2.451334448896e+01,  4.875398278236e-01
  1.448049999774e+01,  2.228262186050e+00,  2.452335473142e+01,  4.822756350040e-01
  1.449049998820e+01,  2.218122720718e+00,  2.453349419676e+01,  4.784351885319e-01
  1.450049999356e+01,  2.207937479019e+00,  2.454367943846e+01,  4.743544161320e-01
  1.451049999893e+01,  2.197836160660e+00,  2.455378075681e+01,  4.704233705997e-01
  1.452099999785e+01,  2.187500238419e+00,  2.456411667906e+01,  4.658161699772e-01
  1.453149999678e+01,  2.177416086197e+00,  2.457420083128e+01,  4.590860903263e-01
  1.454199999571e+01,  2.167312860489e+00,  2.458430405699e+01,  4.518839418888e-01
  1.455249999464e+01,  2.156946420670e+00,  2.459467049680e+01,  4.472767412663e-01
  1.456250000000e+01,  2.146845102310e+00,  2.460477181516e+01,  4.439322054386e-01
  1.457249999046e+01,  2.136606454849e+00,  2.461501046263e+01,  4.405967295170e-01
  1.458249999583e+01,  2.126314401627e+00,  2.462530251585e+01,  4.393973946571e-01
  1.459249998629e+01,  2.116136789322e+00,  2.463548012815e+01,  4.364216923714e-01
  1.460249999166e+01,  2.106123209000e+00,  2.464549370847e+01,  4.313519597054e-01
  1.461299999058e+01,  2.095773935318e+00,  2.465584298216e+01,  4.250443577766e-01
  1.462349998951e+01,  2.085561990738e+00,  2.466605492674e+01,  4.197228550911e-01
  1.463399998844e+01,  2.075365304947e+00,  2.467625161253e+01,  4.118474125862e-01
  1.464449998736e+01,  2.065040826797e+00,  2.468657609068e+01,  4.074509739876e-01
  1.465449999273e+01,  2.055015802383e+00,  2.469660111509e+01,  4.024108052254e-01
  1.466449999809e+01,  2.044765710831e+00,  2.470685120664e+01,  4.002218842506e-01
  1.467449998856e+01,  2.034416437149e+00,  2.471720048033e+01,  3.970747590065e-01
  1.468449999392e+01,  2.024177789688e+00,  2.472743912779e+01,  3.930717110634e-01
  1.469499999285e+01,  2.013679742813e+00,  2.473793717466e+01,  3.873134255409e-01
  1.470549999177e+01,  2.003307580948e+00,  2.474830933653e+01,  3.819175362587e-01
  1.471599999070e+01,  1.992927789688e+00,  2.475868912779e+01,  3.765149712563e-01
  1.472650000453e+01,  1.982431530952e+00,  2.476918538652e+01,  3.727862834930e-01
  1.473649999499e+01,  1.972379803658e+00,  2.477923711382e+01,  3.697464466095e-01
  1.474649998546e+01,  1.962289929390e+00,  2.478932698808e+01,  3.652613162994e-01
  1.475649999082e+01,  1.952188611031e+00,  2.479942830644e+01,  3.612568378448e-01
  1.476649999619e+01,  1.942052960396e+00,  2.480956395708e+01,  3.560631275177e-01
  1.477649998665e+01,  1.931909680367e+00,  2.481970723711e+01,  3.504383563995e-01
  1.478649999201e+01,  1.921762585640e+00,  2.482985433183e+01,  3.470079898834e-01
  1.479649999738e+01,  1.911600232124e+00,  2.484001668535e+01,  3.434345722198e-01
  1.480649998784e+01,  1.901437878609e+00,  2.485017903887e+01,  3.397839069366e-01
  1.481649999321e+01,  1.891275525093e+00,  2.486034139238e+01,  3.365538120270e-01
  1.482649999857e+01,  1.881082653999e+00,  2.487053426348e+01,  3.341681957245e-01
  1.483649998903e+01,  1.870981335640e+00,  2.488063558183e+01,  3.288848400116e-01
  1.484699998796e+01,  1.860494732857e+00,  2.489112218462e+01,  3.239390850067e-01
  1.485749998689e+01,  1.850118756294e+00,  2.490149816118e+01,  3.191525936127e-01
  1.486799998581e+01,  1.839803814888e+00,  2.491181310259e+01,  3.141629695892e-01
  1.487849999964e+01,  1.829416394234e+00,  2.492220052324e+01,  3.083579540253e-01
  1.488849999011e+01,  1.819315075874e+00,  2.493230184160e+01,  3.045461177826e-01
  1.489849999547e+01,  1.809087872505e+00,  2.494252904497e+01,  3.013703823090e-01
  1.490849998593e+01,  1.798956036568e+00,  2.495266088091e+01,  2.981746196747e-01
  1.491899999976e+01,  1.788585782051e+00,  2.496303113542e+01,  2.930772304535e-01
  1.492949999869e+01,  1.778387188911e+00,  2.497322972856e+01,  2.878587245941e-01
  1.493999999762e+01,  1.768125653267e+00,  2.498349126421e+01,  2.835261821747e-01
  1.495049999654e+01,  1.757726788521e+00,  2.499389012895e+01,  2.800023555756e-01
  1.496049998701e+01,  1.747659802437e+00,  2.500395711504e+01,  2.758376598358e-01
  1.497049999237e+01,  1.737505078316e+00,  2.501411183916e+01,  2.737737894058e-01
  1.498049999774e+01,  1.727452158928e+00,  2.502416475855e+01,  2.720553278923e-01
  1.499099999666e+01,  1.717110514641e+00,  2.503450640283e+01,  2.667366862297e-01
  1.500149999559e+01,  1.706808924675e+00,  2.504480799280e+01,  2.618748545647e-01
  1.501199999452e+01,  1.696406245232e+00,  2.505521067224e+01,  2.578479647636e-01
  1.502199999988e+01,  1.686388850212e+00,  2.506522806726e+01,  2.536327242851e-01
  1.503199999034e+01,  1.676306605339e+00,  2.507531031214e+01,  2.484981268644e-01
  1.504199999571e+01,  1.666136622429e+00,  2.508548029505e+01,  2.447702139616e-01
  1.505199998617e+01,  1.655962824821e+00,  2.509565409265e+01,  2.406095713377e-01
  1.506199999154e+01,  1.645823359489e+00,  2.510579355799e+01,  2.367347925901e-01
  1.507199999690e+01,  1.635722041130e+00,  2.511589487634e+01,  2.328619211912e-01
  1.508199998736e+01,  1.625616908073e+00,  2.512600000940e+01,  2.294439524412e-01
  1.509199999273e+01,  1.615614771843e+00,  2.513600214563e+01,  2.253631800413e-01
  1.510249999166e+01,  1.605185389519e+00,  2.514643152796e+01,  2.196506708860e-01
  1.511299999058e+01,  1.594721674919e+00,  2.515689524256e+01,  2.144893854856e-01
  1.512299999595e+01,  1.584639430046e+00,  2.516697748743e+01,  2.104891985655e-01
  1.513299998641e+01,  1.574416041374e+00,  2.517720087610e+01,  2.067631930113e-01
  1.514299999177e+01,  1.564150691032e+00,  2.518746622644e+01,  2.042545527220e-01
  1.515299999714e+01,  1.553980708122e+00,  2.519763620935e+01,  2.017835825682e-01
  1.516299998760e+01,  1.543925166130e+00,  2.520769175134e+01,  1.974519938231e-01
  1.517349998653e+01,  1.533457636833e+00,  2.521815928064e+01,  1.917289942503e-01
  1.518399998546e+01,  1.522978663445e+00,  2.522863825403e+01,  1.870187968016e-01
  1.519399999082e+01,  1.512919306755e+00,  2.523869761072e+01,  1.826585978270e-01
  1.520399999619e+01,  1.502745509148e+00,  2.524887140833e+01,  1.803280562162e-01
  1.521399998665e+01,  1.492598414421e+00,  2.525901850305e+01,  1.776630133390e-01
  1.522449998558e+01,  1.482142329216e+00,  2.526947458826e+01,  1.739427298307e-01
  1.523499999940e+01,  1.471823334694e+00,  2.527979358278e+01,  1.693454235792e-01
  1.524549999833e+01,  1.461535096169e+00,  2.529008182131e+01,  1.648211926222e-01
  1.525599999726e+01,  1.451218247414e+00,  2.530039867006e+01,  1.589417904615e-01
  1.526649999619e+01,  1.440773606300e+00,  2.531084331117e+01,  1.554308384657e-01
  1.527649998665e+01,  1.430721879005e+00,  2.532089503847e+01,  1.521497219801e-01
  1.528649999201e+01,  1.420685410500e+00,  2.533093150697e+01,  1.479859799147e-01
  1.529699999094e+01,  1.410194993019e+00,  2.534142192446e+01,  1.444536298513e-01
  1.530749998987e+01,  1.399738907814e+00,  2.535187800966e+01,  1.401473134756e-01
  1.531799998879e+01,  1.389320969582e+00,  2.536229594789e+01,  1.353388875723e-01
  1.532799999416e+01,  1.379307389259e+00,  2.537230952822e+01,  1.309453099966e-01
  1.533799999952e+01,  1.369167923927e+00,  2.538244899355e+01,  1.280013173819e-01
  1.534799998999e+01,  1.359066605568e+00,  2.539255031191e+01,  1.239505782723e-01
  1.535849998891e+01,  1.348576188087e+00,  2.540304072939e+01,  1.196809783578e-01
  1.536899998784e+01,  1.338158249855e+00,  2.541345866762e+01,  1.159297004342e-01
  1.537949998677e+01,  1.327751755714e+00,  2.542386516176e+01,  1.114588752389e-01
  1.538999998569e+01,  1.317249894142e+00,  2.543436702333e+01,  1.061888709664e-01
  1.539999999106e+01,  1.307091355324e+00,  2.544452556215e+01,  1.040559783578e-01
  1.540999999642e+01,  1.296898484230e+00,  2.545471843324e+01,  1.013284698129e-01
  1.541999998689e+01,  1.286709427834e+00,  2.546490748964e+01,  9.787712246180e-02
  1.542999999225e+01,  1.276547074318e+00,  2.547506984316e+01,  9.528837352991e-02
  1.543999999762e+01,  1.266537308693e+00,  2.548507960878e+01,  9.312830120325e-02
  1.545049999654e+01,  1.256069779396e+00,  2.549554713808e+01,  8.738622814417e-02
  1.546049998701e+01,  1.246025681496e+00,  2.550559123598e+01,  8.384475857019e-02
  1.547049999237e+01,  1.235920548439e+00,  2.551569636904e+01,  8.058128505945e-02
  1.548049999774e+01,  1.225895643234e+00,  2.552572127424e+01,  7.670648396015e-02
  1.549099999666e+01,  1.215431928635e+00,  2.553618498884e+01,  7.210405170918e-02
  1.550149999559e+01,  1.204987287521e+00,  2.554662962995e+01,  6.828458607197e-02
  1.551199999452e+01,  1.194493055344e+00,  2.555712386213e+01,  6.375224888325e-02
  1.552249999344e+01,  1.184002637863e+00,  2.556761427961e+01,  5.982120335102e-02
  1.553299999237e+01,  1.173603773117e+00,  2.557801314436e+01,  5.565364658833e-02
  1.554349999130e+01,  1.163254499435e+00,  2.558836241804e+01,  5.204112827778e-02
  1.555399999022e+01,  1.152977705002e+00,  2.559863921247e+01,  4.800899326801e-02
  1.556449998915e+01,  1.142719984055e+00,  2.560889693342e+01,  4.468257725239e-02
  1.557499998808e+01,  1.132303953171e+00,  2.561931296430e+01,  4.118306934834e-02
  1.558499999344e+01,  1.122259855270e+00,  2.562935706220e+01,  3.938616812229e-02
  1.559549999237e+01,  1.111803770065e+00,  2.563981314741e+01,  3.506697714329e-02
  1.560599999130e+01,  1.101431608200e+00,  2.565018530927e+01,  2.994860708714e-02
  1.561649999022e+01,  1.091028928757e+00,  2.566058798872e+01,  2.540291845798e-02
  1.562699998915e+01,  1.080618619919e+00,  2.567099829756e+01,  2.242125570774e-02
  1.563749998808e+01,  1.070173978806e+00,  2.568144293867e+01,  1.811350882053e-02
  1.564749999344e+01,  1.060122251511e+00,  2.569149466596e+01,  1.514400448650e-02
  1.565749999881e+01,  1.050036191940e+00,  2.570158072553e+01,  1.352633442730e-02
  1.566799999774e+01,  1.039591550827e+00,  2.571202536665e+01,  9.198560379446e-03
  1.567849999666e+01,  1.029204130173e+00,  2.572241278730e+01,  3.783597843722e-03
  1.568849998713e+01,  1.019201993942e+00,  2.573241492353e+01,  9.721659589559e-04
  1.569849999249e+01,  1.009138822556e+00,  2.574247809492e+01, -2.418146235868e-03
  1.570849999785e+01,  9.990870356560e-01,  2.575252988182e+01, -6.150350905955e-03
  1.571849998832e+01,  9.890734553337e-01,  2.576254346214e+01, -8.519993163645e-03
  1.572899998724e+01,  9.786229133606e-01,  2.577299400411e+01, -1.330075971782e-02
  1.573949998617e+01,  9.682049751282e-01,  2.578341194235e+01, -1.762281171978e-02
  1.575000000000e+01,  9.577908515930e-01,  2.579382606588e+01, -2.143798582256e-02
  1.576049999893e+01,  9.473271369934e-01,  2.580428978048e+01, -2.592693082988e-02
  1.577049998939e+01,  9.372372627258e-01,  2.581437965475e+01, -2.979264967144e-02
  1.578049999475e+01,  9.270825386047e-01,  2.582453437887e+01, -3.369985520840e-02
  1.579050000012e+01,  9.168324470520e-01,  2.583478447042e+01, -3.675876557827e-02
  1.580049999058e+01,  9.066090583801e-01,  2.584500785909e+01, -3.970037400723e-02
  1.581049999595e+01,  8.965153694153e-01,  2.585510154806e+01, -4.417596757412e-02
  1.582099999487e+01,  8.860592842102e-01,  2.586555763326e+01, -4.733978211880e-02
  1.583149999380e+01,  8.757157325745e-01,  2.587590118490e+01, -5.042158067226e-02
  1.584199999273e+01,  8.654866218567e-01,  2.588613029562e+01, -5.502592027187e-02
  1.585249999166e+01,  8.551354408264e-01,  2.589648147665e+01, -5.782343447208e-02
  1.586299999058e+01,  8.446602821350e-01,  2.590695663534e+01, -6.053270399570e-02
  1.587299999595e+01,  8.346047401428e-01,  2.591701217733e+01, -6.421674787998e-02
  1.588299998641e+01,  8.245301246643e-01,  2.592708679281e+01, -6.713975965977e-02
  1.589299999177e+01,  8.145203590393e-01,  2.593709655844e+01, -7.013191282749e-02
  1.590349999070e+01,  8.041100502014e-01,  2.594750686727e+01, -7.549251616001e-02
  1.591399998963e+01,  7.937188148499e-01,  2.595789810262e+01, -7.869221270084e-02
  1.592449998856e+01,  7.833313941956e-01,  2.596828552328e+01, -8.187748491764e-02
  1.593499998748e+01,  7.729172706604e-01,  2.597869964681e+01, -8.666206896305e-02
  1.594549998641e+01,  7.624192237854e-01,  2.598919769369e+01, -9.194828569889e-02
  1.595549999177e+01,  7.523407936096e-01,  2.599927612386e+01, -9.516312181950e-02
  1.596549999714e+01,  7.423348426819e-01,  2.600928207479e+01, -9.689094126225e-02
  1.597599999607e+01,  7.320427894592e-01,  2.601957412802e+01, -1.010298877954e-01
  1.598649999499e+01,  7.218627929688e-01,  2.602975412451e+01, -1.051805019379e-01
  1.599699999392e+01,  7.115669250488e-01,  2.604004999243e+01, -1.073999404907e-01
  1.600749999285e+01,  7.011070251465e-01,  2.605050989233e+01, -1.111376285553e-01
  1.601749999821e+01,  6.910018920898e-01,  2.606061502538e+01, -1.144797801971e-01
  1.602749998868e+01,  6.807785034180e-01,  2.607083841406e+01, -1.167067959905e-01
  1.603749999404e+01,  6.705970764160e-01,  2.608101984106e+01, -1.186898425221e-01
  1.604749999940e+01,  6.605644226074e-01,  2.609105249487e+01, -1.223757937551e-01
  1.605799999833e+01,  6.501083374023e-01,  2.610150858007e+01, -1.274665147066e-01
  1.606799998879e+01,  6.400718688965e-01,  2.611154504858e+01, -1.314986497164e-01
  1.607799999416e+01,  6.300163269043e-01,  2.612160059057e+01, -1.338041573763e-01
  1.608799999952e+01,  6.199874877930e-01,  2.613162942968e+01, -1.381138116121e-01
  1.609849999845e+01,  6.094932556152e-01,  2.614212366186e+01, -1.421573907137e-01
  1.610849998891e+01,  5.994873046875e-01,  2.615212961279e+01, -1.446641236544e-01
  1.611849999428e+01,  5.894241333008e-01,  2.616219278417e+01, -1.475504189730e-01
  1.612849999964e+01,  5.793228149414e-01,  2.617229410253e+01, -1.508959084749e-01
  1.613849999011e+01,  5.692405700684e-01,  2.618237634741e+01, -1.542280465364e-01
  1.614849999547e+01,  5.592041015625e-01,  2.619241281591e+01, -1.567204743624e-01
  1.615899999440e+01,  5.488452911377e-01,  2.620277162634e+01, -1.612132340670e-01
  1.616949999332e+01,  5.386295318604e-01,  2.621298738561e+01, -1.656268388033e-01
  1.617999999225e+01,  5.282974243164e-01,  2.622331949316e+01, -1.706121712923e-01
  1.618999999762e+01,  5.182342529297e-01,  2.623338266454e+01, -1.716403514147e-01
  1.619999998808e+01,  5.081558227539e-01,  2.624346109472e+01, -1.735765486956e-01
  1.620999999344e+01,  4.981079101563e-01,  2.625350900732e+01, -1.762301474810e-01
  1.622049999237e+01,  4.876899719238e-01,  2.626392694555e+01, -1.805092841387e-01
  1.623099999130e+01,  4.774861037731e-01,  2.627413081370e+01, -1.843729019165e-01
  1.624149999022e+01,  4.673599898815e-01,  2.628425692759e+01, -1.902027130127e-01
  1.625199998915e+01,  4.570831954479e-01,  2.629453372203e+01, -1.933336257935e-01
  1.626249998808e+01,  4.465965926647e-01,  2.630502032481e+01, -1.956982612610e-01
  1.627249999344e+01,  4.364571273327e-01,  2.631515979014e+01, -1.980712413788e-01
  1.628249999881e+01,  4.262032210827e-01,  2.632541369639e+01, -2.010700702667e-01
  1.629249998927e+01,  4.159874618053e-01,  2.633562945567e+01, -2.032375335693e-01
  1.630249999464e+01,  4.059052169323e-01,  2.634571170054e+01, -2.083959579468e-01
  1.631250000000e+01,  3.958649337292e-01,  2.635575198375e+01, -2.141675949097e-01
  1.632249999046e+01,  3.858055770397e-01,  2.636581134043e+01, -2.163934707642e-01
  1.633249999583e+01,  3.757805526257e-01,  2.637583636485e+01, -2.194232940674e-01
  1.634249998629e+01,  3.657631576061e-01,  2.638585375987e+01, -2.224931716919e-01
  1.635249999166e+01,  3.557190597057e-01,  2.639589785777e+01, -2.246158123016e-01
  1.636299999058e+01,  3.452439010143e-01,  2.640637301646e+01, -2.259608507156e-01
  1.637349998951e+01,  3.348602950573e-01,  2.641675662242e+01, -2.312060594559e-01
  1.638399998844e+01,  3.244423568249e-01,  2.642717456065e+01, -2.350031137466e-01
  1.639399999380e+01,  3.144020736217e-01,  2.643721484385e+01, -2.382976561785e-01
  1.640399999917e+01,  3.043083846569e-01,  2.644730853282e+01, -2.402758747339e-01
  1.641399998963e+01,  2.942642867565e-01,  2.645735263072e+01, -2.423591762781e-01
  1.642449998856e+01,  2.838616073132e-01,  2.646775531016e+01, -2.462330013514e-01
  1.643499998748e+01,  2.735275924206e-01,  2.647808932505e+01, -2.501564323902e-01
  1.644549998641e+01,  2.631745040417e-01,  2.648844241343e+01, -2.553844749928e-01
  1.645549999177e+01,  2.531113326550e-01,  2.649850558482e+01, -2.585120499134e-01
  1.646549999714e+01,  2.429566085339e-01,  2.650866030894e+01, -2.599484920502e-01
  1.647549998760e+01,  2.328705489635e-01,  2.651874636851e+01, -2.606917023659e-01
  1.648599998653e+01,  2.224807292223e-01,  2.652913618825e+01, -2.637661099434e-01
  1.649649998546e+01,  2.122516185045e-01,  2.653936529897e+01, -2.678926587105e-01
  1.650699999928e+01,  2.019919902086e-01,  2.654962492727e+01, -2.747152447701e-01
  1.651699998975e+01,  1.919288188219e-01,  2.655968809865e+01, -2.791555523872e-01
  1.652699999511e+01,  1.815490275621e-01,  2.657006788991e+01, -2.820633053780e-01
  1.653699998558e+01,  1.710814982653e-01,  2.658053541921e+01, -2.831448316574e-01
  1.654699999094e+01,  1.608008891344e-01,  2.659081602834e+01, -2.848215401173e-01
  1.655749998987e+01,  1.503753215075e-01,  2.660124159597e+01, -2.863306403160e-01
  1.656799998879e+01,  1.402625590563e-01,  2.661135435842e+01, -2.925371527672e-01
  1.657849998772e+01,  1.301383525133e-01,  2.662147856496e+01, -2.981714606285e-01
  1.658899998665e+01,  1.196975260973e-01,  2.663191939138e+01, -3.021320700645e-01
  1.659899999201e+01,  1.095199137926e-01,  2.664209700368e+01, -3.049461245537e-01
  1.660899999738e+01,  9.924311935902e-02,  2.665237379812e+01, -3.084155917168e-01
  1.661899998784e+01,  8.897013962269e-02,  2.666264677785e+01, -3.093401193619e-01
  1.662899999321e+01,  7.881541550159e-02,  2.667280150197e+01, -3.106082677841e-01
  1.663949999213e+01,  6.838603317738e-02,  2.668323088430e+01, -3.133147954941e-01
  1.664999999106e+01,  5.809588730335e-02,  2.669352103017e+01, -3.166979551315e-01
  1.666049998999e+01,  4.779811203480e-02,  2.670381880544e+01, -3.209389448166e-01
  1.667099998891e+01,  3.737254440784e-02,  2.671424437307e+01, -3.245905637741e-01
  1.668149998784e+01,  2.692027203739e-02,  2.672469664544e+01, -3.289631605148e-01
  1.669149999321e+01,  1.689906232059e-02,  2.673471785515e+01, -3.316653966904e-01
  1.670149999857e+01,  6.832076236606e-03,  2.674478484124e+01, -3.349264860153e-01
  1.671149998903e+01, -3.208206733689e-03,  2.675482512421e+01, -3.369930982590e-01
  1.672199998796e+01, -1.363377459347e-02,  2.676525069207e+01, -3.401712179184e-01
  1.673249998689e+01, -2.404740266502e-02,  2.677566432014e+01, -3.443056941032e-01
  1.674299998581e+01, -3.444626554847e-02,  2.678606318302e+01, -3.470403552055e-01
  1.675349999964e+01, -4.480698332191e-02,  2.679642390080e+01, -3.500539660454e-01
  1.676399999857e+01, -5.519058927894e-02,  2.680680750675e+01, -3.547107577324e-01
  1.677399998903e+01, -6.524613499641e-02,  2.681686305247e+01, -3.580346107483e-01
  1.678399999440e+01, -7.540848851204e-02,  2.682702540599e+01, -3.596966862679e-01
  1.679399999976e+01, -8.560517430305e-02,  2.683722209178e+01, -3.632479310036e-01
  1.680399999022e+01, -9.578660130501e-02,  2.684740351878e+01, -3.648227453232e-01
  1.681399999559e+01, -1.059031784534e-01,  2.685752009593e+01, -3.663624525070e-01
  1.682449999452e+01, -1.163668930531e-01,  2.686798381053e+01, -3.695839643478e-01
  1.683499999344e+01, -1.268382370472e-01,  2.687845515452e+01, -3.741844892502e-01
  1.684499999881e+01, -1.369242966175e-01,  2.688854121409e+01, -3.773626089096e-01
  1.685499998927e+01, -1.471019089222e-01,  2.689871882640e+01, -3.799227476120e-01
  1.686499999464e+01, -1.572299301624e-01,  2.690884684764e+01, -3.816541433334e-01
  1.687549999356e+01, -1.676478683949e-01,  2.691926478587e+01, -3.845645189285e-01
  1.688599999249e+01, -1.779246628284e-01,  2.692954158030e+01, -3.883568048477e-01
  1.689649999142e+01, -1.883540451527e-01,  2.693997096263e+01, -3.904576897621e-01
  1.690649999678e+01, -1.984439194202e-01,  2.695006083689e+01, -3.923295736313e-01
  1.691649998724e+01, -2.086062729359e-01,  2.696022319041e+01, -3.951567411423e-01
  1.692649999261e+01, -2.187648117542e-01,  2.697038172923e+01, -3.977359533310e-01
  1.693699999154e+01, -2.292323410511e-01,  2.698084925853e+01, -3.990751504898e-01
  1.694749999046e+01, -2.393908798695e-01,  2.699100779734e+01, -4.048768281937e-01
  1.695799998939e+01, -2.496543228626e-01,  2.700127124034e+01, -4.081612825394e-01
  1.696799999475e+01, -2.596640884876e-01,  2.701128100596e+01, -4.089847207069e-01
  1.697800000012e+01, -2.698684036732e-01,  2.702148532115e+01, -4.112553000450e-01
  1.698799999058e+01, -2.801565527916e-01,  2.703177347027e+01, -4.131816029549e-01
  1.699799999595e+01, -2.903227210045e-01,  2.704193963848e+01, -4.143805503845e-01
  1.700849999487e+01, -3.006224036217e-01,  2.705223932110e+01, -4.180855751038e-01
  1.701899999380e+01, -3.108057379723e-01,  2.706242265545e+01, -4.232697486877e-01
  1.702949999273e+01, -3.210920691490e-01,  2.707270898662e+01, -4.262704849243e-01
  1.703999999166e+01, -3.315252661705e-01,  2.708314218364e+01, -4.275186359882e-01
  1.704999999702e+01, -3.415274024010e-01,  2.709314431988e+01, -4.302428066730e-01
  1.705999998748e+01, -3.515715003014e-01,  2.710318841778e+01, -4.330127537251e-01
  1.706999999285e+01, -3.616346716881e-01,  2.711325158916e+01, -4.350402653217e-01
  1.707999999821e+01, -3.717626929283e-01,  2.712337961040e+01, -4.364756643772e-01
  1.708999998868e+01, -3.818830847740e-01,  2.713350000225e+01, -4.394806921482e-01
  1.709999999404e+01, -3.920835852623e-01,  2.714370050274e+01, -4.420732557774e-01
  1.710999999940e+01, -4.023603796959e-01,  2.715397729717e+01, -4.435056149960e-01
  1.711999998987e+01, -4.125189185143e-01,  2.716413583599e+01, -4.462045133114e-01
  1.712999999523e+01, -4.225248694420e-01,  2.717414178692e+01, -4.518121182919e-01
  1.713999998569e+01, -4.326452612877e-01,  2.718426217876e+01, -4.544934928417e-01
  1.714999999106e+01, -4.427732825279e-01,  2.719439020000e+01, -4.553373456001e-01
  1.716049998999e+01, -4.532713294029e-01,  2.720488824688e+01, -4.581697583199e-01
  1.717099998891e+01, -4.636968970299e-01,  2.721531381450e+01, -4.610933661461e-01
  1.718149998784e+01, -4.741186499596e-01,  2.722573556743e+01, -4.641507267952e-01
  1.719199998677e+01, -4.844831824303e-01,  2.723610009990e+01, -4.693434834480e-01
  1.720199999213e+01, -4.945692420006e-01,  2.724618615948e+01, -4.722321629524e-01
  1.721199999750e+01, -5.047697424889e-01,  2.725638665996e+01, -4.740064740181e-01
  1.722199998796e+01, -5.149320960045e-01,  2.726654901348e+01, -4.761131405830e-01
  1.723249998689e+01, -5.254300236702e-01,  2.727704694114e+01, -4.772276580334e-01
  1.724299998581e+01, -5.358365178108e-01,  2.728745343529e+01, -4.779013097286e-01
  1.725349999964e+01, -5.460789799690e-01,  2.729769589744e+01, -4.804145991802e-01
  1.726399999857e+01, -5.563500523567e-01,  2.730796696983e+01, -4.834000766277e-01
  1.727449999750e+01, -5.667489171028e-01,  2.731836583458e+01, -4.849805533886e-01
  1.728499999642e+01, -5.772240757942e-01,  2.732884099327e+01, -4.862321019173e-01
  1.729549999535e+01, -5.876649022102e-01,  2.733928181968e+01, -4.898999333382e-01
  1.730599999428e+01, -5.981591343880e-01,  2.734977605186e+01, -4.921658635139e-01
  1.731649999321e+01, -6.086457371712e-01,  2.736026265465e+01, -4.935243725777e-01
  1.732699999213e+01, -6.191018223763e-01,  2.737071873985e+01, -4.955154061317e-01
  1.733749999106e+01, -6.295540928841e-01,  2.738117101036e+01, -4.983440041542e-01
  1.734799998999e+01, -6.399949193001e-01,  2.739161183677e+01, -5.005980134010e-01
  1.735799999535e+01, -6.500161290169e-01,  2.740163304649e+01, -5.036950707436e-01
  1.736799998581e+01, -6.601250767708e-01,  2.741174199425e+01, -5.054021477699e-01
  1.737799999118e+01, -6.703217625618e-01,  2.742193868004e+01, -5.070281624794e-01
  1.738799999654e+01, -6.805222630501e-01,  2.743213918052e+01, -5.070075988770e-01
  1.739799998701e+01, -6.905549168587e-01,  2.744217183433e+01, -5.083520412445e-01
  1.740849998593e+01, -7.008259892464e-01,  2.745244290672e+01, -5.114591121674e-01
  1.741899999976e+01, -7.111218571663e-01,  2.746273877464e+01, -5.169923305511e-01
  1.742899999022e+01, -7.213757634163e-01,  2.747299268089e+01, -5.171893835068e-01
  1.743899999559e+01, -7.317937016487e-01,  2.748341061912e+01, -5.166152715683e-01
  1.744899998605e+01, -7.421048283577e-01,  2.749372174583e+01, -5.167775154114e-01
  1.745899999142e+01, -7.522252202034e-01,  2.750384213768e+01, -5.176632404327e-01
  1.746949999034e+01, -7.625859379768e-01,  2.751420285545e+01, -5.179873704910e-01
  1.747999998927e+01, -7.726204991341e-01,  2.752423741661e+01, -5.250149965286e-01
  1.749049998820e+01, -7.830440402031e-01,  2.753466095768e+01, -5.263764858246e-01
  1.750049999356e+01, -7.933132052422e-01,  2.754493012272e+01, -5.252521634102e-01
  1.751049999893e+01, -8.036167025566e-01,  2.755523362003e+01, -5.245004296303e-01
  1.752049998939e+01, -8.137599825859e-01,  2.756537690006e+01, -5.249864459038e-01
  1.753099998832e+01, -8.241397738457e-01,  2.757575669132e+01, -5.279135107994e-01
  1.754149998724e+01, -8.344299197197e-01,  2.758604683719e+01, -5.334410071373e-01
  1.755149999261e+01, -8.445197939873e-01,  2.759613671146e+01, -5.327025651932e-01
  1.756149999797e+01, -8.546554446220e-01,  2.760627236210e+01, -5.323552489281e-01
  1.757149998844e+01, -8.646804690361e-01,  2.761629738651e+01, -5.311545133591e-01
  1.758199998736e+01, -8.748504519463e-01,  2.762646736942e+01, -5.297221541405e-01
  1.759299999475e+01, -8.849555850029e-01,  2.763657250248e+01, -5.347033143044e-01
  1.760399998724e+01, -8.954021334648e-01,  2.764701905094e+01, -5.402488112450e-01
  1.761399999261e+01, -9.057132601738e-01,  2.765733017765e+01, -5.363683104515e-01
  1.762399999797e+01, -9.161960482597e-01,  2.766781296573e+01, -5.325755476952e-01
  1.763399998844e+01, -9.265033602715e-01,  2.767812027775e+01, -5.283040404320e-01
  1.764449998736e+01, -9.368640780449e-01,  2.768848099552e+01, -5.240134596825e-01
  1.765599998832e+01, -9.472972750664e-01,  2.769891419254e+01, -5.286393761635e-01
  1.766699999571e+01, -9.576541781425e-01,  2.770927109562e+01, -5.302050709724e-01
  1.767699998617e+01, -9.677059054375e-01,  2.771932282291e+01, -5.196517109871e-01
  1.768750000000e+01, -9.778472781181e-01,  2.772946419559e+01, -5.081656575203e-01
  1.769949999452e+01, -9.879390597343e-01,  2.773955597721e+01, -4.936278164387e-01
  1.771699999273e+01, -9.973689913750e-01,  2.774898590885e+01, -4.648173153400e-01
  1.771799999475e+01, -9.976693987846e-01,  2.774928631626e+01, -4.640562832355e-01
  1.772599999607e+01, -9.994971156120e-01,  2.775111403309e+01, -4.538462460041e-01
  1.772899998724e+01, -9.999749064445e-01,  2.775159182392e+01, -4.485438168049e-01
  1.797399999201e+01, -1.002283453941e+00,  2.775390037142e+01, -1.812842302024e-02
  1.797499999404e+01, -1.002271533012e+00,  2.775388845049e+01, -1.803830079734e-02
