           Test time,     Standard travel,     Tool separation,      Standard force
                 0.0,                 0.0,  2.478473388542e+01, -5.277255084366e-03
                 0.0,                 0.0,  2.478473696996e+01, -5.187848117203e-03
                 0.0,                 0.0,  2.478472957270e+01, -4.513846244663e-03
                 0.0,                 0.0,  2.478473415853e+01, -4.498110618442e-03
                 0.0,                 0.0,  2.478473113826e+01, -4.498602356762e-03
                 0.0,                 0.0,  2.478472294325e+01, -6.357876583934e-03
  0.000000000000e+00,  0.000000000000e+00,  2.478472378144e+01, -6.688801571727e-03
  7.999986410141e-03,  4.466855898499e-06,  2.478471931459e+01, -7.454304024577e-03
  1.099999248981e-02,  1.007900573313e-05,  2.478471370244e+01, -7.609991356730e-03
  1.299999654293e-02,  5.202600732446e-06,  2.478471857884e+01, -7.661087438464e-03
  1.399999856949e-02,  8.458504453301e-06,  2.478471532294e+01, -7.662774994969e-03
  1.144999861717e-01,  1.526070627733e-05,  2.478470852074e+01, -5.246328189969e-03
  2.144999951124e-01,  3.694356337292e-06,  2.478472008709e+01, -3.844315186143e-03
  3.149999976158e-01,  2.711685556278e-05,  2.478469666459e+01, -7.780015934259e-03
  4.154999852180e-01,  7.535945624113e-04,  2.478397018688e+01, -4.084093961865e-03
  4.729999899864e-01,  1.083250157535e-02,  2.477389127987e+01, -4.335166158853e-05
  4.924999922514e-01,  2.108545415103e-02,  2.476363832729e+01,  1.854936406016e-02
  5.024999976158e-01,  3.114099614322e-02,  2.475358278530e+01,  3.182451054454e-02
  5.099999904633e-01,  4.155893251300e-02,  2.474316484893e+01,  2.151910588145e-02
  5.164999961853e-01,  5.175943300128e-02,  2.473296434844e+01,  1.876608654857e-02
  5.224999934435e-01,  6.176919862628e-02,  2.472295458282e+01,  1.877018995583e-02
  5.284999907017e-01,  7.211466133595e-02,  2.471260912011e+01,  1.732436008751e-02
  5.344999879599e-01,  8.246393501759e-02,  2.470225984643e+01,  1.737520284951e-02
  5.404999852180e-01,  9.253092110157e-02,  2.469219286034e+01,  1.632139272988e-02
  5.469999909401e-01,  1.027466803789e-01,  2.468197710106e+01,  1.929256506264e-02
  5.544999986887e-01,  1.131722480059e-01,  2.467155153344e+01,  2.369257993996e-02
  5.629999935627e-01,  1.235177069902e-01,  2.466120607445e+01,  4.593989253044e-02
  5.714999884367e-01,  1.335846930742e-01,  2.465113908837e+01,  5.742022395134e-02
  5.799999982119e-01,  1.436974555254e-01,  2.464102632592e+01,  6.595751643181e-02
  5.884999930859e-01,  1.540238410234e-01,  2.463069994042e+01,  7.577654719353e-02
  5.964999943972e-01,  1.640831977129e-01,  2.462064058373e+01,  8.788058161736e-02
  6.044999957085e-01,  1.747490912676e-01,  2.460997469018e+01,  1.023459136486e-01
  6.114999949932e-01,  1.848465949297e-01,  2.459987718651e+01,  1.062454879284e-01
  6.184999942780e-01,  1.951615363359e-01,  2.458956224511e+01,  1.087051481009e-01
  6.259999871254e-01,  2.058426886797e-01,  2.457888109276e+01,  1.155429929495e-01
  6.339999884367e-01,  2.164589911699e-01,  2.456826479027e+01,  1.229721158743e-01
  6.424999982119e-01,  2.264840155840e-01,  2.455823976586e+01,  1.332183927298e-01
  6.524999886751e-01,  2.365529090166e-01,  2.454817087243e+01,  1.363309472799e-01
  6.659999936819e-01,  2.466752082109e-01,  2.453804857323e+01,  1.653627008200e-01
  6.799999922514e-01,  2.570461332798e-01,  2.452767764816e+01,  1.852779835463e-01
  6.914999932051e-01,  2.673038542271e-01,  2.451741992722e+01,  1.973190754652e-01
  7.014999985695e-01,  2.774528563023e-01,  2.450727092514e+01,  2.059078663588e-01
  7.109999954700e-01,  2.875389158726e-01,  2.449718486557e+01,  2.132626026869e-01
  7.209999859333e-01,  2.979835569859e-01,  2.448674022446e+01,  2.228193730116e-01
  7.314999997616e-01,  3.083938658237e-01,  2.447632991562e+01,  2.357435673475e-01
  7.424999922514e-01,  3.186821043491e-01,  2.446604167709e+01,  2.501135468483e-01
  7.539999932051e-01,  3.290275633335e-01,  2.445569621811e+01,  2.671270966530e-01
  7.649999856949e-01,  3.391498625278e-01,  2.444557391891e+01,  2.821798920631e-01
  7.754999995232e-01,  3.492282927036e-01,  2.443549548874e+01,  2.967444062233e-01
  7.854999899864e-01,  3.592323362827e-01,  2.442549144516e+01,  3.087759613991e-01
  7.954999953508e-01,  3.695015013218e-01,  2.441522228012e+01,  3.224669098854e-01
  8.049999922514e-01,  3.795227110386e-01,  2.440520107040e+01,  3.348951935768e-01
  8.144999891520e-01,  3.897613584995e-01,  2.439496242294e+01,  3.480101227760e-01
  8.239999860525e-01,  4.001106321812e-01,  2.438461314926e+01,  3.599920868874e-01
  8.334999978542e-01,  4.104713499546e-01,  2.437425243149e+01,  3.736029267311e-01
  8.429999947548e-01,  4.207328855991e-01,  2.436399089584e+01,  3.856382966042e-01
  8.529999852180e-01,  4.312347471714e-01,  2.435348903427e+01,  3.993330597878e-01
  8.629999905825e-01,  4.413208067417e-01,  2.434340297470e+01,  4.140120148659e-01
  8.734999895096e-01,  4.515956938267e-01,  2.433312808762e+01,  4.308348298073e-01
  8.839999884367e-01,  4.617466032505e-01,  2.432297717819e+01,  4.471922516823e-01
  8.944999873638e-01,  4.720634520054e-01,  2.431266032944e+01,  4.627905488014e-01
  9.044999927282e-01,  4.821418821812e-01,  2.430258189926e+01,  4.774389863014e-01
  9.144999980927e-01,  4.924339354038e-01,  2.429228984604e+01,  4.904966950417e-01
  9.244999885559e-01,  5.027749538422e-01,  2.428194882760e+01,  5.033337473869e-01
  9.344999939203e-01,  5.129411220551e-01,  2.427178265939e+01,  5.180584788322e-01
  9.449999928474e-01,  5.233857631683e-01,  2.426133801827e+01,  5.348851084709e-01
  9.554999917746e-01,  5.337045192719e-01,  2.425101926217e+01,  5.506741404533e-01
  9.659999907017e-01,  5.440042018890e-01,  2.424071957955e+01,  5.678631663322e-01
  9.764999896288e-01,  5.544450283051e-01,  2.423027875314e+01,  5.838238596916e-01
  9.864999949932e-01,  5.645196437836e-01,  2.422020413766e+01,  5.978352427483e-01
  9.964999854565e-01,  5.745866298676e-01,  2.421013715158e+01,  6.109730601311e-01
  1.006999999285e+00,  5.849854946136e-01,  2.419973828683e+01,  6.263119578362e-01
  1.017499998212e+00,  5.951230525970e-01,  2.418960072885e+01,  6.424290537834e-01
  1.027999997139e+00,  6.052052974701e-01,  2.417951848397e+01,  6.588818430901e-01
  1.038499996066e+00,  6.154553890228e-01,  2.416926839242e+01,  6.743275523186e-01
  1.048999994993e+00,  6.259229183197e-01,  2.415880086312e+01,  6.898953318596e-01
  1.058999985456e+00,  6.360700130463e-01,  2.414865376840e+01,  7.031514048576e-01
  1.068999990821e+00,  6.462590694427e-01,  2.413846471200e+01,  7.166096568108e-01
  1.078999996185e+00,  6.563069820404e-01,  2.412841679940e+01,  7.318531870842e-01
  1.089499995112e+00,  6.667363643646e-01,  2.411798741708e+01,  7.497174143791e-01
  1.099999994040e+00,  6.771810054779e-01,  2.410754277596e+01,  7.649266123772e-01
  1.110499992967e+00,  6.876714229584e-01,  2.409705235848e+01,  7.804486155510e-01
  1.120999991894e+00,  6.981618404388e-01,  2.408656194100e+01,  7.945629954338e-01
  1.131499990821e+00,  7.086331844330e-01,  2.407609059701e+01,  8.096539378166e-01
  1.141999989748e+00,  7.190854549408e-01,  2.406563832650e+01,  8.261181712151e-01
  1.151999995112e+00,  7.290990352631e-01,  2.405562474618e+01,  8.422352671623e-01
  1.161999985576e+00,  7.392117977142e-01,  2.404551198373e+01,  8.594929575920e-01
  1.171999990940e+00,  7.494823932648e-01,  2.403524138818e+01,  8.752568960190e-01
  1.181999996305e+00,  7.597477436066e-01,  2.402497603784e+01,  8.902639150620e-01
  1.191999986768e+00,  7.698566913605e-01,  2.401486709008e+01,  9.054311513901e-01
  1.202499985695e+00,  7.801830768585e-01,  2.400454070458e+01,  9.233335256577e-01
  1.212999999523e+00,  7.904274463654e-01,  2.399429633508e+01,  9.413732290268e-01
  1.223499998450e+00,  8.007462024689e-01,  2.398397757897e+01,  9.599813222885e-01
  1.233499988914e+00,  8.107559680939e-01,  2.397396781335e+01,  9.751714468002e-01
  1.243499994278e+00,  8.209145069122e-01,  2.396380927453e+01,  9.904760122299e-01
  1.253499999642e+00,  8.311111927032e-01,  2.395361258874e+01,  1.004330992699e+00
  1.263499990106e+00,  8.412086963654e-01,  2.394351508508e+01,  1.019158720970e+00
  1.273499995470e+00,  8.512222766876e-01,  2.393350150476e+01,  1.034345030785e+00
  1.283499985933e+00,  8.612434864044e-01,  2.392348029504e+01,  1.050610899925e+00
  1.293999999762e+00,  8.717262744904e-01,  2.391299750695e+01,  1.068238615990e+00
  1.304499998689e+00,  8.822052478790e-01,  2.390251853356e+01,  1.085996031761e+00
  1.314999997616e+00,  8.927032947540e-01,  2.389202048669e+01,  1.102574706078e+00
  1.325499996543e+00,  9.031403064728e-01,  2.388158347497e+01,  1.118802428246e+00
  1.335999995470e+00,  9.134590625763e-01,  2.387126471887e+01,  1.136609435081e+00
  1.346499994397e+00,  9.238274097443e-01,  2.386089637170e+01,  1.153272032738e+00
  1.356999993324e+00,  9.343140125275e-01,  2.385040976892e+01,  1.170567870140e+00
  1.366999998689e+00,  9.443809986115e-01,  2.384034278283e+01,  1.186883330345e+00
  1.376999989152e+00,  9.544975757599e-01,  2.383022620568e+01,  1.203065276146e+00
  1.387499988079e+00,  9.649918079376e-01,  2.381973197351e+01,  1.217667937279e+00
  1.398499995470e+00,  9.752686023712e-01,  2.380945517907e+01,  1.229058623314e+00
  1.411499992013e+00,  9.855034351349e-01,  2.379922034631e+01,  1.241069197655e+00
  1.430499985814e+00,  9.955135583878e-01,  2.378921022306e+01,  1.254718780518e+00
  1.433999985456e+00,  9.967132806778e-01,  2.378801050076e+01,  1.257154464722e+00
  1.533999994397e+00,  1.003483414650e+00,  2.378124036679e+01,  1.265236735344e+00
  1.634499996901e+00,  1.002747297287e+00,  2.378197648416e+01,  1.256654500961e+00
  1.734999999404e+00,  1.001955986023e+00,  2.378276779542e+01,  1.250291466713e+00
  1.835499987006e+00,  1.001303195953e+00,  2.378342058549e+01,  1.245889067650e+00
  1.935499995947e+00,  1.000813364983e+00,  2.378391041646e+01,  1.239708781242e+00
  2.035999998450e+00,  1.000542998314e+00,  2.378418078313e+01,  1.237791776657e+00
  2.136499986053e+00,  1.000321269035e+00,  2.378440251241e+01,  1.233510375023e+00
  2.236499994993e+00,  1.000207424164e+00,  2.378451635728e+01,  1.229940533638e+00
  2.336999997497e+00,  1.000135064125e+00,  2.378458871732e+01,  1.225415706635e+00
  2.437500000000e+00,  1.000113368034e+00,  2.378461041341e+01,  1.221176862717e+00
  2.537999987602e+00,  1.000016331673e+00,  2.378470744977e+01,  1.219846010208e+00
  2.637999996543e+00,  1.000035166740e+00,  2.378468861470e+01,  1.218952894211e+00
  2.738499999046e+00,  1.000026106834e+00,  2.378469767461e+01,  1.212533354759e+00
  2.838999986649e+00,  1.000011801720e+00,  2.378471197972e+01,  1.212396502495e+00
  2.938999995589e+00,  1.000009298325e+00,  2.378471448312e+01,  1.208578586578e+00
  3.039499998093e+00,  1.000000238419e+00,  2.378472354302e+01,  1.206862092018e+00
  3.139999985695e+00,  1.000007271767e+00,  2.378471650968e+01,  1.205243587494e+00
  3.239999994636e+00,  1.000013828278e+00,  2.378470995317e+01,  1.205519437790e+00
  3.340499997139e+00,  1.000026226044e+00,  2.378469755540e+01,  1.200851917267e+00
  3.440999999642e+00,  1.000004053116e+00,  2.378471972833e+01,  1.197407841682e+00
  3.541499987245e+00,  1.000013589859e+00,  2.378471019158e+01,  1.197039842606e+00
  3.641499996185e+00,  1.000053882599e+00,  2.378466989884e+01,  1.195326566696e+00
  3.741999998689e+00,  9.999888539314e-01,  2.378473492751e+01,  1.195539593697e+00
  3.842499986291e+00,  9.999740719795e-01,  2.378474970946e+01,  1.194958686829e+00
  3.942499995232e+00,  1.000018239021e+00,  2.378470554242e+01,  1.194243669510e+00
  4.042999997735e+00,  1.000042438507e+00,  2.378468134294e+01,  1.191794872284e+00
  4.143499985337e+00,  9.999950528145e-01,  2.378472872863e+01,  1.188964605331e+00
  4.243499994278e+00,  1.000000357628e+00,  2.378472342381e+01,  1.190394997597e+00
  4.343999996781e+00,  9.999905824661e-01,  2.378473319898e+01,  1.187793374062e+00
  4.444499999285e+00,  1.000013232231e+00,  2.378471054921e+01,  1.185839295387e+00
  4.544999986887e+00,  1.000005960464e+00,  2.378471782098e+01,  1.183766484261e+00
  4.644999995828e+00,  1.000024080276e+00,  2.378469970117e+01,  1.183352947235e+00
  4.745499998331e+00,  1.000014543533e+00,  2.378470923791e+01,  1.182767271996e+00
  4.845999985933e+00,  1.000018239021e+00,  2.378470554242e+01,  1.183163881302e+00
  4.945999994874e+00,  1.000010132790e+00,  2.378471364865e+01,  1.180041313171e+00
  5.046499997377e+00,  1.000020742416e+00,  2.378470303903e+01,  1.180019974709e+00
  5.146999999881e+00,  1.000046253204e+00,  2.378467752824e+01,  1.177921772003e+00
  5.247499987483e+00,  1.000024080276e+00,  2.378469970117e+01,  1.176814913750e+00
  5.347499996424e+00,  1.000018715858e+00,  2.378470506558e+01,  1.176252722740e+00
  5.447999998927e+00,  1.000034809113e+00,  2.378468897233e+01,  1.175095319748e+00
  5.548499986529e+00,  1.000053405762e+00,  2.378467037568e+01,  1.172863721848e+00
  5.648499995470e+00,  1.000036835670e+00,  2.378468694577e+01,  1.172892212868e+00
  5.748999997973e+00,  9.999986886978e-01,  2.378472509274e+01,  1.173258304596e+00
  5.849499985576e+00,  1.000003457069e+00,  2.378472032437e+01,  1.171339988708e+00
  5.949499994516e+00,  1.000026941299e+00,  2.378469684014e+01,  1.170089960098e+00
  6.049499988556e+00,  1.000005364418e+00,  2.378471841702e+01,  1.171018242836e+00
  6.149499997497e+00,  1.000011920929e+00,  2.378471186051e+01,  1.165104508400e+00
  6.249499991536e+00,  1.000002264977e+00,  2.378472151647e+01,  1.165061116219e+00
  6.349499985576e+00,  9.999991655350e-01,  2.378472461591e+01,  1.168172478676e+00
  6.449499994516e+00,  1.000000476837e+00,  2.378472330461e+01,  1.165245056152e+00
  6.549499988556e+00,  1.000013470650e+00,  2.378471031079e+01,  1.163986325264e+00
  6.649499997497e+00,  1.000020623207e+00,  2.378470315824e+01,  1.162927746773e+00
  6.749499991536e+00,  9.999923110008e-01,  2.378473147044e+01,  1.164121150970e+00
  6.849499985576e+00,  9.999654889107e-01,  2.378475829253e+01,  1.160656094551e+00
  6.949499994516e+00,  9.999887943268e-01,  2.378473498712e+01,  1.163777351379e+00
  7.049499988556e+00,  1.000015974045e+00,  2.378470780740e+01,  1.159031987190e+00
  7.149499997497e+00,  1.000016331673e+00,  2.378470744977e+01,  1.159105539322e+00
  7.249499991536e+00,  1.000055193901e+00,  2.378466858754e+01,  1.160402655602e+00
  7.349499985576e+00,  1.000018119812e+00,  2.378470566163e+01,  1.159458160400e+00
  7.449499994516e+00,  1.000011205673e+00,  2.378471257577e+01,  1.155495166779e+00
  7.549499988556e+00,  1.000042676926e+00,  2.378468110452e+01,  1.154443383217e+00
  7.649499997497e+00,  1.000030517578e+00,  2.378469326386e+01,  1.155811786652e+00
  7.749499991536e+00,  1.000026583672e+00,  2.378469719777e+01,  1.157796621323e+00
  7.849499985576e+00,  1.000029921532e+00,  2.378469385991e+01,  1.151674032211e+00
  7.949499994516e+00,  1.000000715256e+00,  2.378472306619e+01,  1.149628043175e+00
  8.049499988556e+00,  1.000029683113e+00,  2.378469409833e+01,  1.152438521385e+00
  8.149499997497e+00,  9.999933838844e-01,  2.378473039756e+01,  1.154839038849e+00
  8.249499991536e+00,  1.000036835670e+00,  2.378468694577e+01,  1.153700709343e+00
  8.349499985576e+00,  1.000001907349e+00,  2.378472187409e+01,  1.149784564972e+00
  8.449499994516e+00,  9.999929666519e-01,  2.378473081479e+01,  1.148062944412e+00
  8.549499988556e+00,  1.000002264977e+00,  2.378472151647e+01,  1.150632739067e+00
  8.649499997497e+00,  9.999939203262e-01,  2.378472986112e+01,  1.148174166679e+00
  8.749499991536e+00,  1.000022172928e+00,  2.378470160851e+01,  1.147150754929e+00
  8.849499985576e+00,  9.999986886978e-01,  2.378472509274e+01,  1.146108269691e+00
  8.949499994516e+00,  1.000025153160e+00,  2.378469862828e+01,  1.147066354752e+00
  9.049499988556e+00,  9.999977350235e-01,  2.378472604642e+01,  1.147926807404e+00
  9.149499997497e+00,  9.999954700470e-01,  2.378472831140e+01,  1.145308732986e+00
  9.249499991536e+00,  1.000042796135e+00,  2.378468098531e+01,  1.145248293877e+00
  9.349499985576e+00,  1.000017881393e+00,  2.378470590005e+01,  1.144407987595e+00
  9.449499994516e+00,  1.000004172325e+00,  2.378471960912e+01,  1.142468810081e+00
  9.549499988556e+00,  1.000007629395e+00,  2.378471615205e+01,  1.145573496819e+00
  9.649499997497e+00,  1.000005245209e+00,  2.378471853623e+01,  1.141554236412e+00
  9.749499991536e+00,  9.999794363976e-01,  2.378474434505e+01,  1.141479611397e+00
  9.849499985576e+00,  1.000011086464e+00,  2.378471269498e+01,  1.140649557114e+00
  9.949499994516e+00,  9.999814033508e-01,  2.378474237809e+01,  1.141156196594e+00
  1.004949998856e+01,  9.999986290932e-01,  2.378472515235e+01,  1.143276333809e+00
  1.014949999750e+01,  9.999969601631e-01,  2.378472682128e+01,  1.140992641449e+00
  1.024949999154e+01,  1.000008940697e+00,  2.378471484075e+01,  1.138926506042e+00
  1.034949998558e+01,  1.000004768372e+00,  2.378471901307e+01,  1.138027310371e+00
  1.044949999452e+01,  9.999892115593e-01,  2.378473456988e+01,  1.139474272728e+00
  1.054949998856e+01,  9.999868273735e-01,  2.378473695407e+01,  1.137154102325e+00
  1.064949999750e+01,  1.000022053719e+00,  2.378470172772e+01,  1.139308691025e+00
  1.074949999154e+01,  9.999699592590e-01,  2.378475382218e+01,  1.135900259018e+00
  1.084949998558e+01,  1.000005125999e+00,  2.378471865544e+01,  1.136594414711e+00
  1.094949999452e+01,  1.000026941299e+00,  2.378469684014e+01,  1.136090993881e+00
  1.104949998856e+01,  9.999938011169e-01,  2.378472998033e+01,  1.134969472885e+00
  1.114949999750e+01,  1.000011682510e+00,  2.378471209893e+01,  1.135118722916e+00
  1.124949999154e+01,  1.000000238419e+00,  2.378472354302e+01,  1.133013010025e+00
  1.134949998558e+01,  9.999821782112e-01,  2.378474160323e+01,  1.134447932243e+00
  1.144949999452e+01,  1.000019669533e+00,  2.378470411191e+01,  1.135021924973e+00
  1.154949998856e+01,  1.000022649765e+00,  2.378470113168e+01,  1.134287476540e+00
  1.164949999750e+01,  9.999934434891e-01,  2.378473033795e+01,  1.131807923317e+00
  1.174949999154e+01,  1.000020742416e+00,  2.378470303903e+01,  1.132027745247e+00
  1.184949998558e+01,  9.999963045120e-01,  2.378472747693e+01,  1.127466082573e+00
  1.194949999452e+01,  1.000009417534e+00,  2.378471436391e+01,  1.130351305008e+00
  1.204949998856e+01,  9.999888539314e-01,  2.378473492751e+01,  1.133627772331e+00
  1.214949999750e+01,  1.000025153160e+00,  2.378469862828e+01,  1.128535032272e+00
  1.224949999154e+01,  1.000019550323e+00,  2.378470423112e+01,  1.127790689468e+00
  1.234949998558e+01,  9.999954104424e-01,  2.378472837100e+01,  1.127468943596e+00
  1.244949999452e+01,  1.000022053719e+00,  2.378470172772e+01,  1.130201339722e+00
  1.254949998856e+01,  9.999896287918e-01,  2.378473415265e+01,  1.128496050835e+00
  1.264949999750e+01,  9.999738335609e-01,  2.378474994788e+01,  1.128191351891e+00
  1.274949999154e+01,  9.999993443489e-01,  2.378472443709e+01,  1.128171563148e+00
  1.284949998558e+01,  9.999926090240e-01,  2.378473117242e+01,  1.127099990845e+00
  1.294949999452e+01,  1.000012874603e+00,  2.378471090684e+01,  1.126285552979e+00
  1.304949998856e+01,  1.000013947487e+00,  2.378470983396e+01,  1.126821756363e+00
  1.314949999750e+01,  1.000030517578e+00,  2.378469326386e+01,  1.124676823616e+00
  1.324949999154e+01,  1.000002026558e+00,  2.378472175488e+01,  1.124030113220e+00
  1.334949998558e+01,  1.000005245209e+00,  2.378471853623e+01,  1.123267412186e+00
  1.344949999452e+01,  9.999871850014e-01,  2.378473659644e+01,  1.123303413391e+00
  1.354949998856e+01,  9.999954700470e-01,  2.378472831140e+01,  1.121608614922e+00
  1.364949999750e+01,  1.000009655952e+00,  2.378471412549e+01,  1.120148897171e+00
  1.374949999154e+01,  9.999965429306e-01,  2.378472723851e+01,  1.122578978539e+00
  1.384949998558e+01,  1.000025153160e+00,  2.378469862828e+01,  1.120595455170e+00
  1.394949999452e+01,  1.000004053116e+00,  2.378471972833e+01,  1.119083404541e+00
  1.404949998856e+01,  9.999728202820e-01,  2.378475096116e+01,  1.119369745255e+00
  1.414949999750e+01,  1.000005483627e+00,  2.378471829782e+01,  1.118657588959e+00
  1.424949999154e+01,  9.999948740005e-01,  2.378472890744e+01,  1.119027256966e+00
  1.434949998558e+01,  9.999845623970e-01,  2.378473921905e+01,  1.116931915283e+00
  1.444949999452e+01,  1.000006914139e+00,  2.378471686730e+01,  1.116614222527e+00
  1.454949998856e+01,  1.000020623207e+00,  2.378470315824e+01,  1.115607976913e+00
  1.464949999750e+01,  9.999818801880e-01,  2.378474190125e+01,  1.116624236107e+00
  1.474949999154e+01,  1.000042557716e+00,  2.378468122373e+01,  1.116710424423e+00
  1.484949998558e+01,  1.000008463860e+00,  2.378471531758e+01,  1.117727637291e+00
  1.494949999452e+01,  1.000003695488e+00,  2.378472008595e+01,  1.117913126945e+00
  1.504949998856e+01,  9.999921321869e-01,  2.378473164926e+01,  1.116460919380e+00
  1.514949999750e+01,  9.999745488167e-01,  2.378474923263e+01,  1.116837143898e+00
  1.524949999154e+01,  1.000008344650e+00,  2.378471543679e+01,  1.117413282394e+00
  1.534949998558e+01,  1.000029802322e+00,  2.378469397912e+01,  1.117002367973e+00
  1.544949999452e+01,  9.999953508377e-01,  2.378472843061e+01,  1.113952994347e+00
  1.554949998856e+01,  1.000024914742e+00,  2.378469886670e+01,  1.113148570061e+00
  1.564949999750e+01,  1.000006198883e+00,  2.378471758256e+01,  1.113828659058e+00
  1.574949999154e+01,  9.999878406525e-01,  2.378473594079e+01,  1.115291833878e+00
  1.584949998558e+01,  9.999994039536e-01,  2.378472437749e+01,  1.113607287407e+00
  1.594949999452e+01,  1.000026226044e+00,  2.378469755540e+01,  1.114661097527e+00
  1.604949998856e+01,  1.000001668930e+00,  2.378472211251e+01,  1.112958550453e+00
  1.614949999750e+01,  1.000036120415e+00,  2.378468766103e+01,  1.112610936165e+00
  1.624949999154e+01,  1.000008583069e+00,  2.378471519837e+01,  1.111889243126e+00
  1.634949998558e+01,  1.000017881393e+00,  2.378470590005e+01,  1.112779021263e+00
  1.644949999452e+01,  1.000032901764e+00,  2.378469087968e+01,  1.112677454948e+00
  1.654949998856e+01,  9.999986886978e-01,  2.378472509274e+01,  1.110638737679e+00
  1.664949999750e+01,  1.000001311302e+00,  2.378472247014e+01,  1.110483884811e+00
  1.674949999154e+01,  1.000001311302e+00,  2.378472247014e+01,  1.111611247063e+00
  1.684949998558e+01,  1.000015735626e+00,  2.378470804582e+01,  1.110758423805e+00
  1.694949999452e+01,  1.000025987625e+00,  2.378469779382e+01,  1.109654307365e+00
  1.704949998856e+01,  1.000042200089e+00,  2.378468158135e+01,  1.109951853752e+00
  1.714949999750e+01,  9.999969601631e-01,  2.378472682128e+01,  1.109694957733e+00
  1.724949999154e+01,  9.999927282333e-01,  2.378473105321e+01,  1.112067580223e+00
  1.734949998558e+01,  1.000008344650e+00,  2.378471543679e+01,  1.109969735146e+00
  1.744949999452e+01,  1.000007867813e+00,  2.378471591363e+01,  1.107150673866e+00
  1.754949998856e+01,  9.999960064888e-01,  2.378472777495e+01,  1.106273531914e+00
  1.764949999750e+01,  1.000009775162e+00,  2.378471400628e+01,  1.105225443840e+00
  1.774949999154e+01,  9.999825954437e-01,  2.378474118600e+01,  1.107452750206e+00
  1.784949998558e+01,  1.000009536743e+00,  2.378471424470e+01,  1.106341838837e+00
  1.794949999452e+01,  9.999861717224e-01,  2.378473760972e+01,  1.105462312698e+00
  1.804949998856e+01,  1.000024080276e+00,  2.378469970117e+01,  1.106770277023e+00
  1.814949999750e+01,  1.000017881393e+00,  2.378470590005e+01,  1.105000495911e+00
  1.824949999154e+01,  1.000019431114e+00,  2.378470435033e+01,  1.105290055275e+00
  1.834949998558e+01,  1.000021338463e+00,  2.378470244298e+01,  1.103660941124e+00
  1.844949999452e+01,  1.000020265579e+00,  2.378470351586e+01,  1.107190251350e+00
  1.854949998856e+01,  9.999966025352e-01,  2.378472717891e+01,  1.104113459587e+00
  1.864949999750e+01,  1.000013947487e+00,  2.378470983396e+01,  1.102562546730e+00
  1.874949999154e+01,  9.999889731407e-01,  2.378473480830e+01,  1.103548526764e+00
  1.884949998558e+01,  1.000007390976e+00,  2.378471639047e+01,  1.101453304291e+00
  1.894949999452e+01,  1.000000953674e+00,  2.378472282777e+01,  1.101551294327e+00
  1.904949998856e+01,  1.000039100647e+00,  2.378468468080e+01,  1.102981209755e+00
  1.914949999750e+01,  1.000005960464e+00,  2.378471782098e+01,  1.101736307144e+00
  1.924949999154e+01,  9.999909996986e-01,  2.378473278174e+01,  1.100893616676e+00
  1.934949998558e+01,  1.000004053116e+00,  2.378471972833e+01,  1.103150606155e+00
  1.944949999452e+01,  1.000023722649e+00,  2.378470005879e+01,  1.101844310760e+00
  1.954949998856e+01,  1.000020265579e+00,  2.378470351586e+01,  1.103467941284e+00
  1.964949999750e+01,  1.000012755394e+00,  2.378471102605e+01,  1.102826237679e+00
  1.974949999154e+01,  1.000016570091e+00,  2.378470721135e+01,  1.100245475769e+00
  1.984949998558e+01,  1.000003457069e+00,  2.378472032437e+01,  1.099772214890e+00
  1.994949999452e+01,  1.000010848045e+00,  2.378471293340e+01,  1.100961565971e+00
  2.004949998856e+01,  9.999920725822e-01,  2.378473170886e+01,  1.099689602852e+00
  2.014949999750e+01,  1.000005125999e+00,  2.378471865544e+01,  1.099588751793e+00
  2.024949999154e+01,  1.000032782555e+00,  2.378469099889e+01,  1.099887609482e+00
  2.034949998558e+01,  1.000003337860e+00,  2.378472044358e+01,  1.098133087158e+00
  2.044949999452e+01,  1.000012397766e+00,  2.378471138368e+01,  1.098121404648e+00
  2.054949998856e+01,  1.000033617020e+00,  2.378469016442e+01,  1.100113868713e+00
  2.064949999750e+01,  9.999998807907e-01,  2.378472390065e+01,  1.095815658569e+00
  2.074949999154e+01,  1.000003337860e+00,  2.378472044358e+01,  1.096708655357e+00
  2.084949998558e+01,  1.000000596046e+00,  2.378472318540e+01,  1.095373272896e+00
  2.094949999452e+01,  9.999974966049e-01,  2.378472628484e+01,  1.095399498940e+00
  2.104949998856e+01,  9.999945163727e-01,  2.378472926507e+01,  1.096778869629e+00
  2.114949999750e+01,  1.000000238419e+00,  2.378472354302e+01,  1.096041798592e+00
  2.124949999154e+01,  9.999791383743e-01,  2.378474464307e+01,  1.097921013832e+00
  2.134949998558e+01,  1.000014185905e+00,  2.378470959554e+01,  1.094402432442e+00
  2.144949999452e+01,  1.000015020370e+00,  2.378470876107e+01,  1.097008466721e+00
  2.154949998856e+01,  1.000000476837e+00,  2.378472330461e+01,  1.093681335449e+00
  2.164949999750e+01,  1.000034928322e+00,  2.378468885312e+01,  1.093628644943e+00
  2.174949999154e+01,  9.999901652336e-01,  2.378473361621e+01,  1.092805266380e+00
  2.184949998558e+01,  1.000009179115e+00,  2.378471460233e+01,  1.094281077385e+00
  2.194949999452e+01,  9.999585747719e-01,  2.378476520667e+01,  1.092331051826e+00
  2.204949998856e+01,  9.999986886978e-01,  2.378472509274e+01,  1.091611266136e+00
  2.214949999750e+01,  9.999767541885e-01,  2.378474702725e+01,  1.091377019882e+00
  2.224949999154e+01,  1.000003099442e+00,  2.378472068200e+01,  1.092654943466e+00
  2.234949998558e+01,  9.999952912331e-01,  2.378472849021e+01,  1.092881798744e+00
  2.244949999452e+01,  1.000019311905e+00,  2.378470446954e+01,  1.090395450592e+00
  2.254949998856e+01,  9.999912977219e-01,  2.378473248372e+01,  1.089067220688e+00
  2.264949999750e+01,  1.000002622604e+00,  2.378472115884e+01,  1.090806484222e+00
  2.274949999154e+01,  1.000010728836e+00,  2.378471305261e+01,  1.089706301689e+00
  2.284949998558e+01,  1.000000715256e+00,  2.378472306619e+01,  1.089980483055e+00
  2.294949999452e+01,  1.000007748604e+00,  2.378471603284e+01,  1.089621424675e+00
  2.304949998856e+01,  9.999750256538e-01,  2.378474875579e+01,  1.091082334518e+00
  2.314949999750e+01,  9.999825358391e-01,  2.378474124560e+01,  1.089564681053e+00
  2.324949999154e+01,  9.999880194664e-01,  2.378473576198e+01,  1.088582992554e+00
  2.334949998558e+01,  9.999911785126e-01,  2.378473260293e+01,  1.088955521584e+00
  2.344949999452e+01,  1.000003457069e+00,  2.378472032437e+01,  1.089896917343e+00
  2.354949998856e+01,  1.000014543533e+00,  2.378470923791e+01,  1.090172886848e+00
  2.364949999750e+01,  1.000005006790e+00,  2.378471877465e+01,  1.089128613472e+00
  2.374949999154e+01,  9.999790787697e-01,  2.378474470267e+01,  1.089871406555e+00
  2.384949998558e+01,  1.000008106232e+00,  2.378471567521e+01,  1.084277629852e+00
  2.394949999452e+01,  1.000005483627e+00,  2.378471829782e+01,  1.088997960091e+00
  2.404949998856e+01,  1.000009536743e+00,  2.378471424470e+01,  1.087369680405e+00
  2.414949999750e+01,  1.000034809113e+00,  2.378468897233e+01,  1.087308764458e+00
  2.424949999154e+01,  9.999887347221e-01,  2.378473504672e+01,  1.085825800896e+00
  2.434949998558e+01,  1.000011682510e+00,  2.378471209893e+01,  1.086024641991e+00
  2.444949999452e+01,  9.999993443489e-01,  2.378472443709e+01,  1.084809780121e+00
  2.454949998856e+01,  9.999927878380e-01,  2.378473099360e+01,  1.085023522377e+00
  2.464949999750e+01,  9.999796748161e-01,  2.378474410663e+01,  1.085779786110e+00
  2.474949999154e+01,  1.000008106232e+00,  2.378471567521e+01,  1.084990859032e+00
  2.484949998558e+01,  1.000006794930e+00,  2.378471698651e+01,  1.087160706520e+00
  2.494949999452e+01,  1.000020146370e+00,  2.378470363507e+01,  1.085127592087e+00
  2.504949998856e+01,  1.000044584274e+00,  2.378467919717e+01,  1.082997083664e+00
  2.514949999750e+01,  9.999787807465e-01,  2.378474500070e+01,  1.084574341774e+00
  2.524949999154e+01,  9.999651908875e-01,  2.378475859056e+01,  1.082837939262e+00
  2.534949998558e+01,  1.000006198883e+00,  2.378471758256e+01,  1.083715796471e+00
  2.544949999452e+01,  9.999747276306e-01,  2.378474905381e+01,  1.084100604057e+00
  2.554949998856e+01,  1.000000715256e+00,  2.378472306619e+01,  1.082760810852e+00
  2.564949999750e+01,  1.000006794930e+00,  2.378471698651e+01,  1.080338478088e+00
  2.574949999154e+01,  1.000014305115e+00,  2.378470947633e+01,  1.082901954651e+00
  2.584949998558e+01,  1.000031113625e+00,  2.378469266782e+01,  1.084448814392e+00
  2.594949999452e+01,  9.999875426292e-01,  2.378473623881e+01,  1.081168889999e+00
  2.604949998856e+01,  9.999904036522e-01,  2.378473337779e+01,  1.080867409706e+00
  2.614949999750e+01,  1.000029802322e+00,  2.378469397912e+01,  1.081042647362e+00
  2.624949999154e+01,  1.000004291534e+00,  2.378471948991e+01,  1.082711458206e+00
  2.634949998558e+01,  9.999907612801e-01,  2.378473302016e+01,  1.080234289169e+00
  2.644949999452e+01,  9.999909400940e-01,  2.378473284135e+01,  1.079588651657e+00
  2.654949998856e+01,  9.999818205833e-01,  2.378474196086e+01,  1.078057765961e+00
  2.664949999750e+01,  9.999802112579e-01,  2.378474357018e+01,  1.081372737885e+00
  2.674949999154e+01,  9.999771714211e-01,  2.378474661002e+01,  1.080192804337e+00
  2.684949998558e+01,  1.000014543533e+00,  2.378470923791e+01,  1.079162001610e+00
  2.694949999452e+01,  1.000044107437e+00,  2.378467967401e+01,  1.079763531685e+00
  2.704949998856e+01,  1.000005841255e+00,  2.378471794019e+01,  1.078018069267e+00
  2.714949999750e+01,  1.000003933907e+00,  2.378471984754e+01,  1.078932642937e+00
  2.724949999154e+01,  9.999985694885e-01,  2.378472521195e+01,  1.079414725304e+00
  2.734949998558e+01,  1.000017642975e+00,  2.378470613847e+01,  1.077567100525e+00
  2.744949999452e+01,  1.000012397766e+00,  2.378471138368e+01,  1.077988624573e+00
  2.754949998856e+01,  9.999949336052e-01,  2.378472884784e+01,  1.076523065567e+00
  2.764949999750e+01,  9.999931454659e-01,  2.378473063598e+01,  1.078160881996e+00
  2.774949999154e+01,  1.000008702278e+00,  2.378471507916e+01,  1.075209498405e+00
  2.784949998558e+01,  9.999948740005e-01,  2.378472890744e+01,  1.077881813049e+00
  2.794949999452e+01,  1.000004649162e+00,  2.378471913228e+01,  1.077812194824e+00
  2.804949998856e+01,  1.000025987625e+00,  2.378469779382e+01,  1.076241612434e+00
  2.814949999750e+01,  9.999938011169e-01,  2.378472998033e+01,  1.078688263893e+00
  2.824949999154e+01,  1.000022053719e+00,  2.378470172772e+01,  1.077461481094e+00
  2.834949998558e+01,  1.000014901161e+00,  2.378470888028e+01,  1.075009942055e+00
  2.844949999452e+01,  9.999856948853e-01,  2.378473808656e+01,  1.075223565102e+00
  2.854949998856e+01,  1.000002026558e+00,  2.378472175488e+01,  1.076920509338e+00
  2.864949999750e+01,  9.999924898148e-01,  2.378473129163e+01,  1.072931528091e+00
  2.874949999154e+01,  9.999969601631e-01,  2.378472682128e+01,  1.075570702553e+00
  2.884949998558e+01,  9.999815821648e-01,  2.378474219928e+01,  1.074942469597e+00
  2.894949999452e+01,  9.999910593033e-01,  2.378473272214e+01,  1.075483918190e+00
  2.904949998856e+01,  1.000032901764e+00,  2.378469087968e+01,  1.075594782829e+00
  2.914949999750e+01,  9.999974370003e-01,  2.378472634444e+01,  1.073722958565e+00
  2.924949999154e+01,  9.999854564667e-01,  2.378473832498e+01,  1.075044035912e+00
  2.934949998558e+01,  9.999904036522e-01,  2.378473337779e+01,  1.072591304779e+00
  2.944949999452e+01,  9.999714493752e-01,  2.378475233207e+01,  1.075771927834e+00
  2.954949998856e+01,  9.999784827232e-01,  2.378474529872e+01,  1.076363086700e+00
  2.964949999750e+01,  1.000012755394e+00,  2.378471102605e+01,  1.075511217117e+00
  2.974949999154e+01,  9.999812841415e-01,  2.378474249730e+01,  1.074760437012e+00
  2.984949998558e+01,  9.999864697456e-01,  2.378473731170e+01,  1.072996735573e+00
  2.994949999452e+01,  9.999715685844e-01,  2.378475221286e+01,  1.074568629265e+00
  3.004949998856e+01,  1.000028848648e+00,  2.378469493279e+01,  1.073380470276e+00
  3.014949999750e+01,  1.000001668930e+00,  2.378472211251e+01,  1.074693918228e+00
  3.024949999154e+01,  1.000012993813e+00,  2.378471078763e+01,  1.071071863174e+00
  3.034949998558e+01,  9.999794960022e-01,  2.378474428544e+01,  1.073992729187e+00
  3.044949999452e+01,  1.000023245811e+00,  2.378470053563e+01,  1.071960806847e+00
  3.054949998856e+01,  9.999983906746e-01,  2.378472539077e+01,  1.072438478470e+00
  3.064949999750e+01,  9.999807476997e-01,  2.378474303374e+01,  1.070592164993e+00
  3.074949999154e+01,  1.000007987022e+00,  2.378471579442e+01,  1.069736480713e+00
  3.084949998558e+01,  1.000021934509e+00,  2.378470184693e+01,  1.073488473892e+00
  3.094949999452e+01,  1.000026226044e+00,  2.378469755540e+01,  1.071214079857e+00
  3.104949998856e+01,  1.000022888184e+00,  2.378470089326e+01,  1.070257186890e+00
  3.114949999750e+01,  9.999843835831e-01,  2.378473939786e+01,  1.070577263832e+00
  3.124949999154e+01,  1.000014781952e+00,  2.378470899949e+01,  1.069632887840e+00
  3.134949998558e+01,  1.000004529953e+00,  2.378471925149e+01,  1.071169734001e+00
  3.144949999452e+01,  1.000002980232e+00,  2.378472080121e+01,  1.070554494858e+00
  3.154949998856e+01,  1.000014543533e+00,  2.378470923791e+01,  1.069166183472e+00
  3.164949999750e+01,  1.000006079674e+00,  2.378471770177e+01,  1.068797349930e+00
  3.174949999154e+01,  1.000021219254e+00,  2.378470256219e+01,  1.070136666298e+00
  3.184949998558e+01,  9.999784827232e-01,  2.378474529872e+01,  1.066758871078e+00
  3.194949999452e+01,  9.999910593033e-01,  2.378473272214e+01,  1.066809535027e+00
  3.204949998856e+01,  1.000026106834e+00,  2.378469767461e+01,  1.066777944565e+00
  3.214949999750e+01,  9.999861717224e-01,  2.378473760972e+01,  1.064675569534e+00
  3.224949999154e+01,  9.999927282333e-01,  2.378473105321e+01,  1.068664431572e+00
  3.234949998558e+01,  1.000016331673e+00,  2.378470744977e+01,  1.066963434219e+00
  3.244949999452e+01,  1.000001311302e+00,  2.378472247014e+01,  1.066911339760e+00
  3.254949998856e+01,  1.000017762184e+00,  2.378470601926e+01,  1.068625211716e+00
  3.264949999750e+01,  9.999901652336e-01,  2.378473361621e+01,  1.067766070366e+00
  3.274949999154e+01,  9.999832510948e-01,  2.378474053035e+01,  1.066652417183e+00
  3.284949998558e+01,  1.000011920929e+00,  2.378471186051e+01,  1.066665410995e+00
  3.294949999452e+01,  1.000036954880e+00,  2.378468682656e+01,  1.065586805344e+00
  3.304949998856e+01,  9.999929070473e-01,  2.378473087440e+01,  1.063390016556e+00
  3.314949999750e+01,  9.999918341637e-01,  2.378473194728e+01,  1.065393090248e+00
  3.324949999154e+01,  9.999933838844e-01,  2.378473039756e+01,  1.065697908401e+00
  3.334949998558e+01,  1.000024795532e+00,  2.378469898591e+01,  1.063014149666e+00
  3.344949999452e+01,  1.000041484833e+00,  2.378468229661e+01,  1.066448211670e+00
  3.354949998856e+01,  9.999812841415e-01,  2.378474249730e+01,  1.065917253494e+00
  3.364949999750e+01,  1.000019669533e+00,  2.378470411191e+01,  1.064717888832e+00
  3.374949999154e+01,  1.000002741814e+00,  2.378472103963e+01,  1.066069960594e+00
  3.384949998558e+01,  1.000021457672e+00,  2.378470232377e+01,  1.064598679543e+00
  3.394949999452e+01,  1.000005483627e+00,  2.378471829782e+01,  1.064354896545e+00
  3.404949998856e+01,  1.000006556511e+00,  2.378471722493e+01,  1.061446070671e+00
  3.414949999750e+01,  1.000031232834e+00,  2.378469254861e+01,  1.063886761665e+00
  3.424949999154e+01,  1.000016450882e+00,  2.378470733056e+01,  1.064817428589e+00
  3.434949998558e+01,  1.000009417534e+00,  2.378471436391e+01,  1.066440463066e+00
  3.444949999452e+01,  1.000031828880e+00,  2.378469195256e+01,  1.064210772514e+00
  3.454949998856e+01,  9.999757409096e-01,  2.378474804053e+01,  1.066496014595e+00
  3.464949999750e+01,  9.999887943268e-01,  2.378473498712e+01,  1.065830469131e+00
  3.474949999154e+01,  1.000004529953e+00,  2.378471925149e+01,  1.065512895584e+00
  3.484949998558e+01,  1.000006556511e+00,  2.378471722493e+01,  1.063122510910e+00
  3.494949999452e+01,  9.999850392342e-01,  2.378473874221e+01,  1.062666654587e+00
  3.504949998856e+01,  1.000015616417e+00,  2.378470816503e+01,  1.064786553383e+00
  3.514949999750e+01,  1.000034809113e+00,  2.378468897233e+01,  1.063514590263e+00
  3.524949999154e+01,  1.000009775162e+00,  2.378471400628e+01,  1.062424302101e+00
  3.534949998558e+01,  1.000002861023e+00,  2.378472092042e+01,  1.064043521881e+00
  3.544949999452e+01,  1.000048398972e+00,  2.378467538247e+01,  1.062890052795e+00
  3.554949998856e+01,  1.000012755394e+00,  2.378471102605e+01,  1.061859965324e+00
  3.564949999750e+01,  1.000021457672e+00,  2.378470232377e+01,  1.061206817627e+00
  3.574949999154e+01,  1.000007987022e+00,  2.378471579442e+01,  1.062408328056e+00
  3.584949998558e+01,  1.000015854836e+00,  2.378470792661e+01,  1.060958623886e+00
  3.594949999452e+01,  1.000016331673e+00,  2.378470744977e+01,  1.059694528580e+00
  3.604949998856e+01,  9.999925494194e-01,  2.378473123202e+01,  1.061804175377e+00
  3.614949999750e+01,  9.999929070473e-01,  2.378473087440e+01,  1.060086965561e+00
  3.624949999154e+01,  9.999870657921e-01,  2.378473671565e+01,  1.061525702477e+00
  3.634949998558e+01,  9.999969601631e-01,  2.378472682128e+01,  1.058940172195e+00
  3.644949999452e+01,  1.000001668930e+00,  2.378472211251e+01,  1.058742761612e+00
  3.654949998856e+01,  1.000012159348e+00,  2.378471162210e+01,  1.058119773865e+00
  3.664949999750e+01,  9.999766945839e-01,  2.378474708686e+01,  1.060603618622e+00
  3.674949999154e+01,  1.000002622604e+00,  2.378472115884e+01,  1.060600757599e+00
  3.684949998558e+01,  9.999915957451e-01,  2.378473218570e+01,  1.059046149254e+00
  3.694949999452e+01,  1.000006794930e+00,  2.378471698651e+01,  1.056900501251e+00
  3.704949998856e+01,  1.000004410744e+00,  2.378471937070e+01,  1.058989524841e+00
  3.714949999750e+01,  9.999996423721e-01,  2.378472413907e+01,  1.058297991753e+00
  3.724949999154e+01,  1.000018596649e+00,  2.378470518479e+01,  1.058467268944e+00
  3.734949998558e+01,  9.999883174896e-01,  2.378473546395e+01,  1.059906244278e+00
  3.744949999452e+01,  1.000017166138e+00,  2.378470661531e+01,  1.056033730507e+00
  3.754949998856e+01,  1.000010251999e+00,  2.378471352944e+01,  1.059639453888e+00
  3.764949999750e+01,  1.000002861023e+00,  2.378472092042e+01,  1.055151939392e+00
  3.774949999154e+01,  1.000008583069e+00,  2.378471519837e+01,  1.056488871574e+00
  3.784949998558e+01,  1.000025510788e+00,  2.378469827065e+01,  1.058442592621e+00
  3.794949999452e+01,  9.999632835388e-01,  2.378476049790e+01,  1.058216333389e+00
  3.804949998856e+01,  9.999928474426e-01,  2.378473093400e+01,  1.057664632797e+00
  3.814949999750e+01,  1.000003814697e+00,  2.378471996675e+01,  1.055212020874e+00
  3.824949999154e+01,  9.999927282333e-01,  2.378473105321e+01,  1.057636737823e+00
  3.834949998558e+01,  9.999892711639e-01,  2.378473451028e+01,  1.054057121277e+00
  3.844949999452e+01,  9.999670982361e-01,  2.378475668321e+01,  1.055605292320e+00
  3.854949998856e+01,  1.000005006790e+00,  2.378471877465e+01,  1.054833889008e+00
  3.864949999750e+01,  1.000001072884e+00,  2.378472270856e+01,  1.056490182877e+00
  3.874949999154e+01,  1.000009059906e+00,  2.378471472154e+01,  1.052327275276e+00
  3.884949998558e+01,  1.000002026558e+00,  2.378472175488e+01,  1.056044459343e+00
  3.894949999452e+01,  9.999988079071e-01,  2.378472497354e+01,  1.055454969406e+00
  3.904949998856e+01,  9.999850988388e-01,  2.378473868260e+01,  1.053462862968e+00
  3.914949999750e+01,  9.999983906746e-01,  2.378472539077e+01,  1.054854750633e+00
  3.924949999154e+01,  9.999711513519e-01,  2.378475263009e+01,  1.051816344261e+00
  3.934949998558e+01,  9.999961853027e-01,  2.378472759614e+01,  1.055000782013e+00
  3.944949999452e+01,  9.999752044678e-01,  2.378474857697e+01,  1.054849743843e+00
  3.954949998856e+01,  9.999980926514e-01,  2.378472568879e+01,  1.053636789322e+00
  3.964949999750e+01,  1.000005722046e+00,  2.378471805940e+01,  1.052940726280e+00
  3.974949999154e+01,  9.999865889549e-01,  2.378473719249e+01,  1.053395867348e+00
  3.984949998558e+01,  1.000017762184e+00,  2.378470601926e+01,  1.052529931068e+00
  3.994949999452e+01,  9.999906420708e-01,  2.378473313937e+01,  1.052446842194e+00
  4.004949998856e+01,  9.999785423279e-01,  2.378474523911e+01,  1.052632689476e+00
  4.014949999750e+01,  9.999874234200e-01,  2.378473635802e+01,  1.051168560982e+00
  4.024949999154e+01,  1.000029087067e+00,  2.378469469438e+01,  1.050817489624e+00
  4.034949998558e+01,  1.000005125999e+00,  2.378471865544e+01,  1.051332950592e+00
  4.044949999452e+01,  9.999885559082e-01,  2.378473522553e+01,  1.049738049507e+00
  4.054949998856e+01,  1.000012755394e+00,  2.378471102605e+01,  1.050190448761e+00
  4.064949999750e+01,  1.000001192093e+00,  2.378472258935e+01,  1.049380421638e+00
  4.074949999154e+01,  1.000002741814e+00,  2.378472103963e+01,  1.053180217743e+00
  4.084949998558e+01,  1.000024557114e+00,  2.378469922433e+01,  1.050833582878e+00
  4.094949999452e+01,  9.999971985817e-01,  2.378472658286e+01,  1.053021073341e+00
  4.104949998856e+01,  1.000007987022e+00,  2.378471579442e+01,  1.048978805542e+00
  4.114949999750e+01,  1.000015020370e+00,  2.378470876107e+01,  1.051228642464e+00
  4.124949999154e+01,  1.000019907951e+00,  2.378470387349e+01,  1.049346923828e+00
  4.134949998558e+01,  1.000014424324e+00,  2.378470935712e+01,  1.052135229111e+00
  4.144949999452e+01,  1.000032663345e+00,  2.378469111810e+01,  1.047459483147e+00
  4.154949998856e+01,  9.999853372574e-01,  2.378473844419e+01,  1.050709366798e+00
  4.164949999750e+01,  1.000010013580e+00,  2.378471376786e+01,  1.047635436058e+00
  4.174949999154e+01,  9.999866485596e-01,  2.378473713288e+01,  1.049322605133e+00
  4.184949998558e+01,  9.999697804451e-01,  2.378475400100e+01,  1.047299861908e+00
  4.194949999452e+01,  1.000018477440e+00,  2.378470530400e+01,  1.050993680954e+00
  4.204949998856e+01,  1.000009179115e+00,  2.378471460233e+01,  1.048162698746e+00
  4.214949999750e+01,  9.999772906303e-01,  2.378474649081e+01,  1.048927426338e+00
  4.224949999154e+01,  1.000000834465e+00,  2.378472294698e+01,  1.048247337341e+00
  4.234949998558e+01,  9.999915957451e-01,  2.378473218570e+01,  1.047319769859e+00
  4.244949999452e+01,  9.999566674232e-01,  2.378476711402e+01,  1.051262497902e+00
  4.254949998856e+01,  1.000024437904e+00,  2.378469934354e+01,  1.046663284302e+00
  4.264949999750e+01,  9.999926686287e-01,  2.378473111281e+01,  1.049589753151e+00
  4.274949999154e+01,  1.000007390976e+00,  2.378471639047e+01,  1.049254298210e+00
  4.284949998558e+01,  9.999891519547e-01,  2.378473462949e+01,  1.048896551132e+00
  4.294949999452e+01,  1.000012397766e+00,  2.378471138368e+01,  1.048593878746e+00
  4.304949998856e+01,  1.000004887581e+00,  2.378471889386e+01,  1.049234628677e+00
  4.314949999750e+01,  9.999910593033e-01,  2.378473272214e+01,  1.047040820122e+00
  4.324949999154e+01,  1.000002384186e+00,  2.378472139726e+01,  1.048741698265e+00
  4.334949998558e+01,  1.000016570091e+00,  2.378470721135e+01,  1.048444747925e+00
  4.344949999452e+01,  9.999825358391e-01,  2.378474124560e+01,  1.047947764397e+00
  4.354949998856e+01,  9.999834299088e-01,  2.378474035153e+01,  1.048388361931e+00
  4.364949999750e+01,  1.000003814697e+00,  2.378471996675e+01,  1.047997236252e+00
  4.374949999154e+01,  9.999953508377e-01,  2.378472843061e+01,  1.047078251839e+00
  4.384949998558e+01,  1.000008821487e+00,  2.378471495996e+01,  1.046606659889e+00
  4.394949999452e+01,  1.000002384186e+00,  2.378472139726e+01,  1.045074462891e+00
  4.404949998856e+01,  1.000028729439e+00,  2.378469505200e+01,  1.044253349304e+00
  4.414949999750e+01,  9.999858736992e-01,  2.378473790774e+01,  1.045826435089e+00
  4.424949999154e+01,  9.999854564667e-01,  2.378473832498e+01,  1.045143842697e+00
  4.434949998558e+01,  9.999992251396e-01,  2.378472455630e+01,  1.044567704201e+00
  4.444949999452e+01,  1.000001430511e+00,  2.378472235093e+01,  1.046161293983e+00
  4.454949998856e+01,  1.000012874603e+00,  2.378471090684e+01,  1.047962069511e+00
  4.464949999750e+01,  1.000000596046e+00,  2.378472318540e+01,  1.046409726143e+00
  4.474949999154e+01,  1.000011563301e+00,  2.378471221814e+01,  1.045305252075e+00
  4.484949998558e+01,  1.000017046928e+00,  2.378470673451e+01,  1.046531796455e+00
  4.494949999452e+01,  9.999868273735e-01,  2.378473695407e+01,  1.045686602592e+00
  4.504949998856e+01,  1.000011324883e+00,  2.378471245656e+01,  1.044734716415e+00
  4.514949999750e+01,  1.000003337860e+00,  2.378472044358e+01,  1.044858574867e+00
  4.524949999154e+01,  9.999976158142e-01,  2.378472616563e+01,  1.042732000351e+00
  4.534949998558e+01,  9.999827742577e-01,  2.378474100719e+01,  1.041900277138e+00
  4.544949999452e+01,  1.000024557114e+00,  2.378469922433e+01,  1.041979908943e+00
  4.554949998856e+01,  1.000015616417e+00,  2.378470816503e+01,  1.041314363480e+00
  4.564949999750e+01,  1.000019431114e+00,  2.378470435033e+01,  1.042436003685e+00
  4.574949999154e+01,  1.000034451485e+00,  2.378468932996e+01,  1.042356610298e+00
  4.584949998558e+01,  1.000010848045e+00,  2.378471293340e+01,  1.043899774551e+00
  4.594949999452e+01,  9.999822378159e-01,  2.378474154363e+01,  1.042285442352e+00
  4.604949998856e+01,  9.999858736992e-01,  2.378473790774e+01,  1.041982531548e+00
  4.614949999750e+01,  1.000018239021e+00,  2.378470554242e+01,  1.043657183647e+00
  4.624949999154e+01,  1.000006198883e+00,  2.378471758256e+01,  1.043541073799e+00
  4.634949998558e+01,  1.000009536743e+00,  2.378471424470e+01,  1.041706085205e+00
  4.644949999452e+01,  1.000021457672e+00,  2.378470232377e+01,  1.041352748871e+00
  4.654949998856e+01,  1.000023722649e+00,  2.378470005879e+01,  1.041986703873e+00
  4.664949999750e+01,  1.000000357628e+00,  2.378472342381e+01,  1.041580080986e+00
  4.674949999154e+01,  9.999939203262e-01,  2.378472986112e+01,  1.041110038757e+00
  4.684949998558e+01,  9.999918937683e-01,  2.378473188767e+01,  1.040653586388e+00
  4.694949999452e+01,  9.999933242798e-01,  2.378473045716e+01,  1.043283700943e+00
  4.704949998856e+01,  1.000015020370e+00,  2.378470876107e+01,  1.042567610741e+00
  4.714949999750e+01,  9.999991655350e-01,  2.378472461591e+01,  1.037869930267e+00
  4.724949999154e+01,  1.000007987022e+00,  2.378471579442e+01,  1.040604472160e+00
  4.734949998558e+01,  9.999959468842e-01,  2.378472783456e+01,  1.039978265762e+00
  4.744949999452e+01,  9.999859333038e-01,  2.378473784814e+01,  1.039692759514e+00
  4.754949998856e+01,  1.000023484230e+00,  2.378470029721e+01,  1.038801550865e+00
  4.764949999750e+01,  1.000004291534e+00,  2.378471948991e+01,  1.039946198463e+00
  4.774949999154e+01,  9.999969601631e-01,  2.378472682128e+01,  1.038925528526e+00
  4.784949998558e+01,  1.000000238419e+00,  2.378472354302e+01,  1.038787484169e+00
  4.794949999452e+01,  9.999871253967e-01,  2.378473665605e+01,  1.037096142769e+00
  4.804949998856e+01,  9.999865889549e-01,  2.378473719249e+01,  1.040328025818e+00
  4.814949999750e+01,  9.999952912331e-01,  2.378472849021e+01,  1.039713740349e+00
  4.824949999154e+01,  9.999859333038e-01,  2.378473784814e+01,  1.038417100906e+00
  4.834949998558e+01,  9.999812841415e-01,  2.378474249730e+01,  1.040345788002e+00
  4.844949999452e+01,  1.000014066696e+00,  2.378470971475e+01,  1.037208318710e+00
  4.854949998856e+01,  9.999731183052e-01,  2.378475066314e+01,  1.037920832634e+00
  4.864949999750e+01,  9.999957084656e-01,  2.378472807298e+01,  1.035513639450e+00
  4.874949999154e+01,  1.000008702278e+00,  2.378471507916e+01,  1.040464639664e+00
  4.884949998558e+01,  9.999771714211e-01,  2.378474661002e+01,  1.036532878876e+00
  4.894949999452e+01,  9.999831914902e-01,  2.378474058995e+01,  1.037183046341e+00
  4.904949998856e+01,  9.999768137932e-01,  2.378474696765e+01,  1.035790801048e+00
  4.914949999750e+01,  9.999940395355e-01,  2.378472974191e+01,  1.035900354385e+00
  4.924949999154e+01,  1.000020861626e+00,  2.378470291982e+01,  1.037895917892e+00
  4.934949998558e+01,  9.999824762344e-01,  2.378474130521e+01,  1.036116242409e+00
  4.944949999452e+01,  1.000016450882e+00,  2.378470733056e+01,  1.036331295967e+00
  4.954949998856e+01,  9.999825954437e-01,  2.378474118600e+01,  1.036580204964e+00
  4.964949999750e+01,  1.000001192093e+00,  2.378472258935e+01,  1.034124612808e+00
  4.974949999154e+01,  9.999921321869e-01,  2.378473164926e+01,  1.036671280861e+00
  4.984949998558e+01,  1.000013828278e+00,  2.378470995317e+01,  1.035055518150e+00
  4.994949999452e+01,  1.000022411346e+00,  2.378470137010e+01,  1.035632014275e+00
  5.004949998856e+01,  1.000024676323e+00,  2.378469910512e+01,  1.034977674484e+00
  5.014949999750e+01,  1.000048279762e+00,  2.378467550168e+01,  1.036134839058e+00
  5.024949999154e+01,  1.000025391579e+00,  2.378469838986e+01,  1.032442092896e+00
  5.034949998558e+01,  1.000024437904e+00,  2.378469934354e+01,  1.033906936646e+00
  5.044949999452e+01,  1.000008463860e+00,  2.378471531758e+01,  1.035106897354e+00
  5.054949998856e+01,  9.999925494194e-01,  2.378473123202e+01,  1.034670233727e+00
  5.064949999750e+01,  9.999969005585e-01,  2.378472688088e+01,  1.035290479660e+00
  5.074949999154e+01,  1.000010013580e+00,  2.378471376786e+01,  1.033688783646e+00
  5.084949998558e+01,  9.999844431877e-01,  2.378473933826e+01,  1.034835696220e+00
  5.094949999452e+01,  9.999781250954e-01,  2.378474565635e+01,  1.032598257065e+00
  5.104949998856e+01,  1.000027060509e+00,  2.378469672093e+01,  1.036753535271e+00
  5.114949999750e+01,  1.000003576279e+00,  2.378472020516e+01,  1.033914446831e+00
  5.124949999154e+01,  9.999973177910e-01,  2.378472646365e+01,  1.033535718918e+00
  5.134949998558e+01,  9.999872446060e-01,  2.378473653684e+01,  1.034240841866e+00
  5.144949999452e+01,  1.000008344650e+00,  2.378471543679e+01,  1.032723188400e+00
  5.154949998856e+01,  9.999852180481e-01,  2.378473856339e+01,  1.034466147423e+00
  5.164949999750e+01,  9.999851584435e-01,  2.378473862300e+01,  1.030826807022e+00
  5.174949999154e+01,  9.999948143959e-01,  2.378472896705e+01,  1.032257318497e+00
  5.184949998558e+01,  1.000005364418e+00,  2.378471841702e+01,  1.034545302391e+00
  5.194949999452e+01,  1.000006914139e+00,  2.378471686730e+01,  1.032143115997e+00
  5.204949998856e+01,  1.000000834465e+00,  2.378472294698e+01,  1.031569719315e+00
  5.214949999750e+01,  9.999884963036e-01,  2.378473528514e+01,  1.028976321220e+00
  5.224949999154e+01,  1.000005602837e+00,  2.378471817861e+01,  1.031851768494e+00
  5.234949998558e+01,  9.999873042107e-01,  2.378473647723e+01,  1.030839204788e+00
  5.244949999452e+01,  9.999998211861e-01,  2.378472396026e+01,  1.033042192459e+00
  5.254949998856e+01,  9.999793171883e-01,  2.378474446425e+01,  1.031486272812e+00
  5.264949999750e+01,  9.999936223030e-01,  2.378473015914e+01,  1.032924652100e+00
  5.274949999154e+01,  9.999834299088e-01,  2.378474035153e+01,  1.032756328583e+00
  5.284949998558e+01,  1.000009775162e+00,  2.378471400628e+01,  1.032399415970e+00
  5.294949999452e+01,  9.999967813492e-01,  2.378472700009e+01,  1.033410549164e+00
  5.304949998856e+01,  1.000002503395e+00,  2.378472127805e+01,  1.030538201332e+00
  5.314949999750e+01,  1.000000476837e+00,  2.378472330461e+01,  1.032259821892e+00
  5.324949999154e+01,  1.000012040138e+00,  2.378471174130e+01,  1.031809210777e+00
  5.334949998558e+01,  9.999950528145e-01,  2.378472872863e+01,  1.032686710358e+00
  5.344949999452e+01,  1.000010132790e+00,  2.378471364865e+01,  1.031626224518e+00
  5.354949998856e+01,  1.000000357628e+00,  2.378472342381e+01,  1.031046509743e+00
  5.364949999750e+01,  9.999883174896e-01,  2.378473546395e+01,  1.029989123344e+00
  5.374949999154e+01,  9.999858140945e-01,  2.378473796735e+01,  1.031542181969e+00
  5.384949998558e+01,  9.999827146530e-01,  2.378474106679e+01,  1.029728412628e+00
  5.394949999452e+01,  1.000033855438e+00,  2.378468992600e+01,  1.030277729034e+00
  5.404949998856e+01,  1.000005245209e+00,  2.378471853623e+01,  1.030176758766e+00
  5.414949999750e+01,  9.999857544899e-01,  2.378473802695e+01,  1.028614640236e+00
  5.424949999154e+01,  9.999955892563e-01,  2.378472819219e+01,  1.028467297554e+00
  5.434949998558e+01,  9.999928474426e-01,  2.378473093400e+01,  1.027412891388e+00
  5.444949999452e+01,  9.999669790268e-01,  2.378475680242e+01,  1.028452992439e+00
  5.454949998856e+01,  9.999871253967e-01,  2.378473665605e+01,  1.029447317123e+00
  5.464949999750e+01,  1.000020623207e+00,  2.378470315824e+01,  1.028792619705e+00
  5.474949999154e+01,  9.999811053276e-01,  2.378474267612e+01,  1.025924205780e+00
  5.484949998558e+01,  9.999945163727e-01,  2.378472926507e+01,  1.028414726257e+00
  5.494949999452e+01,  9.999972581863e-01,  2.378472652326e+01,  1.024372935295e+00
  5.504949998856e+01,  9.999766945839e-01,  2.378474708686e+01,  1.026028752327e+00
  5.514949999750e+01,  9.999744892120e-01,  2.378474929223e+01,  1.026666879654e+00
  5.524949999154e+01,  1.000021815300e+00,  2.378470196614e+01,  1.029226422310e+00
  5.534949998558e+01,  1.000027537346e+00,  2.378469624410e+01,  1.029071450233e+00
  5.544949999452e+01,  9.999927878380e-01,  2.378473099360e+01,  1.027943253517e+00
  5.554949998856e+01,  1.000037312508e+00,  2.378468646894e+01,  1.028139591217e+00
  5.564949999750e+01,  1.000009059906e+00,  2.378471472154e+01,  1.027920842171e+00
  5.574949999154e+01,  9.999744892120e-01,  2.378474929223e+01,  1.028518557549e+00
  5.584949998558e+01,  9.999808669090e-01,  2.378474291453e+01,  1.029081106186e+00
  5.594949999452e+01,  9.999875426292e-01,  2.378473623881e+01,  1.029204726219e+00
  5.604949998856e+01,  1.000003576279e+00,  2.378472020516e+01,  1.026857614517e+00
  5.614949999750e+01,  9.999668598175e-01,  2.378475692163e+01,  1.026508569717e+00
  5.624949999154e+01,  1.000013828278e+00,  2.378470995317e+01,  1.025678396225e+00
  5.634949998558e+01,  9.999827742577e-01,  2.378474100719e+01,  1.027468085289e+00
  5.644949999452e+01,  1.000000357628e+00,  2.378472342381e+01,  1.025465846062e+00
  5.654949998856e+01,  1.000012159348e+00,  2.378471162210e+01,  1.025518417358e+00
  5.664949999750e+01,  1.000015974045e+00,  2.378470780740e+01,  1.026327133179e+00
  5.674949999154e+01,  9.999999403954e-01,  2.378472384105e+01,  1.028164029121e+00
  5.684949998558e+01,  1.000012397766e+00,  2.378471138368e+01,  1.025230526924e+00
  5.694949999452e+01,  1.000011563301e+00,  2.378471221814e+01,  1.025389432907e+00
  5.704949998856e+01,  1.000003337860e+00,  2.378472044358e+01,  1.026038527489e+00
  5.714949999750e+01,  9.999908804893e-01,  2.378473290095e+01,  1.026109218597e+00
  5.724949999154e+01,  9.999804496765e-01,  2.378474333177e+01,  1.026167631149e+00
  5.734949998558e+01,  9.999944567680e-01,  2.378472932467e+01,  1.024134635925e+00
  5.744949999452e+01,  9.999880790710e-01,  2.378473570237e+01,  1.025023818016e+00
  5.754949998856e+01,  1.000015139580e+00,  2.378470864186e+01,  1.023950695992e+00
  5.764949999750e+01,  1.000008225441e+00,  2.378471555600e+01,  1.023635864258e+00
  5.774949999154e+01,  9.999790191650e-01,  2.378474476228e+01,  1.024965167046e+00
  5.784949998558e+01,  9.999883770943e-01,  2.378473540435e+01,  1.025120735168e+00
  5.794949999452e+01,  1.000003337860e+00,  2.378472044358e+01,  1.024570584297e+00
  5.804949998856e+01,  9.999871253967e-01,  2.378473665605e+01,  1.025349497795e+00
  5.814949999750e+01,  9.999984502792e-01,  2.378472533116e+01,  1.025918841362e+00
  5.824949999154e+01,  9.999887943268e-01,  2.378473498712e+01,  1.024570345879e+00
  5.834949998558e+01,  1.000003337860e+00,  2.378472044358e+01,  1.021395564079e+00
  5.844949999452e+01,  1.000011801720e+00,  2.378471197972e+01,  1.022332787514e+00
  5.854949998856e+01,  1.000012040138e+00,  2.378471174130e+01,  1.024434685707e+00
  5.864949999750e+01,  9.999765753746e-01,  2.378474720607e+01,  1.022985339165e+00
  5.874949999154e+01,  1.000004291534e+00,  2.378471948991e+01,  1.021860957146e+00
  5.884949998558e+01,  9.999867081642e-01,  2.378473707328e+01,  1.022591590881e+00
  5.894949999452e+01,  1.000003099442e+00,  2.378472068200e+01,  1.021758079529e+00
  5.904949998856e+01,  1.000005483627e+00,  2.378471829782e+01,  1.022660374641e+00
  5.914949999750e+01,  1.000005841255e+00,  2.378471794019e+01,  1.024828076363e+00
  5.924949999154e+01,  1.000050067902e+00,  2.378467371354e+01,  1.019347429276e+00
  5.934949998558e+01,  9.999948143959e-01,  2.378472896705e+01,  1.022101283073e+00
  5.944949999452e+01,  1.000023007393e+00,  2.378470077405e+01,  1.021577715874e+00
  5.954949998856e+01,  1.000011086464e+00,  2.378471269498e+01,  1.024066090584e+00
  5.964949999750e+01,  1.000034570694e+00,  2.378468921075e+01,  1.022859930992e+00
  5.974949999154e+01,  1.000004053116e+00,  2.378471972833e+01,  1.022647738457e+00
  5.984949998558e+01,  1.000001430511e+00,  2.378472235093e+01,  1.019201040268e+00
  5.994949999452e+01,  1.000025987625e+00,  2.378469779382e+01,  1.021752715111e+00
  6.004949998856e+01,  9.999984502792e-01,  2.378472533116e+01,  1.023285031319e+00
  6.014949999750e+01,  1.000020503998e+00,  2.378470327744e+01,  1.019456028938e+00
  6.024949999154e+01,  9.999851584435e-01,  2.378473862300e+01,  1.019165515900e+00
  6.034949998558e+01,  1.000002026558e+00,  2.378472175488e+01,  1.022394895554e+00
  6.044949999452e+01,  1.000007390976e+00,  2.378471639047e+01,  1.020132899284e+00
  6.054949998856e+01,  9.999673962593e-01,  2.378475638518e+01,  1.019713282585e+00
  6.064949999750e+01,  9.999818205833e-01,  2.378474196086e+01,  1.019239902496e+00
  6.074949999154e+01,  1.000040769577e+00,  2.378468301187e+01,  1.020070314407e+00
  6.084949998558e+01,  1.000004410744e+00,  2.378471937070e+01,  1.017716288567e+00
  6.094949999452e+01,  9.999942183495e-01,  2.378472956309e+01,  1.019330382347e+00
  6.104949998856e+01,  9.999846220016e-01,  2.378473915944e+01,  1.019583821297e+00
  6.114949999750e+01,  9.999834299088e-01,  2.378474035153e+01,  1.019800543785e+00
  6.124949999154e+01,  9.999905228615e-01,  2.378473325858e+01,  1.019603848457e+00
  6.134949998558e+01,  1.000018239021e+00,  2.378470554242e+01,  1.019189238548e+00
  6.144949999452e+01,  9.999897480011e-01,  2.378473403344e+01,  1.018440842628e+00
  6.154949998856e+01,  1.000016093254e+00,  2.378470768819e+01,  1.017444252968e+00
  6.155799999833e+01,  1.000020861626e+00,  2.378470291982e+01,  1.018282890320e+00
  6.155899998546e+01,  1.000018239021e+00,  2.378470554242e+01,  1.018410682678e+00
  6.156199999154e+01,  1.000019669533e+00,  2.378470411191e+01,  1.018826007843e+00
  6.166199998558e+01,  9.998665452003e-01,  2.378485723624e+01,  1.020023822784e+00
  6.173799999058e+01,  9.898467659950e-01,  2.379487701545e+01,  1.012578725815e+00
  6.175699999928e+01,  9.798102974892e-01,  2.380491348395e+01,  9.811417460442e-01
  6.176649999619e+01,  9.695602059364e-01,  2.381516357551e+01,  9.640986323357e-01
  6.177399998903e+01,  9.588714241982e-01,  2.382585235724e+01,  9.594389796257e-01
  6.178049999475e+01,  9.485755562782e-01,  2.383614822516e+01,  9.471747279167e-01
  6.178649999201e+01,  9.384856820107e-01,  2.384623809943e+01,  9.344260096550e-01
  6.179249998927e+01,  9.280870556831e-01,  2.385663672576e+01,  9.211003780365e-01
  6.179849998653e+01,  9.176576733589e-01,  2.386706610808e+01,  9.094655513763e-01
  6.180449999869e+01,  9.075792431831e-01,  2.387714453826e+01,  8.986890316010e-01
  6.181099998951e+01,  8.975427746773e-01,  2.388718100677e+01,  8.927562236786e-01
  6.181899999082e+01,  8.870638012886e-01,  2.389765998015e+01,  8.642451763153e-01
  6.182749998569e+01,  8.769853711128e-01,  2.390773841033e+01,  8.365962505341e-01
  6.183649998903e+01,  8.664224743843e-01,  2.391830130706e+01,  8.170726299286e-01
  6.184499999881e+01,  8.561189770699e-01,  2.392860480437e+01,  7.952296733856e-01
  6.185299998522e+01,  8.455179333687e-01,  2.393920584807e+01,  7.705409526825e-01
  6.185999999940e+01,  8.351991772652e-01,  2.394952460418e+01,  7.616755962372e-01
  6.186699999869e+01,  8.245828747749e-01,  2.396014090667e+01,  7.533023357391e-01
  6.187399999797e+01,  8.143251538277e-01,  2.397039862762e+01,  7.395389080048e-01
  6.188149999082e+01,  8.040598034859e-01,  2.398066397796e+01,  7.237117290497e-01
  6.188949999213e+01,  7.940385937691e-01,  2.399068518767e+01,  7.071902751923e-01
  6.189899998903e+01,  7.836702466011e-01,  2.400105353484e+01,  6.967322826385e-01
  6.191149999201e+01,  7.734525799751e-01,  2.401127120147e+01,  6.682460308075e-01
  6.192549999058e+01,  7.631128430367e-01,  2.402161093841e+01,  6.379687786102e-01
  6.193699999154e+01,  7.530878186226e-01,  2.403163596282e+01,  6.223971843719e-01
  6.194749999046e+01,  7.426775097847e-01,  2.404204627166e+01,  6.070430278778e-01
  6.195699998736e+01,  7.326563000679e-01,  2.405206748137e+01,  5.958793163300e-01
  6.196649999917e+01,  7.225969433784e-01,  2.406212683806e+01,  5.826079845428e-01
  6.197649998963e+01,  7.123125195503e-01,  2.407241126189e+01,  5.674140453339e-01
  6.198699998856e+01,  7.019327282906e-01,  2.408279105315e+01,  5.500724315643e-01
  6.199749998748e+01,  6.919115185738e-01,  2.409281226287e+01,  5.347945690155e-01
  6.200849999487e+01,  6.816461682320e-01,  2.410307761321e+01,  5.185363292694e-01
  6.201949998736e+01,  6.713712811470e-01,  2.411335250030e+01,  5.015456676483e-01
  6.203049999475e+01,  6.609686017036e-01,  2.412375517974e+01,  4.854896068573e-01
  6.204099999368e+01,  6.507890820503e-01,  2.413393469939e+01,  4.679725170135e-01
  6.205099999905e+01,  6.406282186508e-01,  2.414409556279e+01,  4.511601030827e-01
  6.206049999595e+01,  6.304124593735e-01,  2.415431132207e+01,  4.368130266666e-01
  6.206949999928e+01,  6.203759908676e-01,  2.416434779058e+01,  4.237400591373e-01
  6.207849998772e+01,  6.102174520493e-01,  2.417450632939e+01,  4.094120562077e-01
  6.208749999106e+01,  6.000703573227e-01,  2.418465342412e+01,  3.974834978580e-01
  6.209699998796e+01,  5.897134542465e-01,  2.419501032720e+01,  3.844753801823e-01
  6.210699999332e+01,  5.795053243637e-01,  2.420521845708e+01,  3.691326677799e-01
  6.211749999225e+01,  5.694612264633e-01,  2.421526255498e+01,  3.510090410709e-01
  6.212849999964e+01,  5.590642690659e-01,  2.422565951238e+01,  3.349567949772e-01
  6.213899999857e+01,  5.489724874496e-01,  2.423575129399e+01,  3.197018206120e-01
  6.214949999750e+01,  5.385583639145e-01,  2.424616541753e+01,  3.037220537663e-01
  6.215949998796e+01,  5.283006429672e-01,  2.425642313848e+01,  2.917057573795e-01
  6.216949999332e+01,  5.180162191391e-01,  2.426670756230e+01,  2.793690264225e-01
  6.217949999869e+01,  5.079911947250e-01,  2.427673258672e+01,  2.656551897526e-01
  6.218999999762e+01,  4.977430105209e-01,  2.428698077092e+01,  2.504841387272e-01
  6.220049999654e+01,  4.876130819321e-01,  2.429711069951e+01,  2.371136248112e-01
  6.221099999547e+01,  4.774087667465e-01,  2.430731501470e+01,  2.231670916080e-01
  6.222149999440e+01,  4.670327901840e-01,  2.431769099126e+01,  2.105270922184e-01
  6.223199999332e+01,  4.565690755844e-01,  2.432815470586e+01,  1.983810961246e-01
  6.224249999225e+01,  4.461320638657e-01,  2.433859171758e+01,  1.856438219547e-01
  6.225299999118e+01,  4.358171224594e-01,  2.434890665898e+01,  1.725479662418e-01
  6.226349999011e+01,  4.255441427231e-01,  2.435917963872e+01,  1.604897081852e-01
  6.227399998903e+01,  4.152024984360e-01,  2.436952128301e+01,  1.466461718082e-01
  6.228399999440e+01,  4.051965475082e-01,  2.437952723393e+01,  1.348244249821e-01
  6.229399999976e+01,  3.951093256474e-01,  2.438961445580e+01,  1.243398934603e-01
  6.230399999022e+01,  3.850270807743e-01,  2.439969670067e+01,  1.145838052034e-01
  6.231449998915e+01,  3.745786249638e-01,  2.441014515648e+01,  1.033571511507e-01
  6.232499998808e+01,  3.642026484013e-01,  2.442052113304e+01,  9.326918423176e-02
  6.233549998701e+01,  3.538114130497e-01,  2.443091236839e+01,  8.305533230305e-02
  6.234599998593e+01,  3.433476984501e-01,  2.444137608299e+01,  7.273085415363e-02
  6.235599999130e+01,  3.333150446415e-01,  2.445140873680e+01,  6.374152004719e-02
  6.236599999666e+01,  3.231946527958e-01,  2.446152912865e+01,  5.555708706379e-02
  6.237599998713e+01,  3.130895197392e-01,  2.447163426170e+01,  4.791624844074e-02
  6.238649998605e+01,  3.026219904423e-01,  2.448210179100e+01,  3.993590176105e-02
  6.239699999988e+01,  2.923738062382e-01,  2.449234997520e+01,  3.186400234699e-02
  6.240749999881e+01,  2.822057306767e-01,  2.450251805077e+01,  2.243216335773e-02
  6.241799999774e+01,  2.718469202518e-01,  2.451287686119e+01,  1.409895718098e-02
  6.242799998820e+01,  2.617188990116e-01,  2.452300488243e+01,  8.839443325996e-03
  6.243799999356e+01,  2.515260279179e-01,  2.453319775352e+01,  4.857853520662e-03
  6.244799999893e+01,  2.413217127323e-01,  2.454340206871e+01,  4.332815005910e-04
  6.245799998939e+01,  2.311708033085e-01,  2.455355297813e+01, -1.106544863433e-03
  6.246849998832e+01,  2.207223474979e-01,  2.456400143394e+01, -1.541122328490e-03
  6.247899998724e+01,  2.104665338993e-01,  2.457425724754e+01, -2.629503142089e-03
  6.248949998617e+01,  2.001306116581e-01,  2.458459316978e+01, -3.268390428275e-03
  6.250000000000e+01,  1.896325647831e-01,  2.459509121666e+01, -2.182110678405e-03
  6.250999999046e+01,  1.795846521854e-01,  2.460513912926e+01, -1.883103977889e-03
  6.251999999583e+01,  1.695787012577e-01,  2.461514508019e+01, -1.027926336974e-03
  6.253049999475e+01,  1.591493189335e-01,  2.462557446251e+01, -1.569456886500e-03
  6.254099999368e+01,  1.487657129765e-01,  2.463595806847e+01, -1.704431604594e-03
  6.255149999261e+01,  1.383083015680e-01,  2.464641547987e+01, -2.040470717475e-03
  6.256149999797e+01,  1.283061653376e-01,  2.465641761611e+01, -1.897717593238e-03
  6.257149998844e+01,  1.182429865003e-01,  2.466648079494e+01, -2.331013558432e-03
  6.258149999380e+01,  1.081607416272e-01,  2.467656303982e+01, -2.228970406577e-03
  6.259149999917e+01,  9.810519963503e-02,  2.468661858181e+01, -2.048578811809e-03
  6.260149998963e+01,  8.807254582644e-02,  2.469665123562e+01, -1.640137983486e-03
  6.261149999499e+01,  7.799793034792e-02,  2.470672585109e+01, -1.219254685566e-03
  6.262149998546e+01,  6.796146184206e-02,  2.471676231960e+01, -1.875282963738e-03
  6.263149999082e+01,  5.794407054782e-02,  2.472677971089e+01, -2.235086401924e-03
  6.264149999619e+01,  4.793811962008e-02,  2.473678566182e+01, -1.893305918202e-03
  6.265199999511e+01,  3.765369579196e-02,  2.474707008565e+01, -1.501978258602e-04
  6.266299998760e+01,  2.757908031344e-02,  2.475714470113e+01,  2.105957129970e-03
  6.267599999905e+01,  1.729465648532e-02,  2.476742912496e+01,  4.906898830086e-03
  6.269399999082e+01,  7.122765295208e-03,  2.477760101615e+01,  6.633941084146e-03
  6.270899999142e+01,  2.402554498985e-03,  2.478232122694e+01,  3.177109872922e-03
  6.270999999344e+01,  2.184163080528e-03,  2.478253961836e+01,  2.886239206418e-03
  6.271799999475e+01,  7.493600132875e-04,  2.478397442143e+01,  1.316282665357e-03
  6.272099998593e+01,  3.225907857995e-04,  2.478440119066e+01,  1.168206101283e-03
  6.296099999547e+01, -2.289314055815e-03,  2.478701309550e+01, -4.038342158310e-04
  6.296199999750e+01, -2.285387599841e-03,  2.478700916904e+01, -4.777439753525e-04
