           Test time,     Standard travel,     Tool separation,      Standard force
                 0.0,                 0.0,  2.687182666958e+01, -9.075872600079e-03
                 0.0,                 0.0,  2.687182190121e+01, -9.026758372784e-03
                 0.0,                 0.0,  2.687181185783e+01, -8.363988250494e-03
                 0.0,                 0.0,  2.687181884647e+01, -7.971551269293e-03
                 0.0,                 0.0,  2.687181811632e+01, -7.975120097399e-03
                 0.0,                 0.0,  2.702277170969e+01, -7.335700560361e-03
  0.000000000000e+00,  0.000000000000e+00,  2.702277133465e+01, -7.085718680173e-03
  8.000001311302e-03,  9.305775165558e-06,  2.702276202888e+01, -7.386990357190e-03
  1.100000739098e-02, -4.991888999939e-07,  2.702277183384e+01, -7.658072281629e-03
  1.299999654293e-02, -1.216980990648e-06,  2.702277255163e+01, -7.824372500181e-03
  1.399999856949e-02, -1.574608859300e-06,  2.702277290926e+01, -7.877897471189e-03
  1.140000075102e-01, -5.911603693676e-06,  2.702277724626e+01, -8.700487203896e-03
  2.144999951124e-01, -1.708879790385e-05,  2.702278842345e+01, -1.012972276658e-02
  3.145000040531e-01,  3.349429243826e-05,  2.702273784036e+01, -8.365281857550e-03
  4.150000065565e-01,  9.131574188359e-05,  2.702268001891e+01, -8.965079672635e-03
  4.905000030994e-01,  1.013550348580e-02,  2.701263583117e+01, -8.614529855549e-03
  5.119999945164e-01,  2.043900080025e-02,  2.700233233385e+01,  1.039982866496e-02
  5.234999954700e-01,  3.066719137132e-02,  2.699210414328e+01,  2.305724471807e-02
  5.320000052452e-01,  4.122246056795e-02,  2.698154887409e+01,  1.763107627630e-02
  5.390000045300e-01,  5.123985558748e-02,  2.697153147907e+01,  1.858817785978e-02
  5.454999953508e-01,  6.144035607576e-02,  2.696133097858e+01,  2.930938452482e-02
  5.515000075102e-01,  7.215584069490e-02,  2.695061549396e+01,  4.487907141447e-02
  5.565000027418e-01,  8.231819421053e-02,  2.694045314044e+01,  3.773986548185e-02
  5.614999979734e-01,  9.308326989412e-02,  2.692968806476e+01,  2.222167700529e-02
  5.664999932051e-01,  1.037644222379e-01,  2.691900691242e+01,  1.473914831877e-02
  5.715000033379e-01,  1.139496639371e-01,  2.690882167072e+01,  6.281964015216e-03
  5.770000070333e-01,  1.241349056363e-01,  2.689863642902e+01,  9.720675647259e-03
  5.830000042915e-01,  1.341637372971e-01,  2.688860759736e+01,  2.074133604765e-02
  5.894999951124e-01,  1.441773176193e-01,  2.687859401703e+01,  2.810751646757e-02
  5.970000028610e-01,  1.546066999435e-01,  2.686816463471e+01,  1.739340275526e-02
  6.069999933243e-01,  1.647022962570e-01,  2.685806903840e+01,  2.611952275038e-02
  6.210000067949e-01,  1.750878095627e-01,  2.684768352509e+01,  6.967001408339e-02
  6.319999992847e-01,  1.855763196945e-01,  2.683719501496e+01,  7.109396904707e-02
  6.414999961853e-01,  1.960209608078e-01,  2.682675037385e+01,  6.580203026533e-02
  6.504999995232e-01,  2.061260938644e-01,  2.681664524079e+01,  6.580742448568e-02
  6.599999964237e-01,  2.165440320969e-01,  2.680622730256e+01,  6.693931668997e-02
  6.700000017881e-01,  2.266567945480e-01,  2.679611454011e+01,  6.717010587454e-02
  6.815000027418e-01,  2.368592023849e-01,  2.678591213227e+01,  8.365341275930e-02
  6.924999952316e-01,  2.470291852951e-01,  2.677574214936e+01,  9.398361295462e-02
  7.025000005960e-01,  2.573708295822e-01,  2.676540050507e+01,  9.356388449669e-02
  7.119999974966e-01,  2.675751447678e-01,  2.675519618989e+01,  9.574261307716e-02
  7.214999943972e-01,  2.777069807053e-01,  2.674506435395e+01,  9.679677337408e-02
  7.314999997616e-01,  2.878388166428e-01,  2.673493251801e+01,  9.749724715948e-02
  7.425000071526e-01,  2.980526685715e-01,  2.672471866608e+01,  1.091816648841e-01
  7.534999996424e-01,  3.082302808762e-01,  2.671454105378e+01,  1.214249357581e-01
  7.639999985695e-01,  3.187276422977e-01,  2.670404369236e+01,  1.226580664515e-01
  7.740000039339e-01,  3.292028009892e-01,  2.669356853366e+01,  1.248383447528e-01
  7.839999943972e-01,  3.396970331669e-01,  2.668307430149e+01,  1.276845932007e-01
  7.939999997616e-01,  3.499356806278e-01,  2.667283565403e+01,  1.303467750549e-01
  8.044999986887e-01,  3.601571619511e-01,  2.666261417270e+01,  1.381306648254e-01
  8.149999976158e-01,  3.701840937138e-01,  2.665258724094e+01,  1.481671333313e-01
  8.254999965429e-01,  3.805238306522e-01,  2.664224750400e+01,  1.538825035095e-01
  8.355000019073e-01,  3.907472193241e-01,  2.663202411533e+01,  1.582360267639e-01
  8.455000072718e-01,  4.011270105839e-01,  2.662164432407e+01,  1.627111434937e-01
  8.554999977350e-01,  4.113923609257e-01,  2.661137897373e+01,  1.653270721436e-01
  8.659999966621e-01,  4.218484461308e-01,  2.660092288852e+01,  1.718254089355e-01
  8.764999955893e-01,  4.320680201054e-01,  2.659070331455e+01,  1.808853149414e-01
  8.869999945164e-01,  4.423543512821e-01,  2.658041698337e+01,  1.879634857178e-01
  8.969999998808e-01,  4.524060785770e-01,  2.657036525608e+01,  1.922364234924e-01
  9.070000052452e-01,  4.627400934696e-01,  2.656003124118e+01,  1.970477104187e-01
  9.169999957085e-01,  4.731465876102e-01,  2.654962474704e+01,  2.008719444275e-01
  9.270000010729e-01,  4.833928644657e-01,  2.653937847019e+01,  2.042045593262e-01
  9.375000000000e-01,  4.938642084599e-01,  2.652890712619e+01,  2.092351913452e-01
  9.479999989271e-01,  5.041124224663e-01,  2.651865891219e+01,  2.173814773560e-01
  9.584999978542e-01,  5.143873095512e-01,  2.650838402510e+01,  2.239856719971e-01
  9.685000032187e-01,  5.244123339653e-01,  2.649835900069e+01,  2.286767959595e-01
  9.784999936819e-01,  5.346090197563e-01,  2.648816231490e+01,  2.335138320923e-01
  9.884999990463e-01,  5.447522997856e-01,  2.647801903487e+01,  2.386455535889e-01
  9.989999979734e-01,  5.551702380180e-01,  2.646760109664e+01,  2.440223693848e-01
  1.009499996901e+00,  5.652639269829e-01,  2.645750740767e+01,  2.517509460449e-01
  1.019999995828e+00,  5.752812027931e-01,  2.644749013186e+01,  2.602564394474e-01
  1.030499994755e+00,  5.855236649513e-01,  2.643724766970e+01,  2.663055956364e-01
  1.040500000119e+00,  5.955372452736e-01,  2.642723408938e+01,  2.701288759708e-01
  1.050500005484e+00,  6.056309342384e-01,  2.641714040041e+01,  2.741543352604e-01
  1.060499995947e+00,  6.157093644142e-01,  2.640706197024e+01,  2.781340181828e-01
  1.070999994874e+00,  6.261120438576e-01,  2.639665929080e+01,  2.837282717228e-01
  1.081499993801e+00,  6.363468766212e-01,  2.638642445803e+01,  2.901674807072e-01
  1.091999992728e+00,  6.466255784035e-01,  2.637614575625e+01,  2.978712618351e-01
  1.102500006557e+00,  6.570778489113e-01,  2.636569348574e+01,  3.052336275578e-01
  1.112499997020e+00,  6.671944260597e-01,  2.635557690859e+01,  3.092972338200e-01
  1.122500002384e+00,  6.773834824562e-01,  2.634538785220e+01,  3.130766451359e-01
  1.132499992847e+00,  6.874695420265e-01,  2.633530179263e+01,  3.188044130802e-01
  1.142499998212e+00,  6.974831223488e-01,  2.632528821230e+01,  3.253294527531e-01
  1.152500003576e+00,  7.075729966164e-01,  2.631519833804e+01,  3.309790194035e-01
  1.162499994040e+00,  7.176933884621e-01,  2.630507794619e+01,  3.376814424992e-01
  1.172499999404e+00,  7.278366684914e-01,  2.629493466616e+01,  3.443190157413e-01
  1.182500004768e+00,  7.380715012550e-01,  2.628469983340e+01,  3.495222628117e-01
  1.192499995232e+00,  7.483101487160e-01,  2.627446118594e+01,  3.543926775455e-01
  1.202500000596e+00,  7.584305405617e-01,  2.626434079409e+01,  3.605324327946e-01
  1.212500005960e+00,  7.685280442238e-01,  2.625424329043e+01,  3.664623796940e-01
  1.222499996424e+00,  7.785568833351e-01,  2.624421445132e+01,  3.717667162418e-01
  1.232999995351e+00,  7.889481186867e-01,  2.623382321597e+01,  3.782841265202e-01
  1.243499994278e+00,  7.992745041847e-01,  2.622349683047e+01,  3.846584856510e-01
  1.253999993205e+00,  8.096390366554e-01,  2.621313229800e+01,  3.904034197330e-01
  1.264500007033e+00,  8.200818896294e-01,  2.620268944502e+01,  3.966729044914e-01
  1.274499997497e+00,  8.301526904106e-01,  2.619261864424e+01,  4.029747843742e-01
  1.284500002861e+00,  8.403188586235e-01,  2.618245247603e+01,  4.090401530266e-01
  1.294499993324e+00,  8.504850268364e-01,  2.617228630782e+01,  4.143540263176e-01
  1.304499998689e+00,  8.605634570122e-01,  2.616220787764e+01,  4.206559062004e-01
  1.314999997616e+00,  8.709852099419e-01,  2.615178612471e+01,  4.271094202995e-01
  1.325499996543e+00,  8.812734484673e-01,  2.614149788619e+01,  4.323880076408e-01
  1.335999995470e+00,  8.915349841118e-01,  2.613123635054e+01,  4.384486079216e-01
  1.346499994397e+00,  9.018537402153e-01,  2.612091759444e+01,  4.450814127922e-01
  1.356999993324e+00,  9.123021960258e-01,  2.611046913863e+01,  4.509379267693e-01
  1.366999998689e+00,  9.223234057426e-01,  2.610044792891e+01,  4.575697779655e-01
  1.377000004053e+00,  9.324170947075e-01,  2.609035423995e+01,  4.639994502068e-01
  1.386999994516e+00,  9.425260424614e-01,  2.608024529219e+01,  4.704214930534e-01
  1.396999999881e+00,  9.525396227837e-01,  2.607023171187e+01,  4.752976298332e-01
  1.407499998808e+00,  9.627954363823e-01,  2.605997589827e+01,  4.795500636101e-01
  1.418500006199e+00,  9.729024767876e-01,  2.604986885787e+01,  4.815242290497e-01
  1.430999994278e+00,  9.829084277153e-01,  2.603986290694e+01,  4.842185974121e-01
  1.447999998927e+00,  9.929258227348e-01,  2.602984551192e+01,  4.887900352478e-01
  1.460999995470e+00,  9.975540041924e-01,  2.602521733046e+01,  4.933934211731e-01
  1.561000004411e+00,  1.003295898438e+00,  2.601947543622e+01,  5.013186931610e-01
  1.661500006914e+00,  1.002675771713e+00,  2.602009556294e+01,  4.996612370014e-01
  1.761999994516e+00,  1.001896858215e+00,  2.602087447644e+01,  4.957986176014e-01
  1.862000003457e+00,  1.001275777817e+00,  2.602149555684e+01,  4.944927096367e-01
  1.962500005960e+00,  1.000818133354e+00,  2.602195320130e+01,  4.940706789494e-01
  2.062999993563e+00,  1.000514149666e+00,  2.602225718499e+01,  4.937014579773e-01
  2.163000002503e+00,  1.000293374062e+00,  2.602247796059e+01,  4.917452037334e-01
  2.263500005007e+00,  1.000169038773e+00,  2.602260229588e+01,  4.883027076721e-01
  2.364000007510e+00,  1.000090003014e+00,  2.602268133164e+01,  4.889120161533e-01
  2.464499995112e+00,  1.000030875206e+00,  2.602274045945e+01,  4.882605671883e-01
  2.564500004053e+00,  1.000049591064e+00,  2.602272174359e+01,  4.890913963318e-01
  2.665000006557e+00,  1.000028967857e+00,  2.602274236680e+01,  4.868242740631e-01
  2.765499994159e+00,  1.000001668930e+00,  2.602276966572e+01,  4.856159985065e-01
  2.865500003099e+00,  1.000032424927e+00,  2.602273890973e+01,  4.843383431435e-01
  2.966000005603e+00,  9.999947547913e-01,  2.602277657986e+01,  4.850494265556e-01
  3.066499993205e+00,  1.000006318092e+00,  2.602276501656e+01,  4.836926162243e-01
  3.166500002146e+00,  1.000028014183e+00,  2.602274332047e+01,  4.799256026745e-01
  3.267000004649e+00,  1.000007748604e+00,  2.602276358605e+01,  4.820499122143e-01
  3.367500007153e+00,  9.999916553497e-01,  2.602277967930e+01,  4.828346669674e-01
  3.467999994755e+00,  1.000001072884e+00,  2.602277026177e+01,  4.879262745380e-01
  3.568000003695e+00,  1.000008344650e+00,  2.602276299000e+01,  4.823262989521e-01
  3.668500006199e+00,  1.000017881393e+00,  2.602275345326e+01,  4.819775521755e-01
  3.768999993801e+00,  9.999933838844e-01,  2.602277795077e+01,  4.805648326874e-01
  3.869000002742e+00,  1.000041484833e+00,  2.602272984982e+01,  4.844080209732e-01
  3.969500005245e+00,  1.000027060509e+00,  2.602274427414e+01,  4.808273911476e-01
  4.069999992847e+00,  1.000004768372e+00,  2.602276656628e+01,  4.797393679619e-01
  4.170000001788e+00,  9.999868869781e-01,  2.602278444767e+01,  4.786246418953e-01
  4.270500004292e+00,  1.000005722046e+00,  2.602276561261e+01,  4.809831082821e-01
  4.371000006795e+00,  1.000021100044e+00,  2.602275023461e+01,  4.791937172413e-01
  4.471499994397e+00,  1.000008940697e+00,  2.602276239396e+01,  4.794938862324e-01
  4.571500003338e+00,  1.000020503998e+00,  2.602275083066e+01,  4.778773486614e-01
  4.672000005841e+00,  1.000004172325e+00,  2.602276716233e+01,  4.793562889099e-01
  4.772499993443e+00,  1.000006794930e+00,  2.602276453972e+01,  4.770398437977e-01
  4.872500002384e+00,  1.000009655952e+00,  2.602276167870e+01,  4.763078987598e-01
  4.973000004888e+00,  1.000033020973e+00,  2.602273831368e+01,  4.758078455925e-01
  5.073500007391e+00,  1.000002861023e+00,  2.602276847363e+01,  4.764263033867e-01
  5.173999994993e+00,  1.000020980835e+00,  2.602275035382e+01,  4.780486524105e-01
  5.274000003934e+00,  1.000000000000e+00,  2.602277133465e+01,  4.761197865009e-01
  5.374500006437e+00,  1.000044465065e+00,  2.602272686959e+01,  4.759399890900e-01
  5.474999994040e+00,  1.000024080276e+00,  2.602274725438e+01,  4.731891751289e-01
  5.575000002980e+00,  9.999963641167e-01,  2.602277497054e+01,  4.752710163593e-01
  5.675500005484e+00,  9.999958276749e-01,  2.602277550698e+01,  4.742417931557e-01
  5.775999993086e+00,  1.000007033348e+00,  2.602276430130e+01,  4.747381508350e-01
  5.876000002027e+00,  9.999979734421e-01,  2.602277336121e+01,  4.750267863274e-01
  5.975999996066e+00,  1.000009655952e+00,  2.602276167870e+01,  4.735645055771e-01
  6.076000005007e+00,  1.000015258789e+00,  2.602275607586e+01,  4.731631278992e-01
  6.175999999046e+00,  1.000010251999e+00,  2.602276108265e+01,  4.728046059608e-01
  6.275999993086e+00,  1.000016808510e+00,  2.602275452614e+01,  4.738329052925e-01
  6.376000002027e+00,  1.000014781952e+00,  2.602275655270e+01,  4.716693162918e-01
  6.475999996066e+00,  9.999891519547e-01,  2.602278218270e+01,  4.726423621178e-01
  6.576000005007e+00,  9.999934434891e-01,  2.602277789116e+01,  4.720990359783e-01
  6.675999999046e+00,  1.000020027161e+00,  2.602275130749e+01,  4.716643095016e-01
  6.775999993086e+00,  1.000024676323e+00,  2.602274665833e+01,  4.722737669945e-01
  6.876000002027e+00,  1.000002980232e+00,  2.602276835442e+01,  4.723085165024e-01
  6.975999996066e+00,  1.000008225441e+00,  2.602276310921e+01,  4.787808060646e-01
  7.076000005007e+00,  1.000021576881e+00,  2.602274975777e+01,  4.720864593983e-01
  7.175999999046e+00,  1.000034451485e+00,  2.602273688317e+01,  4.713548123837e-01
  7.275999993086e+00,  1.000009059906e+00,  2.602276227475e+01,  4.721290469170e-01
  7.376000002027e+00,  9.999923110008e-01,  2.602277902365e+01,  4.695552587509e-01
  7.475999996066e+00,  9.999967813492e-01,  2.602277455330e+01,  4.724830985069e-01
  7.576000005007e+00,  1.000028133392e+00,  2.602274320126e+01,  4.727482795715e-01
  7.675999999046e+00,  1.000008702278e+00,  2.602276263237e+01,  4.722588956356e-01
  7.775999993086e+00,  1.000014781952e+00,  2.602275655270e+01,  4.700571596622e-01
  7.876000002027e+00,  1.000022768974e+00,  2.602274856568e+01,  4.716792702675e-01
  7.975999996066e+00,  1.000008106232e+00,  2.602276322842e+01,  4.682670235634e-01
  8.076000005007e+00,  1.000014901161e+00,  2.602275643349e+01,  4.716032743454e-01
  8.175999999046e+00,  1.000011444092e+00,  2.602275989056e+01,  4.675435721874e-01
  8.275999993086e+00,  1.000014901161e+00,  2.602275643349e+01,  4.691021740437e-01
  8.376000002027e+00,  1.000023841858e+00,  2.602274749280e+01,  4.684628248215e-01
  8.475999996066e+00,  1.000021219254e+00,  2.602275011540e+01,  4.676701128483e-01
  8.576000005007e+00,  1.000014424324e+00,  2.602275691033e+01,  4.693081080914e-01
  8.675999999046e+00,  1.000002861023e+00,  2.602276847363e+01,  4.673650860786e-01
  8.775999993086e+00,  1.000004529953e+00,  2.602276680470e+01,  4.684182703495e-01
  8.876000002027e+00,  1.000004649162e+00,  2.602276668549e+01,  4.669863879681e-01
  8.975999996066e+00,  9.999827742577e-01,  2.602278856040e+01,  4.662352800369e-01
  9.076000005007e+00,  9.999977350235e-01,  2.602277359963e+01,  4.680863320827e-01
  9.175999999046e+00,  1.000008225441e+00,  2.602276310921e+01,  4.656289219856e-01
  9.275999993086e+00,  1.000015377998e+00,  2.602275595665e+01,  4.653224050999e-01
  9.376000002027e+00,  1.000000476837e+00,  2.602277085782e+01,  4.659858047962e-01
  9.475999996066e+00,  9.999971985817e-01,  2.602277413607e+01,  4.694618284702e-01
  9.576000005007e+00,  9.999820590019e-01,  2.602278927565e+01,  4.658409357071e-01
  9.675999999046e+00,  1.000007510185e+00,  2.602276382447e+01,  4.689183831215e-01
  9.775999993086e+00,  9.999915957451e-01,  2.602277973891e+01,  4.672819077969e-01
  9.876000002027e+00,  1.000032186508e+00,  2.602273914814e+01,  4.666806459427e-01
  9.975999996066e+00,  1.000003337860e+00,  2.602276799679e+01,  4.659805297852e-01
  1.007600000501e+01,  1.000007390976e+00,  2.602276394368e+01,  4.650299549103e-01
  1.017599999905e+01,  1.000021100044e+00,  2.602275023461e+01,  4.677864015102e-01
  1.027599999309e+01,  1.000023365021e+00,  2.602274796963e+01,  4.651616513729e-01
  1.037600000203e+01,  1.000000596046e+00,  2.602277073861e+01,  4.635027050972e-01
  1.047599999607e+01,  1.000018954277e+00,  2.602275238038e+01,  4.651233553886e-01
  1.057600000501e+01,  1.000002741814e+00,  2.602276859284e+01,  4.660060107708e-01
  1.067599999905e+01,  1.000006914139e+00,  2.602276442051e+01,  4.647089540958e-01
  1.077599999309e+01,  1.000002741814e+00,  2.602276859284e+01,  4.644595384598e-01
  1.087600000203e+01,  1.000007748604e+00,  2.602276358605e+01,  4.627939760685e-01
  1.097599999607e+01,  1.000003814697e+00,  2.602276751996e+01,  4.626810550690e-01
  1.107600000501e+01,  9.999995827675e-01,  2.602277175189e+01,  4.643446505070e-01
  1.117599999905e+01,  1.000022172928e+00,  2.602274916173e+01,  4.640788435936e-01
  1.127599999309e+01,  1.000016331673e+00,  2.602275500298e+01,  4.607270956039e-01
  1.137600000203e+01,  1.000010967255e+00,  2.602276036740e+01,  4.619882702827e-01
  1.147599999607e+01,  1.000002503395e+00,  2.602276883126e+01,  4.612814486027e-01
  1.157600000501e+01,  9.999896883965e-01,  2.602278164626e+01,  4.617326259613e-01
  1.167599999905e+01,  1.000008940697e+00,  2.602276239396e+01,  4.609803259373e-01
  1.177599999309e+01,  1.000014185905e+00,  2.602275714875e+01,  4.611780047417e-01
  1.187600000203e+01,  1.000000834465e+00,  2.602277050019e+01,  4.588961601257e-01
  1.197599999607e+01,  1.000014305115e+00,  2.602275702954e+01,  4.597859680653e-01
  1.207600000501e+01,  9.999963641167e-01,  2.602277497054e+01,  4.598715603352e-01
  1.217599999905e+01,  1.000025033951e+00,  2.602274630070e+01,  4.621826410294e-01
  1.227599999309e+01,  1.000007748604e+00,  2.602276358605e+01,  4.619695246220e-01
  1.237600000203e+01,  9.999952912331e-01,  2.602277604342e+01,  4.612628817558e-01
  1.247599999607e+01,  1.000015974045e+00,  2.602275536061e+01,  4.612508118153e-01
  1.257600000501e+01,  1.000011801720e+00,  2.602275953293e+01,  4.588325917721e-01
  1.267599999905e+01,  9.999974966049e-01,  2.602277383805e+01,  4.595485031605e-01
  1.277599999309e+01,  1.000037550926e+00,  2.602273378373e+01,  4.598136544228e-01
  1.287600000203e+01,  1.000003337860e+00,  2.602276799679e+01,  4.588851332664e-01
  1.297599999607e+01,  1.000006318092e+00,  2.602276501656e+01,  4.612263739109e-01
  1.307600000501e+01,  1.000006079674e+00,  2.602276525498e+01,  4.597023725510e-01
  1.317599999905e+01,  9.999912977219e-01,  2.602278003693e+01,  4.559051096439e-01
  1.327599999309e+01,  1.000036716461e+00,  2.602273461819e+01,  4.587540030479e-01
  1.337600000203e+01,  9.999965429306e-01,  2.602277479172e+01,  4.598814845085e-01
  1.347599999607e+01,  1.000016927719e+00,  2.602275440693e+01,  4.580887854099e-01
  1.357600000501e+01,  9.999762177467e-01,  2.602279511691e+01,  4.593864679337e-01
  1.367599999905e+01,  1.000016689301e+00,  2.602275464535e+01,  4.586130678654e-01
  1.377599999309e+01,  9.999918937683e-01,  2.602277944088e+01,  4.597265720367e-01
  1.387600000203e+01,  1.000015616417e+00,  2.602275571824e+01,  4.602958261967e-01
  1.397599999607e+01,  1.000023007393e+00,  2.602274832726e+01,  4.585270881653e-01
  1.407600000501e+01,  9.999883174896e-01,  2.602278301716e+01,  4.595606327057e-01
  1.417599999905e+01,  1.000021934509e+00,  2.602274940014e+01,  4.569858312607e-01
  1.427599999309e+01,  1.000001788139e+00,  2.602276954651e+01,  4.575262665749e-01
  1.437600000203e+01,  1.000027179718e+00,  2.602274415494e+01,  4.573650658131e-01
  1.447599999607e+01,  1.000012040138e+00,  2.602275929451e+01,  4.583784937859e-01
  1.457600000501e+01,  9.999926686287e-01,  2.602277866602e+01,  4.597367942333e-01
  1.467599999905e+01,  9.999896883965e-01,  2.602278164626e+01,  4.568960964680e-01
  1.477599999309e+01,  9.999986886978e-01,  2.602277264596e+01,  4.587433040142e-01
  1.487600000203e+01,  9.999996423721e-01,  2.602277169228e+01,  4.570619761944e-01
  1.497599999607e+01,  1.000024199486e+00,  2.602274713517e+01,  4.582793712616e-01
  1.507600000501e+01,  1.000012874603e+00,  2.602275846005e+01,  4.574760198593e-01
  1.517599999905e+01,  1.000017523766e+00,  2.602275381089e+01,  4.573710262775e-01
  1.527599999309e+01,  1.000008821487e+00,  2.602276251317e+01,  4.586913287640e-01
  1.537600000203e+01,  1.000009298325e+00,  2.602276203633e+01,  4.574337601662e-01
  1.547599999607e+01,  9.999991655350e-01,  2.602277216912e+01,  4.565736055374e-01
  1.557600000501e+01,  1.000007271767e+00,  2.602276406289e+01,  4.586954116821e-01
  1.567599999905e+01,  1.000002384186e+00,  2.602276895047e+01,  4.558667838573e-01
  1.577599999309e+01,  1.000003814697e+00,  2.602276751996e+01,  4.598731100559e-01
  1.587600000203e+01,  9.999817013741e-01,  2.602278963328e+01,  4.548442959785e-01
  1.597599999607e+01,  9.999942779541e-01,  2.602277705670e+01,  4.577219784260e-01
  1.607600000501e+01,  1.000009536743e+00,  2.602276179791e+01,  4.575604498386e-01
  1.617599999905e+01,  1.000024318695e+00,  2.602274701596e+01,  4.566238820553e-01
  1.627599999309e+01,  1.000012159348e+00,  2.602275917531e+01,  4.559291899204e-01
  1.637600000203e+01,  1.000009775162e+00,  2.602276155949e+01,  4.569053053856e-01
  1.647599999607e+01,  1.000006079674e+00,  2.602276525498e+01,  4.559924304485e-01
  1.657600000501e+01,  1.000012278557e+00,  2.602275905610e+01,  4.553639292717e-01
  1.667599999905e+01,  1.000020742416e+00,  2.602275059224e+01,  4.572273194790e-01
  1.677599999309e+01,  9.999920129776e-01,  2.602277932168e+01,  4.548693597317e-01
  1.687600000203e+01,  1.000011086464e+00,  2.602276024819e+01,  4.532552361488e-01
  1.697599999607e+01,  9.999965429306e-01,  2.602277479172e+01,  4.542342722416e-01
  1.707600000501e+01,  1.000011444092e+00,  2.602275989056e+01,  4.543795585632e-01
  1.717599999905e+01,  9.999952912331e-01,  2.602277604342e+01,  4.544631242752e-01
  1.727599999309e+01,  9.999922513962e-01,  2.602277908326e+01,  4.538311064243e-01
  1.737600000203e+01,  9.999827146530e-01,  2.602278862000e+01,  4.552353918552e-01
  1.747599999607e+01,  1.000017046928e+00,  2.602275428772e+01,  4.540756940842e-01
  1.757600000501e+01,  9.999858140945e-01,  2.602278552056e+01,  4.527212679386e-01
  1.767599999905e+01,  1.000012636185e+00,  2.602275869847e+01,  4.525447487831e-01
  1.777599999309e+01,  1.000023126602e+00,  2.602274820805e+01,  4.558983445168e-01
  1.787600000203e+01,  1.000009059906e+00,  2.602276227475e+01,  4.545225501060e-01
  1.797599999607e+01,  9.999973177910e-01,  2.602277401686e+01,  4.551185667515e-01
  1.807600000501e+01,  1.000006079674e+00,  2.602276525498e+01,  4.540960490704e-01
  1.817599999905e+01,  9.999817609787e-01,  2.602278957367e+01,  4.544430375099e-01
  1.827599999309e+01,  1.000014185905e+00,  2.602275714875e+01,  4.537267684937e-01
  1.837600000203e+01,  1.000005125999e+00,  2.602276620865e+01,  4.545393288136e-01
  1.847599999607e+01,  1.000018715858e+00,  2.602275261879e+01,  4.545789062977e-01
  1.857600000501e+01,  1.000014662743e+00,  2.602275667191e+01,  4.538193047047e-01
  1.867599999905e+01,  1.000004291534e+00,  2.602276704312e+01,  4.550986588001e-01
  1.877599999309e+01,  9.999871850014e-01,  2.602278414965e+01,  4.524794816971e-01
  1.887600000203e+01,  1.000000596046e+00,  2.602277073861e+01,  4.551910161972e-01
  1.897599999607e+01,  1.000032067299e+00,  2.602273926735e+01,  4.526295661926e-01
  1.907600000501e+01,  9.999820590019e-01,  2.602278927565e+01,  4.522594511509e-01
  1.917599999905e+01,  9.999992251396e-01,  2.602277210951e+01,  4.525080919266e-01
  1.927599999309e+01,  9.999715685844e-01,  2.602279976607e+01,  4.554274082184e-01
  1.937600000203e+01,  9.999760985374e-01,  2.602279523612e+01,  4.533173739910e-01
  1.947599999607e+01,  1.000004529953e+00,  2.602276680470e+01,  4.523970186710e-01
  1.957600000501e+01,  1.000031590462e+00,  2.602273974419e+01,  4.522150754929e-01
  1.967599999905e+01,  9.999900460243e-01,  2.602278128863e+01,  4.519712626934e-01
  1.977599999309e+01,  9.999780654907e-01,  2.602279326916e+01,  4.515181779861e-01
  1.987600000203e+01,  1.000027656555e+00,  2.602274367810e+01,  4.513266980648e-01
  1.997599999607e+01,  9.999917149544e-01,  2.602277961970e+01,  4.505149424076e-01
  2.007600000501e+01,  1.000019192696e+00,  2.602275214196e+01,  4.490169286728e-01
  2.017599999905e+01,  1.000025987625e+00,  2.602274534703e+01,  4.521312713623e-01
  2.027599999309e+01,  1.000020384789e+00,  2.602275094986e+01,  4.502844214439e-01
  2.037600000203e+01,  1.000009894371e+00,  2.602276144028e+01,  4.490774869919e-01
  2.047599999607e+01,  1.000003099442e+00,  2.602276823521e+01,  4.496926069260e-01
  2.057600000501e+01,  9.999842643738e-01,  2.602278707028e+01,  4.481492936611e-01
  2.067599999905e+01,  9.999899864197e-01,  2.602278134823e+01,  4.490552544594e-01
  2.077599999309e+01,  9.999981522560e-01,  2.602277318240e+01,  4.484132528305e-01
  2.087600000203e+01,  1.000001549721e+00,  2.602276978493e+01,  4.485666751862e-01
  2.097599999607e+01,  9.999991059303e-01,  2.602277222872e+01,  4.506141543388e-01
  2.107600000501e+01,  1.000000596046e+00,  2.602277073861e+01,  4.499946534634e-01
  2.117599999905e+01,  1.000008583069e+00,  2.602276275158e+01,  4.501854777336e-01
  2.127599999309e+01,  1.000005960464e+00,  2.602276537419e+01,  4.500648975372e-01
  2.137600000203e+01,  1.000017166138e+00,  2.602275416852e+01,  4.506358802319e-01
  2.147599999607e+01,  9.999651312828e-01,  2.602280620337e+01,  4.524597227573e-01
  2.157600000501e+01,  1.000013470650e+00,  2.602275786400e+01,  4.471330642700e-01
  2.167599999905e+01,  9.999785423279e-01,  2.602279279233e+01,  4.500648975372e-01
  2.177599999309e+01,  9.999969005585e-01,  2.602277443409e+01,  4.493205845356e-01
  2.187600000203e+01,  1.000005841255e+00,  2.602276549340e+01,  4.475951194763e-01
  2.197599999607e+01,  1.000021815300e+00,  2.602274951935e+01,  4.488096833229e-01
  2.207600000501e+01,  1.000031828880e+00,  2.602273950577e+01,  4.484677910805e-01
  2.217599999905e+01,  9.999756813049e-01,  2.602279565335e+01,  4.490077793598e-01
  2.227599999309e+01,  1.000000357628e+00,  2.602277097703e+01,  4.468481242657e-01
  2.237600000203e+01,  9.999849200249e-01,  2.602278641463e+01,  4.481059610844e-01
  2.247599999607e+01,  9.999973773956e-01,  2.602277395726e+01,  4.483681321144e-01
  2.257600000501e+01,  1.000003576279e+00,  2.602276775837e+01,  4.471728205681e-01
  2.267599999905e+01,  9.999925494194e-01,  2.602277878523e+01,  4.487759768963e-01
  2.277599999309e+01,  1.000014185905e+00,  2.602275714875e+01,  4.474523365498e-01
  2.287600000203e+01,  9.999923706055e-01,  2.602277896405e+01,  4.469244778156e-01
  2.297599999607e+01,  1.000027418137e+00,  2.602274391652e+01,  4.464970231056e-01
  2.307600000501e+01,  1.000031471252e+00,  2.602273986340e+01,  4.470711946487e-01
  2.317599999905e+01,  1.000012874603e+00,  2.602275846005e+01,  4.485610425472e-01
  2.327599999309e+01,  1.000001311302e+00,  2.602277002335e+01,  4.476546347141e-01
  2.337600000203e+01,  9.999921321869e-01,  2.602277920247e+01,  4.451999068260e-01
  2.347599999607e+01,  9.999732375145e-01,  2.602279809714e+01,  4.462486803532e-01
  2.357600000501e+01,  1.000025510788e+00,  2.602274582387e+01,  4.460791349411e-01
  2.367599999905e+01,  9.999760985374e-01,  2.602279523612e+01,  4.476651549339e-01
  2.377599999309e+01,  1.000033140182e+00,  2.602273819447e+01,  4.471034109592e-01
  2.387600000203e+01,  9.999895691872e-01,  2.602278176547e+01,  4.478666484356e-01
  2.397599999607e+01,  9.999992251396e-01,  2.602277210951e+01,  4.483679533005e-01
  2.407600000501e+01,  1.000034928322e+00,  2.602273640633e+01,  4.446793496609e-01
  2.417599999905e+01,  1.000004887581e+00,  2.602276644707e+01,  4.468556344509e-01
  2.427599999309e+01,  1.000005960464e+00,  2.602276537419e+01,  4.441640675068e-01
  2.437600000203e+01,  1.000004291534e+00,  2.602276704312e+01,  4.438884258270e-01
  2.447599999607e+01,  9.999928474426e-01,  2.602277848721e+01,  4.464067220688e-01
  2.457600000501e+01,  1.000006675720e+00,  2.602276465893e+01,  4.457319378853e-01
  2.467599999905e+01,  9.999806880951e-01,  2.602279064656e+01,  4.435297250748e-01
  2.477599999309e+01,  1.000006914139e+00,  2.602276442051e+01,  4.441641867161e-01
  2.487600000203e+01,  9.999824762344e-01,  2.602278885842e+01,  4.442284405231e-01
  2.497599999607e+01,  9.999785423279e-01,  2.602279279233e+01,  4.472456872463e-01
  2.507600000501e+01,  9.999946355820e-01,  2.602277669907e+01,  4.445932209492e-01
  2.517599999905e+01,  9.999781250954e-01,  2.602279320956e+01,  4.454632699490e-01
  2.527599999309e+01,  1.000010848045e+00,  2.602276048661e+01,  4.426219165325e-01
  2.537600000203e+01,  1.000028371811e+00,  2.602274296284e+01,  4.467067122459e-01
  2.547599999607e+01,  9.999899864197e-01,  2.602278134823e+01,  4.436843097210e-01
  2.557600000501e+01,  9.999995231628e-01,  2.602277181149e+01,  4.427687823772e-01
  2.567599999905e+01,  1.000012516975e+00,  2.602275881768e+01,  4.435369372368e-01
  2.577599999309e+01,  1.000007510185e+00,  2.602276382447e+01,  4.421277642250e-01
  2.587600000203e+01,  1.000039339066e+00,  2.602273199559e+01,  4.444233775139e-01
  2.597599999607e+01,  1.000023245811e+00,  2.602274808884e+01,  4.423691332340e-01
  2.607600000501e+01,  9.999846816063e-01,  2.602278665305e+01,  4.434905350208e-01
  2.617599999905e+01,  1.000009417534e+00,  2.602276191712e+01,  4.428447186947e-01
  2.627599999309e+01,  9.999902248383e-01,  2.602278110981e+01,  4.413080811501e-01
  2.637600000203e+01,  1.000014305115e+00,  2.602275702954e+01,  4.403223693371e-01
  2.647599999607e+01,  1.000007748604e+00,  2.602276358605e+01,  4.424034953117e-01
  2.657600000501e+01,  9.999832510948e-01,  2.602278808356e+01,  4.427272975445e-01
  2.667599999905e+01,  1.000023603439e+00,  2.602274773121e+01,  4.408775269985e-01
  2.677599999309e+01,  9.999986290932e-01,  2.602277270556e+01,  4.422306418419e-01
  2.687600000203e+01,  9.999895095825e-01,  2.602278182507e+01,  4.426501691341e-01
  2.697599999607e+01,  9.999755620956e-01,  2.602279577256e+01,  4.420469999313e-01
  2.707600000501e+01,  1.000003695488e+00,  2.602276763917e+01,  4.428780972958e-01
  2.717599999905e+01,  1.000007152557e+00,  2.602276418210e+01,  4.419628679752e-01
  2.727599999309e+01,  1.000006198883e+00,  2.602276513577e+01,  4.402087926865e-01
  2.737600000203e+01,  1.000001192093e+00,  2.602277014256e+01,  4.415907859802e-01
  2.747599999607e+01,  9.999930858612e-01,  2.602277824879e+01,  4.437260329723e-01
  2.757600000501e+01,  1.000016808510e+00,  2.602275452614e+01,  4.425579607487e-01
  2.767599999905e+01,  1.000008940697e+00,  2.602276239396e+01,  4.425018727779e-01
  2.777599999309e+01,  9.999871253967e-01,  2.602278420926e+01,  4.424616098404e-01
  2.787600000203e+01,  9.999877810478e-01,  2.602278355361e+01,  4.418182373047e-01
  2.797599999607e+01,  9.999762773514e-01,  2.602279505730e+01,  4.430172741413e-01
  2.807600000501e+01,  1.000016808510e+00,  2.602275452614e+01,  4.433479011059e-01
  2.817599999905e+01,  1.000007987022e+00,  2.602276334763e+01,  4.427835643291e-01
  2.827599999309e+01,  1.000028967857e+00,  2.602274236680e+01,  4.397903978825e-01
  2.837600000203e+01,  1.000002622604e+00,  2.602276871205e+01,  4.426885247231e-01
  2.847599999607e+01,  9.999986886978e-01,  2.602277264596e+01,  4.371383488178e-01
  2.857600000501e+01,  9.999973177910e-01,  2.602277401686e+01,  4.388289749622e-01
  2.867599999905e+01,  1.000011205673e+00,  2.602276012898e+01,  4.392281472683e-01
  2.877599999309e+01,  1.000025153160e+00,  2.602274618149e+01,  4.387499392033e-01
  2.887600000203e+01,  1.000005125999e+00,  2.602276620865e+01,  4.408945739269e-01
  2.897599999607e+01,  1.000016093254e+00,  2.602275524140e+01,  4.400716722012e-01
  2.907600000501e+01,  9.999944567680e-01,  2.602277687789e+01,  4.393256902695e-01
  2.917599999905e+01,  1.000002861023e+00,  2.602276847363e+01,  4.372407495975e-01
  2.927599999309e+01,  9.999985694885e-01,  2.602277276516e+01,  4.380041062832e-01
  2.937600000203e+01,  9.999945759773e-01,  2.602277675868e+01,  4.376954138279e-01
  2.947599999607e+01,  9.999831914902e-01,  2.602278814316e+01,  4.385663270950e-01
  2.957600000501e+01,  9.999936223030e-01,  2.602277771235e+01,  4.373260140419e-01
  2.967599999905e+01,  9.999836087227e-01,  2.602278772593e+01,  4.387594461441e-01
  2.977599999309e+01,  9.999890327454e-01,  2.602278230191e+01,  4.369809329510e-01
  2.987600000203e+01,  9.999966025352e-01,  2.602277473212e+01,  4.390696287155e-01
  2.997599999607e+01,  1.000001907349e+00,  2.602276942730e+01,  4.343562722206e-01
  3.007600000501e+01,  1.000003457069e+00,  2.602276787758e+01,  4.370956420898e-01
  3.017599999905e+01,  9.999979138374e-01,  2.602277342082e+01,  4.365504384041e-01
  3.027599999309e+01,  9.999940395355e-01,  2.602277729512e+01,  4.400394558907e-01
  3.037600000203e+01,  9.999847412109e-01,  2.602278659344e+01,  4.380545616150e-01
  3.047599999607e+01,  9.999891519547e-01,  2.602278218270e+01,  4.397678971291e-01
  3.057600000501e+01,  9.999983310699e-01,  2.602277300358e+01,  4.360713958740e-01
  3.067599999905e+01,  1.000006556511e+00,  2.602276477814e+01,  4.378295242786e-01
  3.077599999309e+01,  9.999894499779e-01,  2.602278188468e+01,  4.374752044678e-01
  3.087600000203e+01,  1.000015735626e+00,  2.602275559903e+01,  4.367086589336e-01
  3.097599999607e+01,  1.000017285347e+00,  2.602275404931e+01,  4.381320178509e-01
  3.107600000501e+01,  1.000010848045e+00,  2.602276048661e+01,  4.371232092381e-01
  3.117599999905e+01,  1.000009059906e+00,  2.602276227475e+01,  4.378418028355e-01
  3.127599999309e+01,  1.000031232834e+00,  2.602274010182e+01,  4.372137784958e-01
  3.137600000203e+01,  9.999935626984e-01,  2.602277777195e+01,  4.392651915550e-01
  3.147599999607e+01,  9.999930262566e-01,  2.602277830840e+01,  4.385183751583e-01
  3.157600000501e+01,  1.000028014183e+00,  2.602274332047e+01,  4.344760477543e-01
  3.167599999905e+01,  9.999806880951e-01,  2.602279064656e+01,  4.371697604656e-01
  3.177599999309e+01,  1.000014066696e+00,  2.602275726796e+01,  4.366004168987e-01
  3.187600000203e+01,  1.000012516975e+00,  2.602275881768e+01,  4.380795955658e-01
  3.197599999607e+01,  1.000010132790e+00,  2.602276120186e+01,  4.369155764580e-01
  3.207600000501e+01,  1.000013232231e+00,  2.602275810242e+01,  4.358264803886e-01
  3.217599999905e+01,  9.999808073044e-01,  2.602279052735e+01,  4.374411106110e-01
  3.227599999309e+01,  9.999948143959e-01,  2.602277652026e+01,  4.360422194004e-01
  3.237600000203e+01,  1.000016570091e+00,  2.602275476456e+01,  4.358667135239e-01
  3.247599999607e+01,  1.000009775162e+00,  2.602276155949e+01,  4.350078105927e-01
  3.257600000501e+01,  1.000022292137e+00,  2.602274904252e+01,  4.362624585629e-01
  3.267599999905e+01,  1.000022411346e+00,  2.602274892331e+01,  4.354083836079e-01
  3.277599999309e+01,  9.999718070030e-01,  2.602279952765e+01,  4.352870881557e-01
  3.287600000203e+01,  9.999534487724e-01,  2.602281788588e+01,  4.340663254261e-01
  3.297599999607e+01,  9.999979734421e-01,  2.602277336121e+01,  4.344656169415e-01
  3.307600000501e+01,  9.999600052834e-01,  2.602281132937e+01,  4.359101951122e-01
  3.317599999905e+01,  1.000005841255e+00,  2.602276549340e+01,  4.361040890217e-01
  3.327599999309e+01,  9.999823570251e-01,  2.602278897763e+01,  4.344129264355e-01
  3.337600000203e+01,  9.999840855598e-01,  2.602278724909e+01,  4.358031451702e-01
  3.347599999607e+01,  9.999904036522e-01,  2.602278093100e+01,  4.376495480537e-01
  3.357600000501e+01,  9.999861717224e-01,  2.602278516293e+01,  4.366363286972e-01
  3.367599999905e+01,  1.000000715256e+00,  2.602277061940e+01,  4.347311556339e-01
  3.377599999309e+01,  1.000020146370e+00,  2.602275118828e+01,  4.361499249935e-01
  3.387600000203e+01,  1.000010490417e+00,  2.602276084424e+01,  4.357593357563e-01
  3.397599999607e+01,  1.000001788139e+00,  2.602276954651e+01,  4.345394670963e-01
  3.407600000501e+01,  1.000006198883e+00,  2.602276513577e+01,  4.349811673164e-01
  3.417599999905e+01,  1.000004529953e+00,  2.602276680470e+01,  4.360507130623e-01
  3.427599999309e+01,  9.999777078629e-01,  2.602279362679e+01,  4.363521635532e-01
  3.437600000203e+01,  1.000016927719e+00,  2.602275440693e+01,  4.363161921501e-01
  3.447599999607e+01,  9.999867081642e-01,  2.602278462649e+01,  4.361024796963e-01
  3.457600000501e+01,  1.000013709068e+00,  2.602275762558e+01,  4.378458559513e-01
  3.467599999905e+01,  9.999991655350e-01,  2.602277216912e+01,  4.362810552120e-01
  3.477599999309e+01,  9.999841451645e-01,  2.602278718949e+01,  4.354512691498e-01
  3.487600000203e+01,  1.000016927719e+00,  2.602275440693e+01,  4.342154264450e-01
  3.497599999607e+01,  9.999954104424e-01,  2.602277592421e+01,  4.343982040882e-01
  3.507600000501e+01,  1.000002622604e+00,  2.602276871205e+01,  4.355349242687e-01
  3.517599999905e+01,  1.000000119209e+00,  2.602277121544e+01,  4.360625147820e-01
  3.527599999309e+01,  9.999883770943e-01,  2.602278295756e+01,  4.371152818203e-01
  3.537600000203e+01,  1.000002145767e+00,  2.602276918889e+01,  4.335760474205e-01
  3.547599999607e+01,  9.999778270721e-01,  2.602279350758e+01,  4.328097403049e-01
  3.557600000501e+01,  9.999914169312e-01,  2.602277991772e+01,  4.339568316936e-01
  3.567599999905e+01,  1.000000238419e+00,  2.602277109623e+01,  4.333184659481e-01
  3.577599999309e+01,  9.999698400497e-01,  2.602280149460e+01,  4.334653019905e-01
  3.587600000203e+01,  1.000012516975e+00,  2.602275881768e+01,  4.325280487537e-01
  3.597599999607e+01,  1.000019073486e+00,  2.602275226117e+01,  4.309835433960e-01
  3.607600000501e+01,  1.000019192696e+00,  2.602275214196e+01,  4.320345818996e-01
  3.617599999905e+01,  1.000028610229e+00,  2.602274272442e+01,  4.371075630188e-01
  3.627599999309e+01,  1.000025749207e+00,  2.602274558545e+01,  4.356992542744e-01
  3.637600000203e+01,  1.000011801720e+00,  2.602275953293e+01,  4.339843392372e-01
  3.647599999607e+01,  9.999815225601e-01,  2.602278981209e+01,  4.314581453800e-01
  3.657600000501e+01,  9.999909400940e-01,  2.602278039456e+01,  4.323432445526e-01
  3.667599999905e+01,  1.000014662743e+00,  2.602275667191e+01,  4.330993294716e-01
  3.677599999309e+01,  1.000015020370e+00,  2.602275631428e+01,  4.347774088383e-01
  3.687600000203e+01,  1.000020861626e+00,  2.602275047303e+01,  4.324739873409e-01
  3.697599999607e+01,  1.000031709671e+00,  2.602273962498e+01,  4.335663616657e-01
  3.707600000501e+01,  1.000012278557e+00,  2.602275905610e+01,  4.284599721432e-01
  3.717599999905e+01,  1.000003814697e+00,  2.602276751996e+01,  4.336002171040e-01
  3.727599999309e+01,  9.999892115593e-01,  2.602278212309e+01,  4.303625822067e-01
  3.737600000203e+01,  9.999855160713e-01,  2.602278581858e+01,  4.334541559219e-01
  3.747599999607e+01,  9.999945163727e-01,  2.602277681828e+01,  4.310763478279e-01
  3.757600000501e+01,  9.999693632126e-01,  2.602280197144e+01,  4.298174381256e-01
  3.767599999905e+01,  1.000014662743e+00,  2.602275667191e+01,  4.326884150505e-01
  3.777599999309e+01,  1.000011801720e+00,  2.602275953293e+01,  4.290723502636e-01
  3.787600000203e+01,  9.999892115593e-01,  2.602278212309e+01,  4.310291707516e-01
  3.797599999607e+01,  1.000013113022e+00,  2.602275822163e+01,  4.305317997932e-01
  3.807600000501e+01,  9.999888539314e-01,  2.602278248072e+01,  4.308201968670e-01
  3.817599999905e+01,  9.999733567238e-01,  2.602279797793e+01,  4.285370409489e-01
  3.827599999309e+01,  1.000003814697e+00,  2.602276751996e+01,  4.315356016159e-01
  3.837600000203e+01,  1.000001311302e+00,  2.602277002335e+01,  4.305272996426e-01
  3.847599999607e+01,  9.999865293503e-01,  2.602278480530e+01,  4.281628131866e-01
  3.857600000501e+01,  1.000010251999e+00,  2.602276108265e+01,  4.318656921387e-01
  3.867599999905e+01,  9.999771714211e-01,  2.602279416323e+01,  4.296378791332e-01
  3.877599999309e+01,  9.999846816063e-01,  2.602278665305e+01,  4.306072890759e-01
  3.887600000203e+01,  9.999933838844e-01,  2.602277795077e+01,  4.294596314430e-01
  3.897599999607e+01,  9.999942779541e-01,  2.602277705670e+01,  4.283776879311e-01
  3.907600000501e+01,  9.999905228615e-01,  2.602278081179e+01,  4.290859997272e-01
  3.917599999905e+01,  1.000003814697e+00,  2.602276751996e+01,  4.305885732174e-01
  3.927599999309e+01,  1.000004887581e+00,  2.602276644707e+01,  4.287702441216e-01
  3.937600000203e+01,  1.000020861626e+00,  2.602275047303e+01,  4.295796155930e-01
  3.947599999607e+01,  1.000026106834e+00,  2.602274522782e+01,  4.302227795124e-01
  3.957600000501e+01,  1.000014781952e+00,  2.602275655270e+01,  4.300439655781e-01
  3.967599999905e+01,  1.000025033951e+00,  2.602274630070e+01,  4.283335208893e-01
  3.977599999309e+01,  9.999971985817e-01,  2.602277413607e+01,  4.303411841393e-01
  3.987600000203e+01,  9.999904036522e-01,  2.602278093100e+01,  4.290275275707e-01
  3.997599999607e+01,  1.000003099442e+00,  2.602276823521e+01,  4.298537075520e-01
  4.007600000501e+01,  1.000008821487e+00,  2.602276251317e+01,  4.302645325661e-01
  4.017599999905e+01,  9.999960064888e-01,  2.602277532816e+01,  4.275304973125e-01
  4.027599999309e+01,  9.999912977219e-01,  2.602278003693e+01,  4.289259910583e-01
  4.037600000203e+01,  1.000002861023e+00,  2.602276847363e+01,  4.278536438942e-01
  4.047599999607e+01,  1.000013947487e+00,  2.602275738717e+01,  4.304393231869e-01
  4.057600000501e+01,  9.999994635582e-01,  2.602277187109e+01,  4.274380803108e-01
  4.067599999905e+01,  9.999902248383e-01,  2.602278110981e+01,  4.275935590267e-01
  4.077599999309e+01,  1.000001072884e+00,  2.602277026177e+01,  4.297327995300e-01
  4.087600000203e+01,  1.000011205673e+00,  2.602276012898e+01,  4.312052130699e-01
  4.097599999607e+01,  9.999992251396e-01,  2.602277210951e+01,  4.318041205406e-01
  4.107600000501e+01,  9.999856948853e-01,  2.602278563977e+01,  4.307487010956e-01
  4.117599999905e+01,  1.000044584274e+00,  2.602272675038e+01,  4.276113212109e-01
  4.127599999309e+01,  1.000012516975e+00,  2.602275881768e+01,  4.293476343155e-01
  4.137600000203e+01,  9.999908208847e-01,  2.602278051377e+01,  4.304696321487e-01
  4.147599999607e+01,  1.000016689301e+00,  2.602275464535e+01,  4.281289279461e-01
  4.157600000501e+01,  1.000011920929e+00,  2.602275941372e+01,  4.288103282452e-01
  4.167599999905e+01,  9.999828338623e-01,  2.602278850079e+01,  4.262816905975e-01
  4.177599999309e+01,  1.000033497810e+00,  2.602273783684e+01,  4.251440167427e-01
  4.187600000203e+01,  1.000021696091e+00,  2.602274963856e+01,  4.254477322102e-01
  4.197599999607e+01,  1.000003576279e+00,  2.602276775837e+01,  4.274361729622e-01
  4.207600000501e+01,  1.000018119812e+00,  2.602275321484e+01,  4.268551170826e-01
  4.217599999905e+01,  1.000023365021e+00,  2.602274796963e+01,  4.260364472866e-01
  4.227599999309e+01,  1.000018596649e+00,  2.602275273800e+01,  4.272629618645e-01
  4.237600000203e+01,  9.999701976776e-01,  2.602280113698e+01,  4.250086843967e-01
  4.247599999607e+01,  9.999986886978e-01,  2.602277264596e+01,  4.262316524982e-01
  4.257600000501e+01,  9.999976158142e-01,  2.602277371884e+01,  4.265695214272e-01
  4.267599999905e+01,  1.000003933907e+00,  2.602276740075e+01,  4.259061217308e-01
  4.277599999309e+01,  1.000011563301e+00,  2.602275977135e+01,  4.291906654835e-01
  4.287600000203e+01,  1.000010013580e+00,  2.602276132107e+01,  4.274686872959e-01
  4.297599999607e+01,  9.999920725822e-01,  2.602277926207e+01,  4.274941980839e-01
  4.307600000501e+01,  1.000041604042e+00,  2.602272973061e+01,  4.250775277615e-01
  4.317599999905e+01,  9.999919533730e-01,  2.602277938128e+01,  4.282446801662e-01
  4.327599999309e+01,  1.000010371208e+00,  2.602276096344e+01,  4.265738129616e-01
  4.337600000203e+01,  1.000005602837e+00,  2.602276573182e+01,  4.255557358265e-01
  4.347599999607e+01,  1.000000357628e+00,  2.602277097703e+01,  4.257841706276e-01
  4.357600000501e+01,  1.000007271767e+00,  2.602276406289e+01,  4.264010488987e-01
  4.367599999905e+01,  9.999760389328e-01,  2.602279529572e+01,  4.262122809887e-01
  4.377599999309e+01,  9.999799132347e-01,  2.602279142142e+01,  4.253651797771e-01
  4.387600000203e+01,  1.000006079674e+00,  2.602276525498e+01,  4.261638820171e-01
  4.397599999607e+01,  1.000012397766e+00,  2.602275893689e+01,  4.254493117332e-01
  4.407600000501e+01,  1.000019073486e+00,  2.602275226117e+01,  4.243017137051e-01
  4.417599999905e+01,  9.999752640724e-01,  2.602279607058e+01,  4.267265796661e-01
  4.427599999309e+01,  9.999960064888e-01,  2.602277532816e+01,  4.237862229347e-01
  4.437600000203e+01,  1.000015020370e+00,  2.602275631428e+01,  4.253649115562e-01
  4.447599999607e+01,  1.000028610229e+00,  2.602274272442e+01,  4.234639406204e-01
  4.457600000501e+01,  9.999955892563e-01,  2.602277574540e+01,  4.273819327354e-01
  4.467599999905e+01,  1.000006675720e+00,  2.602276465893e+01,  4.261783659458e-01
  4.477599999309e+01,  9.999902844429e-01,  2.602278105021e+01,  4.237763285637e-01
  4.487600000203e+01,  1.000010251999e+00,  2.602276108265e+01,  4.253228306770e-01
  4.497599999607e+01,  1.000011801720e+00,  2.602275953293e+01,  4.252822399139e-01
  4.507600000501e+01,  9.999904036522e-01,  2.602278093100e+01,  4.264218807220e-01
  4.517599999905e+01,  1.000025868416e+00,  2.602274546624e+01,  4.249683916569e-01
  4.527599999309e+01,  1.000000715256e+00,  2.602277061940e+01,  4.252162575722e-01
  4.537600000203e+01,  9.999929666519e-01,  2.602277836800e+01,  4.231241345406e-01
  4.547599999607e+01,  9.999936819077e-01,  2.602277765275e+01,  4.256770908833e-01
  4.557600000501e+01,  1.000000953674e+00,  2.602277038098e+01,  4.249330163002e-01
  4.567599999905e+01,  1.000029325485e+00,  2.602274200917e+01,  4.244819879532e-01
  4.577599999309e+01,  1.000019788742e+00,  2.602275154591e+01,  4.250650405884e-01
  4.587600000203e+01,  1.000023245811e+00,  2.602274808884e+01,  4.255651235580e-01
  4.597599999607e+01,  9.999778270721e-01,  2.602279350758e+01,  4.250991642475e-01
  4.607600000501e+01,  9.999734759331e-01,  2.602279785872e+01,  4.232292771339e-01
  4.617599999905e+01,  9.999862909317e-01,  2.602278504372e+01,  4.251269698143e-01
  4.627599999309e+01,  9.999984502792e-01,  2.602277288437e+01,  4.238087236881e-01
  4.637600000203e+01,  1.000012636185e+00,  2.602275869847e+01,  4.213539958000e-01
  4.647599999607e+01,  1.000007033348e+00,  2.602276430130e+01,  4.229630529881e-01
  4.657600000501e+01,  1.000012755394e+00,  2.602275857926e+01,  4.217752516270e-01
  4.667599999905e+01,  9.999820590019e-01,  2.602278927565e+01,  4.242874085903e-01
  4.677599999309e+01,  9.999685883522e-01,  2.602280274630e+01,  4.213135242462e-01
  4.687600000203e+01,  9.999868869781e-01,  2.602278444767e+01,  4.255383312702e-01
  4.697599999607e+01,  1.000011682510e+00,  2.602275965214e+01,  4.223394393921e-01
  4.707600000501e+01,  1.000006914139e+00,  2.602276442051e+01,  4.233792126179e-01
  4.717599999905e+01,  9.999943971634e-01,  2.602277693749e+01,  4.240292310715e-01
  4.727599999309e+01,  1.000015854836e+00,  2.602275547982e+01,  4.252294301987e-01
  4.737600000203e+01,  1.000001072884e+00,  2.602277026177e+01,  4.267577826977e-01
  4.747599999607e+01,  1.000007748604e+00,  2.602276358605e+01,  4.254087805748e-01
  4.757600000501e+01,  1.000007033348e+00,  2.602276430130e+01,  4.245790839195e-01
  4.767599999905e+01,  9.999862909317e-01,  2.602278504372e+01,  4.230975508690e-01
  4.777599999309e+01,  1.000019073486e+00,  2.602275226117e+01,  4.224909543991e-01
  4.787600000203e+01,  1.000023365021e+00,  2.602274796963e+01,  4.241408407688e-01
  4.797599999607e+01,  1.000028371811e+00,  2.602274296284e+01,  4.215040504932e-01
  4.807600000501e+01,  1.000002264977e+00,  2.602276906968e+01,  4.217222630978e-01
  4.817599999905e+01,  9.999876618385e-01,  2.602278367281e+01,  4.227234125137e-01
  4.827599999309e+01,  9.999896287918e-01,  2.602278170586e+01,  4.225921034813e-01
  4.837600000203e+01,  9.999909996986e-01,  2.602278033495e+01,  4.216983914375e-01
  4.847599999607e+01,  9.999954104424e-01,  2.602277592421e+01,  4.225014746189e-01
  4.857600000501e+01,  1.000000834465e+00,  2.602277050019e+01,  4.238893389702e-01
  4.867599999905e+01,  9.999832510948e-01,  2.602278808356e+01,  4.217512905598e-01
  4.877599999309e+01,  9.999820590019e-01,  2.602278927565e+01,  4.229946434498e-01
  4.887600000203e+01,  9.999607801437e-01,  2.602281055451e+01,  4.217557609081e-01
  4.897599999607e+01,  1.000008821487e+00,  2.602276251317e+01,  4.225518107414e-01
  4.907600000501e+01,  9.999992251396e-01,  2.602277210951e+01,  4.226884543896e-01
  4.917599999905e+01,  9.999928474426e-01,  2.602277848721e+01,  4.230529367924e-01
  4.927599999309e+01,  9.999817609787e-01,  2.602278957367e+01,  4.204463064671e-01
  4.937600000203e+01,  1.000006079674e+00,  2.602276525498e+01,  4.225156009197e-01
  4.947599999607e+01,  9.999982714653e-01,  2.602277306319e+01,  4.214133620262e-01
  4.957600000501e+01,  1.000003218651e+00,  2.602276811600e+01,  4.214818775654e-01
  4.967599999905e+01,  9.999974370003e-01,  2.602277389765e+01,  4.222449958324e-01
  4.977599999309e+01,  9.999990463257e-01,  2.602277228833e+01,  4.208580553532e-01
  4.987600000203e+01,  9.999954104424e-01,  2.602277592421e+01,  4.221735596657e-01
  4.997599999607e+01,  1.000012755394e+00,  2.602275857926e+01,  4.214865863323e-01
  5.007600000501e+01,  9.999889731407e-01,  2.602278236151e+01,  4.192560613155e-01
  5.017599999905e+01,  9.999927878380e-01,  2.602277854682e+01,  4.170555174351e-01
  5.027599999309e+01,  9.999944567680e-01,  2.602277687789e+01,  4.204620718956e-01
  5.037600000203e+01,  9.999944567680e-01,  2.602277687789e+01,  4.208523929119e-01
  5.047599999607e+01,  1.000003695488e+00,  2.602276763917e+01,  4.216013252735e-01
  5.057600000501e+01,  9.999935626984e-01,  2.602277777195e+01,  4.208063483238e-01
  5.067599999905e+01,  1.000006318092e+00,  2.602276501656e+01,  4.201247692108e-01
  5.077599999309e+01,  9.999861717224e-01,  2.602278516293e+01,  4.197905957699e-01
  5.087600000203e+01,  1.000005125999e+00,  2.602276620865e+01,  4.205257296562e-01
  5.097599999607e+01,  1.000006794930e+00,  2.602276453972e+01,  4.179166257381e-01
  5.107600000501e+01,  9.999963641167e-01,  2.602277497054e+01,  4.188390672207e-01
  5.117599999905e+01,  1.000007987022e+00,  2.602276334763e+01,  4.191643893719e-01
  5.127599999309e+01,  1.000018000603e+00,  2.602275333405e+01,  4.198359847069e-01
  5.137600000203e+01,  9.999946355820e-01,  2.602277669907e+01,  4.192675352097e-01
  5.147599999607e+01,  9.999997615814e-01,  2.602277157307e+01,  4.188224971294e-01
  5.157600000501e+01,  1.000007510185e+00,  2.602276382447e+01,  4.198825657368e-01
  5.167599999905e+01,  1.000014305115e+00,  2.602275702954e+01,  4.183958768845e-01
  5.177599999309e+01,  1.000018239021e+00,  2.602275309563e+01,  4.204170107841e-01
  5.187600000203e+01,  1.000026702881e+00,  2.602274463177e+01,  4.187688231468e-01
  5.197599999607e+01,  9.999795556068e-01,  2.602279177905e+01,  4.159729778767e-01
  5.207600000501e+01,  1.000007748604e+00,  2.602276358605e+01,  4.176129996777e-01
  5.217599999905e+01,  9.999864697456e-01,  2.602278486491e+01,  4.196496307850e-01
  5.227599999309e+01,  1.000024318695e+00,  2.602274701596e+01,  4.187818169594e-01
  5.237600000203e+01,  9.999716877937e-01,  2.602279964686e+01,  4.186900854111e-01
  5.247599999607e+01,  9.999748468399e-01,  2.602279648781e+01,  4.198902249336e-01
  5.257600000501e+01,  1.000001072884e+00,  2.602277026177e+01,  4.181184470654e-01
  5.267599999905e+01,  1.000010728836e+00,  2.602276060582e+01,  4.197717607021e-01
  5.277599999309e+01,  1.000006914139e+00,  2.602276442051e+01,  4.185182154179e-01
  5.287600000203e+01,  1.000002741814e+00,  2.602276859284e+01,  4.180806875229e-01
  5.297599999607e+01,  9.999985694885e-01,  2.602277276516e+01,  4.182645976543e-01
  5.307600000501e+01,  1.000011086464e+00,  2.602276024819e+01,  4.190257191658e-01
  5.317599999905e+01,  9.999873042107e-01,  2.602278403044e+01,  4.186984300613e-01
  5.327599999309e+01,  9.999873638153e-01,  2.602278397084e+01,  4.173711240292e-01
  5.337600000203e+01,  9.999951720238e-01,  2.602277616263e+01,  4.189533889294e-01
  5.347599999607e+01,  9.999958276749e-01,  2.602277550698e+01,  4.179809391499e-01
  5.357600000501e+01,  9.999985694885e-01,  2.602277276516e+01,  4.188247025013e-01
  5.367599999905e+01,  9.999934434891e-01,  2.602277789116e+01,  4.138919711113e-01
  5.377599999309e+01,  1.000007390976e+00,  2.602276394368e+01,  4.174315035343e-01
  5.387600000203e+01,  9.999983310699e-01,  2.602277300358e+01,  4.161985814571e-01
  5.397599999607e+01,  9.999923110008e-01,  2.602277902365e+01,  4.170289039612e-01
  5.407600000501e+01,  1.000000715256e+00,  2.602277061940e+01,  4.162175953388e-01
  5.417599999905e+01,  1.000016331673e+00,  2.602275500298e+01,  4.161199927330e-01
  5.427599999309e+01,  9.999703168869e-01,  2.602280101777e+01,  4.179552495480e-01
  5.437600000203e+01,  1.000000476837e+00,  2.602277085782e+01,  4.175783097744e-01
  5.447599999607e+01,  9.999703764915e-01,  2.602280095816e+01,  4.181796312332e-01
  5.457600000501e+01,  9.999766349792e-01,  2.602279469967e+01,  4.173768460751e-01
  5.467599999905e+01,  1.000004053116e+00,  2.602276728154e+01,  4.160646796227e-01
  5.477599999309e+01,  9.999960660934e-01,  2.602277526856e+01,  4.164108335972e-01
  5.487600000203e+01,  1.000011682510e+00,  2.602275965214e+01,  4.157238304615e-01
  5.497599999607e+01,  1.000019311905e+00,  2.602275202275e+01,  4.173301458359e-01
  5.507600000501e+01,  9.999982714653e-01,  2.602277306319e+01,  4.189451634884e-01
  5.517599999905e+01,  9.999952912331e-01,  2.602277604342e+01,  4.167876839638e-01
  5.527599999309e+01,  1.000002145767e+00,  2.602276918889e+01,  4.146263897419e-01
  5.537600000203e+01,  1.000001668930e+00,  2.602276966572e+01,  4.159937202930e-01
  5.547599999607e+01,  9.999942183495e-01,  2.602277711630e+01,  4.170643389225e-01
  5.557600000501e+01,  9.999601840973e-01,  2.602281115056e+01,  4.154720604420e-01
  5.567599999905e+01,  9.999840259552e-01,  2.602278730870e+01,  4.165668189526e-01
  5.577599999309e+01,  9.999999403954e-01,  2.602277139426e+01,  4.167382717133e-01
  5.587600000203e+01,  9.999880194664e-01,  2.602278331519e+01,  4.171886742115e-01
  5.597599999607e+01,  9.999833106995e-01,  2.602278802395e+01,  4.155808091164e-01
  5.607600000501e+01,  1.000007867813e+00,  2.602276346684e+01,  4.186955690384e-01
  5.617599999905e+01,  1.000025749207e+00,  2.602274558545e+01,  4.190535545349e-01
  5.627599999309e+01,  1.000051617622e+00,  2.602271971703e+01,  4.183004200459e-01
  5.637600000203e+01,  1.000006556511e+00,  2.602276477814e+01,  4.165725111961e-01
  5.647599999607e+01,  1.000030875206e+00,  2.602274045945e+01,  4.161541461945e-01
  5.657600000501e+01,  1.000021815300e+00,  2.602274951935e+01,  4.159832596779e-01
  5.667599999905e+01,  1.000005364418e+00,  2.602276597024e+01,  4.154555201530e-01
  5.677599999309e+01,  1.000006318092e+00,  2.602276501656e+01,  4.155325293541e-01
  5.687600000203e+01,  1.000020265579e+00,  2.602275106907e+01,  4.161987304688e-01
  5.697599999607e+01,  9.999938011169e-01,  2.602277753354e+01,  4.150966405869e-01
  5.707600000501e+01,  9.999923706055e-01,  2.602277896405e+01,  4.155691862106e-01
  5.717599999905e+01,  9.999884963036e-01,  2.602278283835e+01,  4.175365567207e-01
  5.727599999309e+01,  1.000005722046e+00,  2.602276561261e+01,  4.151958823204e-01
  5.737600000203e+01,  1.000005006790e+00,  2.602276632786e+01,  4.146066904068e-01
  5.747599999607e+01,  9.999868869781e-01,  2.602278444767e+01,  4.171666204929e-01
  5.757600000501e+01,  9.999898076057e-01,  2.602278152705e+01,  4.167895615101e-01
  5.767599999905e+01,  9.999750852585e-01,  2.602279624939e+01,  4.178059101105e-01
  5.777599999309e+01,  1.000014424324e+00,  2.602275691033e+01,  4.191285967827e-01
  5.787600000203e+01,  9.999777078629e-01,  2.602279362679e+01,  4.182039797306e-01
  5.797599999607e+01,  9.999890327454e-01,  2.602278230191e+01,  4.185031056404e-01
  5.807600000501e+01,  9.999940991402e-01,  2.602277723551e+01,  4.164593219757e-01
  5.817599999905e+01,  9.999656677246e-01,  2.602280566693e+01,  4.177536666393e-01
  5.827599999309e+01,  1.000014066696e+00,  2.602275726796e+01,  4.178843498230e-01
  5.837600000203e+01,  9.999732375145e-01,  2.602279809714e+01,  4.193844497204e-01
  5.847599999607e+01,  9.999982714653e-01,  2.602277306319e+01,  4.179861545563e-01
  5.857600000501e+01,  1.000008463860e+00,  2.602276287079e+01,  4.149180054665e-01
  5.867599999905e+01,  1.000017881393e+00,  2.602275345326e+01,  4.164729714394e-01
  5.877599999309e+01,  1.000000953674e+00,  2.602277038098e+01,  4.159915745258e-01
  5.887600000203e+01,  1.000012040138e+00,  2.602275929451e+01,  4.182481765747e-01
  5.897599999607e+01,  9.999923706055e-01,  2.602277896405e+01,  4.174253046513e-01
  5.907600000501e+01,  9.999841451645e-01,  2.602278718949e+01,  4.168597459793e-01
  5.917599999905e+01,  1.000034689903e+00,  2.602273664475e+01,  4.158155620098e-01
  5.927599999309e+01,  1.000021576881e+00,  2.602274975777e+01,  4.143455922604e-01
  5.937600000203e+01,  1.000007510185e+00,  2.602276382447e+01,  4.176140725613e-01
  5.947599999607e+01,  1.000013828278e+00,  2.602275750638e+01,  4.151892960072e-01
  5.957600000501e+01,  1.000006437302e+00,  2.602276489735e+01,  4.170393347740e-01
  5.967599999905e+01,  1.000022888184e+00,  2.602274844647e+01,  4.157304465771e-01
  5.977599999309e+01,  1.000002622604e+00,  2.602276871205e+01,  4.155505597591e-01
  5.987600000203e+01,  9.999967217445e-01,  2.602277461291e+01,  4.150271415710e-01
  5.997599999607e+01,  1.000009059906e+00,  2.602276227475e+01,  4.171160757542e-01
  6.007600000501e+01,  9.999967813492e-01,  2.602277455330e+01,  4.164134263992e-01
  6.017599999905e+01,  9.999900460243e-01,  2.602278128863e+01,  4.142837822437e-01
  6.027599999309e+01,  9.999748468399e-01,  2.602279648781e+01,  4.152317047119e-01
  6.037600000203e+01,  1.000000119209e+00,  2.602277121544e+01,  4.153643250465e-01
  6.047599999607e+01,  9.999765753746e-01,  2.602279475928e+01,  4.163739979267e-01
  6.057600000501e+01,  1.000022649765e+00,  2.602274868489e+01,  4.144212305546e-01
  6.067599999905e+01,  1.000021219254e+00,  2.602275011540e+01,  4.143538773060e-01
  6.077599999309e+01,  1.000015735626e+00,  2.602275559903e+01,  4.152584969997e-01
  6.087600000203e+01,  9.999936223030e-01,  2.602277771235e+01,  4.132310748100e-01
  6.097599999607e+01,  9.999886751175e-01,  2.602278265954e+01,  4.159231781960e-01
  6.107600000501e+01,  9.999924898148e-01,  2.602277884484e+01,  4.134585857391e-01
  6.117599999905e+01,  9.999619722366e-01,  2.602280936242e+01,  4.132457971573e-01
  6.127599999309e+01,  9.999648332596e-01,  2.602280650139e+01,  4.136590957642e-01
  6.137600000203e+01,  9.999915957451e-01,  2.602277973891e+01,  4.144619703293e-01
  6.147599999607e+01,  1.000005006790e+00,  2.602276632786e+01,  4.119717180729e-01
  6.156800000370e+01,  1.000013113022e+00,  2.602275822163e+01,  4.137641489506e-01
  6.156900000572e+01,  1.000014185905e+00,  2.602275714875e+01,  4.138890802860e-01
  6.157199999690e+01,  1.000018596649e+00,  2.602275273800e+01,  4.141589701176e-01
  6.167200000584e+01,  9.999961853027e-01,  2.602277514935e+01,  4.123663902283e-01
  6.175550000370e+01,  9.899077415466e-01,  2.603286359311e+01,  4.146758913994e-01
  6.177850000560e+01,  9.796109199524e-01,  2.604316041470e+01,  3.924142718315e-01
  6.179000000656e+01,  9.691224098206e-01,  2.605364892483e+01,  3.733579516411e-01
  6.179749999940e+01,  9.590477943420e-01,  2.606372354031e+01,  3.799511790276e-01
  6.180400000513e+01,  9.490227699280e-01,  2.607374856473e+01,  3.825936913490e-01
  6.181049999595e+01,  9.383225440979e-01,  2.608444879056e+01,  3.811774253845e-01
  6.181649999321e+01,  9.280648231506e-01,  2.609470651150e+01,  3.799248933792e-01
  6.182250000536e+01,  9.176506996155e-01,  2.610512063504e+01,  3.774340152740e-01
  6.182850000262e+01,  9.073777198792e-01,  2.611539361477e+01,  3.796350955963e-01
  6.183499999344e+01,  8.968567848206e-01,  2.612591454983e+01,  3.789336681366e-01
  6.184199999273e+01,  8.868012428284e-01,  2.613597009182e+01,  3.786272406578e-01
  6.185050000250e+01,  8.762574195862e-01,  2.614651391507e+01,  3.569063544273e-01
  6.185899999738e+01,  8.661217689514e-01,  2.615664956570e+01,  3.430780768394e-01
  6.186750000715e+01,  8.556389808655e-01,  2.616713235379e+01,  3.312754034996e-01
  6.187549999356e+01,  8.450684547424e-01,  2.617770287991e+01,  3.223108649254e-01
  6.188300000131e+01,  8.343529701233e-01,  2.618841836453e+01,  3.184333443642e-01
  6.189000000060e+01,  8.239139318466e-01,  2.619885740281e+01,  3.202979564667e-01
  6.189699999988e+01,  8.135837316513e-01,  2.620918760300e+01,  3.208208978176e-01
  6.190449999273e+01,  8.031352758408e-01,  2.621963605881e+01,  3.190036118031e-01
  6.191249999404e+01,  7.929500341415e-01,  2.622982130051e+01,  3.165340721607e-01
  6.192200000584e+01,  7.825053930283e-01,  2.624026594162e+01,  3.130407631397e-01
  6.193400000036e+01,  7.721236944199e-01,  2.625064764023e+01,  3.000097572803e-01
  6.194750000536e+01,  7.619975805283e-01,  2.626077375412e+01,  2.781458199024e-01
  6.195949999988e+01,  7.515815496445e-01,  2.627118978501e+01,  2.701325714588e-01
  6.196950000525e+01,  7.415336370468e-01,  2.628123769761e+01,  2.674951851368e-01
  6.197900000215e+01,  7.313064336777e-01,  2.629146490098e+01,  2.664567232132e-01
  6.198849999905e+01,  7.210067510605e-01,  2.630176458359e+01,  2.649345397949e-01
  6.199850000441e+01,  7.106193304062e-01,  2.631215200425e+01,  2.588911056519e-01
  6.200900000334e+01,  7.002319097519e-01,  2.632253942490e+01,  2.514333724976e-01
  6.201999999583e+01,  6.898006200790e-01,  2.633297071457e+01,  2.432985156775e-01
  6.203100000322e+01,  6.793922185898e-01,  2.634337911606e+01,  2.346677631140e-01
  6.204150000215e+01,  6.692584753036e-01,  2.635351285935e+01,  2.292995303869e-01
  6.205200000107e+01,  6.590522527695e-01,  2.636371908188e+01,  2.244682163000e-01
  6.206250000000e+01,  6.489299535751e-01,  2.637384138108e+01,  2.175760120153e-01
  6.207299999893e+01,  6.388572454453e-01,  2.638391408921e+01,  2.123546451330e-01
  6.208400000632e+01,  6.284145116806e-01,  2.639435682297e+01,  2.049436420202e-01
  6.209450000525e+01,  6.183017492294e-01,  2.640446958542e+01,  1.982393115759e-01
  6.210449999571e+01,  6.082004308701e-01,  2.641457090378e+01,  1.902055591345e-01
  6.211400000751e+01,  5.980190038681e-01,  2.642475233078e+01,  1.855306476355e-01
  6.212350000441e+01,  5.875247716904e-01,  2.643524656296e+01,  1.809491962194e-01
  6.213300000131e+01,  5.770915746689e-01,  2.644567975998e+01,  1.778592914343e-01
  6.214249999821e+01,  5.670500397682e-01,  2.645572129488e+01,  1.716739684343e-01
  6.215250000358e+01,  5.568876862526e-01,  2.646588364840e+01,  1.668703109026e-01
  6.216300000250e+01,  5.466528534889e-01,  2.647611848116e+01,  1.605045348406e-01
  6.217350000143e+01,  5.365534424782e-01,  2.648621789217e+01,  1.533138304949e-01
  6.218400000036e+01,  5.261927247047e-01,  2.649657860995e+01,  1.465971022844e-01
  6.219400000572e+01,  5.160761475563e-01,  2.650669518710e+01,  1.420366317034e-01
  6.220399999619e+01,  5.058947205544e-01,  2.651687661410e+01,  1.373865157366e-01
  6.221400000155e+01,  4.958506524563e-01,  2.652692068220e+01,  1.307870894670e-01
  6.222450000048e+01,  4.853945672512e-01,  2.653737676740e+01,  1.230203658342e-01
  6.223450000584e+01,  4.753504693508e-01,  2.654742086530e+01,  1.165868788958e-01
  6.224449999630e+01,  4.651690423489e-01,  2.655760229230e+01,  1.112167388201e-01
  6.225450000167e+01,  4.549838006496e-01,  2.656778753400e+01,  1.053688079119e-01
  6.226450000703e+01,  4.448824822903e-01,  2.657788885236e+01,  9.818859398365e-02
  6.227500000596e+01,  4.344187676907e-01,  2.658835256696e+01,  9.275837242603e-02
  6.228550000489e+01,  4.240828454494e-01,  2.659868848920e+01,  8.621807396412e-02
  6.229600000381e+01,  4.137488305569e-01,  2.660902250410e+01,  7.912464439869e-02
  6.230650000274e+01,  4.033080041409e-01,  2.661946333051e+01,  7.439441978931e-02
  6.231700000167e+01,  3.928442895412e-01,  2.662992704511e+01,  7.141239941120e-02
  6.232750000060e+01,  3.824950158596e-01,  2.664027631879e+01,  6.447537243366e-02
  6.233799999952e+01,  3.721075952053e-01,  2.665066373945e+01,  5.844623968005e-02
  6.234800000489e+01,  3.621054589748e-01,  2.666066587568e+01,  5.357677862048e-02
  6.235799999535e+01,  3.520232141018e-01,  2.667074812055e+01,  4.873115941882e-02
  6.236800000072e+01,  3.419562280178e-01,  2.668081510664e+01,  4.308445379138e-02
  6.237849999964e+01,  3.314734399319e-01,  2.669129789472e+01,  3.829891607165e-02
  6.238899999857e+01,  3.212054371834e-01,  2.670156589747e+01,  3.018262796104e-02
  6.239949999750e+01,  3.109953999519e-01,  2.671177593470e+01,  2.231100015342e-02
  6.240999999642e+01,  3.006079792976e-01,  2.672216335536e+01,  1.605298928916e-02
  6.242000000179e+01,  2.904761433601e-01,  2.673229519129e+01,  1.119497325271e-02
  6.243000000715e+01,  2.802565693855e-01,  2.674251476527e+01,  7.341174874455e-03
  6.243999999762e+01,  2.701285481453e-01,  2.675264278651e+01,  4.393844399601e-03
  6.245049999654e+01,  2.596991658211e-01,  2.676307216883e+01, -2.455444540828e-03
  6.246099999547e+01,  2.493537217379e-01,  2.677341761292e+01, -9.808273054659e-03
  6.247149999440e+01,  2.389663010836e-01,  2.678380503357e+01, -1.514789555222e-02
  6.248199999332e+01,  2.285331040621e-01,  2.679423823059e+01, -2.220317907631e-02
  6.249199999869e+01,  2.184623032808e-01,  2.680430903137e+01, -2.736827917397e-02
  6.250200000405e+01,  2.083495408297e-01,  2.681442179382e+01, -3.068515844643e-02
  6.251199999452e+01,  1.983092576265e-01,  2.682446207703e+01, -3.622886538506e-02
  6.252249999344e+01,  1.878264695406e-01,  2.683494486511e+01, -4.497024416924e-02
  6.253249999881e+01,  1.777098923922e-01,  2.684506144226e+01, -5.019065737724e-02
  6.254250000417e+01,  1.675704270601e-01,  2.685520090759e+01, -5.570384860039e-02
  6.255249999464e+01,  1.574958115816e-01,  2.686527552307e+01, -6.217357516289e-02
  6.256250000000e+01,  1.474288254976e-01,  2.687534250916e+01, -6.743976473808e-02
  6.257250000536e+01,  1.373961716890e-01,  2.688537516296e+01, -7.061740756035e-02
  6.258300000429e+01,  1.270125657320e-01,  2.689575876892e+01, -7.554885745049e-02
  6.259350000322e+01,  1.166670992970e-01,  2.690610423536e+01, -8.178398013115e-02
  6.260400000215e+01,  1.061881259084e-01,  2.691658320874e+01, -8.684131503105e-02
  6.261400000751e+01,  9.615928679705e-02,  2.692661204786e+01, -9.266826510429e-02
  6.262399999797e+01,  8.609230071306e-02,  2.693667903394e+01, -9.884330630302e-02
  6.263400000334e+01,  7.600242644548e-02,  2.694676890821e+01, -1.041505038738e-01
  6.264399999380e+01,  6.594314426184e-02,  2.695682819039e+01, -1.079802736640e-01
  6.265449999273e+01,  5.554809793830e-02,  2.696722323671e+01, -1.143193468451e-01
  6.266500000656e+01,  4.522934183478e-02,  2.697754199282e+01, -1.182196363807e-01
  6.267550000548e+01,  3.514137491584e-02,  2.698762995974e+01, -1.213171705604e-01
  6.268700000644e+01,  2.478637918830e-02,  2.699798495546e+01, -1.235132440925e-01
  6.270049999654e+01,  1.448669563979e-02,  2.700828463901e+01, -1.256366670132e-01
  6.272050000727e+01,  4.435922019184e-03,  2.701833541263e+01, -1.288836747408e-01
  6.272699999809e+01,  2.506638877094e-03,  2.702026469578e+01, -1.321872025728e-01
  6.272800000012e+01,  2.259637229145e-03,  2.702051169742e+01, -1.326134949923e-01
  6.273600000143e+01,  6.655706674792e-04,  2.702210576399e+01, -1.353867799044e-01
  6.273900000751e+01,  2.135290269507e-04,  2.702255780563e+01, -1.363356858492e-01
  6.295900000632e+01, -2.311259740964e-03,  2.702508259439e+01, -1.364023983479e-01
  6.295999999344e+01, -2.299770945683e-03,  2.702507110560e+01, -1.365018188953e-01
