           Test time,     Standard travel,     Tool separation,      Standard force
                 0.0,                 0.0,  2.799209392393e+01,  5.318881012499e-03
                 0.0,                 0.0,  2.799208844030e+01,  5.304188467562e-03
                 0.0,                 0.0,  2.799209297025e+01,  5.310893990099e-03
                 0.0,                 0.0,  2.799209463918e+01,  5.115614272654e-03
                 0.0,                 0.0,  2.799209082449e+01,  5.006418563426e-03
                 0.0,                 0.0,  3.161121632111e+01,  7.929896935821e-03
  0.000000000000e+00,  0.000000000000e+00,  3.161121523704e+01,  7.955973967910e-03
  7.999999914318e-03,  1.155491918325e-05,  3.161120368213e+01,  8.007621392608e-03
  1.099999994040e-02,  1.373421400785e-05,  3.161120150283e+01,  7.594322320074e-03
  1.300000003539e-02,  1.642759889364e-05,  3.161119880945e+01,  7.102703209966e-03
  1.399999996647e-02,  1.430977135897e-05,  3.161120092727e+01,  6.861423607916e-03
  1.140000000596e-01, -4.117162461625e-06,  3.161121935421e+01,  6.815262604505e-03
  2.139999999199e-01, -4.090452421224e-07,  3.161121564609e+01,  9.290088899434e-03
  3.140000000130e-01, -6.667948127870e-06,  3.161122190499e+01,  7.453199476004e-03
  4.139999998733e-01,  1.262434758246e-03,  3.160995280229e+01,  7.700071670115e-03
  4.634999998379e-01,  1.127601508051e-02,  3.159993922196e+01,  1.035414729267e-02
  4.834999998566e-01,  2.148319222033e-02,  3.158973204482e+01,  3.254614770412e-02
  4.939999999478e-01,  3.154613450170e-02,  3.157966910254e+01,  5.107106268406e-02
  5.015000000130e-01,  4.161312058568e-02,  3.156960211646e+01,  5.156032741070e-02
  5.079999999143e-01,  5.167247727513e-02,  3.155954275977e+01,  5.365793406963e-02
  5.145000000484e-01,  6.250622123480e-02,  3.154870901581e+01,  6.050340831280e-02
  5.204999998678e-01,  7.291271537542e-02,  3.153830252167e+01,  6.350938975811e-02
  5.264999999199e-01,  8.335735648870e-02,  3.152785788056e+01,  7.001344859600e-02
  5.324999999721e-01,  9.353878349066e-02,  3.151767645355e+01,  7.608453929424e-02
  5.389999998733e-01,  1.040330156684e-01,  3.150718222138e+01,  8.355347812176e-02
  5.459999998566e-01,  1.142754778266e-01,  3.149693975922e+01,  9.251146018505e-02
  5.540000000037e-01,  1.246781572700e-01,  3.148653707977e+01,  1.184666603804e-01
  5.619999999180e-01,  1.347222477198e-01,  3.147649298932e+01,  1.389210671186e-01
  5.700000000652e-01,  1.449418216944e-01,  3.146627341535e+01,  1.599019020796e-01
  5.774999998976e-01,  1.551537662745e-01,  3.145606147077e+01,  1.771100014448e-01
  5.844999998808e-01,  1.653237491846e-01,  3.144589148786e+01,  1.870129555464e-01
  5.914999998640e-01,  1.756692081690e-01,  3.143554602888e+01,  1.956303566694e-01
  5.989999999292e-01,  1.863427311182e-01,  3.142487250593e+01,  2.048123329878e-01
  6.069999998435e-01,  1.967988163233e-01,  3.141441642072e+01,  2.201321572065e-01
  6.159999999218e-01,  2.072854191065e-01,  3.140392981794e+01,  2.356312721968e-01
  6.265000000130e-01,  2.176613956690e-01,  3.139355384138e+01,  2.500775456429e-01
  6.395000000484e-01,  2.280564457178e-01,  3.138315879133e+01,  2.829297184944e-01
  6.514999999199e-01,  2.382092624903e-01,  3.137300597455e+01,  3.036893010139e-01
  6.620000000112e-01,  2.484593540430e-01,  3.136275588300e+01,  3.159802556038e-01
  6.714999999385e-01,  2.584615051746e-01,  3.135275373187e+01,  3.286717534065e-01
  6.809999998659e-01,  2.686696350574e-01,  3.134254560199e+01,  3.420308232307e-01
  6.909999998752e-01,  2.788949310780e-01,  3.133232030597e+01,  3.574116826057e-01
  7.020000000484e-01,  2.892899811268e-01,  3.132192525592e+01,  3.800671696663e-01
  7.129999999888e-01,  2.995324432850e-01,  3.131168279376e+01,  4.001515507698e-01
  7.234999998473e-01,  3.095898926258e-01,  3.130162534442e+01,  4.174588322639e-01
  7.334999998566e-01,  3.196263611317e-01,  3.129158887591e+01,  4.325535893440e-01
  7.434999998659e-01,  3.300019204617e-01,  3.128121331658e+01,  4.473422467709e-01
  7.534999998752e-01,  3.404122292995e-01,  3.127080300774e+01,  4.621432721615e-01
  7.634999998845e-01,  3.505440652370e-01,  3.126067117181e+01,  4.809001386166e-01
  7.739999999758e-01,  3.609353005886e-01,  3.125027993646e+01,  4.999087750912e-01
  7.844999998342e-01,  3.711682260036e-01,  3.124004701104e+01,  5.190280675888e-01
  7.949999999255e-01,  3.814125955105e-01,  3.122980264153e+01,  5.371097326279e-01
  8.055000000168e-01,  3.917332589626e-01,  3.121948197808e+01,  5.550273656845e-01
  8.159999998752e-01,  4.022198617458e-01,  3.120899537530e+01,  5.732349157333e-01
  8.259999998845e-01,  4.122830331326e-01,  3.119893220391e+01,  5.912784337997e-01
  8.359999998938e-01,  4.223919808865e-01,  3.118882325616e+01,  6.087154150009e-01
  8.459999999031e-01,  4.324513375759e-01,  3.117876389947e+01,  6.253894567490e-01
  8.564999999944e-01,  4.428292214870e-01,  3.116838601556e+01,  6.446193456650e-01
  8.669999998529e-01,  4.530392587185e-01,  3.115817597833e+01,  6.634486913681e-01
  8.774999999441e-01,  4.630585610867e-01,  3.114815667596e+01,  6.789592504501e-01
  8.889999999665e-01,  4.733582437038e-01,  3.113785699334e+01,  6.961673498154e-01
  9.020000000019e-01,  4.834576547146e-01,  3.112775758233e+01,  7.131313085556e-01
  9.194999998435e-01,  4.935007989407e-01,  3.111771443810e+01,  7.269328832626e-01
  9.299999999348e-01,  4.972849786282e-01,  3.111393025842e+01,  7.350066900253e-01
  1.030000000028e+00,  5.035420656204e-01,  3.110767317142e+01,  7.484485507011e-01
  1.129999999888e+00,  5.029080510139e-01,  3.110830718603e+01,  7.405394911766e-01
  1.229999999981e+00,  5.020848512650e-01,  3.110913038578e+01,  7.368009090424e-01
  1.329999999842e+00,  5.014132261276e-01,  3.110980201092e+01,  7.340347170830e-01
  1.429999999935e+00,  5.009395480156e-01,  3.111027568903e+01,  7.268805503845e-01
  1.530000000028e+00,  5.006015300751e-01,  3.111061370697e+01,  7.281271815300e-01
  1.629999999888e+00,  5.003855228424e-01,  3.111082971420e+01,  7.245296835899e-01
  1.729999999981e+00,  5.002195239067e-01,  3.111099571314e+01,  7.244876623154e-01
  1.829999999842e+00,  5.001642107964e-01,  3.111105102625e+01,  7.223719358444e-01
  1.929999999935e+00,  5.001176595688e-01,  3.111109757748e+01,  7.207956910133e-01
  2.030000000028e+00,  5.001000761986e-01,  3.111111516085e+01,  7.180532217026e-01
  2.129999999888e+00,  5.000665187836e-01,  3.111114871826e+01,  7.173351645470e-01
  2.229999999981e+00,  5.000487565994e-01,  3.111116648045e+01,  7.160668969154e-01
  2.329999999842e+00,  5.000180602074e-01,  3.111119717684e+01,  7.140162587166e-01
  2.429999999935e+00,  5.000380277634e-01,  3.111117720928e+01,  7.131291031837e-01
  2.530000000028e+00,  5.000016689301e-01,  3.111121356811e+01,  7.095409631729e-01
  2.629999999888e+00,  5.000178813934e-01,  3.111119735565e+01,  7.087551951408e-01
  2.729999999981e+00,  5.000098347664e-01,  3.111120540228e+01,  7.080094218254e-01
  2.829999999842e+00,  5.000075697899e-01,  3.111120766725e+01,  7.074704766273e-01
  2.929999999935e+00,  5.000308156013e-01,  3.111118442144e+01,  7.090436220169e-01
  3.030000000028e+00,  5.000312924385e-01,  3.111118394461e+01,  7.049525976181e-01
  3.129999999888e+00,  5.000211596489e-01,  3.111119407740e+01,  7.050112485886e-01
  3.229999999981e+00,  5.000413656235e-01,  3.111117387142e+01,  7.053448557854e-01
  3.329999999842e+00,  5.000457167625e-01,  3.111116952028e+01,  7.019177675247e-01
  3.429999999935e+00,  5.000015497208e-01,  3.111121368732e+01,  7.023019194603e-01
  3.530000000028e+00,  5.000192523003e-01,  3.111119598474e+01,  7.005707025528e-01
  3.629999999888e+00,  5.000105500221e-01,  3.111120468702e+01,  7.030042409897e-01
  3.729999999981e+00,  5.000345706940e-01,  3.111118066635e+01,  6.978903412819e-01
  3.829999999842e+00,  5.000241994858e-01,  3.111119103756e+01,  6.965110898018e-01
  3.929999999935e+00,  5.000057220459e-01,  3.111120951500e+01,  6.967859864235e-01
  4.030000000028e+00,  5.000356435776e-01,  3.111117959347e+01,  6.956471800804e-01
  4.129999999888e+00,  5.000244379044e-01,  3.111119079914e+01,  6.962662339211e-01
  4.229999999981e+00,  5.000180602074e-01,  3.111119717684e+01,  6.928864717484e-01
  4.329999999842e+00,  5.000368952751e-01,  3.111117834177e+01,  6.922960877419e-01
  4.429999999935e+00,  5.000302791595e-01,  3.111118495788e+01,  6.938666105270e-01
  4.530000000028e+00,  5.000408887863e-01,  3.111117434826e+01,  6.929234862328e-01
  4.629999999888e+00,  5.000117421150e-01,  3.111120349493e+01,  6.931004524231e-01
  4.729999999981e+00,  5.000009536743e-01,  3.111121428337e+01,  6.925131082535e-01
  4.829999999842e+00,  4.999998509884e-01,  3.111121538606e+01,  6.905732154846e-01
  4.929999999935e+00,  5.000363588333e-01,  3.111117887821e+01,  6.890970468521e-01
  5.030000000028e+00,  5.000382065773e-01,  3.111117703047e+01,  6.904851794243e-01
  5.129999999888e+00,  5.000034570694e-01,  3.111121177998e+01,  6.904382705688e-01
  5.229999999981e+00,  5.000327825546e-01,  3.111118245449e+01,  6.877591609955e-01
  5.329999999842e+00,  5.000009536743e-01,  3.111121428337e+01,  6.894963383675e-01
  5.429999999935e+00,  5.000334978104e-01,  3.111118173923e+01,  6.874758601189e-01
  5.530000000028e+00,  5.000082850456e-01,  3.111120695200e+01,  6.880953907967e-01
  5.629999999888e+00,  5.000292658806e-01,  3.111118597116e+01,  6.845552325249e-01
  5.729999999981e+00,  5.000216364861e-01,  3.111119360056e+01,  6.850041747093e-01
  5.829999999842e+00,  5.000360608101e-01,  3.111117917623e+01,  6.877102851868e-01
  5.929999999935e+00,  5.000030994415e-01,  3.111121213760e+01,  6.852388978004e-01
  6.030000000028e+00,  5.000398755074e-01,  3.111117536154e+01,  6.847382783890e-01
  6.129999999888e+00,  5.000199079514e-01,  3.111119532909e+01,  6.833427548409e-01
  6.229999999981e+00,  5.000232458115e-01,  3.111119199123e+01,  6.858677268028e-01
  6.329999999842e+00,  4.999997913837e-01,  3.111121544566e+01,  6.799346804619e-01
  6.429999999935e+00,  4.999886751175e-01,  3.111122656193e+01,  6.794229745865e-01
  6.530000000028e+00,  5.000068545341e-01,  3.111120838251e+01,  6.821211576462e-01
  6.629999999888e+00,  4.999954998493e-01,  3.111121973720e+01,  6.820461153984e-01
  6.729999999981e+00,  5.000373125076e-01,  3.111117792454e+01,  6.797207593918e-01
  6.829999999842e+00,  4.999904930592e-01,  3.111122474399e+01,  6.782417893410e-01
  6.929999999935e+00,  4.999956488609e-01,  3.111121958818e+01,  6.813495755196e-01
  7.030000000028e+00,  5.000196695328e-01,  3.111119556751e+01,  6.827302575111e-01
  7.129999999888e+00,  5.000310540199e-01,  3.111118418302e+01,  6.787915825844e-01
  7.229999999981e+00,  4.999985992908e-01,  3.111121663775e+01,  6.820891499519e-01
  7.329999999842e+00,  4.999969005585e-01,  3.111121833649e+01,  6.793913245201e-01
  7.429999999935e+00,  5.000047683716e-01,  3.111121046867e+01,  6.788026690483e-01
  7.530000000028e+00,  5.000346302986e-01,  3.111118060675e+01,  6.777131557465e-01
  7.629999999888e+00,  5.000472068787e-01,  3.111116803017e+01,  6.792070269585e-01
  7.729999999981e+00,  5.000193119049e-01,  3.111119592514e+01,  6.787188053131e-01
  7.829999999842e+00,  4.999959170818e-01,  3.111121931996e+01,  6.746693253517e-01
  7.929999999935e+00,  4.999988675117e-01,  3.111121636953e+01,  6.751211285591e-01
  8.030000000028e+00,  5.000013709068e-01,  3.111121386614e+01,  6.749399900436e-01
  8.129999999888e+00,  5.000306963921e-01,  3.111118454065e+01,  6.758521795273e-01
  8.229999999981e+00,  5.000250935555e-01,  3.111119014349e+01,  6.748058795929e-01
  8.329999999842e+00,  5.000077486038e-01,  3.111120748844e+01,  6.732001900673e-01
  8.429999999935e+00,  4.999873936176e-01,  3.111122784343e+01,  6.755630373955e-01
  8.530000000028e+00,  5.000178217888e-01,  3.111119741526e+01,  6.730881929398e-01
  8.629999999888e+00,  5.000168085098e-01,  3.111119842853e+01,  6.732778549194e-01
  8.729999999981e+00,  5.000277757645e-01,  3.111118746128e+01,  6.730371117592e-01
  8.829999999842e+00,  5.000143647194e-01,  3.111120087233e+01,  6.727933287621e-01
  8.929999999935e+00,  5.000145435333e-01,  3.111120069351e+01,  6.731930971146e-01
  9.030000000028e+00,  5.000222921371e-01,  3.111119294491e+01,  6.725432872772e-01
  9.129999999888e+00,  5.000068545341e-01,  3.111120838251e+01,  6.713211536407e-01
  9.229999999981e+00,  4.999916255474e-01,  3.111122361150e+01,  6.715268492699e-01
  9.329999999842e+00,  4.999859333038e-01,  3.111122930374e+01,  6.721071600914e-01
  9.429999999935e+00,  4.999966025352e-01,  3.111121863451e+01,  6.726337671280e-01
  9.530000000028e+00,  5.000074505806e-01,  3.111120778646e+01,  6.712849140167e-01
  9.629999999888e+00,  5.000010132790e-01,  3.111121422377e+01,  6.709172725677e-01
  9.729999999981e+00,  5.000214576721e-01,  3.111119377937e+01,  6.695619821548e-01
  9.829999999842e+00,  4.999896585941e-01,  3.111122557845e+01,  6.700367331505e-01
  9.929999999935e+00,  5.000088214874e-01,  3.111120641556e+01,  6.708515882492e-01
  1.003000000003e+01,  5.000190138817e-01,  3.111119622316e+01,  6.705629825592e-01
  1.012999999989e+01,  4.999810755253e-01,  3.111123416152e+01,  6.723278164864e-01
  1.022999999998e+01,  4.999932050705e-01,  3.111122203197e+01,  6.694869399071e-01
  1.032999999984e+01,  4.999967515469e-01,  3.111121848550e+01,  6.674344539642e-01
  1.042999999993e+01,  5.000122189522e-01,  3.111120301809e+01,  6.695965528488e-01
  1.053000000003e+01,  5.000062584877e-01,  3.111120897856e+01,  6.708306670189e-01
  1.062999999989e+01,  4.999701082706e-01,  3.111124512877e+01,  6.706391572952e-01
  1.072999999998e+01,  5.000103116035e-01,  3.111120492544e+01,  6.657252907753e-01
  1.082999999984e+01,  5.000075101852e-01,  3.111120772686e+01,  6.705992221832e-01
  1.092999999993e+01,  5.000070929527e-01,  3.111120814409e+01,  6.696051359177e-01
  1.103000000003e+01,  5.000256896019e-01,  3.111118954744e+01,  6.674677729607e-01
  1.112999999989e+01,  4.999746084213e-01,  3.111124062862e+01,  6.662458777428e-01
  1.122999999998e+01,  5.000091791153e-01,  3.111120605793e+01,  6.681529283524e-01
  1.132999999984e+01,  4.999777376652e-01,  3.111123749938e+01,  6.674558520317e-01
  1.142999999993e+01,  4.999812841415e-01,  3.111123395290e+01,  6.686000227928e-01
  1.153000000003e+01,  5.000029206276e-01,  3.111121231642e+01,  6.697695851326e-01
  1.162999999989e+01,  4.999994039536e-01,  3.111121583309e+01,  6.689148545265e-01
  1.172999999998e+01,  4.999907314777e-01,  3.111122450557e+01,  6.673851013184e-01
  1.182999999984e+01,  4.999963343143e-01,  3.111121890273e+01,  6.656601428986e-01
  1.192999999993e+01,  5.000297427177e-01,  3.111118549433e+01,  6.683603525162e-01
  1.203000000003e+01,  5.000008344650e-01,  3.111121440258e+01,  6.665296554565e-01
  1.212999999989e+01,  5.000060200691e-01,  3.111120921698e+01,  6.620816588402e-01
  1.222999999998e+01,  5.000021457672e-01,  3.111121309128e+01,  6.623953580856e-01
  1.232999999984e+01,  5.000016093254e-01,  3.111121362772e+01,  6.632570028305e-01
  1.242999999993e+01,  5.000098347664e-01,  3.111120540228e+01,  6.667864918709e-01
  1.253000000003e+01,  5.000138878822e-01,  3.111120134916e+01,  6.606405377388e-01
  1.262999999989e+01,  4.999986290932e-01,  3.111121660795e+01,  6.618413925171e-01
  1.272999999998e+01,  5.000212192535e-01,  3.111119401779e+01,  6.655961871147e-01
  1.282999999984e+01,  5.000222921371e-01,  3.111119294491e+01,  6.597941517830e-01
  1.292999999993e+01,  5.000019669533e-01,  3.111121327009e+01,  6.584457755089e-01
  1.303000000003e+01,  5.000149011612e-01,  3.111120033588e+01,  6.611520648003e-01
  1.312999999989e+01,  5.000095367432e-01,  3.111120570030e+01,  6.669946908951e-01
  1.322999999998e+01,  5.000179409981e-01,  3.111119729605e+01,  6.623691320419e-01
  1.332999999984e+01,  4.999884068966e-01,  3.111122683015e+01,  6.606155037880e-01
  1.342999999993e+01,  5.000115633011e-01,  3.111120367374e+01,  6.656910181046e-01
  1.353000000003e+01,  4.999907314777e-01,  3.111122450557e+01,  6.628157496452e-01
  1.362999999989e+01,  5.000244975090e-01,  3.111119073954e+01,  6.607459187508e-01
  1.372999999998e+01,  5.000525116920e-01,  3.111116272535e+01,  6.647355556488e-01
  1.382999999984e+01,  4.999963343143e-01,  3.111121890273e+01,  6.620569825172e-01
  1.392999999993e+01,  4.999973475933e-01,  3.111121788945e+01,  6.610786318779e-01
  1.403000000003e+01,  5.000106096268e-01,  3.111120462742e+01,  6.581863164902e-01
  1.412999999989e+01,  5.000209212303e-01,  3.111119431581e+01,  6.610062718391e-01
  1.422999999998e+01,  5.000379681587e-01,  3.111117726889e+01,  6.615490913391e-01
  1.432999999984e+01,  4.999787807465e-01,  3.111123645630e+01,  6.588611602783e-01
  1.442999999993e+01,  5.000191926956e-01,  3.111119604435e+01,  6.564491987228e-01
  1.453000000003e+01,  5.000165700912e-01,  3.111119866695e+01,  6.612097024918e-01
  1.462999999989e+01,  4.999686777592e-01,  3.111124655929e+01,  6.595883965492e-01
  1.472999999998e+01,  5.000084042549e-01,  3.111120683279e+01,  6.563818454742e-01
  1.482999999984e+01,  4.999859631062e-01,  3.111122927394e+01,  6.584710478783e-01
  1.492999999993e+01,  5.000080466270e-01,  3.111120719042e+01,  6.598752737045e-01
  1.503000000003e+01,  5.000206828117e-01,  3.111119455423e+01,  6.577525734901e-01
  1.512999999989e+01,  5.000199675560e-01,  3.111119526949e+01,  6.547067761421e-01
  1.522999999998e+01,  5.000125765800e-01,  3.111120266046e+01,  6.589781045914e-01
  1.532999999984e+01,  5.000103712082e-01,  3.111120486584e+01,  6.557840108871e-01
  1.542999999993e+01,  5.000137686729e-01,  3.111120146837e+01,  6.546346545219e-01
  1.553000000003e+01,  5.000277161598e-01,  3.111118752088e+01,  6.563225984573e-01
  1.562999999989e+01,  4.999998807907e-01,  3.111121535625e+01,  6.576703786850e-01
  1.572999999998e+01,  5.000103712082e-01,  3.111120486584e+01,  6.556547284126e-01
  1.582999999984e+01,  4.999947547913e-01,  3.111122048225e+01,  6.553756594658e-01
  1.592999999993e+01,  5.000097155571e-01,  3.111120552149e+01,  6.563044190407e-01
  1.603000000003e+01,  5.000129938126e-01,  3.111120224323e+01,  6.563374996185e-01
  1.612999999989e+01,  4.999838173389e-01,  3.111123141971e+01,  6.546127200127e-01
  1.622999999998e+01,  5.000119209290e-01,  3.111120331612e+01,  6.537467241287e-01
  1.632999999984e+01,  5.000044107437e-01,  3.111121082630e+01,  6.561143994331e-01
  1.642999999993e+01,  4.999986290932e-01,  3.111121660795e+01,  6.560916900635e-01
  1.653000000003e+01,  5.000277757645e-01,  3.111118746128e+01,  6.549369692802e-01
  1.662999999989e+01,  5.000173449516e-01,  3.111119789209e+01,  6.563323736191e-01
  1.672999999998e+01,  4.999920725822e-01,  3.111122316446e+01,  6.549973487854e-01
  1.682999999984e+01,  4.999953210354e-01,  3.111121991601e+01,  6.555863022804e-01
  1.692999999993e+01,  4.999847412109e-01,  3.111123049583e+01,  6.517698764801e-01
  1.703000000003e+01,  5.000064969063e-01,  3.111120874014e+01,  6.510263085365e-01
  1.712999999989e+01,  5.000063180923e-01,  3.111120891895e+01,  6.519533395767e-01
  1.722999999998e+01,  5.000055432320e-01,  3.111120969381e+01,  6.525664329529e-01
  1.732999999984e+01,  4.999966025352e-01,  3.111121863451e+01,  6.544958353043e-01
  1.742999999993e+01,  5.000001788139e-01,  3.111121505823e+01,  6.506468057632e-01
  1.753000000003e+01,  5.000205636024e-01,  3.111119467344e+01,  6.547131538391e-01
  1.762999999989e+01,  4.999853074551e-01,  3.111122992959e+01,  6.498032212257e-01
  1.772999999998e+01,  4.999875426292e-01,  3.111122769442e+01,  6.510380506516e-01
  1.782999999984e+01,  5.000174045563e-01,  3.111119783249e+01,  6.518224477768e-01
  1.792999999993e+01,  5.000267028809e-01,  3.111118853416e+01,  6.502981781960e-01
  1.803000000003e+01,  5.000104308128e-01,  3.111120480623e+01,  6.519224047661e-01
  1.812999999989e+01,  5.000240802765e-01,  3.111119115677e+01,  6.506820321083e-01
  1.822999999998e+01,  5.000011324883e-01,  3.111121410456e+01,  6.521798372269e-01
  1.832999999984e+01,  4.999752342701e-01,  3.111124000277e+01,  6.482621431351e-01
  1.842999999993e+01,  5.000318288803e-01,  3.111118340816e+01,  6.495018601418e-01
  1.853000000003e+01,  5.000069141388e-01,  3.111120832291e+01,  6.502696275711e-01
  1.862999999989e+01,  5.000038743019e-01,  3.111121136274e+01,  6.502357721329e-01
  1.872999999998e+01,  4.999973773956e-01,  3.111121785965e+01,  6.508747339249e-01
  1.882999999984e+01,  4.999881684780e-01,  3.111122706857e+01,  6.470912694931e-01
  1.892999999993e+01,  4.999856948853e-01,  3.111122954216e+01,  6.471913456917e-01
  1.903000000003e+01,  4.999893307686e-01,  3.111122590628e+01,  6.490563750267e-01
  1.912999999989e+01,  4.999945759773e-01,  3.111122066107e+01,  6.484887599945e-01
  1.922999999998e+01,  5.000205039978e-01,  3.111119473305e+01,  6.492567062378e-01
  1.932999999984e+01,  4.999967217445e-01,  3.111121851530e+01,  6.461375355721e-01
  1.942999999993e+01,  4.999944567680e-01,  3.111122078028e+01,  6.488046050072e-01
  1.953000000003e+01,  5.000023841858e-01,  3.111121285286e+01,  6.469667553902e-01
  1.962999999989e+01,  5.000115036964e-01,  3.111120373335e+01,  6.471212506294e-01
  1.972999999998e+01,  5.000049471855e-01,  3.111121028986e+01,  6.479959487915e-01
  1.982999999984e+01,  5.000172853470e-01,  3.111119795170e+01,  6.472635269165e-01
  1.992999999993e+01,  5.000056624413e-01,  3.111120957460e+01,  6.489626765251e-01
  2.003000000003e+01,  5.000090599060e-01,  3.111120617714e+01,  6.475379467010e-01
  2.012999999989e+01,  4.999968111515e-01,  3.111121842589e+01,  6.474722623825e-01
  2.022999999998e+01,  5.000060200691e-01,  3.111120921698e+01,  6.433048844337e-01
  2.032999999984e+01,  4.999970793724e-01,  3.111121815767e+01,  6.471984982491e-01
  2.042999999993e+01,  5.000025629997e-01,  3.111121267404e+01,  6.467117667198e-01
  2.053000000003e+01,  5.000040531158e-01,  3.111121118393e+01,  6.467702388763e-01
  2.062999999989e+01,  5.000092387199e-01,  3.111120599832e+01,  6.448853015900e-01
  2.072999999998e+01,  4.999815821648e-01,  3.111123365488e+01,  6.459999680519e-01
  2.082999999984e+01,  4.999964833260e-01,  3.111121875372e+01,  6.477864384651e-01
  2.092999999993e+01,  4.999962449074e-01,  3.111121899214e+01,  6.439521312714e-01
  2.103000000003e+01,  5.000317692757e-01,  3.111118346777e+01,  6.446797251701e-01
  2.112999999989e+01,  5.000119805336e-01,  3.111120325651e+01,  6.442798972130e-01
  2.122999999998e+01,  5.000133514404e-01,  3.111120188560e+01,  6.440528631210e-01
  2.132999999984e+01,  4.999844729900e-01,  3.111123076405e+01,  6.447327733040e-01
  2.142999999993e+01,  4.999989569187e-01,  3.111121628013e+01,  6.464142799377e-01
  2.153000000003e+01,  5.000039935112e-01,  3.111121124353e+01,  6.439913511276e-01
  2.162999999989e+01,  5.000122189522e-01,  3.111120301809e+01,  6.441275477409e-01
  2.172999999998e+01,  5.000138282776e-01,  3.111120140877e+01,  6.442518234253e-01
  2.182999999984e+01,  5.000144839287e-01,  3.111120075312e+01,  6.448534131050e-01
  2.192999999993e+01,  5.000165700912e-01,  3.111119866695e+01,  6.443648338318e-01
  2.203000000003e+01,  5.000193715096e-01,  3.111119586553e+01,  6.441028714180e-01
  2.212999999989e+01,  5.000156164169e-01,  3.111119962063e+01,  6.431124806404e-01
  2.222999999998e+01,  5.000076889992e-01,  3.111120754805e+01,  6.421860456467e-01
  2.232999999984e+01,  4.999945461750e-01,  3.111122069087e+01,  6.434867382050e-01
  2.242999999993e+01,  5.000284314156e-01,  3.111118680563e+01,  6.447741985321e-01
  2.253000000003e+01,  5.000297427177e-01,  3.111118549433e+01,  6.439715027809e-01
  2.262999999989e+01,  5.000007152557e-01,  3.111121452179e+01,  6.414495110512e-01
  2.272999999998e+01,  4.999805092812e-01,  3.111123472776e+01,  6.412486433983e-01
  2.282999999984e+01,  4.999852776527e-01,  3.111122995939e+01,  6.421740651131e-01
  2.292999999993e+01,  5.000024437904e-01,  3.111121279325e+01,  6.421812772751e-01
  2.303000000003e+01,  4.999970197678e-01,  3.111121821728e+01,  6.420698165894e-01
  2.312999999989e+01,  5.000086426735e-01,  3.111120659437e+01,  6.420363783836e-01
  2.322999999998e+01,  4.999798238277e-01,  3.111123541322e+01,  6.376156210899e-01
  2.332999999984e+01,  5.000079870224e-01,  3.111120725002e+01,  6.396124362946e-01
  2.342999999993e+01,  4.999855458736e-01,  3.111122969117e+01,  6.389365792274e-01
  2.353000000003e+01,  5.000092983246e-01,  3.111120593872e+01,  6.414349079132e-01
  2.362999999989e+01,  5.000208020210e-01,  3.111119443502e+01,  6.418215632439e-01
  2.372999999998e+01,  5.000200867653e-01,  3.111119515028e+01,  6.388687491417e-01
  2.382999999984e+01,  4.999837875366e-01,  3.111123144951e+01,  6.385363340378e-01
  2.392999999993e+01,  4.999867677689e-01,  3.111122846928e+01,  6.395048499107e-01
  2.403000000003e+01,  5.000042319298e-01,  3.111121100511e+01,  6.406729221344e-01
  2.412999999989e+01,  5.000042915344e-01,  3.111121094551e+01,  6.372437477112e-01
  2.422999999998e+01,  4.999970197678e-01,  3.111121821728e+01,  6.414086222649e-01
  2.432999999984e+01,  4.999934136868e-01,  3.111122182336e+01,  6.399113535881e-01
  2.442999999993e+01,  5.000160336494e-01,  3.111119920340e+01,  6.399742960930e-01
  2.453000000003e+01,  5.000078678131e-01,  3.111120736923e+01,  6.403814554214e-01
  2.462999999989e+01,  5.000059008598e-01,  3.111120933618e+01,  6.368386149406e-01
  2.472999999998e+01,  5.000143647194e-01,  3.111120087233e+01,  6.380529999733e-01
  2.482999999984e+01,  4.999927878380e-01,  3.111122244921e+01,  6.382928490639e-01
  2.492999999993e+01,  5.000186562538e-01,  3.111119658079e+01,  6.371718049049e-01
  2.503000000003e+01,  4.999763071537e-01,  3.111123892989e+01,  6.406142115593e-01
  2.512999999989e+01,  4.999895691872e-01,  3.111122566786e+01,  6.361950039864e-01
  2.522999999998e+01,  5.000007748604e-01,  3.111121446218e+01,  6.372753977776e-01
  2.532999999984e+01,  4.999980032444e-01,  3.111121723380e+01,  6.359311938286e-01
  2.542999999993e+01,  4.999833703041e-01,  3.111123186674e+01,  6.388230919838e-01
  2.553000000003e+01,  5.000195503235e-01,  3.111119568672e+01,  6.383950114250e-01
  2.562999999989e+01,  4.999811053276e-01,  3.111123413172e+01,  6.393236517906e-01
  2.572999999998e+01,  4.999885261059e-01,  3.111122671094e+01,  6.355902552605e-01
  2.582999999984e+01,  5.000038743019e-01,  3.111121136274e+01,  6.362625956535e-01
  2.592999999993e+01,  5.000244379044e-01,  3.111119079914e+01,  6.388899683952e-01
  2.603000000003e+01,  4.999960064888e-01,  3.111121923056e+01,  6.372359395027e-01
  2.612999999989e+01,  4.999861717224e-01,  3.111122906532e+01,  6.372120380402e-01
  2.622999999998e+01,  5.000028014183e-01,  3.111121243563e+01,  6.369873285294e-01
  2.632999999984e+01,  5.000052452087e-01,  3.111120999184e+01,  6.353222131729e-01
  2.642999999993e+01,  4.999985992908e-01,  3.111121663775e+01,  6.355368494987e-01
  2.653000000003e+01,  4.999921023846e-01,  3.111122313466e+01,  6.375828385353e-01
  2.662999999989e+01,  5.000030398369e-01,  3.111121219721e+01,  6.389444470406e-01
  2.672999999998e+01,  5.000240206718e-01,  3.111119121637e+01,  6.370543837547e-01
  2.682999999984e+01,  5.000148415565e-01,  3.111120039549e+01,  6.390826702118e-01
  2.692999999993e+01,  4.999978244305e-01,  3.111121741261e+01,  6.366559863091e-01
  2.703000000003e+01,  4.999913275242e-01,  3.111122390952e+01,  6.401973962784e-01
  2.712999999989e+01,  4.999777078629e-01,  3.111123752918e+01,  6.370716094971e-01
  2.722999999998e+01,  5.000054240227e-01,  3.111120981302e+01,  6.366397142410e-01
  2.732999999984e+01,  5.000033378601e-01,  3.111121189918e+01,  6.373555064201e-01
  2.742999999993e+01,  4.999770522118e-01,  3.111123818483e+01,  6.349351406097e-01
  2.753000000003e+01,  4.999968409538e-01,  3.111121839609e+01,  6.354793906212e-01
  2.762999999989e+01,  5.000303387642e-01,  3.111118489828e+01,  6.334798336029e-01
  2.772999999998e+01,  5.000181794167e-01,  3.111119705763e+01,  6.331847310066e-01
  2.782999999984e+01,  4.999871253967e-01,  3.111122811165e+01,  6.359469294548e-01
  2.792999999993e+01,  5.000026226044e-01,  3.111121261444e+01,  6.348432898521e-01
  2.803000000003e+01,  4.999895095825e-01,  3.111122572746e+01,  6.333384513855e-01
  2.812999999989e+01,  4.999940693378e-01,  3.111122116771e+01,  6.326411962509e-01
  2.822999999998e+01,  5.000048279762e-01,  3.111121040907e+01,  6.346582174301e-01
  2.832999999984e+01,  5.000141859055e-01,  3.111120105114e+01,  6.341086626053e-01
  2.842999999993e+01,  5.000047087669e-01,  3.111121052828e+01,  6.334958076477e-01
  2.853000000003e+01,  4.999828040600e-01,  3.111123243298e+01,  6.342217326164e-01
  2.862999999989e+01,  5.000038743019e-01,  3.111121136274e+01,  6.310936808586e-01
  2.872999999998e+01,  5.000122189522e-01,  3.111120301809e+01,  6.340466141701e-01
  2.882999999984e+01,  5.000066757202e-01,  3.111120856132e+01,  6.350880861282e-01
  2.892999999993e+01,  4.999949634075e-01,  3.111122027364e+01,  6.354821920395e-01
  2.903000000003e+01,  4.999815523624e-01,  3.111123368468e+01,  6.319502592087e-01
  2.912999999989e+01,  5.000080466270e-01,  3.111120719042e+01,  6.318997740746e-01
  2.922999999998e+01,  5.000259280205e-01,  3.111118930902e+01,  6.333687901497e-01
  2.932999999984e+01,  5.000095963478e-01,  3.111120564070e+01,  6.300361752510e-01
  2.942999999993e+01,  5.000149607658e-01,  3.111120027628e+01,  6.335408091545e-01
  2.953000000003e+01,  5.000315308571e-01,  3.111118370619e+01,  6.289547681808e-01
  2.962999999989e+01,  5.000288486481e-01,  3.111118638840e+01,  6.288355588913e-01
  2.972999999998e+01,  5.000094771385e-01,  3.111120575991e+01,  6.324112415314e-01
  2.982999999984e+01,  4.999983906746e-01,  3.111121684637e+01,  6.297451853752e-01
  2.992999999993e+01,  4.999944567680e-01,  3.111122078028e+01,  6.291974186897e-01
  3.003000000003e+01,  4.999818503857e-01,  3.111123338666e+01,  6.299752593040e-01
  3.012999999989e+01,  5.000179409981e-01,  3.111119729605e+01,  6.329178214073e-01
  3.022999999998e+01,  5.000059604645e-01,  3.111120927658e+01,  6.292642354965e-01
  3.032999999984e+01,  5.000001788139e-01,  3.111121505823e+01,  6.315932869911e-01
  3.042999999993e+01,  5.000153779984e-01,  3.111119985905e+01,  6.311419606209e-01
  3.053000000003e+01,  5.000119209290e-01,  3.111120331612e+01,  6.300283670425e-01
  3.062999999989e+01,  5.000126957893e-01,  3.111120254126e+01,  6.309597492218e-01
  3.072999999998e+01,  4.999964237213e-01,  3.111121881332e+01,  6.303454041481e-01
  3.082999999984e+01,  5.000007152557e-01,  3.111121452179e+01,  6.295823454857e-01
  3.092999999993e+01,  5.000178217888e-01,  3.111119741526e+01,  6.297356486320e-01
  3.103000000003e+01,  5.000175833702e-01,  3.111119765367e+01,  6.290331482887e-01
  3.112999999989e+01,  5.000172257423e-01,  3.111119801130e+01,  6.299932003021e-01
  3.122999999998e+01,  4.999799132347e-01,  3.111123532381e+01,  6.300762295723e-01
  3.132999999984e+01,  5.000029206276e-01,  3.111121231642e+01,  6.271665692329e-01
  3.142999999993e+01,  5.000188350677e-01,  3.111119640198e+01,  6.304980516434e-01
  3.153000000003e+01,  4.999832510948e-01,  3.111123198595e+01,  6.305177211761e-01
  3.162999999989e+01,  4.999982416630e-01,  3.111121699538e+01,  6.260656714439e-01
  3.172999999998e+01,  4.999902844429e-01,  3.111122495260e+01,  6.290431022644e-01
  3.182999999984e+01,  4.999909698963e-01,  3.111122426715e+01,  6.266688704491e-01
  3.192999999993e+01,  4.999763071537e-01,  3.111123892989e+01,  6.271978616714e-01
  3.203000000003e+01,  4.999825656414e-01,  3.111123267140e+01,  6.304526329041e-01
  3.212999999989e+01,  5.000318884850e-01,  3.111118334856e+01,  6.267098784447e-01
  3.222999999998e+01,  5.000116229057e-01,  3.111120361414e+01,  6.256631016731e-01
  3.232999999984e+01,  5.000109672546e-01,  3.111120426979e+01,  6.289088726044e-01
  3.242999999993e+01,  4.999769926071e-01,  3.111123824444e+01,  6.271546483040e-01
  3.253000000003e+01,  4.999816715717e-01,  3.111123356547e+01,  6.233508586884e-01
  3.262999999989e+01,  5.000282526016e-01,  3.111118698444e+01,  6.262722015381e-01
  3.272999999998e+01,  4.999957084656e-01,  3.111121952858e+01,  6.259720325470e-01
  3.282999999984e+01,  5.000165104866e-01,  3.111119872656e+01,  6.266465187073e-01
  3.292999999993e+01,  4.999777972698e-01,  3.111123743977e+01,  6.254956126213e-01
  3.303000000003e+01,  4.999932050705e-01,  3.111122203197e+01,  6.247583627701e-01
  3.312999999989e+01,  4.999868869781e-01,  3.111122835007e+01,  6.256350874901e-01
  3.322999999998e+01,  4.999921023846e-01,  3.111122313466e+01,  6.266098618507e-01
  3.332999999984e+01,  4.999837279320e-01,  3.111123150911e+01,  6.289260387421e-01
  3.342999999993e+01,  4.999977946281e-01,  3.111121744242e+01,  6.273201107979e-01
  3.353000000003e+01,  5.000181794167e-01,  3.111119705763e+01,  6.243762969971e-01
  3.362999999989e+01,  5.000169873238e-01,  3.111119824972e+01,  6.264510750771e-01
  3.372999999998e+01,  5.000241398811e-01,  3.111119109716e+01,  6.265746355057e-01
  3.382999999984e+01,  5.000054836273e-01,  3.111120975342e+01,  6.272563934326e-01
  3.392999999993e+01,  4.999875724316e-01,  3.111122766461e+01,  6.257582902908e-01
  3.403000000003e+01,  4.999968707561e-01,  3.111121836629e+01,  6.288913488388e-01
  3.412999999989e+01,  5.000058412552e-01,  3.111120939579e+01,  6.272876262665e-01
  3.422999999998e+01,  5.000088214874e-01,  3.111120641556e+01,  6.266844868660e-01
  3.432999999984e+01,  5.000258088112e-01,  3.111118942823e+01,  6.277431845665e-01
  3.442999999993e+01,  5.000028014183e-01,  3.111121243563e+01,  6.275698542595e-01
  3.453000000003e+01,  4.999978542328e-01,  3.111121738281e+01,  6.276705265045e-01
  3.462999999989e+01,  5.000171065331e-01,  3.111119813051e+01,  6.259605288506e-01
  3.472999999998e+01,  4.999906122684e-01,  3.111122462478e+01,  6.253467202187e-01
  3.482999999984e+01,  5.000145435333e-01,  3.111120069351e+01,  6.229423284531e-01
  3.492999999993e+01,  4.999663829803e-01,  3.111124885406e+01,  6.271700263023e-01
  3.503000000003e+01,  5.000120997429e-01,  3.111120313730e+01,  6.237658858299e-01
  3.512999999989e+01,  5.000046491623e-01,  3.111121058788e+01,  6.251469850540e-01
  3.522999999998e+01,  5.000159740448e-01,  3.111119926300e+01,  6.253872513771e-01
  3.532999999984e+01,  4.999749660492e-01,  3.111124027100e+01,  6.243736147881e-01
  3.542999999993e+01,  5.000246167183e-01,  3.111119062033e+01,  6.240198016167e-01
  3.553000000003e+01,  5.000198483467e-01,  3.111119538870e+01,  6.235784888268e-01
  3.562999999989e+01,  4.999909400940e-01,  3.111122429695e+01,  6.263670921326e-01
  3.572999999998e+01,  4.999955892563e-01,  3.111121964779e+01,  6.215861439705e-01
  3.582999999984e+01,  4.999857544899e-01,  3.111122948255e+01,  6.247491836548e-01
  3.592999999993e+01,  5.000041723251e-01,  3.111121106472e+01,  6.232286095619e-01
  3.603000000003e+01,  5.000072121620e-01,  3.111120802488e+01,  6.225545406342e-01
  3.612999999989e+01,  4.999894201756e-01,  3.111122581687e+01,  6.231094002724e-01
  3.622999999998e+01,  4.999964535236e-01,  3.111121878352e+01,  6.222656369209e-01
  3.632999999984e+01,  5.000108480453e-01,  3.111120438900e+01,  6.229662299156e-01
  3.642999999993e+01,  5.000034570694e-01,  3.111121177998e+01,  6.213145852089e-01
  3.653000000003e+01,  5.000136494637e-01,  3.111120158758e+01,  6.224361658096e-01
  3.662999999989e+01,  5.000171065331e-01,  3.111119813051e+01,  6.229536533356e-01
  3.672999999998e+01,  4.999979436398e-01,  3.111121729340e+01,  6.223518848419e-01
  3.682999999984e+01,  4.999938905239e-01,  3.111122134652e+01,  6.219878792763e-01
  3.692999999993e+01,  4.999892115593e-01,  3.111122602549e+01,  6.223871707916e-01
  3.703000000003e+01,  4.999865889549e-01,  3.111122864809e+01,  6.224569678307e-01
  3.712999999989e+01,  4.999808073044e-01,  3.111123442974e+01,  6.214930415154e-01
  3.722999999998e+01,  5.000222921371e-01,  3.111119294491e+01,  6.226412653923e-01
  3.732999999984e+01,  5.000081062317e-01,  3.111120713081e+01,  6.218330860138e-01
  3.742999999993e+01,  5.000181794167e-01,  3.111119705763e+01,  6.221385598183e-01
  3.753000000003e+01,  5.000047087669e-01,  3.111121052828e+01,  6.231490373611e-01
  3.762999999989e+01,  4.999943375587e-01,  3.111122089949e+01,  6.200327277184e-01
  3.772999999998e+01,  5.000016093254e-01,  3.111121362772e+01,  6.217914819717e-01
  3.782999999984e+01,  5.000011920929e-01,  3.111121404495e+01,  6.226846575737e-01
  3.792999999993e+01,  4.999891817570e-01,  3.111122605529e+01,  6.201210021973e-01
  3.803000000003e+01,  4.999923706055e-01,  3.111122286644e+01,  6.219868659973e-01
  3.812999999989e+01,  5.000240802765e-01,  3.111119115677e+01,  6.203619837761e-01
  3.822999999998e+01,  5.000191330910e-01,  3.111119610395e+01,  6.211828589439e-01
  3.832999999984e+01,  4.999963045120e-01,  3.111121893253e+01,  6.189793944359e-01
  3.842999999993e+01,  4.999903142452e-01,  3.111122492280e+01,  6.204028129578e-01
  3.853000000003e+01,  5.000019669533e-01,  3.111121327009e+01,  6.198449730873e-01
  3.862999999989e+01,  4.999998211861e-01,  3.111121541586e+01,  6.198759675026e-01
  3.872999999998e+01,  5.000154376030e-01,  3.111119979944e+01,  6.206322908401e-01
  3.882999999984e+01,  5.000149011612e-01,  3.111120033588e+01,  6.197431087494e-01
  3.892999999993e+01,  5.000150799751e-01,  3.111120015707e+01,  6.192678809166e-01
  3.903000000003e+01,  5.000225901604e-01,  3.111119264688e+01,  6.180504560471e-01
  3.912999999989e+01,  4.999915361404e-01,  3.111122370090e+01,  6.185455918312e-01
  3.922999999998e+01,  4.999969303608e-01,  3.111121830668e+01,  6.187459230423e-01
  3.932999999984e+01,  4.999749064445e-01,  3.111124033060e+01,  6.208986043930e-01
  3.942999999993e+01,  4.999797940254e-01,  3.111123544302e+01,  6.183100938797e-01
  3.953000000003e+01,  4.999892413616e-01,  3.111122599568e+01,  6.184450387955e-01
  3.962999999989e+01,  4.999865591526e-01,  3.111122867789e+01,  6.193248629570e-01
  3.972999999998e+01,  5.000054836273e-01,  3.111120975342e+01,  6.206015348434e-01
  3.982999999984e+01,  5.000097155571e-01,  3.111120552149e+01,  6.196622848511e-01
  3.992999999993e+01,  4.999657869339e-01,  3.111124945011e+01,  6.191287636757e-01
  4.003000000003e+01,  4.999766051769e-01,  3.111123863187e+01,  6.192380189896e-01
  4.012999999989e+01,  4.999981224537e-01,  3.111121711459e+01,  6.185652017593e-01
  4.022999999998e+01,  5.000089406967e-01,  3.111120629635e+01,  6.177029013634e-01
  4.032999999984e+01,  4.999871551991e-01,  3.111122808185e+01,  6.200110912323e-01
  4.042999999993e+01,  5.000244379044e-01,  3.111119079914e+01,  6.165544390678e-01
  4.053000000003e+01,  5.000242590904e-01,  3.111119097795e+01,  6.160408854485e-01
  4.062999999989e+01,  5.000265240669e-01,  3.111118871298e+01,  6.183677911758e-01
  4.072999999998e+01,  5.000074505806e-01,  3.111120778646e+01,  6.153039336205e-01
  4.082999999984e+01,  5.000004172325e-01,  3.111121481981e+01,  6.190761923790e-01
  4.092999999993e+01,  5.000106096268e-01,  3.111120462742e+01,  6.153397560120e-01
  4.103000000003e+01,  4.999867081642e-01,  3.111122852888e+01,  6.154308319092e-01
  4.112999999989e+01,  4.999727308750e-01,  3.111124250617e+01,  6.165796518326e-01
  4.122999999998e+01,  5.000129938126e-01,  3.111120224323e+01,  6.178500652313e-01
  4.132999999984e+01,  5.000081062317e-01,  3.111120713081e+01,  6.166378855705e-01
  4.142999999993e+01,  5.000126957893e-01,  3.111120254126e+01,  6.188515424728e-01
  4.153000000003e+01,  4.999857544899e-01,  3.111122948255e+01,  6.166316866875e-01
  4.162999999989e+01,  5.000096559525e-01,  3.111120558109e+01,  6.147071123123e-01
  4.172999999998e+01,  4.999843537807e-01,  3.111123088326e+01,  6.167005896568e-01
  4.182999999984e+01,  4.999996721745e-01,  3.111121556487e+01,  6.184942722321e-01
  4.192999999993e+01,  5.000037550926e-01,  3.111121148195e+01,  6.185801625252e-01
  4.203000000003e+01,  5.000027418137e-01,  3.111121249523e+01,  6.150120496750e-01
  4.212999999989e+01,  5.000195503235e-01,  3.111119568672e+01,  6.150476932526e-01
  4.222999999998e+01,  4.999782145023e-01,  3.111123702254e+01,  6.164779663086e-01
  4.232999999984e+01,  5.000101327896e-01,  3.111120510425e+01,  6.151486635208e-01
  4.242999999993e+01,  5.000206232071e-01,  3.111119461384e+01,  6.181967258453e-01
  4.253000000003e+01,  5.000172257423e-01,  3.111119801130e+01,  6.182987689972e-01
  4.262999999989e+01,  5.000110864639e-01,  3.111120415058e+01,  6.160845160484e-01
  4.272999999998e+01,  5.000030994415e-01,  3.111121213760e+01,  6.152185797691e-01
  4.282999999984e+01,  5.000163912773e-01,  3.111119884577e+01,  6.147406697273e-01
  4.292999999993e+01,  4.999604523182e-01,  3.111125478473e+01,  6.140689849854e-01
  4.303000000003e+01,  5.000166893005e-01,  3.111119854774e+01,  6.165991425514e-01
  4.312999999989e+01,  5.000263452530e-01,  3.111118889179e+01,  6.123979091644e-01
  4.322999999998e+01,  5.000036358833e-01,  3.111121160116e+01,  6.129294037819e-01
  4.332999999984e+01,  5.000179409981e-01,  3.111119729605e+01,  6.140625476837e-01
  4.342999999993e+01,  5.000172257423e-01,  3.111119801130e+01,  6.135652661324e-01
  4.353000000003e+01,  4.999950528145e-01,  3.111122018423e+01,  6.134704947472e-01
  4.362999999989e+01,  5.000146031380e-01,  3.111120063391e+01,  6.143783330917e-01
  4.372999999998e+01,  5.000032782555e-01,  3.111121195879e+01,  6.123856902122e-01
  4.382999999984e+01,  4.999951124191e-01,  3.111122012463e+01,  6.108979582787e-01
  4.392999999993e+01,  4.999840259552e-01,  3.111123121109e+01,  6.108250617981e-01
  4.403000000003e+01,  5.000107884407e-01,  3.111120444860e+01,  6.121430993080e-01
  4.412999999989e+01,  5.000066757202e-01,  3.111120856132e+01,  6.115993261337e-01
  4.422999999998e+01,  4.999686777592e-01,  3.111124655929e+01,  6.143572330475e-01
  4.432999999984e+01,  4.999983906746e-01,  3.111121684637e+01,  6.122100353241e-01
  4.442999999993e+01,  4.999774992466e-01,  3.111123773780e+01,  6.132946014404e-01
  4.453000000003e+01,  4.999782145023e-01,  3.111123702254e+01,  6.117671728134e-01
  4.462999999989e+01,  4.999767541885e-01,  3.111123848286e+01,  6.116430163383e-01
  4.472999999998e+01,  4.999826252460e-01,  3.111123261180e+01,  6.103219985962e-01
  4.482999999984e+01,  5.000019073486e-01,  3.111121332970e+01,  6.122184991837e-01
  4.492999999993e+01,  4.999957382679e-01,  3.111121949878e+01,  6.124997138977e-01
  4.503000000003e+01,  4.999864101410e-01,  3.111122882690e+01,  6.112262010574e-01
  4.512999999989e+01,  5.000043511391e-01,  3.111121088591e+01,  6.122693419456e-01
  4.522999999998e+01,  5.000091791153e-01,  3.111120605793e+01,  6.140924096107e-01
  4.532999999984e+01,  5.000029206276e-01,  3.111121231642e+01,  6.135298609734e-01
  4.542999999993e+01,  4.999928176403e-01,  3.111122241940e+01,  6.117190718651e-01
  4.553000000003e+01,  5.000064373016e-01,  3.111120879974e+01,  6.123449802399e-01
  4.562999999989e+01,  5.000316500664e-01,  3.111118358698e+01,  6.116927862167e-01
  4.572999999998e+01,  5.000113248825e-01,  3.111120391216e+01,  6.104472279549e-01
  4.582999999984e+01,  5.000070333481e-01,  3.111120820370e+01,  6.109021902084e-01
  4.592999999993e+01,  4.999929666519e-01,  3.111122227039e+01,  6.113075017929e-01
  4.603000000003e+01,  5.000026226044e-01,  3.111121261444e+01,  6.122768521309e-01
  4.612999999989e+01,  4.999915957451e-01,  3.111122364130e+01,  6.110337972641e-01
  4.622999999998e+01,  4.999710023403e-01,  3.111124423470e+01,  6.104925870895e-01
  4.632999999984e+01,  4.999984800816e-01,  3.111121675696e+01,  6.111011505127e-01
  4.642999999993e+01,  5.000208020210e-01,  3.111119443502e+01,  6.122018694878e-01
  4.653000000003e+01,  5.000096559525e-01,  3.111120558109e+01,  6.116844415665e-01
  4.662999999989e+01,  5.000017881393e-01,  3.111121344891e+01,  6.126259565353e-01
  4.672999999998e+01,  5.000302791595e-01,  3.111118495788e+01,  6.105930805206e-01
  4.682999999984e+01,  5.000209808350e-01,  3.111119425621e+01,  6.128929853439e-01
  4.692999999993e+01,  5.000067949295e-01,  3.111120844211e+01,  6.106400489807e-01
  4.703000000003e+01,  4.999833703041e-01,  3.111123186674e+01,  6.096941828728e-01
  4.712999999989e+01,  4.999905228615e-01,  3.111122471418e+01,  6.122516393661e-01
  4.722999999998e+01,  5.000212192535e-01,  3.111119401779e+01,  6.124925613403e-01
  4.732999999984e+01,  5.000151395798e-01,  3.111120009746e+01,  6.113544702530e-01
  4.742999999993e+01,  4.999971389771e-01,  3.111121809807e+01,  6.109433770180e-01
  4.753000000003e+01,  4.999804198742e-01,  3.111123481717e+01,  6.100981831551e-01
  4.762999999989e+01,  4.999790787697e-01,  3.111123615827e+01,  6.086757779121e-01
  4.772999999998e+01,  4.999906122684e-01,  3.111122462478e+01,  6.094521880150e-01
  4.782999999984e+01,  4.999889135361e-01,  3.111122632351e+01,  6.106072068214e-01
  4.792999999993e+01,  4.999920427799e-01,  3.111122319426e+01,  6.106542944908e-01
  4.803000000003e+01,  5.000123381615e-01,  3.111120289888e+01,  6.099129319191e-01
  4.812999999989e+01,  4.999871551991e-01,  3.111122808185e+01,  6.090422868729e-01
  4.822999999998e+01,  4.999919831753e-01,  3.111122325387e+01,  6.092780828476e-01
  4.833000000007e+01,  4.999864101410e-01,  3.111122882690e+01,  6.090187430382e-01
  4.842999999993e+01,  4.999841451645e-01,  3.111123109188e+01,  6.109423637390e-01
  4.853000000003e+01,  4.999582767487e-01,  3.111125696030e+01,  6.070880293846e-01
  4.862999999989e+01,  4.999754726887e-01,  3.111123976436e+01,  6.088665127754e-01
  4.872999999998e+01,  4.999817013741e-01,  3.111123353567e+01,  6.094737052917e-01
  4.882999999984e+01,  5.000174045563e-01,  3.111119783249e+01,  6.108359098434e-01
  4.892999999993e+01,  5.000143647194e-01,  3.111120087233e+01,  6.108494400978e-01
  4.903000000003e+01,  5.000090599060e-01,  3.111120617714e+01,  6.072443127632e-01
  4.912999999989e+01,  5.000204443932e-01,  3.111119479265e+01,  6.098240017891e-01
  4.922999999998e+01,  5.000172853470e-01,  3.111119795170e+01,  6.071077585220e-01
  4.932999999984e+01,  5.000250339508e-01,  3.111119020309e+01,  6.093832850456e-01
  4.942999999993e+01,  5.000139474869e-01,  3.111120128956e+01,  6.067354679108e-01
  4.953000000003e+01,  4.999869465828e-01,  3.111122829046e+01,  6.057290434837e-01
  4.962999999989e+01,  5.000075101852e-01,  3.111120772686e+01,  6.088448166847e-01
  4.972999999998e+01,  5.000134706497e-01,  3.111120176639e+01,  6.071804761887e-01
  4.982999999984e+01,  4.999979138374e-01,  3.111121732321e+01,  6.081095337868e-01
  4.992999999993e+01,  5.000052452087e-01,  3.111120999184e+01,  6.084409356117e-01
  5.003000000003e+01,  5.000134706497e-01,  3.111120176639e+01,  6.066486835480e-01
  5.012999999989e+01,  5.000013113022e-01,  3.111121392574e+01,  6.086452603340e-01
  5.022999999998e+01,  4.999954998493e-01,  3.111121973720e+01,  6.045840382576e-01
  5.032999999984e+01,  5.000223517418e-01,  3.111119288530e+01,  6.066216230392e-01
  5.042999999993e+01,  4.999878108501e-01,  3.111122742619e+01,  6.068211197853e-01
  5.053000000003e+01,  4.999867379665e-01,  3.111122849908e+01,  6.054367423058e-01
  5.062999999989e+01,  5.000224113464e-01,  3.111119282570e+01,  6.040021181107e-01
  5.072999999998e+01,  5.000216364861e-01,  3.111119360056e+01,  6.066025495529e-01
  5.082999999984e+01,  5.000087022781e-01,  3.111120653477e+01,  6.053599715233e-01
  5.092999999993e+01,  4.999919831753e-01,  3.111122325387e+01,  6.055719852448e-01
  5.103000000003e+01,  4.999998211861e-01,  3.111121541586e+01,  6.067841649055e-01
  5.112999999989e+01,  4.999952018261e-01,  3.111122003522e+01,  6.046363711357e-01
  5.122999999998e+01,  4.999781847000e-01,  3.111123705234e+01,  6.061149239540e-01
  5.132999999984e+01,  5.000196099281e-01,  3.111119562712e+01,  6.067091226578e-01
  5.142999999993e+01,  5.000113248825e-01,  3.111120391216e+01,  6.055474281311e-01
  5.153000000003e+01,  4.999933838844e-01,  3.111122185316e+01,  6.087992191315e-01
  5.162999999989e+01,  5.000268816948e-01,  3.111118835535e+01,  6.087165474892e-01
  5.172999999998e+01,  5.000000596046e-01,  3.111121517744e+01,  6.086594462395e-01
  5.182999999984e+01,  5.000206232071e-01,  3.111119461384e+01,  6.072376966476e-01
  5.192999999993e+01,  5.000034570694e-01,  3.111121177998e+01,  6.067997813225e-01
  5.203000000003e+01,  5.000346899033e-01,  3.111118054714e+01,  6.059167385101e-01
  5.212999999989e+01,  5.000208020210e-01,  3.111119443502e+01,  6.040292978287e-01
  5.222999999998e+01,  5.000197887421e-01,  3.111119544830e+01,  6.067763566971e-01
  5.232999999984e+01,  5.000119209290e-01,  3.111120331612e+01,  6.041019558907e-01
  5.242999999993e+01,  4.999827146530e-01,  3.111123252239e+01,  6.053748726845e-01
  5.253000000003e+01,  4.999964833260e-01,  3.111121875372e+01,  6.049744486809e-01
  5.262999999989e+01,  5.000170469284e-01,  3.111119819012e+01,  6.049807071686e-01
  5.272999999998e+01,  4.999999701977e-01,  3.111121526685e+01,  6.087367534637e-01
  5.282999999984e+01,  4.999731183052e-01,  3.111124211874e+01,  6.061693429947e-01
  5.292999999993e+01,  5.000146031380e-01,  3.111120063391e+01,  6.057767868042e-01
  5.303000000003e+01,  5.000319480896e-01,  3.111118328895e+01,  6.046578288078e-01
  5.312999999989e+01,  5.000150203705e-01,  3.111120021667e+01,  6.052424907684e-01
  5.322999999998e+01,  5.000085830688e-01,  3.111120665398e+01,  6.065859198570e-01
  5.332999999984e+01,  4.999914169312e-01,  3.111122382011e+01,  6.057264208794e-01
  5.342999999993e+01,  5.000135898590e-01,  3.111120164719e+01,  6.022750139236e-01
  5.353000000003e+01,  5.000108480453e-01,  3.111120438900e+01,  6.046199202538e-01
  5.362999999989e+01,  4.999882876873e-01,  3.111122694936e+01,  6.038561463356e-01
  5.372999999998e+01,  4.999867379665e-01,  3.111122849908e+01,  6.054219007492e-01
  5.382999999984e+01,  4.999837875366e-01,  3.111123144951e+01,  6.026176214218e-01
  5.392999999993e+01,  4.999810755253e-01,  3.111123416152e+01,  6.051787734032e-01
  5.403000000003e+01,  4.999944269657e-01,  3.111122081008e+01,  6.049888730049e-01
  5.412999999989e+01,  5.000079274178e-01,  3.111120730963e+01,  6.055028438568e-01
  5.422999999998e+01,  4.999900758266e-01,  3.111122516122e+01,  6.036873459816e-01
  5.432999999984e+01,  4.999964833260e-01,  3.111121875372e+01,  6.050224900246e-01
  5.442999999993e+01,  5.000134706497e-01,  3.111120176639e+01,  6.050685048103e-01
  5.453000000003e+01,  5.000144243240e-01,  3.111120081272e+01,  6.047510504723e-01
  5.462999999989e+01,  5.000110864639e-01,  3.111120415058e+01,  6.037182211876e-01
  5.472999999998e+01,  5.000131726265e-01,  3.111120206442e+01,  6.046825051308e-01
  5.482999999984e+01,  4.999942481518e-01,  3.111122098889e+01,  6.050518751144e-01
  5.492999999993e+01,  5.000035762787e-01,  3.111121166077e+01,  6.053177714348e-01
  5.503000000003e+01,  5.000055432320e-01,  3.111120969381e+01,  6.023684740067e-01
  5.512999999989e+01,  5.000155568123e-01,  3.111119968023e+01,  6.038770079613e-01
  5.522999999998e+01,  4.999946355820e-01,  3.111122060146e+01,  6.011873483658e-01
  5.532999999984e+01,  5.000176429749e-01,  3.111119759407e+01,  6.020793318748e-01
  5.542999999993e+01,  4.999975860119e-01,  3.111121765103e+01,  6.024610400200e-01
  5.553000000003e+01,  5.000010132790e-01,  3.111121422377e+01,  6.007825732231e-01
  5.562999999989e+01,  4.999698400497e-01,  3.111124539699e+01,  6.052442789078e-01
  5.572999999998e+01,  5.000171065331e-01,  3.111119813051e+01,  6.029193401337e-01
  5.582999999984e+01,  4.999764263630e-01,  3.111123881068e+01,  6.051393747330e-01
  5.592999999993e+01,  5.000109672546e-01,  3.111120426979e+01,  6.018835306168e-01
  5.603000000003e+01,  4.999839365482e-01,  3.111123130050e+01,  6.030665040016e-01
  5.612999999989e+01,  4.999939799309e-01,  3.111122125711e+01,  6.006345152855e-01
  5.622999999998e+01,  5.000222325325e-01,  3.111119300451e+01,  6.040457487106e-01
  5.632999999984e+01,  5.000044107437e-01,  3.111121082630e+01,  6.019732952118e-01
  5.642999999993e+01,  5.000045299530e-01,  3.111121070709e+01,  6.076997518539e-01
  5.653000000003e+01,  5.000088810921e-01,  3.111120635595e+01,  6.005935072899e-01
  5.662999999989e+01,  5.000040531158e-01,  3.111121118393e+01,  6.053774356842e-01
  5.672999999998e+01,  5.000135302544e-01,  3.111120170679e+01,  6.038730144501e-01
  5.682999999984e+01,  5.000090003014e-01,  3.111120623674e+01,  6.021032333374e-01
  5.692999999993e+01,  4.999985396862e-01,  3.111121669736e+01,  6.035161614418e-01
  5.703000000003e+01,  5.000050663948e-01,  3.111121017065e+01,  6.019815206528e-01
  5.712999999989e+01,  5.000102519989e-01,  3.111120498505e+01,  6.049521565437e-01
  5.722999999998e+01,  5.000019669533e-01,  3.111121327009e+01,  6.047930717468e-01
  5.732999999984e+01,  5.000001192093e-01,  3.111121511784e+01,  6.042526364326e-01
  5.742999999993e+01,  4.999873042107e-01,  3.111122793283e+01,  6.036800742149e-01
  5.753000000003e+01,  4.999998807907e-01,  3.111121535625e+01,  6.039715409279e-01
  5.762999999989e+01,  5.000069141388e-01,  3.111120832291e+01,  6.029250025749e-01
  5.772999999998e+01,  4.999982714653e-01,  3.111121696558e+01,  6.030637025833e-01
  5.782999999984e+01,  4.999980330467e-01,  3.111121720400e+01,  6.032599806786e-01
  5.792999999993e+01,  5.000047683716e-01,  3.111121046867e+01,  6.011448502541e-01
  5.803000000003e+01,  4.999988377094e-01,  3.111121639934e+01,  6.025705933571e-01
  5.812999999989e+01,  5.000041723251e-01,  3.111121106472e+01,  6.028963923454e-01
  5.822999999998e+01,  5.000086426735e-01,  3.111120659437e+01,  6.012871861458e-01
  5.832999999984e+01,  4.999998509884e-01,  3.111121538606e+01,  6.023608446121e-01
  5.842999999993e+01,  5.000125765800e-01,  3.111120266046e+01,  6.043564081192e-01
  5.853000000003e+01,  4.999791979790e-01,  3.111123603907e+01,  6.040185093880e-01
  5.862999999989e+01,  4.999879300594e-01,  3.111122730699e+01,  6.025317311287e-01
  5.872999999998e+01,  4.999984800816e-01,  3.111121675696e+01,  6.016006469727e-01
  5.882999999984e+01,  4.999994635582e-01,  3.111121577349e+01,  6.039528250694e-01
  5.892999999993e+01,  4.999662339687e-01,  3.111124900308e+01,  6.024402379990e-01
  5.903000000003e+01,  5.000016689301e-01,  3.111121356811e+01,  6.035656929016e-01
  5.912999999989e+01,  4.999974370003e-01,  3.111121780004e+01,  6.027877330780e-01
  5.922999999998e+01,  5.000110864639e-01,  3.111120415058e+01,  6.011228561401e-01
  5.932999999984e+01,  5.000108480453e-01,  3.111120438900e+01,  6.018224954605e-01
  5.942999999993e+01,  4.999886453152e-01,  3.111122659173e+01,  6.011606454849e-01
  5.953000000003e+01,  4.999871253967e-01,  3.111122811165e+01,  5.998661518097e-01
  5.962999999989e+01,  5.000351667404e-01,  3.111118007030e+01,  6.014026403427e-01
  5.972999999998e+01,  5.000095963478e-01,  3.111120564070e+01,  6.008959412575e-01
  5.982999999984e+01,  5.000159740448e-01,  3.111119926300e+01,  5.997714400291e-01
  5.992999999993e+01,  4.999943673611e-01,  3.111122086968e+01,  6.018415093422e-01
  6.003000000003e+01,  4.999990761280e-01,  3.111121616092e+01,  5.984079837799e-01
  6.012999999989e+01,  5.000090003014e-01,  3.111120623674e+01,  6.006425023079e-01
  6.022999999998e+01,  5.000014901161e-01,  3.111121374693e+01,  6.013519167900e-01
  6.032999999984e+01,  4.999792873859e-01,  3.111123594966e+01,  5.988861918449e-01
  6.042999999993e+01,  4.999994933605e-01,  3.111121574368e+01,  5.995928049088e-01
  6.053000000003e+01,  5.000036954880e-01,  3.111121154156e+01,  5.965210199356e-01
  6.062999999989e+01,  4.999774694443e-01,  3.111123776760e+01,  5.992380976677e-01
  6.072999999998e+01,  5.000141859055e-01,  3.111120105114e+01,  5.989880561829e-01
  6.082999999984e+01,  4.999972581863e-01,  3.111121797886e+01,  5.991384983063e-01
  6.092999999993e+01,  5.000141859055e-01,  3.111120105114e+01,  5.993680953979e-01
  6.096399999992e+01,  4.999999403954e-01,  3.111121529665e+01,  5.980740785599e-01
  6.096499999985e+01,  5.000035166740e-01,  3.111121172037e+01,  5.979019403458e-01
  6.096799999988e+01,  5.000028014183e-01,  3.111121243563e+01,  5.976604223251e-01
  6.106799999997e+01,  4.999384880066e-01,  3.111127674904e+01,  5.981643199921e-01
  6.115149999992e+01,  4.898807108402e-01,  3.112133452620e+01,  5.951751470566e-01
  6.117299999995e+01,  4.796830713749e-01,  3.113153216567e+01,  5.662492513657e-01
  6.118350000004e+01,  4.692346155643e-01,  3.114198062148e+01,  5.426124334335e-01
  6.119099999988e+01,  4.588929712772e-01,  3.115232226577e+01,  5.369781255722e-01
  6.119750000001e+01,  4.488221704960e-01,  3.116239306655e+01,  5.249770879745e-01
  6.120399999991e+01,  4.381410181522e-01,  3.117307421889e+01,  5.086883306503e-01
  6.120999999996e+01,  4.279290735722e-01,  3.118328616347e+01,  4.956802129745e-01
  6.121600000001e+01,  4.176408350468e-01,  3.119357440200e+01,  4.812301397324e-01
  6.122199999983e+01,  4.076081812382e-01,  3.120360705581e+01,  4.694503545761e-01
  6.122849999997e+01,  3.974763453007e-01,  3.121373889174e+01,  4.620755910873e-01
  6.123600000003e+01,  3.873025476933e-01,  3.122391268935e+01,  4.325269460678e-01
  6.124399999995e+01,  3.771554529667e-01,  3.123405978408e+01,  4.000180959702e-01
  6.125199999986e+01,  3.666688501835e-01,  3.124454638686e+01,  3.802121877670e-01
  6.125949999993e+01,  3.564912378788e-01,  3.125472399917e+01,  3.643659353256e-01
  6.126699999999e+01,  3.461801111698e-01,  3.126503512587e+01,  3.453077077866e-01
  6.127450000006e+01,  3.357278406620e-01,  3.127548739638e+01,  3.244794607162e-01
  6.128199999989e+01,  3.250886499882e-01,  3.128612658706e+01,  3.112367391586e-01
  6.128949999996e+01,  3.147889673710e-01,  3.129642626967e+01,  3.027776479721e-01
  6.129799999995e+01,  3.042909204960e-01,  3.130692431655e+01,  2.861303091049e-01
  6.130749999988e+01,  2.941018640995e-01,  3.131711337294e+01,  2.639287710190e-01
  6.131850000005e+01,  2.837068140507e-01,  3.132750842299e+01,  2.433637529612e-01
  6.133049999992e+01,  2.735635340214e-01,  3.133765170302e+01,  2.212041765451e-01
  6.134250000003e+01,  2.634316980839e-01,  3.134778353896e+01,  1.973470598459e-01
  6.135349999997e+01,  2.531053125858e-01,  3.135810992446e+01,  1.815542131662e-01
  6.136349999998e+01,  2.428332120180e-01,  3.136838202503e+01,  1.689533293247e-01
  6.137299999991e+01,  2.327433377504e-01,  3.137847189929e+01,  1.571163237095e-01
  6.138299999991e+01,  2.222834378481e-01,  3.138893179920e+01,  1.419338285923e-01
  6.139299999992e+01,  2.121439725161e-01,  3.139907126453e+01,  1.263050138950e-01
  6.140350000001e+01,  2.017889767885e-01,  3.140942626026e+01,  1.105808317661e-01
  6.141399999987e+01,  1.915732175112e-01,  3.141964201953e+01,  9.430351853371e-02
  6.142449999996e+01,  1.813288480043e-01,  3.142988638904e+01,  7.892647385597e-02
  6.143500000006e+01,  1.708613187075e-01,  3.144035391834e+01,  6.559792160988e-02
  6.144500000007e+01,  1.607828885317e-01,  3.145043234851e+01,  5.235329270363e-02
  6.145499999984e+01,  1.507540494204e-01,  3.146046118762e+01,  3.894463181496e-02
  6.146549999993e+01,  1.402788907290e-01,  3.147093634632e+01,  2.634468674660e-02
  6.147549999994e+01,  1.302080899477e-01,  3.148100714710e+01,  1.335182785988e-02
  6.148549999995e+01,  1.198931485415e-01,  3.149132208850e+01,  2.952962648124e-03
  6.149549999996e+01,  1.093683987856e-01,  3.150184683826e+01, -3.858179319650e-03
  6.150499999989e+01,  9.918315708637e-02,  3.151203207996e+01, -3.091931808740e-03
  6.151450000005e+01,  8.906657993793e-02,  3.152214865711e+01, -1.798928133212e-03
  6.152450000006e+01,  7.874019443989e-02,  3.153247504260e+01,  2.552210818976e-03
  6.153499999992e+01,  6.838901340961e-02,  3.154282622363e+01,  5.780875217170e-03
  6.154550000001e+01,  5.826481059194e-02,  3.155295042645e+01,  8.079469203949e-03
  6.155599999987e+01,  4.810245707631e-02,  3.156311277997e+01,  5.538582336158e-03
  6.156649999996e+01,  3.773410990834e-02,  3.157348112714e+01,  8.554220199585e-03
  6.157700000005e+01,  2.764423377812e-02,  3.158357100327e+01,  1.213765144348e-02
  6.158899999992e+01,  1.737506873906e-02,  3.159384016831e+01,  1.695466041565e-02
  6.160499999998e+01,  7.296639028937e-03,  3.160391859802e+01,  1.945322751999e-02
  6.161899999995e+01,  2.106247469783e-03,  3.160910898957e+01,  1.495204307139e-02
  6.161999999988e+01,  1.844940707088e-03,  3.160937029634e+01,  1.458106376231e-02
  6.162800000003e+01,  1.597981754458e-04,  3.161105543887e+01,  1.167807914317e-02
  6.163100000005e+01, -3.141779743601e-04,  3.161152941502e+01,  1.085505820811e-02
  6.185700000008e+01, -2.425918122754e-03,  3.161364115517e+01,  8.138361386955e-03
  6.185800000001e+01, -2.422712510452e-03,  3.161363794955e+01,  8.048716001213e-03
